Recording timestamp	type	Scene Name	scene_num	order	djv_reported	PupilDiam_Left	Gaze2d_Left.x	Gaze2d_Left.y	left_eye_openness	PupilDiam_Right	Gaze2d_Right.x	Gaze2d_Right.y	right_eye_openness	gaze_direction_x	gaze_direction_y	gaze_direction_z	gaze_origin_x	gaze_origin_y	gaze_origin_z	gaze_convergence_distance	participant	study_status	scene_familiarity	recall_status	Identifier	Event value	Event message
1701815648423	t	banquethall_test_cue_cafeteria_right	0.0	1	0	5.8282	893.808	792.64	1.0	5.8043	976.464	1072.32	1.0	-0.0804	-0.1596	0.9839	-11.0253	1.6011	-34.8254	0.0	10	1.0	0.0		1518	100	MYKEYWORD 100
1701815648431	t	banquethall_test_cue_cafeteria_right	0.0	1	0	5.8392	893.376	794.4	1.0	5.7854	975.456	1071.8400000000001	1.0	-0.0766	-0.1616	0.9839	-8.1248	1.7829	-34.7402	0.0	10	1.0	0.0		1518	0	0
1701815648439	t	banquethall_test_cue_cafeteria_right	0.0	1	0	5.838	895.104	791.84	1.0	5.7936	976.896	1073.44	1.0	-0.0788	-0.1602	0.9839	-10.1723	1.6643	-34.8443	0.0	10	1.0	0.0		1518	0	0
1701815648448	t	banquethall_test_cue_cafeteria_right	0.0	1	0	5.8382	894.6719999999999	791.04	1.0	5.8315	979.776	1072.32	1.0	-0.082	-0.156	0.9843	-13.2584	1.4692	-34.9392	0.0	10	1.0	0.0		1518	0	0
1701815648456	t	banquethall_test_cue_cafeteria_right	0.0	1	0	5.838	894.24	791.52	1.0	5.726	979.776	1072.8	1.0	-0.0809	-0.1563	0.9844	-16.6542	1.2524	-35.0342	0.0	10	1.0	0.0		1518	0	0
1701815648464	t	banquethall_test_cue_cafeteria_right	0.0	1	0	5.8422	894.24	791.36	1.0	5.7977	981.216	1071.6799999999998	1.0	-0.0825	-0.1522	0.9849	-18.964	1.1032	-35.1007	0.0	10	1.0	0.0		1518	0	0
1701815648473	t	banquethall_test_cue_cafeteria_right	0.0	1	0	5.8409	894.24	791.2	1.0	5.7921	981.216	1071.6799999999998	1.0	-0.0819	-0.1514	0.9851	-20.4332	1.0087	-35.1407	0.0	10	1.0	0.0		1518	0	0
1701815648481	t	banquethall_test_cue_cafeteria_right	0.0	1	0	5.8435	894.24	791.2	1.0	5.7868	981.216	1071.52	1.0	-0.0816	-0.1517	0.985	-19.0103	1.0979	-35.1004	0.0	10	1.0	0.0		1518	0	0
1701815648489	t	banquethall_test_cue_cafeteria_right	0.0	1	0	5.8464	894.24	791.04	1.0	5.7778	981.216	1071.6799999999998	1.0	-0.0816	-0.1535	0.9848	-14.5169	1.3839	-34.9736	0.0	10	1.0	0.0		1518	0	0
1701815648498	t	banquethall_test_cue_cafeteria_right	0.0	1	0	5.8606	894.24	790.7199999999999	1.0	5.7786	981.072	1071.52	1.0	-0.0817	-0.1547	0.9846	-10.5519	1.6363	-34.8605	0.0	10	1.0	0.0		1518	0	0
1701815648506	t	banquethall_test_cue_cafeteria_right	0.0	1	0	5.9527	893.5200000000001	788.32	1.0	5.7746	981.216	1071.04	1.0	-0.0817	-0.1535	0.9848	-9.0277	1.7372	-34.7893	0.0	10	1.0	0.0		1518	0	0
1701815648514	t	banquethall_test_cue_cafeteria_right	0.0	1	0	5.9541	892.8	788.64	1.0	5.7802	981.216	1070.4	1.0	-0.081	-0.1499	0.9854	-17.5802	1.178	-34.9787	0.0	10	1.0	0.0		1518	0	0
1701815648523	t	banquethall_test_cue_cafeteria_right	0.0	1	0	5.928	892.944	788.48	1.0	5.7756	981.216	1070.4	1.0	-0.0798	-0.1467	0.9859	-26.5773	0.6156	-35.272	0.0	10	1.0	0.0		1518	0	0
1701815648531	t	banquethall_test_cue_cafeteria_right	0.0	1	0	5.9534	892.944	788.32	1.0	5.7713	981.216	1070.4	1.0	-0.0792	-0.1454	0.9862	-30.6386	0.3622	-35.4032	0.0	10	1.0	0.0		1518	0	0
1701815648539	t	banquethall_test_cue_cafeteria_right	0.0	1	0	5.9318	892.944	787.84	1.0	5.7718	981.216	1069.9199999999998	1.0	-0.0787	-0.1442	0.9864	-32.1452	0.2729	-35.4507	0.0	10	1.0	0.0		1518	0	0
1701815648548	t	banquethall_test_cue_cafeteria_right	0.0	1	0	5.9097	892.8	787.5200000000001	1.0	5.7722	981.072	1069.28	1.0	-0.0783	-0.1435	0.9865	-32.3153	0.2677	-35.455	0.0	10	1.0	0.0		1518	0	0
1701815648556	t	banquethall_test_cue_cafeteria_right	0.0	1	0	5.9184	888.9119999999999	788.32	1.0	5.6452	976.464	1070.88	1.0	-0.074	-0.1546	0.9852	-33.0348	0.2581	-35.4709	0.0	10	1.0	0.0		1518	0	0
1701815648564	t	banquethall_test_cue_cafeteria_right	0.0	1	0	5.8832	869.616	789.44	1.0	5.6644	955.152	1060.96	1.0	-0.051	-0.1334	0.9897	-32.3434	0.2745	-35.3873	0.0	10	1.0	0.0		1518	0	0
1701815648573	t	banquethall_test_cue_cafeteria_right	0.0	1	0	5.7186	837.9359999999999	788.0	1.0	5.6912	924.624	1063.04	1.0	-0.0073	-0.1499	0.9887	-33.7997	0.2552	-35.5198	0.0	10	1.0	0.0		1518	0	0
1701815648581	t	banquethall_test_cue_cafeteria_right	0.0	1	0	5.889	810.0	788.8	1.0	5.5374	892.5120000000001	1064.8	1.0	0.0399	-0.16	0.9863	-33.2897	0.459	-36.0671	0.0	10	1.0	0.0		1518	0	0
1701815648589	t	banquethall_test_cue_cafeteria_right	0.0	1	0	5.9146	787.9680000000001	794.7199999999999	1.0	5.3318	859.536	1068.64	1.0	0.0712	-0.179	0.9813	12.6095	3.2257	-34.6901	0.0	10	1.0	0.0		1518	0	0
1701815648598	t	banquethall_test_cue_cafeteria_right	0.0	1	0	5.9087	768.24	802.2399999999999	1.0	5.3444	840.8159999999999	1071.36	1.0	0.0934	-0.1883	0.9776	28.0143	3.9453	-33.7995	0.0	10	1.0	0.0		1518	0	0
1701815648606	t	banquethall_test_cue_cafeteria_right	0.0	1	0	5.9018	753.552	809.1200000000001	1.0	5.528	820.9440000000001	1078.4	1.0	0.1177	-0.1973	0.9732	28.9491	3.929	-33.7384	0.0	10	1.0	0.0		1518	0	0
1701815648614	t	banquethall_test_cue_cafeteria_right	0.0	1	0	6.0356	748.6560000000001	811.36	1.0	5.4945	816.3359999999999	1080.64	1.0	0.122	-0.2012	0.9719	29.5267	3.952	-33.7275	0.0	10	1.0	0.0		1518	0	0
1701815648623	t	banquethall_test_cue_cafeteria_right	0.0	1	0	5.9865	750.8159999999999	811.2	1.0	5.5399	820.224	1077.76	1.0	0.1129	-0.2004	0.9732	29.8568	3.9649	-33.7193	0.0	10	1.0	0.0		1518	0	0
1701815648631	t	banquethall_test_cue_cafeteria_right	0.0	1	0	5.9618	749.9520000000001	810.88	1.0	5.3792	824.688	1080.16	1.0	0.1155	-0.1999	0.973	30.0752	3.9789	-33.7155	0.0	10	1.0	0.0		1518	0	0
1701815648639	t	banquethall_test_cue_cafeteria_right	0.0	1	0	5.9585	750.672	810.3999999999999	1.0	5.4843	823.104	1078.4	1.0	0.1139	-0.1993	0.9733	29.9718	3.9786	-33.7182	0.0	10	1.0	0.0		1518	0	0
1701815648648	t	banquethall_test_cue_cafeteria_right	0.0	1	0	5.9613	750.8159999999999	810.2399999999999	1.0	5.3487	825.2640000000001	1078.88	1.0	0.114	-0.1997	0.9732	30.0457	3.9887	-33.7153	0.0	10	1.0	0.0		1518	0	0
1701815648656	t	banquethall_test_cue_cafeteria_right	0.0	1	0	5.8982	751.6800000000001	808.3199999999999	1.0	5.4146	826.8480000000001	1077.9199999999998	1.0	0.1134	-0.1973	0.9738	30.3546	4.0227	-33.7063	0.0	10	1.0	0.0		1518	0	0
1701815648665	t	banquethall_test_cue_cafeteria_right	0.0	1	0	5.8977	750.9599999999999	808.96	1.0	5.3829	831.6	1080.0	1.0	0.1177	-0.2002	0.9727	30.5144	4.0428	-33.7008	0.0	10	1.0	0.0		1518	0	0
1701815648673	t	banquethall_test_cue_cafeteria_right	0.0	1	0	5.9786	755.28	807.5200000000001	1.0	5.451	830.16	1078.4	1.0	0.1141	-0.1955	0.974	19.4078	3.3853	-34.0467	0.0	10	1.0	0.0		1518	0	0
1701815648681	t	banquethall_test_cue_cafeteria_right	0.0	1	0	6.0075	757.728	805.4399999999999	1.0	5.4632	830.304	1076.0	1.0	0.1234	-0.1879	0.9744	-0.5279	2.2092	-34.6821	0.0	10	1.0	0.0		1518	0	0
1701815648690	t	banquethall_test_cue_cafeteria_right	0.0	1	0	5.8883	759.312	808.0	1.0	5.4133	831.888	1076.48	1.0	0.1213	-0.1925	0.9738	-0.0613	2.2412	-34.6624	0.0	10	1.0	0.0		1518	0	0
1701815648698	t	banquethall_test_cue_cafeteria_right	0.0	1	0	5.965	758.7360000000001	808.0	1.0	5.5152	834.768	1078.72	1.0	0.121	-0.1959	0.9731	-0.4489	2.222	-34.6646	0.0	10	1.0	0.0		1518	0	0
1701815648706	t	banquethall_test_cue_cafeteria_right	0.0	1	0	5.9556	759.5999999999999	805.7600000000001	1.0	5.4825	835.7760000000001	1076.64	1.0	0.1207	-0.1914	0.9741	-0.7216	2.2152	-34.6789	0.0	10	1.0	0.0		1518	0	0
1701815648714	t	banquethall_test_cue_cafeteria_right	0.0	1	0	5.9362	761.904	804.8	1.0	5.535	839.088	1076.0	1.0	0.1152	-0.1906	0.9749	-0.7562	2.2274	-34.6934	0.0	10	1.0	0.0		1518	0	0
1701815648723	t	banquethall_test_cue_cafeteria_right	0.0	1	0	6.0009	764.4960000000001	804.48	1.0	5.4655	839.088	1074.24	1.0	0.1125	-0.19	0.9753	0.3817	2.3156	-34.6787	0.0	10	1.0	0.0		1518	0	0
1701815648731	t	banquethall_test_cue_cafeteria_right	0.0	1	0	5.9785	764.64	801.44	1.0	5.3569	840.8159999999999	1075.52	1.0	0.1113	-0.1891	0.9756	0.9137	2.3579	-34.6648	0.0	10	1.0	0.0		1518	0	0
1701815648739	t	banquethall_test_cue_cafeteria_right	0.0	1	0	5.9158	765.5039999999999	802.0799999999999	1.0	5.5111	842.4	1074.08	1.0	0.1099	-0.1893	0.9757	1.9837	2.4306	-34.6337	0.0	10	1.0	0.0		1518	0	0
1701815648748	t	banquethall_test_cue_cafeteria_right	0.0	1	0	5.9871	767.808	801.44	1.0	5.3914	844.992	1075.52	1.0	0.1042	-0.1913	0.976	2.1277	2.4473	-34.6286	0.0	10	1.0	0.0		1518	0	0
1701815648756	t	banquethall_test_cue_cafeteria_right	0.0	1	0	5.8855	767.664	800.3199999999999	1.0	5.4521	846.8639999999999	1074.24	1.0	0.105	-0.1893	0.9763	1.6203	2.425	-34.6458	0.0	10	1.0	0.0		1518	0	0
1701815648764	t	banquethall_test_cue_cafeteria_right	0.0	1	0	5.9869	769.968	799.52	1.0	5.3845	847.0079999999999	1071.2	1.0	0.1021	-0.1857	0.9773	1.4878	2.433	-34.6737	0.0	10	1.0	0.0		1518	0	0
1701815648773	t	banquethall_test_cue_cafeteria_right	0.0	1	0	5.9015	770.4000000000001	800.0	1.0	5.4693	847.728	1072.48	1.0	0.1036	-0.1889	0.9765	0.2545	2.3636	-34.7019	0.0	10	1.0	0.0		1518	0	0
1701815648781	t	banquethall_test_cue_cafeteria_right	0.0	1	0	5.9543	770.2560000000001	799.84	1.0	5.3937	849.024	1066.8799999999999	1.0	0.1023	-0.1826	0.9778	0.201	2.3821	-34.7563	0.0	10	1.0	0.0		1518	0	0
1701815648789	t	banquethall_test_cue_cafeteria_right	0.0	1	0	5.9766	770.2560000000001	800.0	1.0	5.4987	848.4479999999999	1074.8799999999999	1.0	0.1049	-0.1927	0.9756	-0.8346	2.3059	-34.7338	0.0	10	1.0	0.0		1518	0	0
1701815648798	t	banquethall_test_cue_cafeteria_right	0.0	1	0	5.975	770.2560000000001	799.84	1.0	5.5776	852.7679999999999	1071.52	1.0	0.0994	-0.1885	0.977	-0.395	2.3413	-34.7431	0.0	10	1.0	0.0		1518	0	0
1701815648805	t	banquethall_test_cue_cafeteria_right	0.0	1	0	5.9772	770.4000000000001	799.6800000000001	1.0	5.3841	850.464	1072.0	1.0	0.1023	-0.1894	0.9765	0.4274	2.3923	-34.717	0.0	10	1.0	0.0		1518	0	0
1701815648814	t	banquethall_test_cue_cafeteria_right	0.0	1	0	5.9059	773.568	800.4799999999999	1.0	5.3406	850.176	1074.56	1.0	0.1007	-0.1939	0.9758	0.6332	2.4091	-34.7134	0.0	10	1.0	0.0		1518	0	0
1701815648822	t	banquethall_test_cue_cafeteria_right	0.0	1	0	6.0035	774.72	798.08	1.0	5.4942	852.6239999999999	1070.08	1.0	0.0964	-0.1861	0.9778	2.7577	2.5533	-34.6908	0.0	10	1.0	0.0		1518	0	0
1701815648831	t	banquethall_test_cue_cafeteria_right	0.0	1	0	5.9625	773.568	798.7199999999999	1.0	5.3251	857.088	1072.32	1.0	0.0896	-0.1904	0.9776	1.8959	2.4978	-34.6902	0.0	10	1.0	0.0		1518	0	0
1701815648839	t	banquethall_test_cue_cafeteria_right	0.0	1	0	5.9593	756.8639999999999	791.04	1.0	5.5013	839.232	1058.08	1.0	0.1134	-0.1776	0.9775	10.7551	3.1178	-34.4894	0.0	10	1.0	0.0		1518	0	0
1701815648848	t	banquethall_test_cue_cafeteria_right	0.0	1	0	6.0349	732.672	778.08	1.0	5.5448	808.992	1038.24	1.0	0.1465	-0.1645	0.9754	30.1823	4.3367	-33.7857	0.0	10	1.0	0.0		1518	0	0
1701815648856	t	banquethall_test_cue_cafeteria_right	0.0	1	0	5.9455	712.2239999999999	760.96	1.0	5.508	778.8960000000001	1022.4	1.0	0.1752	-0.1368	0.975	30.3577	4.442	-33.7853	0.0	10	1.0	0.0		1518	0	0
1701815648864	t	banquethall_test_cue_cafeteria_right	0.0	1	0	5.9243	691.92	750.5600000000001	1.0	5.4547	755.136	1004.1600000000001	1.0	0.2054	-0.1234	0.9709	30.4474	4.5402	-33.81	0.0	10	1.0	0.0		1518	0	0
1701815648873	t	banquethall_test_cue_cafeteria_right	0.0	1	0	5.8108	676.368	741.4399999999999	1.0	5.4758	738.288	999.3600000000001	1.0	0.2301	-0.1111	0.9668	30.3432	4.6125	-33.8462	0.0	10	1.0	0.0		1518	0	0
1701815648881	t	banquethall_test_cue_cafeteria_right	0.0	1	0	5.9002	670.464	739.52	1.0	5.4564	732.3840000000001	996.32	1.0	0.2363	-0.1088	0.9656	30.2402	4.6286	-33.8656	0.0	10	1.0	0.0		1518	0	0
1701815648889	t	banquethall_test_cue_cafeteria_right	0.0	1	0	5.8472	672.192	737.92	0.8724	5.4296	735.552	996.64	1.0	0.2286	-0.1042	0.9679	30.0668	4.6072	-33.871	0.0	10	1.0	0.0		1518	0	0
1701815648898	t	banquethall_test_cue_cafeteria_right	0.0	1	0	5.9793	672.192	738.24	0.8724	5.4186	737.568	997.12	1.0	0.228	-0.1023	0.9683	29.8054	4.5774	-33.8821	0.0	10	1.0	0.0		1518	0	0
1701815648906	t	banquethall_test_cue_cafeteria_right	0.0	1	0	5.855	672.768	738.72	1.0	5.4843	739.2959999999999	998.08	1.0	0.2276	-0.1048	0.9681	29.6719	4.5738	-33.8844	0.0	10	1.0	0.0		1518	0	0
1701815648914	t	banquethall_test_cue_cafeteria_right	0.0	1	0	5.8838	674.928	736.8000000000001	1.0	5.4382	742.3199999999999	998.08	1.0	0.2226	-0.102	0.9696	29.3916	4.5708	-33.8888	0.0	10	1.0	0.0		1518	0	0
1701815648923	t	banquethall_test_cue_cafeteria_right	0.0	1	0	5.8868	675.648	736.48	1.0	5.4974	744.336	995.36	1.0	0.2226	-0.1021	0.9695	29.0031	4.5572	-33.899	0.0	10	1.0	0.0		1518	0	0
1701815648930	t	banquethall_test_cue_cafeteria_right	0.0	1	0	5.8806	677.52	736.32	1.0	5.4143	748.2239999999999	996.64	1.0	0.2362	-0.0885	0.9677	3.3518	3.0707	-34.7661	0.0	10	1.0	0.0		1518	0	0
1701815648939	t	banquethall_test_cue_cafeteria_right	0.0	1	0	5.8495	679.536	733.92	1.0	5.4949	750.672	994.72	1.0	0.2336	-0.0861	0.9685	6.1645	3.2526	-34.685	0.0	10	1.0	0.0		1518	0	0
1701815648947	t	banquethall_test_cue_cafeteria_right	0.0	1	0	5.9102	680.544	732.64	1.0	5.4114	754.272	995.8399999999999	1.0	0.2281	-0.0903	0.9694	14.1789	3.739	-34.4329	0.0	10	1.0	0.0		1518	0	0
1701815648956	t	banquethall_test_cue_cafeteria_right	0.0	1	0	5.868	682.8480000000001	731.8399999999999	1.0	5.4788	757.152	994.0799999999999	1.0	0.2198	-0.0948	0.9709	24.6072	4.3583	-34.0624	0.0	10	1.0	0.0		1518	0	0
1701815648964	t	banquethall_test_cue_cafeteria_right	0.0	1	0	5.8444	685.7280000000001	732.0	1.0	5.401	758.5920000000001	992.4799999999999	1.0	0.2127	-0.0999	0.972	30.2608	4.6908	-33.8301	0.0	10	1.0	0.0		1518	0	0
1701815648972	t	banquethall_test_cue_cafeteria_right	0.0	1	0	5.9033	690.192	730.72	1.0	5.3672	761.76	993.92	1.0	0.2032	-0.0992	0.9741	31.2134	4.7552	-33.7781	0.0	10	1.0	0.0		1518	0	0
1701815648981	t	banquethall_test_cue_cafeteria_right	0.0	1	0	5.9203	691.488	728.96	1.0	5.282	765.216	994.88	1.0	0.2033	-0.0964	0.9744	31.2333	4.7685	-33.7739	0.0	10	1.0	0.0		1518	0	0
1701815648989	t	banquethall_test_cue_cafeteria_right	0.0	1	0	5.966	693.36	730.5600000000001	1.0	5.1745	767.3760000000001	990.4	1.0	0.2002	-0.102	0.9744	31.2158	4.7799	-33.7678	0.0	10	1.0	0.0		1518	0	0
1701815648998	t	banquethall_test_cue_cafeteria_right	0.0	1	0	5.856	694.8	726.24	1.0	5.2188	768.3839999999999	990.4	1.0	0.1977	-0.0935	0.9758	31.2065	4.7932	-33.7726	0.0	10	1.0	0.0		1518	0	0
1701815649006	t	banquethall_test_cue_cafeteria_right	0.0	1	0	5.8438	696.384	724.48	1.0	5.2284	771.12	989.12	1.0	0.194	-0.0906	0.9768	31.2013	4.8026	-33.7743	0.0	10	1.0	0.0		1518	0	0
1701815649014	t	banquethall_test_cue_cafeteria_right	0.0	1	0	5.8434	696.672	725.6	1.0	5.1745	771.984	989.7600000000001	1.0	0.1934	-0.0941	0.9766	31.2012	4.8088	-33.7729	0.0	10	1.0	0.0		1518	0	0
1701815649023	t	banquethall_test_cue_cafeteria_right	0.0	1	0	5.8374	696.24	725.12	1.0	5.1615	773.1360000000001	988.0000000000001	1.0	0.1942	-0.0934	0.9765	31.2039	4.8119	-33.7734	0.0	10	1.0	0.0		1518	0	0
1701815649031	t	banquethall_test_cue_cafeteria_right	0.0	1	0	5.8289	696.528	725.6	1.0	5.161	772.704	989.12	1.0	0.1929	-0.0949	0.9766	31.2067	4.8138	-33.7736	0.0	10	1.0	0.0		1518	0	0
1701815649040	t	banquethall_test_cue_cafeteria_right	0.0	1	0	5.8359	696.528	725.12	1.0	5.1638	772.4159999999999	988.0000000000001	1.0	0.1924	-0.0938	0.9768	31.2094	4.8135	-33.7738	0.0	10	1.0	0.0		1518	0	0
1701815649048	t	banquethall_test_cue_cafeteria_right	0.0	1	0	5.8284	696.672	725.6	1.0	5.1604	772.704	989.12	1.0	0.1919	-0.0948	0.9768	31.2121	4.8133	-33.7739	0.0	10	1.0	0.0		1518	0	0
1701815649056	t	banquethall_test_cue_cafeteria_right	0.0	1	0	5.8008	698.976	726.5600000000001	1.0	5.1815	777.1679999999999	992.6399999999999	1.0	0.1863	-0.0966	0.9777	30.9271	4.7937	-33.7962	0.0	10	1.0	0.0		1518	0	0
1701815649064	t	banquethall_test_cue_cafeteria_right	0.0	1	0	5.7831	700.8480000000001	727.36	1.0	5.1134	778.1759999999999	992.6399999999999	1.0	0.1865	-0.0963	0.9777	22.8017	4.4383	-34.458	0.0	10	1.0	0.0		1518	0	0
1701815649073	t	banquethall_test_cue_cafeteria_right	0.0	1	0	5.715	701.856	728.48	1.0	5.1618	778.8960000000001	993.6	1.0	0.1906	-0.0948	0.9771	11.0908	3.9267	-35.4339	0.0	10	1.0	0.0		1518	0	0
1701815649081	t	banquethall_test_cue_cafeteria_right	0.0	1	0	5.7286	704.592	728.8000000000001	1.0	5.1431	781.7760000000001	994.5600000000001	1.0	0.1859	-0.0938	0.9781	9.7849	3.8606	-35.5571	0.0	10	1.0	0.0		1518	0	0
1701815649089	t	banquethall_test_cue_cafeteria_right	0.0	1	0	5.6977	706.4639999999999	729.44	1.0	5.0908	783.0719999999999	994.72	1.0	0.1822	-0.0949	0.9787	12.7028	3.9791	-35.3096	0.0	10	1.0	0.0		1518	0	0
1701815649098	t	banquethall_test_cue_cafeteria_right	0.0	1	0	5.7504	706.7520000000001	730.24	1.0	5.1076	784.0799999999999	993.12	1.0	0.1794	-0.1015	0.9785	19.845	4.3209	-34.7357	0.0	10	1.0	0.0		1518	0	0
1701815649106	t	banquethall_test_cue_cafeteria_right	0.0	1	0	5.7762	704.592	714.88	1.0	5.1024	782.0640000000001	973.1199999999999	1.0	0.1818	-0.0847	0.9797	25.437	4.6909	-34.1991	0.0	10	1.0	0.0		1518	0	0
1701815649114	t	banquethall_test_cue_cafeteria_right	0.0	1	0	5.7682	703.008	686.24	1.0	5.0811	777.456	942.8800000000001	1.0	0.186	-0.0485	0.9814	31.1104	5.1801	-33.7605	0.0	10	1.0	0.0		1518	0	0
1701815649123	t	banquethall_test_cue_cafeteria_right	0.0	1	0	5.7093	702.72	658.4	1.0	5.0067	772.9920000000001	915.84	1.0	0.1909	-0.0084	0.9816	31.1107	5.3891	-33.7455	0.0	10	1.0	0.0		1518	0	0
1701815649131	t	banquethall_test_cue_cafeteria_right	0.0	1	0	-1.0	703.8720000000001	630.88	1.0	-1.0	771.984	887.2	1.0	-1.0	-1.0	-1.0	-1.0	-1.0	-1.0	0.0	10	1.0	0.0		1518	0	0
1701815649139	t	banquethall_test_cue_cafeteria_right	0.0	1	0	-1.0	707.184	629.28	0.8482	-1.0	778.1759999999999	872.8	0.9638	-1.0	-1.0	-1.0	-1.0	-1.0	-1.0	0.0	10	1.0	0.0		1518	0	0
1701815649148	t	banquethall_test_cue_cafeteria_right	0.0	1	0	-1.0	724.32	706.24	0.8482	-1.0	781.632	954.4000000000001	0.9638	-1.0	-1.0	-1.0	-1.0	-1.0	-1.0	0.0	10	1.0	0.0		1518	0	0
1701815649154	t	banquethall_test_cue_cafeteria_right	0.0	1	0	-1.0	720.5759999999999	707.6800000000001	0.6558	-1.0	-1440.0	-1600.0	0.5855	-1.0	-1.0	-1.0	-1.0	-1.0	-1.0	0.0	10	1.0	0.0		1518	0	0
1701815649161	t	banquethall_test_cue_cafeteria_right	0.0	1	0	-1.0	-1440.0	-1600.0	0.6558	-1.0	-1440.0	-1600.0	0.5855	-1.0	-1.0	-1.0	-1.0	-1.0	-1.0	0.0	10	1.0	0.0		1518	0	0
1701815649170	t	banquethall_test_cue_cafeteria_right	0.0	1	0	-1.0	-1440.0	-1600.0	0.2815	-1.0	-1440.0	-1600.0	0.1356	-1.0	-1.0	-1.0	-1.0	-1.0	-1.0	0.0	10	1.0	0.0		1518	0	0
1701815649178	t	banquethall_test_cue_cafeteria_right	0.0	1	0	-1.0	-1440.0	-1600.0	0.2815	-1.0	-1440.0	-1600.0	0.1356	-1.0	-1.0	-1.0	-1.0	-1.0	-1.0	0.0	10	1.0	0.0		1518	0	0
1701815649186	t	banquethall_test_cue_cafeteria_right	0.0	1	0	-1.0	-1440.0	-1600.0	0.0794	-1.0	-1440.0	-1600.0	0.0	-1.0	-1.0	-1.0	-1.0	-1.0	-1.0	0.0	10	1.0	0.0		1518	0	0
1701815649195	t	banquethall_test_cue_cafeteria_right	0.0	1	0	-1.0	324.432	837.9200000000001	0.0794	-1.0	-1440.0	-1600.0	0.0	-1.0	-1.0	-1.0	-1.0	-1.0	-1.0	0.0	10	1.0	0.0		1518	0	0
1701815649205	t	banquethall_test_cue_cafeteria_right	0.0	1	0	-1.0	228.96	897.9200000000001	0.2213	-1.0	843.552	919.0400000000001	0.0489	-1.0	-1.0	-1.0	-1.0	-1.0	-1.0	0.0	10	1.0	0.0		1518	0	0
1701815649214	t	banquethall_test_cue_cafeteria_right	0.0	1	0	-1.0	743.76	592.3199999999999	0.2213	-1.0	827.712	859.84	0.0489	-1.0	-1.0	-1.0	-1.0	-1.0	-1.0	0.0	10	1.0	0.0		1518	0	0
1701815649223	t	banquethall_test_cue_cafeteria_right	0.0	1	0	-1.0	754.416	594.56	0.5052	-1.0	831.1680000000001	832.3199999999999	0.2852	-1.0	-1.0	-1.0	-1.0	-1.0	-1.0	0.0	10	1.0	0.0		1518	0	0
1701815649231	t	banquethall_test_cue_cafeteria_right	0.0	1	0	-1.0	760.176	592.3199999999999	0.5052	-1.0	824.688	851.68	0.2852	-1.0	-1.0	-1.0	-1.0	-1.0	-1.0	0.0	10	1.0	0.0		1518	0	0
1701815649240	t	banquethall_test_cue_cafeteria_right	0.0	1	0	-1.0	769.968	603.2	0.7247	-1.0	826.9920000000001	865.6	0.509	-1.0	-1.0	-1.0	-1.0	-1.0	-1.0	0.0	10	1.0	0.0		1518	0	0
1701815649248	t	banquethall_test_cue_cafeteria_right	0.0	1	0	-1.0	761.4720000000001	608.16	0.7247	-1.0	827.856	888.8	0.509	-1.0	-1.0	-1.0	-1.0	-1.0	-1.0	0.0	10	1.0	0.0		1518	0	0
1701815649256	t	banquethall_test_cue_cafeteria_right	0.0	1	0	-1.0	759.312	633.12	0.8815	-1.0	827.9999999999999	897.4399999999999	0.697	-1.0	-1.0	-1.0	-1.0	-1.0	-1.0	0.0	10	1.0	0.0		1518	0	0
1701815649265	t	banquethall_test_cue_cafeteria_right	0.0	1	0	-1.0	758.88	643.68	0.8815	-1.0	825.2640000000001	917.1200000000001	0.697	-1.0	-1.0	-1.0	-1.0	-1.0	-1.0	0.0	10	1.0	0.0		1518	0	0
1701815649274	t	banquethall_test_cue_cafeteria_right	0.0	1	0	5.8301	757.296	654.24	0.94	5.2793	824.832	928.6400000000001	0.7733	0.1315	0.2139	0.9679	-33.7313	-0.0238	-34.7607	0.0	10	1.0	0.0		1518	0	0
1701815649281	t	banquethall_test_cue_cafeteria_right	0.0	1	0	5.6188	756.0	668.8	0.94	5.2638	823.536	936.16	0.7733	0.132	0.2082	0.9691	-33.7078	-0.1113	-34.8029	0.0	10	1.0	0.0		1518	0	0
1701815649289	t	banquethall_test_cue_cafeteria_right	0.0	1	0	5.5278	752.256	675.6800000000001	1.0	5.1732	823.8240000000001	945.28	1.0	0.1112	0.1331	0.9848	30.5616	3.8652	-32.9568	0.0	10	1.0	0.0		1518	0	0
1701815649298	t	banquethall_test_cue_cafeteria_right	0.0	1	0	5.6039	752.8320000000001	683.04	1.0	5.1283	820.9440000000001	951.68	1.0	0.1335	0.1873	0.9732	-33.6766	-0.2856	-34.7165	0.0	10	1.0	0.0		1518	0	0
1701815649306	t	banquethall_test_cue_cafeteria_right	0.0	1	0	5.7026	749.232	687.6800000000001	1.0	5.1363	821.376	958.7199999999999	1.0	0.1131	0.1222	0.986	30.7087	3.6719	-32.6975	0.0	10	1.0	0.0		1518	0	0
1701815649314	t	banquethall_test_cue_cafeteria_right	0.0	1	0	5.6205	749.9520000000001	693.92	1.0	5.1732	820.656	961.4399999999999	1.0	0.1089	0.11	0.9879	30.5939	3.691	-32.9356	0.0	10	1.0	0.0		1518	0	0
1701815649323	t	banquethall_test_cue_cafeteria_right	0.0	1	0	5.5278	749.232	698.4	1.0	5.1923	820.224	968.0	1.0	0.1094	0.1022	0.9887	30.4456	3.6671	-33.0101	0.0	10	1.0	0.0		1518	0	0
1701815649331	t	banquethall_test_cue_cafeteria_right	0.0	1	0	5.4957	749.52	702.24	1.0	5.1361	821.808	970.2400000000001	1.0	0.1176	0.1271	0.9849	-0.3666	1.7146	-33.9736	0.0	10	1.0	0.0		1518	0	0
1701815649339	t	banquethall_test_cue_cafeteria_right	0.0	1	0	5.383	749.376	703.84	1.0	5.1235	820.3679999999999	976.8000000000001	1.0	0.1343	0.1461	0.9801	-32.3969	-0.3452	-34.8701	0.0	10	1.0	0.0		1518	0	0
1701815649348	t	banquethall_test_cue_cafeteria_right	0.0	1	0	5.3473	747.9359999999999	704.64	1.0	5.191	821.376	979.36	1.0	0.1318	0.1398	0.9814	-30.4415	-0.1879	-34.969	0.0	10	1.0	0.0		1518	0	0
1701815649356	t	banquethall_test_cue_cafeteria_right	0.0	1	0	5.4359	745.9200000000001	708.0	1.0	5.0523	821.808	978.2400000000001	1.0	0.1306	0.1419	0.9812	-29.4464	-0.1099	-35.0215	0.0	10	1.0	0.0		1518	0	0
1701815649364	t	banquethall_test_cue_cafeteria_right	0.0	1	0	5.5011	746.208	708.8	1.0	5.0302	820.512	983.84	1.0	0.135	0.1284	0.9825	-29.1068	-0.1067	-34.9778	0.0	10	1.0	0.0		1518	0	0
1701815649372	t	banquethall_test_cue_cafeteria_right	0.0	1	0	5.4321	745.9200000000001	709.6	1.0	5.1494	820.9440000000001	982.24	1.0	0.1372	0.1354	0.9812	-31.4948	-0.2494	-35.0826	0.0	10	1.0	0.0		1518	0	0
1701815649381	t	banquethall_test_cue_cafeteria_right	0.0	1	0	5.4257	746.208	710.56	1.0	5.0973	822.96	984.6399999999999	1.0	0.1315	0.1265	0.9832	-29.249	-0.1003	-35.0348	0.0	10	1.0	0.0		1518	0	0
1701815649389	t	banquethall_test_cue_cafeteria_right	0.0	1	0	5.4289	746.496	711.52	1.0	5.0642	821.808	985.6	1.0	0.1333	0.1185	0.984	-23.3686	0.275	-34.8632	0.0	10	1.0	0.0		1518	0	0
1701815649398	t	banquethall_test_cue_cafeteria_right	0.0	1	0	5.4682	746.7839999999999	711.52	1.0	5.1321	822.816	987.36	1.0	0.1299	0.1091	0.9855	-16.0912	0.7401	-34.6605	0.0	10	1.0	0.0		1518	0	0
1701815649406	t	banquethall_test_cue_cafeteria_right	0.0	1	0	5.509	746.9280000000001	711.52	1.0	5.0725	825.84	987.2	1.0	0.12	0.1016	0.9875	-4.302	1.4864	-34.3418	0.0	10	1.0	0.0		1518	0	0
1701815649414	t	banquethall_test_cue_cafeteria_right	0.0	1	0	5.503	747.216	712.0	1.0	5.1106	825.1199999999999	990.08	1.0	0.1193	0.0935	0.9884	2.5437	1.9145	-34.147	0.0	10	1.0	0.0		1518	200	MYKEYWORD 200
