Recording timestamp	type	Scene Name	scene_num	order	djv_reported	PupilDiam_Left	Gaze2d_Left.x	Gaze2d_Left.y	left_eye_openness	PupilDiam_Right	Gaze2d_Right.x	Gaze2d_Right.y	right_eye_openness	gaze_direction_x	gaze_direction_y	gaze_direction_z	gaze_origin_x	gaze_origin_y	gaze_origin_z	gaze_convergence_distance	participant	study_status	scene_familiarity	recall_status	Identifier	Event value	Event message
1701815654421	t	banquethall_test_cue_cafeteria_right	0.0	1	0	5.3914	784.512	639.8399999999999	1.0	5.08	865.2959999999999	920.8000000000001	1.0	0.069	0.1464	0.9868	29.8198	4.1769	-32.098	0.0	10	1.0	0.0		3458	100	MYKEYWORD 100
1701815654430	t	banquethall_test_cue_cafeteria_right	0.0	1	0	5.4367	785.664	640.48	1.0	5.1031	864.4319999999999	920.96	1.0	0.0653	0.1446	0.9873	30.2678	4.1989	-32.0547	0.0	10	1.0	0.0		3458	0	0
1701815654438	t	banquethall_test_cue_cafeteria_right	0.0	1	0	5.4809	784.512	640.32	1.0	5.1047	865.2959999999999	921.12	1.0	0.0681	0.1443	0.9872	30.274	4.1985	-32.0322	0.0	10	1.0	0.0		3458	0	0
1701815654446	t	banquethall_test_cue_cafeteria_right	0.0	1	0	5.4564	785.664	640.32	1.0	5.0957	865.728	921.28	1.0	0.0651	0.1439	0.9874	30.2382	4.1985	-32.0328	0.0	10	1.0	0.0		3458	0	0
1701815654455	t	banquethall_test_cue_cafeteria_right	0.0	1	0	5.4319	786.816	640.32	1.0	5.1042	866.3040000000001	921.28	1.0	0.0622	0.1435	0.9877	30.1054	4.1932	-32.0389	0.0	10	1.0	0.0		3458	0	0
1701815654463	t	banquethall_test_cue_cafeteria_right	0.0	1	0	5.4189	786.96	640.0	1.0	5.0573	869.76	922.24	1.0	0.0619	0.144	0.9876	30.305	4.2046	-32.0285	0.0	10	1.0	0.0		3458	0	0
1701815654472	t	banquethall_test_cue_cafeteria_right	0.0	1	0	5.4332	787.1039999999999	639.8399999999999	1.0	5.1671	870.0479999999999	923.04	1.0	0.0616	0.1447	0.9875	30.3163	4.206	-32.0294	0.0	10	1.0	0.0		3458	0	0
1701815654480	t	banquethall_test_cue_cafeteria_right	0.0	1	0	5.455	787.5360000000001	639.8399999999999	1.0	5.1415	870.624	922.72	1.0	0.0608	0.1447	0.9876	30.3132	4.2075	-32.0342	0.0	10	1.0	0.0		3458	0	0
1701815654488	t	banquethall_test_cue_cafeteria_right	0.0	1	0	5.477	788.112	639.8399999999999	1.0	5.1428	870.624	922.4	1.0	0.0592	0.1448	0.9877	30.3148	4.2089	-32.0391	0.0	10	1.0	0.0		3458	0	0
1701815654497	t	banquethall_test_cue_cafeteria_right	0.0	1	0	5.4784	788.256	639.2	1.0	5.155	870.336	922.4	1.0	0.0587	0.145	0.9877	30.3149	4.2234	-32.0568	0.0	10	1.0	0.0		3458	0	0
1701815654505	t	banquethall_test_cue_cafeteria_right	0.0	1	0	5.4804	788.256	638.5600000000001	1.0	5.1596	870.0479999999999	922.4	1.0	0.0582	0.1451	0.9877	30.3175	4.2381	-32.0744	0.0	10	1.0	0.0		3458	0	0
1701815654513	t	banquethall_test_cue_cafeteria_right	0.0	1	0	5.501	788.256	638.0799999999999	1.0	5.1642	869.76	922.08	1.0	0.058	0.1447	0.9878	30.3174	4.2517	-32.0876	0.0	10	1.0	0.0		3458	0	0
1701815654522	t	banquethall_test_cue_cafeteria_right	0.0	1	0	5.5216	788.256	637.76	1.0	5.1683	870.0479999999999	921.7599999999999	1.0	0.058	0.1444	0.9878	30.2827	4.2632	-32.1023	0.0	10	1.0	0.0		3458	0	0
1701815654530	t	banquethall_test_cue_cafeteria_right	0.0	1	0	5.5275	788.256	637.4399999999999	1.0	5.1654	870.1919999999999	921.12	1.0	0.0584	0.1453	0.9877	28.187	4.1527	-32.2281	0.0	10	1.0	0.0		3458	0	0
1701815654538	t	banquethall_test_cue_cafeteria_right	0.0	1	0	5.5333	788.4	636.96	1.0	5.1703	870.0479999999999	920.64	1.0	0.0685	0.1638	0.9841	-9.5161	1.8784	-33.8253	0.0	10	1.0	0.0		3458	0	0
1701815654547	t	banquethall_test_cue_cafeteria_right	0.0	1	0	5.5322	788.4	636.64	1.0	5.1826	870.1919999999999	920.48	1.0	0.0688	0.1636	0.9841	-12.1879	1.73	-33.9377	0.0	10	1.0	0.0		3458	0	0
1701815654555	t	banquethall_test_cue_cafeteria_right	0.0	1	0	5.535	788.544	636.0	1.0	5.1957	870.336	920.32	1.0	0.0692	0.1636	0.9841	-14.199	1.6206	-34.0267	0.0	10	1.0	0.0		3458	0	0
1701815654563	t	banquethall_test_cue_cafeteria_right	0.0	1	0	5.5332	788.688	635.8399999999999	1.0	5.1968	870.48	919.9999999999999	1.0	0.069	0.1643	0.984	-15.3418	1.5563	-34.0743	0.0	10	1.0	0.0		3458	0	0
1701815654572	t	banquethall_test_cue_cafeteria_right	0.0	1	0	5.5349	789.1200000000001	635.2	1.0	5.197	870.624	919.52	1.0	0.068	0.1652	0.9839	-15.0295	1.5773	-34.0617	0.0	10	1.0	0.0		3458	0	0
1701815654580	t	banquethall_test_cue_cafeteria_right	0.0	1	0	5.7661	795.6	632.16	1.0	5.1963	870.912	918.8800000000001	1.0	0.0618	0.1674	0.9839	-15.1361	1.5862	-34.0817	0.0	10	1.0	0.0		3458	0	0
1701815654588	t	banquethall_test_cue_cafeteria_right	0.0	1	0	5.6146	796.1759999999999	629.12	1.0	5.21	875.808	911.68	1.0	0.0534	0.1756	0.983	-15.3125	1.6267	-34.083	0.0	10	1.0	0.0		3458	0	0
1701815654596	t	banquethall_test_cue_cafeteria_right	0.0	1	0	5.6413	795.168	630.88	1.0	5.2032	877.1039999999999	911.0400000000001	1.0	0.0493	0.171	0.984	-11.6877	1.8521	-33.8952	0.0	10	1.0	0.0		3458	0	0
1701815654605	t	banquethall_test_cue_cafeteria_right	0.0	1	0	5.6563	791.136	633.6	1.0	5.3238	867.1679999999999	915.1999999999999	1.0	0.0601	0.1631	0.9848	-12.7137	1.8984	-34.3953	0.0	10	1.0	0.0		3458	0	0
1701815654613	t	banquethall_test_cue_cafeteria_right	0.0	1	0	5.51	766.368	651.36	1.0	5.0902	837.36	928.96	1.0	0.0817	0.1194	0.9895	30.2049	4.3259	-32.7564	0.0	10	1.0	0.0		3458	0	0
1701815654621	t	banquethall_test_cue_cafeteria_right	0.0	1	0	5.5795	742.3199999999999	678.88	1.0	5.029	799.6320000000001	954.24	1.0	0.1217	0.0741	0.9898	30.7988	4.1962	-32.835	0.0	10	1.0	0.0		3458	0	0
1701815654630	t	banquethall_test_cue_cafeteria_right	0.0	1	0	5.4144	721.152	703.52	1.0	4.9955	769.536	973.76	1.0	0.1559	0.0389	0.987	30.9801	3.9376	-32.5974	0.0	10	1.0	0.0		3458	0	0
1701815654638	t	banquethall_test_cue_cafeteria_right	0.0	1	0	5.5258	707.616	729.12	1.0	5.0919	748.944	997.4399999999999	1.0	0.1768	-0.0043	0.9842	31.0949	3.7598	-32.5026	0.0	10	1.0	0.0		3458	0	0
1701815654646	t	banquethall_test_cue_cafeteria_right	0.0	1	0	5.5787	688.6080000000001	751.68	1.0	5.2253	733.8240000000001	1019.52	1.0	0.2086	-0.0372	0.9773	31.2464	3.5936	-32.4972	0.0	10	1.0	0.0		3458	0	0
1701815654654	t	banquethall_test_cue_cafeteria_right	0.0	1	0	5.4023	675.792	768.1600000000001	1.0	5.214	719.568	1044.0	1.0	0.2255	-0.0583	0.9725	31.3867	3.4497	-32.5269	0.0	10	1.0	0.0		3458	0	0
1701815654663	t	banquethall_test_cue_cafeteria_right	0.0	1	0	5.5018	662.256	785.12	1.0	5.1462	708.768	1059.04	1.0	0.2465	-0.0852	0.9654	31.5044	3.357	-32.5658	0.0	10	1.0	0.0		3458	0	0
1701815654671	t	banquethall_test_cue_cafeteria_right	0.0	1	0	5.568	653.904	796.96	1.0	5.1244	702.432	1073.28	1.0	0.2565	-0.1038	0.961	31.5983	3.2875	-32.5884	0.0	10	1.0	0.0		3458	0	0
1701815654679	t	banquethall_test_cue_cafeteria_right	0.0	1	0	5.6167	646.2719999999999	808.4799999999999	1.0	5.1325	696.096	1090.72	1.0	0.267	-0.1217	0.956	31.6741	3.22	-32.6184	0.0	10	1.0	0.0		3458	0	0
1701815654688	t	banquethall_test_cue_cafeteria_right	0.0	1	0	5.5681	641.232	817.44	1.0	5.269	695.232	1100.32	1.0	0.2759	-0.1386	0.9511	31.7097	3.1887	-32.6268	0.0	10	1.0	0.0		3458	0	0
1701815654698	t	banquethall_test_cue_cafeteria_right	0.0	1	0	5.6904	642.96	816.16	1.0	5.3824	695.808	1099.3600000000001	1.0	0.2692	-0.1426	0.9524	31.7211	3.2353	-32.6124	0.0	10	1.0	0.0		3458	0	0
1701815654704	t	banquethall_test_cue_cafeteria_right	0.0	1	0	5.6443	646.2719999999999	810.0799999999999	1.0	5.255	707.184	1095.2	1.0	0.2623	-0.1395	0.9548	31.7067	3.3139	-32.5884	0.0	10	1.0	0.0		3458	0	0
1701815654713	t	banquethall_test_cue_cafeteria_right	0.0	1	0	5.5913	650.592	803.9999999999999	1.0	5.2095	713.232	1091.04	1.0	0.2628	-0.1345	0.9554	22.2805	2.8352	-33.0231	0.0	10	1.0	0.0		3458	0	0
1701815654721	t	banquethall_test_cue_cafeteria_right	0.0	1	0	5.6745	655.4879999999999	798.7199999999999	1.0	5.1949	721.728	1080.64	1.0	0.2673	-0.1274	0.9551	5.8258	1.9594	-33.7817	0.0	10	1.0	0.0		3458	0	0
1701815654729	t	banquethall_test_cue_cafeteria_right	0.0	1	0	5.5874	663.552	795.04	1.0	5.1924	729.2159999999999	1076.8000000000002	1.0	0.259	-0.1306	0.957	6.4329	2.0792	-33.7247	0.0	10	1.0	0.0		3458	0	0
1701815654738	t	banquethall_test_cue_cafeteria_right	0.0	1	0	5.6219	670.464	790.4	1.0	5.2612	734.544	1070.08	1.0	0.2533	-0.1256	0.9592	7.0151	2.173	-33.6769	0.0	10	1.0	0.0		3458	0	0
1701815654746	t	banquethall_test_cue_cafeteria_right	0.0	1	0	5.7088	676.656	788.64	1.0	5.3015	744.192	1068.48	1.0	0.244	-0.1286	0.9612	7.6484	2.2586	-33.6213	0.0	10	1.0	0.0		3458	0	0
1701815654754	t	banquethall_test_cue_cafeteria_right	0.0	1	0	5.6312	680.112	787.04	1.0	5.1854	752.8320000000001	1067.68	1.0	0.2386	-0.1296	0.9624	7.8561	2.3147	-33.6504	0.0	10	1.0	0.0		3458	0	0
1701815654764	t	banquethall_test_cue_cafeteria_right	0.0	1	0	5.6412	685.872	787.5200000000001	1.0	5.1672	756.8639999999999	1065.28	1.0	0.221	-0.136	0.9657	30.71	3.628	-32.4826	0.0	10	1.0	0.0		3458	0	0
1701815654771	t	banquethall_test_cue_cafeteria_right	0.0	1	0	5.6347	687.312	786.08	1.0	5.312	761.184	1067.04	1.0	0.2233	-0.1332	0.9656	31.06	3.651	-32.4515	0.0	10	1.0	0.0		3458	0	0
1701815654779	t	banquethall_test_cue_cafeteria_right	0.0	1	0	5.544	693.936	786.88	1.0	5.2413	766.08	1066.24	1.0	0.2109	-0.1375	0.9678	31.1089	3.6665	-32.4384	0.0	10	1.0	0.0		3458	0	0
1701815654788	t	banquethall_test_cue_cafeteria_right	0.0	1	0	5.5526	696.096	786.24	1.0	5.1654	770.976	1066.3999999999999	1.0	0.2096	-0.1387	0.9679	31.0823	3.6868	-32.439	0.0	10	1.0	0.0		3458	0	0
1701815654796	t	banquethall_test_cue_cafeteria_right	0.0	1	0	5.5483	701.424	784.64	1.0	5.1885	776.0160000000001	1066.08	1.0	0.1993	-0.1393	0.97	31.0484	3.7155	-32.4311	0.0	10	1.0	0.0		3458	0	0
1701815654804	t	banquethall_test_cue_cafeteria_right	0.0	1	0	5.6862	704.88	781.12	1.0	5.2695	780.48	1067.3600000000001	1.0	0.1955	-0.1348	0.9714	31.0011	3.7476	-32.4288	0.0	10	1.0	0.0		3458	0	0
1701815654813	t	banquethall_test_cue_cafeteria_right	0.0	1	0	5.7096	709.6320000000001	777.9200000000001	1.0	5.3839	784.3679999999999	1064.96	1.0	0.1895	-0.1316	0.973	30.9493	3.7844	-32.4379	0.0	10	1.0	0.0		3458	0	0
1701815654821	t	banquethall_test_cue_cafeteria_right	0.0	1	0	5.7066	713.664	777.28	1.0	5.2989	790.2719999999999	1063.36	1.0	0.1853	-0.1328	0.9736	30.8976	3.8121	-32.4676	0.0	10	1.0	0.0		3458	0	0
1701815654830	t	banquethall_test_cue_cafeteria_right	0.0	1	0	5.7442	718.848	775.1999999999999	1.0	5.289	793.1519999999999	1063.6799999999998	1.0	0.1767	-0.1301	0.9756	30.8549	3.8388	-32.5076	0.0	10	1.0	0.0		3458	0	0
1701815654838	t	banquethall_test_cue_cafeteria_right	0.0	1	0	5.7721	722.3040000000001	773.28	1.0	5.3063	799.0559999999999	1062.4	1.0	0.1716	-0.1263	0.977	30.8207	3.86	-32.5638	0.0	10	1.0	0.0		3458	0	0
1701815654846	t	banquethall_test_cue_cafeteria_right	0.0	1	0	5.7009	726.624	776.8	1.0	5.2551	801.6479999999999	1065.28	1.0	0.1654	-0.1328	0.9772	30.7775	3.8508	-32.6038	0.0	10	1.0	0.0		3458	0	0
1701815654855	t	banquethall_test_cue_cafeteria_right	0.0	1	0	5.756	741.6	788.8	1.0	5.5241	809.2800000000001	1082.8799999999999	1.0	0.1466	-0.1467	0.9783	30.6126	3.837	-32.9934	0.0	10	1.0	0.0		3458	0	0
1701815654863	t	banquethall_test_cue_cafeteria_right	0.0	1	0	5.7006	765.936	810.2399999999999	1.0	5.3148	830.304	1109.92	1.0	0.1054	-0.1788	0.9782	30.3708	3.9199	-33.9184	0.0	10	1.0	0.0		3458	0	0
1701815654871	t	banquethall_test_cue_cafeteria_right	0.0	1	0	5.9036	788.544	830.5600000000001	1.0	5.3898	856.08	1132.6399999999999	1.0	0.0905	-0.2131	0.9728	-34.0031	-0.467	-35.9582	0.0	10	1.0	0.0		3458	0	0
1701815654879	t	banquethall_test_cue_cafeteria_right	0.0	1	0	5.6232	806.5440000000001	845.28	1.0	5.4281	867.1679999999999	1147.68	1.0	0.0795	-0.2334	0.9691	-34.1394	-0.5772	-35.9784	0.0	10	1.0	0.0		3458	0	0
1701815654888	t	banquethall_test_cue_cafeteria_right	0.0	1	0	5.7664	810.7199999999999	850.24	1.0	5.5637	878.544	1151.2	1.0	0.0626	-0.2409	0.9685	-34.2304	-0.5765	-35.9813	0.0	10	1.0	0.0		3458	0	0
1701815654897	t	banquethall_test_cue_cafeteria_right	0.0	1	0	5.5884	810.7199999999999	844.3199999999999	1.0	5.5434	884.592	1147.52	1.0	0.0588	-0.2242	0.9727	-34.3057	-0.6237	-35.987	0.0	10	1.0	0.0		3458	0	0
1701815654904	t	banquethall_test_cue_cafeteria_right	0.0	1	0	5.7239	812.16	839.84	1.0	5.3629	889.2	1151.84	1.0	0.0538	-0.2366	0.9701	-34.3694	-0.6168	-35.9819	0.0	10	1.0	0.0		3458	0	0
1701815654913	t	banquethall_test_cue_cafeteria_right	0.0	1	0	5.6257	815.1840000000001	840.8	1.0	5.4405	894.24	1146.56	1.0	0.0489	-0.2258	0.9729	-34.3877	-0.5935	-35.9794	0.0	10	1.0	0.0		3458	0	0
1701815654921	t	banquethall_test_cue_cafeteria_right	0.0	1	0	5.6055	816.912	840.16	1.0	5.4974	895.104	1144.64	1.0	0.0549	-0.2237	0.9731	-34.357	-0.5709	-35.972	0.0	10	1.0	0.0		3458	0	0
1701815654929	t	banquethall_test_cue_cafeteria_right	0.0	1	0	5.6351	819.072	839.84	1.0	5.5529	898.416	1144.64	1.0	0.0531	-0.2256	0.9728	-34.3671	-0.5548	-35.9645	0.0	10	1.0	0.0		3458	0	0
1701815654938	t	banquethall_test_cue_cafeteria_right	0.0	1	0	5.657	820.656	838.24	1.0	5.5627	900.144	1144.0	1.0	0.0543	-0.2271	0.9723	-34.443	-0.5387	-35.9622	0.0	10	1.0	0.0		3458	0	0
1701815654946	t	banquethall_test_cue_cafeteria_right	0.0	1	0	5.6225	819.2159999999999	834.8800000000001	1.0	5.5285	904.032	1145.44	1.0	0.0461	-0.2293	0.9723	-24.4035	0.1014	-35.4996	0.0	10	1.0	0.0		3458	0	0
1701815654954	t	banquethall_test_cue_cafeteria_right	0.0	1	0	5.7158	818.496	833.1200000000001	1.0	5.5773	904.32	1139.04	1.0	0.0469	-0.217	0.975	-20.7645	0.3503	-35.3448	0.0	10	1.0	0.0		3458	0	0
1701815654964	t	banquethall_test_cue_cafeteria_right	0.0	1	0	5.7578	820.8	831.3599999999999	1.0	5.3209	908.928	1142.7199999999998	1.0	0.0331	-0.2281	0.9731	-26.0595	0.0387	-35.589	0.0	10	1.0	0.0		3458	0	0
1701815654971	t	banquethall_test_cue_cafeteria_right	0.0	1	0	5.7626	821.664	830.72	1.0	5.388	907.776	1141.6000000000001	1.0	0.0359	-0.228	0.973	-28.8823	-0.1283	-35.7118	0.0	10	1.0	0.0		3458	0	0
1701815654979	t	banquethall_test_cue_cafeteria_right	0.0	1	0	5.7329	819.936	830.24	1.0	5.2898	910.8	1142.7199999999998	1.0	0.0293	-0.2409	0.9701	-28.2765	-0.0217	-35.6639	0.0	10	1.0	0.0		3458	0	0
1701815654988	t	banquethall_test_cue_cafeteria_right	0.0	1	0	5.7934	818.3520000000001	830.08	1.0	5.5762	906.048	1133.92	1.0	0.0437	-0.2275	0.9728	-27.135	0.091	-35.5943	0.0	10	1.0	0.0		3458	0	0
1701815654996	t	banquethall_test_cue_cafeteria_right	0.0	1	0	5.8517	821.52	825.6	1.0	5.6415	905.616	1131.36	1.0	0.045	-0.2278	0.9727	-29.5708	-0.0109	-35.7172	0.0	10	1.0	0.0		3458	0	0
1701815655004	t	banquethall_test_cue_cafeteria_right	0.0	1	0	5.8537	820.9440000000001	824.64	1.0	5.5111	906.912	1132.6399999999999	1.0	0.0431	-0.2296	0.9723	-31.2632	-0.1311	-35.7828	0.0	10	1.0	0.0		3458	0	0
1701815655013	t	banquethall_test_cue_cafeteria_right	0.0	1	0	5.9231	821.808	823.6800000000001	1.0	5.7038	908.928	1128.96	1.0	0.0399	-0.2253	0.9735	-32.2268	-0.1585	-35.8161	0.0	10	1.0	0.0		3458	0	0
1701815655021	t	banquethall_test_cue_cafeteria_right	0.0	1	0	5.8295	820.224	822.08	1.0	5.4541	908.3520000000001	1123.1999999999998	1.0	0.0408	-0.2153	0.9757	-32.8268	-0.1732	-35.8363	0.0	10	1.0	0.0		3458	0	0
1701815655030	t	banquethall_test_cue_cafeteria_right	0.0	1	0	5.8112	823.68	822.72	1.0	5.626	909.2159999999999	1124.48	1.0	0.0405	-0.2203	0.9746	-32.7089	-0.153	-35.829	0.0	10	1.0	0.0		3458	0	0
1701815655038	t	banquethall_test_cue_cafeteria_right	0.0	1	0	5.7695	822.096	821.9200000000001	1.0	5.5788	910.224	1124.6399999999999	1.0	0.0372	-0.2215	0.9744	-31.7539	-0.0842	-35.7914	0.0	10	1.0	0.0		3458	0	0
1701815655046	t	banquethall_test_cue_cafeteria_right	0.0	1	0	5.7905	821.52	820.1599999999999	1.0	5.4648	908.496	1125.76	1.0	0.0399	-0.2244	0.9737	-30.414	0.0035	-35.7397	0.0	10	1.0	0.0		3458	0	0
1701815655054	t	banquethall_test_cue_cafeteria_right	0.0	1	0	5.8618	821.376	818.2399999999999	1.0	5.5304	906.768	1121.76	1.0	0.0425	-0.2145	0.9758	-28.2389	0.1448	-35.6636	0.0	10	1.0	0.0		3458	0	0
1701815655063	t	banquethall_test_cue_cafeteria_right	0.0	1	0	5.8017	817.776	819.9999999999999	1.0	5.5581	907.4879999999999	1121.6	1.0	0.0386	-0.2152	0.9758	-18.2818	0.7866	-35.2761	0.0	10	1.0	0.0		3458	0	0
1701815655071	t	banquethall_test_cue_cafeteria_right	0.0	1	0	5.8288	816.192	819.2	1.0	5.5979	904.752	1121.76	1.0	0.0401	-0.2148	0.9758	-6.6083	1.54	-34.8421	0.0	10	1.0	0.0		3458	0	0
1701815655079	t	banquethall_test_cue_cafeteria_right	0.0	1	0	5.8354	815.472	819.2	1.0	5.4958	904.608	1125.1200000000001	1.0	0.0382	-0.2189	0.975	-6.9782	1.5064	-34.8392	0.0	10	1.0	0.0		3458	0	0
1701815655088	t	banquethall_test_cue_cafeteria_right	0.0	1	0	5.8252	815.76	818.4	1.0	5.6331	902.16	1125.1200000000001	1.0	0.0397	-0.2177	0.9752	-7.9851	1.4331	-34.8695	0.0	10	1.0	0.0		3458	0	0
1701815655098	t	banquethall_test_cue_cafeteria_right	0.0	1	0	5.7989	814.896	820.48	1.0	5.5431	898.848	1123.04	1.0	0.045	-0.2165	0.9752	-11.5276	1.1904	-34.976	0.0	10	1.0	0.0		3458	0	0
1701815655104	t	banquethall_test_cue_cafeteria_right	0.0	1	0	5.8574	813.024	818.0799999999999	1.0	5.5796	898.848	1121.92	1.0	0.0438	-0.2119	0.9763	-11.0348	1.2274	-34.9953	0.0	10	1.0	0.0		3458	0	0
1701815655112	t	banquethall_test_cue_cafeteria_right	0.0	1	0	5.7408	812.592	823.04	1.0	5.5621	898.128	1120.64	1.0	0.0433	-0.2139	0.9759	-13.3057	1.0697	-35.0471	0.0	10	1.0	0.0		3458	0	0
1701815655121	t	banquethall_test_cue_cafeteria_right	0.0	1	0	5.8462	809.2800000000001	823.5200000000001	1.0	5.5794	898.128	1118.3999999999999	1.0	0.0442	-0.2105	0.9766	-16.3381	0.8801	-35.1662	0.0	10	1.0	0.0		3458	0	0
1701815655129	t	banquethall_test_cue_cafeteria_right	0.0	1	0	5.8656	809.2800000000001	822.08	1.0	5.4954	898.272	1116.0	1.0	0.0375	-0.2068	0.9776	-15.9769	0.9136	-35.1654	0.0	10	1.0	0.0		3458	0	0
1701815655137	t	banquethall_test_cue_cafeteria_right	0.0	1	0	5.869	788.688	822.4	1.0	5.3265	878.256	1114.4	1.0	0.0681	-0.2149	0.9742	-14.9845	1.0137	-35.0788	0.0	10	1.0	0.0		3458	0	0
1701815655146	t	banquethall_test_cue_cafeteria_right	0.0	1	0	5.9448	758.7360000000001	815.6800000000001	1.0	5.3564	838.368	1114.24	1.0	0.1255	-0.221	0.9671	-15.1416	1.0497	-35.0756	0.0	10	1.0	0.0		3458	0	0
1701815655155	t	banquethall_test_cue_cafeteria_right	0.0	1	0	5.929	727.2	810.5600000000001	1.0	5.5429	802.224	1089.6000000000001	1.0	0.1724	-0.1888	0.9668	-12.9222	1.2791	-35.0297	0.0	10	1.0	0.0		3458	0	0
1701815655163	t	banquethall_test_cue_cafeteria_right	0.0	1	0	5.8755	697.248	807.5200000000001	1.0	5.3042	765.792	1088.32	1.0	0.2073	-0.1855	0.9605	11.0217	2.6892	-34.1048	0.0	10	1.0	0.0		3458	0	0
1701815655171	t	banquethall_test_cue_cafeteria_right	0.0	1	0	5.765	668.736	809.44	0.9138	5.4018	732.96	1080.96	0.9888	0.2457	-0.1785	0.9527	15.8347	2.9437	-34.0014	0.0	10	1.0	0.0		3458	0	0
1701815655179	t	banquethall_test_cue_cafeteria_right	0.0	1	0	5.8765	646.704	809.6	0.9138	5.3493	704.16	1083.04	0.9888	0.2707	-0.1761	0.9464	20.129	3.17	-33.9051	0.0	10	1.0	0.0		3458	0	0
1701815655187	t	banquethall_test_cue_cafeteria_right	0.0	1	0	5.8194	625.1039999999999	810.3999999999999	1.0	5.3504	679.8240000000001	1084.96	1.0	0.2973	-0.1744	0.9387	22.2584	3.276	-33.9009	0.0	10	1.0	0.0		3458	0	0
1701815655196	t	banquethall_test_cue_cafeteria_right	0.0	1	0	5.8217	604.944	813.28	1.0	5.4269	659.52	1082.72	1.0	0.3267	-0.1755	0.9287	23.0801	3.3185	-33.9466	0.0	10	1.0	0.0		3458	0	0
1701815655205	t	banquethall_test_cue_cafeteria_right	0.0	1	0	5.8748	594.864	815.6800000000001	0.8518	5.5144	653.328	1084.0	1.0	0.338	-0.1802	0.9237	21.7326	3.2442	-34.038	0.0	10	1.0	0.0		3458	0	0
1701815655213	t	banquethall_test_cue_cafeteria_right	0.0	1	0	5.839	595.008	814.72	0.8518	5.3769	658.224	1080.8	1.0	0.3346	-0.1792	0.9252	19.1721	3.1146	-34.1305	0.0	10	1.0	0.0		3458	0	0
1701815655221	t	banquethall_test_cue_cafeteria_right	0.0	1	0	5.881	596.016	811.9999999999999	0.8195	5.4611	662.544	1080.0	1.0	0.3376	-0.1739	0.9251	13.0257	2.7774	-34.3616	0.0	10	1.0	0.0		3458	0	0
1701815655230	t	banquethall_test_cue_cafeteria_right	0.0	1	0	5.8521	597.312	810.2399999999999	0.8195	5.4933	662.976	1079.6799999999998	1.0	0.3572	-0.1662	0.9191	-11.3909	1.3946	-35.3212	0.0	10	1.0	0.0		3458	0	0
1701815655238	t	banquethall_test_cue_cafeteria_right	0.0	1	0	5.7887	600.912	808.16	0.8247	5.3366	668.88	1079.8400000000001	1.0	0.345	-0.1659	0.9238	-8.4836	1.5563	-35.189	0.0	10	1.0	0.0		3458	0	0
1701815655246	t	banquethall_test_cue_cafeteria_right	0.0	1	0	5.7903	603.648	805.7600000000001	0.8247	5.3921	669.312	1078.88	1.0	0.3452	-0.164	0.9241	-6.3262	1.6918	-35.0966	0.0	10	1.0	0.0		3458	0	0
1701815655254	t	banquethall_test_cue_cafeteria_right	0.0	1	0	5.8095	606.96	805.12	0.8494	5.275	674.208	1081.76	1.0	0.3342	-0.1695	0.9271	-3.4268	1.8638	-34.9703	0.0	10	1.0	0.0		3458	0	0
1701815655262	t	banquethall_test_cue_cafeteria_right	0.0	1	0	5.7527	609.552	805.28	0.8494	5.2974	678.384	1077.1200000000001	1.0	0.3286	-0.1651	0.9299	-1.5197	1.9826	-34.8829	0.0	10	1.0	0.0		3458	0	0
1701815655271	t	banquethall_test_cue_cafeteria_right	0.0	1	0	5.8159	611.28	802.3999999999999	0.8556	5.3073	681.984	1077.1200000000001	1.0	0.3241	-0.1635	0.9318	0.767	2.1247	-34.7826	0.0	10	1.0	0.0		3458	0	0
1701815655279	t	banquethall_test_cue_cafeteria_right	0.0	1	0	5.8937	614.448	803.68	0.8556	5.1504	685.008	1076.32	1.0	0.3199	-0.1663	0.9328	0.7273	2.135	-34.7725	0.0	10	1.0	0.0		3458	0	0
1701815655287	t	banquethall_test_cue_cafeteria_right	0.0	1	0	5.8556	616.4639999999999	800.8	1.0	5.3762	688.1759999999999	1075.0400000000002	1.0	0.3212	-0.1622	0.933	-2.9245	1.9369	-34.9107	0.0	10	1.0	0.0		3458	0	0
1701815655296	t	banquethall_test_cue_cafeteria_right	0.0	1	0	5.9211	621.6479999999999	799.84	1.0	5.2862	691.1999999999999	1074.56	1.0	0.3154	-0.162	0.935	-3.0444	1.9363	-34.8986	0.0	10	1.0	0.0		3458	0	0
1701815655304	t	banquethall_test_cue_cafeteria_right	0.0	1	0	5.8125	625.2479999999999	800.4799999999999	1.0	5.2375	695.808	1073.44	1.0	0.308	-0.1638	0.9372	0.8785	2.1726	-34.7271	0.0	10	1.0	0.0		3458	0	0
1701815655313	t	banquethall_test_cue_cafeteria_right	0.0	1	0	5.8159	630.0	798.56	1.0	5.2962	699.84	1071.36	1.0	0.307	-0.1595	0.9382	-2.4149	1.99	-34.8413	0.0	10	1.0	0.0		3458	0	0
1701815655321	t	banquethall_test_cue_cafeteria_right	0.0	1	0	5.824	632.016	800.16	1.0	5.203	702.288	1070.88	1.0	0.3045	-0.1625	0.9385	-2.206	2.0127	-34.8259	0.0	10	1.0	0.0		3458	0	0
1701815655329	t	banquethall_test_cue_cafeteria_right	0.0	1	0	5.7447	634.8960000000001	795.84	1.0	5.2718	704.88	1071.6799999999998	1.0	0.3006	-0.1599	0.9402	-1.9791	2.0316	-34.8071	0.0	10	1.0	0.0		3458	0	0
1701815655337	t	banquethall_test_cue_cafeteria_right	0.0	1	0	5.7137	635.184	796.96	1.0	5.2175	708.624	1068.0	1.0	0.2972	-0.159	0.9415	-1.5774	2.0709	-34.7791	0.0	10	1.0	0.0		3458	0	0
1701815655346	t	banquethall_test_cue_cafeteria_right	0.0	1	0	5.7185	639.936	794.7199999999999	1.0	5.22	710.928	1070.88	1.0	0.2877	-0.1602	0.9442	-0.8774	2.104	-34.7488	0.0	10	1.0	0.0		3458	0	0
1701815655354	t	banquethall_test_cue_cafeteria_right	0.0	1	0	5.6679	640.512	795.2	1.0	5.3394	713.808	1068.32	1.0	0.2851	-0.1591	0.9452	-0.6226	2.1289	-34.7323	0.0	10	1.0	0.0		3458	0	0
1701815655362	t	banquethall_test_cue_cafeteria_right	0.0	1	0	5.6829	640.6560000000001	793.92	1.0	5.3007	715.1039999999999	1067.04	1.0	0.2838	-0.1572	0.9459	-0.1771	2.1632	-34.7135	0.0	10	1.0	0.0		3458	0	0
1701815655371	t	banquethall_test_cue_cafeteria_right	0.0	1	0	5.7191	637.4879999999999	796.0	1.0	5.2828	710.352	1069.76	1.0	0.2863	-0.1601	0.9446	0.2514	2.1661	-34.7121	0.0	10	1.0	0.0		3458	0	0
1701815655379	t	banquethall_test_cue_cafeteria_right	0.0	1	0	5.915	619.776	802.72	1.0	5.2887	686.736	1074.4	1.0	0.3176	-0.1669	0.9334	0.5523	2.1533	-34.7664	0.0	10	1.0	0.0		3458	0	0
1701815655387	t	banquethall_test_cue_cafeteria_right	0.0	1	0	5.7009	596.736	802.0799999999999	1.0	5.3319	658.224	1078.4	1.0	0.355	-0.1643	0.9203	2.5902	2.2501	-34.7749	0.0	10	1.0	0.0		3458	0	0
1701815655396	t	banquethall_test_cue_cafeteria_right	0.0	1	0	5.8582	581.76	803.9999999999999	1.0	5.3695	638.3520000000001	1082.72	1.0	0.3729	-0.1671	0.9127	7.4771	2.5202	-34.6438	0.0	10	1.0	0.0		3458	0	0
1701815655404	t	banquethall_test_cue_cafeteria_right	0.0	1	0	5.7216	574.4159999999999	806.4	0.8455	5.3979	638.496	1079.36	1.0	0.3782	-0.1717	0.9097	8.989	2.6368	-34.5912	0.0	10	1.0	0.0		3458	0	0
1701815655412	t	banquethall_test_cue_cafeteria_right	0.0	1	0	5.7952	579.024	802.2399999999999	0.8455	5.3966	643.5360000000001	1074.4	1.0	0.3629	-0.1638	0.9173	9.8231	2.6936	-34.5465	0.0	10	1.0	0.0		3458	0	0
1701815655421	t	banquethall_test_cue_cafeteria_right	0.0	1	0	5.6353	580.896	797.92	1.0	5.4528	645.696	1071.04	1.0	0.3599	-0.1548	0.92	9.4391	2.6742	-34.5571	0.0	10	1.0	0.0		3458	0	0
1701815655429	t	banquethall_test_cue_cafeteria_right	0.0	1	0	5.694	580.464	798.7199999999999	1.0	5.3857	646.704	1071.04	1.0	0.36	-0.1576	0.9195	8.6727	2.6401	-34.5826	0.0	10	1.0	0.0		3458	0	0
1701815655438	t	banquethall_test_cue_cafeteria_right	0.0	1	0	5.7602	583.0559999999999	795.36	1.0	5.3028	650.592	1069.1200000000001	1.0	0.3555	-0.1534	0.922	6.3331	2.5207	-34.6618	0.0	10	1.0	0.0		3458	0	0
1701815655446	t	banquethall_test_cue_cafeteria_right	0.0	1	0	5.7185	586.0799999999999	795.52	1.0	5.3907	653.472	1068.1599999999999	1.0	0.3548	-0.1538	0.9222	2.5176	2.3125	-34.7978	0.0	10	1.0	0.0		3458	0	0
1701815655454	t	banquethall_test_cue_cafeteria_right	0.0	1	0	5.7328	591.552	793.6	1.0	5.3754	658.3679999999999	1068.8	1.0	0.348	-0.1541	0.9247	0.7628	2.2192	-34.846	0.0	10	1.0	0.0		3458	0	0
1701815655463	t	banquethall_test_cue_cafeteria_right	0.0	1	0	5.778	595.7280000000001	793.12	1.0	5.3162	663.84	1069.76	1.0	0.3436	-0.157	0.9259	0.8772	2.2393	-34.8226	0.0	10	1.0	0.0		3458	0	0
1701815655471	t	banquethall_test_cue_cafeteria_right	0.0	1	0	5.7277	599.76	792.8	1.0	5.2606	671.328	1066.8799999999999	1.0	0.3342	-0.1555	0.9296	1.9442	2.3107	-34.7615	0.0	10	1.0	0.0		3458	0	0
1701815655480	t	banquethall_test_cue_cafeteria_right	0.0	1	0	5.8289	603.5039999999999	790.24	1.0	5.2385	675.36	1066.72	1.0	0.3331	-0.1527	0.9304	1.3784	2.2869	-34.7728	0.0	10	1.0	0.0		3458	0	0
1701815655488	t	banquethall_test_cue_cafeteria_right	0.0	1	0	5.8205	609.264	790.88	1.0	5.2634	678.816	1067.04	1.0	0.3283	-0.155	0.9317	1.3211	2.289	-34.7602	0.0	10	1.0	0.0		3458	0	0
1701815655496	t	banquethall_test_cue_cafeteria_right	0.0	1	0	5.8145	612.0	790.88	1.0	5.312	684.288	1066.24	1.0	0.3237	-0.1547	0.9334	1.9433	2.328	-34.7246	0.0	10	1.0	0.0		3458	0	0
1701815655504	t	banquethall_test_cue_cafeteria_right	0.0	1	0	5.7856	616.176	791.6800000000001	1.0	5.1938	689.04	1069.76	1.0	0.3165	-0.1604	0.9349	2.2231	2.3417	-34.6994	0.0	10	1.0	0.0		3458	0	0
1701815655513	t	banquethall_test_cue_cafeteria_right	0.0	1	0	5.8091	620.496	788.48	1.0	5.2659	690.768	1066.56	1.0	0.313	-0.153	0.9373	1.2743	2.2909	-34.7325	0.0	10	1.0	0.0		3458	0	0
1701815655521	t	banquethall_test_cue_cafeteria_right	0.0	1	0	5.7498	624.528	788.64	1.0	5.1576	695.0880000000001	1067.3600000000001	1.0	0.3085	-0.1549	0.9385	-2.473	2.0712	-34.8651	0.0	10	1.0	0.0		3458	0	0
1701815655530	t	banquethall_test_cue_cafeteria_right	0.0	1	0	5.6784	626.976	787.04	1.0	5.2097	698.256	1067.68	1.0	0.3041	-0.1546	0.94	0.2779	2.2389	-34.7494	0.0	10	1.0	0.0		3458	0	0
1701815655538	t	banquethall_test_cue_cafeteria_right	0.0	1	0	5.7503	630.432	789.9200000000001	1.0	5.2596	702.288	1065.76	1.0	0.3008	-0.1566	0.9408	-1.8077	2.1242	-34.8213	0.0	10	1.0	0.0		3458	0	0
1701815655546	t	banquethall_test_cue_cafeteria_right	0.0	1	0	5.684	633.8879999999999	788.16	1.0	5.2378	704.16	1065.12	1.0	0.301	-0.1548	0.941	-1.6288	2.1435	-34.8036	0.0	10	1.0	0.0		3458	0	0
1701815655555	t	banquethall_test_cue_cafeteria_right	0.0	1	0	5.6889	637.2	785.6	1.0	5.2904	709.3439999999999	1067.2	1.0	0.2954	-0.1557	0.9426	-1.2367	2.1703	-34.7745	0.0	10	1.0	0.0		3458	0	0
1701815655563	t	banquethall_test_cue_cafeteria_right	0.0	1	0	5.6933	641.52	784.9599999999999	1.0	5.3061	714.384	1066.3999999999999	1.0	0.2863	-0.1539	0.9457	-0.8356	2.1939	-34.7537	0.0	10	1.0	0.0		3458	0	0
1701815655571	t	banquethall_test_cue_cafeteria_right	0.0	1	0	5.6225	642.384	784.9599999999999	1.0	5.3	719.712	1064.6399999999999	1.0	0.2834	-0.1534	0.9466	-0.3952	2.2295	-34.7261	0.0	10	1.0	0.0		3458	0	0
1701815655580	t	banquethall_test_cue_cafeteria_right	0.0	1	0	5.6698	645.696	784.48	1.0	5.2692	720.864	1066.24	1.0	0.28	-0.156	0.9472	0.112	2.2669	-34.6998	0.0	10	1.0	0.0		3458	0	0
1701815655588	t	banquethall_test_cue_cafeteria_right	0.0	1	0	5.6308	647.424	782.88	1.0	5.3022	722.4480000000001	1066.3999999999999	1.0	0.2781	-0.1565	0.9477	0.7928	2.323	-34.6655	0.0	10	1.0	0.0		3458	0	0
1701815655596	t	banquethall_test_cue_cafeteria_right	0.0	1	0	5.6883	650.448	781.9200000000001	1.0	5.3284	724.176	1064.6399999999999	1.0	0.2739	-0.156	0.949	0.7339	2.3369	-34.6569	0.0	10	1.0	0.0		3458	0	0
1701815655605	t	banquethall_test_cue_cafeteria_right	0.0	1	0	5.732	652.8960000000001	780.64	1.0	5.4108	726.912	1062.72	1.0	0.2682	-0.155	0.9508	0.4544	2.3389	-34.6578	0.0	10	1.0	0.0		3458	0	0
1701815655613	t	banquethall_test_cue_cafeteria_right	0.0	1	0	5.734	652.8960000000001	776.64	1.0	5.362	728.496	1061.44	1.0	0.2681	-0.1514	0.9514	-2.3513	2.1915	-34.7661	0.0	10	1.0	0.0		3458	0	0
1701815655621	t	banquethall_test_cue_cafeteria_right	0.0	1	0	5.7165	655.344	773.4399999999999	1.0	5.3784	730.3679999999999	1057.6000000000001	1.0	0.2637	-0.146	0.9535	-3.0794	2.1693	-34.7902	0.0	10	1.0	0.0		3458	0	0
1701815655630	t	banquethall_test_cue_cafeteria_right	0.0	1	0	5.7773	657.504	772.0	1.0	5.3338	731.2320000000001	1054.56	1.0	0.2615	-0.1439	0.9544	-3.4192	2.1742	-34.7967	0.0	10	1.0	0.0		3458	0	0
1701815655638	t	banquethall_test_cue_cafeteria_right	0.0	1	0	5.8271	659.52	772.0	1.0	5.3985	733.9680000000001	1050.3999999999999	1.0	0.2556	-0.1424	0.9562	-3.5422	2.1956	-34.7984	0.0	10	1.0	0.0		3458	0	0
1701815655646	t	banquethall_test_cue_cafeteria_right	0.0	1	0	5.726	660.24	769.4399999999999	1.0	5.4131	735.1199999999999	1050.08	1.0	0.2556	-0.1412	0.9564	-3.8412	2.1939	-34.8043	0.0	10	1.0	0.0		3458	0	0
1701815655655	t	banquethall_test_cue_cafeteria_right	0.0	1	0	5.7679	661.6800000000001	769.76	1.0	5.4607	736.9920000000001	1048.0	1.0	0.2539	-0.1402	0.957	-3.831	2.2058	-34.8015	0.0	10	1.0	0.0		3458	0	0
1701815655663	t	banquethall_test_cue_cafeteria_right	0.0	1	0	5.7747	662.112	767.36	1.0	5.3424	737.9999999999999	1044.96	1.0	0.2544	-0.1343	0.9577	-3.9274	2.2108	-34.8104	0.0	10	1.0	0.0		3458	0	0
1701815655671	t	banquethall_test_cue_cafeteria_right	0.0	1	0	5.8364	665.856	767.36	1.0	5.3472	740.304	1045.76	1.0	0.249	-0.1346	0.9591	-3.713	2.2188	-34.8026	0.0	10	1.0	0.0		3458	0	0
1701815655679	t	banquethall_test_cue_cafeteria_right	0.0	1	0	5.8317	675.504	780.9599999999999	1.0	5.4011	743.9039999999999	1062.88	1.0	0.2405	-0.1585	0.9576	-3.4409	2.1241	-34.7783	0.0	10	1.0	0.0		3458	0	0
1701815655687	t	banquethall_test_cue_cafeteria_right	0.0	1	0	5.8994	688.6080000000001	800.96	1.0	5.3822	748.6560000000001	1092.6399999999999	1.0	0.2244	-0.1973	0.9543	-2.8594	1.9887	-34.7636	0.0	10	1.0	0.0		3458	0	0
1701815655696	t	banquethall_test_cue_cafeteria_right	0.0	1	0	5.7517	696.528	822.88	1.0	5.3834	753.12	1119.2	1.0	0.2165	-0.2312	0.9485	-0.2857	1.9724	-34.6871	0.0	10	1.0	0.0		3458	0	0
1701815655704	t	banquethall_test_cue_cafeteria_right	0.0	1	0	5.8377	704.736	836.96	1.0	5.5175	758.4479999999999	1126.08	1.0	0.2036	-0.2443	0.9481	0.2899	1.9205	-34.6739	0.0	10	1.0	0.0		3458	0	0
1701815655712	t	banquethall_test_cue_cafeteria_right	0.0	1	0	5.8288	704.736	837.4399999999999	1.0	5.4686	758.5920000000001	1123.1999999999998	1.0	0.2074	-0.2432	0.9475	-0.2148	1.9037	-34.6924	0.0	10	1.0	0.0		3458	0	0
1701815655721	t	banquethall_test_cue_cafeteria_right	0.0	1	0	5.8229	702.8639999999999	834.4	1.0	5.5138	763.632	1118.3999999999999	1.0	0.207	-0.235	0.9497	-0.8497	1.8772	-34.7149	0.0	10	1.0	0.0		3458	0	0
1701815655729	t	banquethall_test_cue_cafeteria_right	0.0	1	0	5.8478	705.312	834.4	1.0	5.4735	767.088	1123.1999999999998	1.0	0.2022	-0.2425	0.9488	-2.6358	1.7754	-34.779	0.0	10	1.0	0.0		3458	0	0
1701815655737	t	banquethall_test_cue_cafeteria_right	0.0	1	0	5.8047	707.76	834.56	1.0	5.4928	772.848	1124.16	1.0	0.1931	-0.2444	0.9502	-0.2567	1.922	-34.6753	0.0	10	1.0	0.0		3458	0	0
1701815655746	t	banquethall_test_cue_cafeteria_right	0.0	1	0	5.7957	710.064	836.0	1.0	5.522	773.424	1118.72	1.0	0.1932	-0.2396	0.9514	-0.2476	1.9254	-34.6733	0.0	10	1.0	0.0		3458	0	0
1701815655754	t	banquethall_test_cue_cafeteria_right	0.0	1	0	5.8477	709.776	833.2800000000001	1.0	5.5643	777.888	1119.36	1.0	0.191	-0.2365	0.9527	0.033	1.9414	-34.6617	0.0	10	1.0	0.0		3458	0	0
1701815655762	t	banquethall_test_cue_cafeteria_right	0.0	1	0	5.7321	711.792	831.5200000000001	1.0	5.5527	780.336	1120.8	1.0	0.187	-0.2367	0.9534	1.0573	2.0054	-34.6157	0.0	10	1.0	0.0		3458	0	0
1701815655771	t	banquethall_test_cue_cafeteria_right	0.0	1	0	5.8165	713.376	831.6800000000001	1.0	5.5175	784.3679999999999	1117.6	1.0	0.18	-0.234	0.9554	3.0326	2.1304	-34.5323	0.0	10	1.0	0.0		3458	0	0
1701815655779	t	banquethall_test_cue_cafeteria_right	0.0	1	0	5.7861	712.944	828.48	1.0	5.4924	784.9440000000001	1119.04	1.0	0.1819	-0.2332	0.9553	3.2415	2.1576	-34.5211	0.0	10	1.0	0.0		3458	0	0
1701815655787	t	banquethall_test_cue_cafeteria_right	0.0	1	0	5.7785	714.24	828.8000000000001	0.8719	5.5079	785.808	1116.8	0.9969	0.1814	-0.2337	0.9552	2.4239	2.1252	-34.5472	0.0	10	1.0	0.0		3458	0	0
1701815655797	t	banquethall_test_cue_cafeteria_right	0.0	1	0	5.7831	714.816	827.2	0.8719	5.5508	787.8240000000001	1112.64	0.9969	0.1799	-0.2293	0.9566	1.4102	2.081	-34.5828	0.0	10	1.0	0.0		3458	0	0
1701815655804	t	banquethall_test_cue_cafeteria_right	0.0	1	0	5.7745	716.544	823.6800000000001	0.8806	5.5864	790.7040000000001	1111.2	0.995	0.1756	-0.2262	0.9581	1.1008	2.0831	-34.5881	0.0	10	1.0	0.0		3458	0	0
1701815655812	t	banquethall_test_cue_cafeteria_right	0.0	1	0	5.7742	715.824	821.7599999999999	0.8806	5.4711	787.6800000000001	1112.0	0.995	0.1833	-0.2281	0.9562	0.0546	2.0455	-34.6277	0.0	10	1.0	0.0		3458	0	0
1701815655821	t	banquethall_test_cue_cafeteria_right	0.0	1	0	5.8601	718.848	822.4	1.0	5.4948	790.8480000000001	1112.8	1.0	0.1774	-0.2335	0.956	-0.6987	2.0225	-34.6474	0.0	10	1.0	0.0		3458	0	0
1701815655829	t	banquethall_test_cue_cafeteria_right	0.0	1	0	5.823	717.984	820.1599999999999	1.0	5.5934	792.576	1111.68	1.0	0.1795	-0.232	0.956	-1.302	2.006	-34.6675	0.0	10	1.0	0.0		3458	0	0
1701815655837	t	banquethall_test_cue_cafeteria_right	0.0	1	0	5.846	719.712	819.2	0.8771	5.5623	794.7359999999999	1110.72	0.9972	0.1753	-0.2299	0.9573	-2.4767	1.9357	-34.7145	0.0	10	1.0	0.0		3458	0	0
1701815655846	t	banquethall_test_cue_cafeteria_right	0.0	1	0	5.937	721.872	816.64	0.8771	5.4818	796.32	1106.08	0.9972	0.173	-0.2238	0.9592	-2.9954	1.9244	-34.7297	0.0	10	1.0	0.0		3458	0	0
1701815655854	t	banquethall_test_cue_cafeteria_right	0.0	1	0	5.8797	723.168	814.72	0.8758	5.5155	795.6	1105.92	0.9939	0.1761	-0.2241	0.9585	-3.484	1.916	-34.744	0.0	10	1.0	0.0		3458	0	0
1701815655862	t	banquethall_test_cue_cafeteria_right	0.0	1	0	5.9241	724.032	813.5999999999999	0.8758	5.5419	802.944	1106.08	0.9939	0.1665	-0.2262	0.9597	-3.4979	1.9358	-34.7358	0.0	10	1.0	0.0		3458	0	0
1701815655871	t	banquethall_test_cue_cafeteria_right	0.0	1	0	5.9655	726.048	812.1600000000001	0.8802	5.5363	803.376	1101.76	0.9746	0.1651	-0.2207	0.9613	-3.7706	1.9337	-34.7436	0.0	10	1.0	0.0		3458	0	0
1701815655879	t	banquethall_test_cue_cafeteria_right	0.0	1	0	5.8725	725.76	812.1600000000001	0.8802	5.4197	805.392	1105.28	0.9746	0.1634	-0.2272	0.96	-3.8252	1.9404	-34.742	0.0	10	1.0	0.0		3458	0	0
1701815655887	t	banquethall_test_cue_cafeteria_right	0.0	1	0	5.8718	725.904	810.88	0.8869	5.4137	799.776	1101.76	0.9864	0.173	-0.2214	0.9597	-3.7673	1.9504	-34.7427	0.0	10	1.0	0.0		3458	0	0
1701815655896	t	banquethall_test_cue_cafeteria_right	0.0	1	0	5.8781	726.912	808.4799999999999	0.8869	5.4369	800.7840000000001	1101.76	0.9864	0.1702	-0.2194	0.9607	-3.6099	1.9648	-34.7354	0.0	10	1.0	0.0		3458	0	0
1701815655904	t	banquethall_test_cue_cafeteria_right	0.0	1	0	5.9174	726.912	808.3199999999999	0.8858	5.4593	801.9359999999999	1101.6	0.974	0.1687	-0.2191	0.961	-3.4072	1.977	-34.727	0.0	10	1.0	0.0		3458	0	0
1701815655912	t	banquethall_test_cue_cafeteria_right	0.0	1	0	5.9561	726.912	808.4799999999999	0.8858	5.4532	802.5120000000001	1101.44	0.974	0.1676	-0.2187	0.9613	-3.0074	2.0002	-34.7116	0.0	10	1.0	0.0		3458	0	0
1701815655920	t	banquethall_test_cue_cafeteria_right	0.0	1	0	5.9021	727.632	809.2800000000001	0.887	5.4588	803.088	1101.28	0.9862	0.1651	-0.2175	0.962	-0.9957	2.1122	-34.6342	0.0	10	1.0	0.0		3458	0	0
1701815655929	t	banquethall_test_cue_cafeteria_right	0.0	1	0	5.9626	726.192	811.9999999999999	0.887	5.4607	803.376	1100.6399999999999	0.9862	0.1665	-0.2196	0.9613	-0.9146	2.1138	-34.6336	0.0	10	1.0	0.0		3458	0	0
1701815655937	t	banquethall_test_cue_cafeteria_right	0.0	1	0	5.9255	725.76	811.68	0.8836	5.4628	803.376	1100.16	0.9844	0.1674	-0.2183	0.9614	-1.1061	2.1008	-34.6424	0.0	10	1.0	0.0		3458	0	0
1701815655946	t	banquethall_test_cue_cafeteria_right	0.0	1	0	5.9585	728.784	813.28	0.8836	5.4903	803.232	1100.0	0.9844	0.164	-0.2189	0.9619	-2.6657	1.9959	-34.705	0.0	10	1.0	0.0		3458	0	0
1701815655954	t	banquethall_test_cue_cafeteria_right	0.0	1	0	5.905	727.92	813.28	0.8862	5.496	803.376	1100.0	0.9891	0.165	-0.2178	0.9619	-2.9753	1.9711	-34.721	0.0	10	1.0	0.0		3458	0	0
1701815655962	t	banquethall_test_cue_cafeteria_right	0.0	1	0	5.9566	725.616	812.48	0.8862	5.5031	803.5200000000001	1099.84	0.9891	0.1674	-0.2159	0.9619	-3.3956	1.9403	-34.7418	0.0	10	1.0	0.0		3458	0	0
1701815655971	t	banquethall_test_cue_cafeteria_right	0.0	1	0	5.9825	725.3280000000001	811.9999999999999	1.0	5.5018	803.376	1099.84	1.0	0.1676	-0.2146	0.9622	-3.5892	1.9248	-34.7517	0.0	10	1.0	0.0		3458	0	0
1701815655979	t	banquethall_test_cue_cafeteria_right	0.0	1	0	5.9716	724.896	812.48	1.0	5.5072	803.5200000000001	1098.72	1.0	0.1679	-0.2141	0.9623	-3.7757	1.9155	-34.7595	0.0	10	1.0	0.0		3458	0	0
1701815655988	t	banquethall_test_cue_cafeteria_right	0.0	1	0	5.9608	724.32	812.96	0.8917	5.4792	804.096	1097.76	0.9777	0.1657	-0.2146	0.9625	-3.7867	1.923	-34.7606	0.0	10	1.0	0.0		3458	0	0
1701815655996	t	banquethall_test_cue_cafeteria_right	0.0	1	0	5.9418	723.5999999999999	812.64	0.8917	5.4971	802.5120000000001	1098.56	0.9777	0.1681	-0.2155	0.9619	-3.6332	1.9337	-34.7554	0.0	10	1.0	0.0		3458	0	0
1701815656004	t	banquethall_test_cue_cafeteria_right	0.0	1	0	5.9225	722.88	812.96	0.8836	5.5128	800.7840000000001	1096.96	0.9796	0.1715	-0.2139	0.9617	-3.4487	1.9459	-34.7493	0.0	10	1.0	0.0		3458	0	0
1701815656013	t	banquethall_test_cue_cafeteria_right	0.0	1	0	5.942	723.168	812.64	0.8836	5.5244	802.08	1096.3200000000002	0.9796	0.1685	-0.213	0.9624	-3.1605	1.9657	-34.7374	0.0	10	1.0	0.0		3458	0	0
1701815656021	t	banquethall_test_cue_cafeteria_right	0.0	1	0	5.9648	722.3040000000001	810.3999999999999	0.8914	5.5287	801.36	1095.84	0.9776	0.1698	-0.2124	0.9623	-2.8136	2.0048	-34.7236	0.0	10	1.0	0.0		3458	0	0
1701815656029	t	banquethall_test_cue_cafeteria_right	0.0	1	0	5.9663	722.016	809.6	0.8914	5.5331	800.496	1095.52	0.9776	0.1709	-0.2119	0.9622	-1.1215	2.1151	-34.656	0.0	10	1.0	0.0		3458	0	0
1701815656037	t	banquethall_test_cue_cafeteria_right	0.0	1	0	6.0449	723.024	807.3600000000001	0.8852	5.5318	799.776	1094.4	0.9714	0.1703	-0.2089	0.963	-0.8368	2.1405	-34.6432	0.0	10	1.0	0.0		3458	0	0
1701815656046	t	banquethall_test_cue_cafeteria_right	0.0	1	0	5.9498	723.024	805.7600000000001	0.8852	5.5293	798.9119999999999	1094.24	0.9714	0.1715	-0.2078	0.963	-1.1102	2.1308	-34.6533	0.0	10	1.0	0.0		3458	0	0
1701815656054	t	banquethall_test_cue_cafeteria_right	0.0	1	0	5.9954	723.744	808.16	0.8825	5.5238	798.336	1093.76	0.9663	0.1708	-0.2108	0.9625	-0.9431	2.1459	-34.6447	0.0	10	1.0	0.0		3458	0	0
1701815656063	t	banquethall_test_cue_cafeteria_right	0.0	1	0	5.9421	722.736	806.4	0.8825	5.5311	797.7600000000001	1093.28	0.9663	0.1731	-0.2085	0.9626	-1.1873	2.1334	-34.655	0.0	10	1.0	0.0		3458	0	0
1701815656071	t	banquethall_test_cue_cafeteria_right	0.0	1	0	5.9536	721.728	804.8	0.8851	5.4898	793.8720000000001	1086.08	0.9448	0.1781	-0.1994	0.9636	-1.3501	2.1393	-34.6656	0.0	10	1.0	0.0		3458	0	0
1701815656079	t	banquethall_test_cue_cafeteria_right	0.0	1	0	5.9517	723.744	807.6800000000001	0.8851	5.5604	795.456	1092.48	0.9448	0.1781	-0.2068	0.962	-1.6561	2.0954	-34.6844	0.0	10	1.0	0.0		3458	0	0
1701815656087	t	banquethall_test_cue_cafeteria_right	0.0	1	0	5.9958	735.84	815.84	0.8776	5.5433	804.096	1109.76	0.9529	0.1605	-0.2293	0.96	-1.2502	2.0537	-34.6645	0.0	10	1.0	0.0		3458	0	0
1701815656096	t	banquethall_test_cue_cafeteria_right	0.0	1	0	5.9958	739.584	826.72	0.8776	5.4944	808.56	1120.96	0.9529	0.1527	-0.2471	0.9569	-0.7922	2.0222	-34.6602	0.0	10	1.0	0.0		3458	0	0
1701815656104	t	banquethall_test_cue_cafeteria_right	0.0	1	0	5.8334	737.9999999999999	829.5999999999999	1.0	5.5204	808.704	1118.24	1.0	0.1563	-0.2411	0.9578	-0.4173	2.0058	-34.6579	0.0	10	1.0	0.0		3458	0	0
1701815656112	t	banquethall_test_cue_cafeteria_right	0.0	1	0	5.9032	736.2719999999999	824.0	1.0	5.625	806.256	1117.1200000000001	1.0	0.1603	-0.2318	0.9594	0.3534	2.0482	-34.6326	0.0	10	1.0	0.0		3458	0	0
1701815656121	t	banquethall_test_cue_cafeteria_right	0.0	1	0	5.8642	734.832	826.24	1.0	5.5728	807.264	1119.04	1.0	0.1595	-0.236	0.9586	0.8644	2.0733	-34.6142	0.0	10	1.0	0.0		3458	0	0
1701815656131	t	banquethall_test_cue_cafeteria_right	0.0	1	0	5.9499	737.424	827.2	1.0	5.5555	807.5519999999999	1118.5600000000002	1.0	0.1545	-0.2363	0.9593	0.9859	2.0745	-34.6087	0.0	10	1.0	0.0		3458	0	0
1701815656137	t	banquethall_test_cue_cafeteria_right	0.0	1	0	5.7152	732.528	825.2800000000001	1.0	5.5376	807.84	1118.5600000000002	1.0	0.1614	-0.2334	0.9589	0.1814	2.0221	-34.6485	0.0	10	1.0	0.0		3458	0	0
1701815656146	t	banquethall_test_cue_cafeteria_right	0.0	1	0	5.8553	734.1120000000001	826.24	1.0	5.5307	807.5519999999999	1118.88	1.0	0.1582	-0.2338	0.9593	-0.0851	1.9977	-34.6606	0.0	10	1.0	0.0		3458	0	0
1701815656154	t	banquethall_test_cue_cafeteria_right	0.0	1	0	5.7846	731.952	829.4399999999999	1.0	5.4156	800.6400000000001	1124.16	1.0	0.1702	-0.2448	0.9545	-3.1642	1.8096	-34.7898	0.0	10	1.0	0.0		3458	0	0
1701815656163	t	banquethall_test_cue_cafeteria_right	0.0	1	0	5.8997	733.104	827.9999999999999	1.0	5.407	804.24	1117.44	1.0	0.1614	-0.2337	0.9588	-3.3707	1.7904	-34.7991	0.0	10	1.0	0.0		3458	0	0
1701815656171	t	banquethall_test_cue_cafeteria_right	0.0	1	0	5.8487	729.3599999999999	829.12	1.0	5.5271	800.928	1115.68	1.0	0.1703	-0.2321	0.9576	-3.9689	1.7541	-34.829	0.0	10	1.0	0.0		3458	0	0
1701815656179	t	banquethall_test_cue_cafeteria_right	0.0	1	0	5.8344	727.92	830.08	1.0	5.5593	801.6479999999999	1115.68	1.0	0.1684	-0.2336	0.9576	-4.1744	1.7424	-34.8386	0.0	10	1.0	0.0		3458	0	0
1701815656187	t	banquethall_test_cue_cafeteria_right	0.0	1	0	5.8407	726.912	827.2	1.0	5.5175	800.352	1119.04	1.0	0.1684	-0.2353	0.9572	-4.0964	1.7483	-34.8373	0.0	10	1.0	0.0		3458	0	0
1701815656196	t	banquethall_test_cue_cafeteria_right	0.0	1	0	5.7541	724.608	827.8399999999999	1.0	5.4314	799.0559999999999	1117.1200000000001	1.0	0.1703	-0.234	0.9572	-3.9132	1.7612	-34.8329	0.0	10	1.0	0.0		3458	0	0
1701815656204	t	banquethall_test_cue_cafeteria_right	0.0	1	0	5.7454	724.752	827.68	0.8809	5.5528	798.48	1116.48	0.9832	0.1686	-0.2335	0.9576	-3.6696	1.7795	-34.8228	0.0	10	1.0	0.0		3458	0	0
1701815656212	t	banquethall_test_cue_cafeteria_right	0.0	1	0	5.6488	723.024	824.9599999999999	0.8809	5.4354	797.6159999999999	1117.76	0.9832	0.1695	-0.2331	0.9576	-3.3095	1.8066	-34.8105	0.0	10	1.0	0.0		3458	0	0
1701815656221	t	banquethall_test_cue_cafeteria_right	0.0	1	0	5.6814	720.4319999999999	826.24	0.8724	5.4096	795.168	1116.48	0.9951	0.1758	-0.2335	0.9563	-3.1811	1.8208	-34.8076	0.0	10	1.0	0.0		3458	0	0
1701815656229	t	banquethall_test_cue_cafeteria_right	0.0	1	0	5.6893	722.736	825.2800000000001	0.8724	5.4387	796.1759999999999	1115.3600000000001	0.9951	0.1707	-0.2317	0.9577	-2.8705	1.8432	-34.7923	0.0	10	1.0	0.0		3458	0	0
1701815656237	t	banquethall_test_cue_cafeteria_right	0.0	1	0	5.6834	721.296	825.6	0.8658	5.4087	796.896	1115.52	0.9894	0.1712	-0.2324	0.9574	-2.6701	1.8587	-34.7846	0.0	10	1.0	0.0		3458	0	0
1701815656246	t	banquethall_test_cue_cafeteria_right	0.0	1	0	5.6754	721.728	825.2800000000001	0.8658	5.3799	796.1759999999999	1115.68	0.9894	0.1715	-0.2329	0.9572	-2.392	1.8788	-34.7736	0.0	10	1.0	0.0		3458	0	0
1701815656255	t	banquethall_test_cue_cafeteria_right	0.0	1	0	5.6837	721.152	825.2800000000001	1.0	5.4048	796.464	1115.8400000000001	1.0	0.1724	-0.2332	0.957	-2.2865	1.887	-34.7698	0.0	10	1.0	0.0		3458	0	0
1701815656263	t	banquethall_test_cue_cafeteria_right	0.0	1	0	5.6825	720.4319999999999	825.2800000000001	1.0	5.431	796.1759999999999	1115.68	1.0	0.1741	-0.2329	0.9568	-2.1047	1.8988	-34.763	0.0	10	1.0	0.0		3458	0	0
1701815656271	t	banquethall_test_cue_cafeteria_right	0.0	1	0	5.6789	721.152	825.2800000000001	1.0	5.4431	796.1759999999999	1113.6	1.0	0.1761	-0.2296	0.9572	-1.8736	1.9113	-34.7562	0.0	10	1.0	0.0		3458	0	0
1701815656280	t	banquethall_test_cue_cafeteria_right	0.0	1	0	5.6767	721.152	825.2800000000001	1.0	5.4565	796.1759999999999	1112.48	1.0	0.177	-0.2281	0.9574	-1.631	1.9263	-34.7474	0.0	10	1.0	0.0		3458	0	0
1701815656288	t	banquethall_test_cue_cafeteria_right	0.0	1	0	5.6748	721.44	825.2800000000001	0.8674	5.4684	796.0319999999999	1112.3200000000002	0.9873	0.1776	-0.2277	0.9574	-1.3801	1.9422	-34.7378	0.0	10	1.0	0.0		3458	0	0
1701815656296	t	banquethall_test_cue_cafeteria_right	0.0	1	0	5.674	721.152	825.1200000000001	0.8674	5.4571	796.1759999999999	1112.48	0.9873	0.1782	-0.2278	0.9573	-1.311	1.947	-34.7353	0.0	10	1.0	0.0		3458	0	0
1701815656305	t	banquethall_test_cue_cafeteria_right	0.0	1	0	5.6638	721.44	825.2800000000001	1.0	5.4656	796.1759999999999	1112.3200000000002	1.0	0.1786	-0.2278	0.9572	-1.327	1.9469	-34.7359	0.0	10	1.0	0.0		3458	0	0
1701815656313	t	banquethall_test_cue_cafeteria_right	0.0	1	0	5.6543	721.152	825.2800000000001	1.0	5.4579	796.0319999999999	1112.0	1.0	0.1797	-0.2276	0.957	-1.1112	1.9597	-34.7275	0.0	10	1.0	0.0		3458	0	0
1701815656321	t	banquethall_test_cue_cafeteria_right	0.0	1	0	5.608	722.3040000000001	824.48	0.8745	5.5751	801.216	1111.04	0.9957	0.1764	-0.2262	0.958	-0.9176	1.9793	-34.7201	0.0	10	1.0	0.0		3458	0	0
1701815656330	t	banquethall_test_cue_cafeteria_right	0.0	1	0	5.6452	736.1279999999999	817.2800000000001	0.8745	5.471	812.592	1099.3600000000001	0.9957	0.1616	-0.2168	0.9627	-0.8817	2.0793	-34.6782	0.0	10	1.0	0.0		3458	0	0
1701815656338	t	banquethall_test_cue_cafeteria_right	0.0	1	0	5.657	764.208	798.08	1.0	5.3907	840.8159999999999	1080.0	1.0	0.1147	-0.1935	0.9744	-0.3454	2.2949	-34.6425	0.0	10	1.0	0.0		3458	0	0
1701815656347	t	banquethall_test_cue_cafeteria_right	0.0	1	0	5.5093	792.8639999999999	779.1999999999999	1.0	5.2359	865.872	1049.76	1.0	0.0843	-0.1458	0.9857	-33.5051	0.6518	-36.2927	0.0	10	1.0	0.0		3458	0	0
1701815656355	t	banquethall_test_cue_cafeteria_right	0.0	1	0	5.3115	826.9920000000001	758.72	0.8867	5.1095	892.6560000000001	1038.8799999999999	0.9719	0.0361	-0.1313	0.9907	-34.3889	0.5508	-35.7897	0.0	10	1.0	0.0		3458	0	0
1701815656365	t	banquethall_test_cue_cafeteria_right	0.0	1	0	5.5686	852.192	743.52	0.9094	5.1177	913.3919999999999	1030.0800000000002	0.9282	0.0079	-0.1195	0.9928	-34.5994	0.6472	-35.8378	0.0	10	1.0	0.0		3458	0	0
1701815656371	t	banquethall_test_cue_cafeteria_right	0.0	1	0	5.482	875.52	739.68	0.9094	5.3002	936.7199999999999	1022.4	0.9282	-0.028	-0.0999	0.9946	-34.8093	0.7149	-36.016	0.0	10	1.0	0.0		3458	0	0
1701815656380	t	banquethall_test_cue_cafeteria_right	0.0	1	0	5.5625	890.928	731.8399999999999	0.9094	5.4241	955.584	1023.1999999999999	0.9282	-0.0519	-0.1069	0.9929	-35.0275	0.7297	-35.9231	0.0	10	1.0	0.0		3458	0	0
1701815656387	t	banquethall_test_cue_cafeteria_right	0.0	1	0	5.6163	902.016	727.0400000000001	0.9646	5.483	966.816	1017.1200000000001	0.8941	-0.0666	-0.081	0.9945	-35.1508	0.6902	-35.9825	0.0	10	1.0	0.0		3458	0	0
1701815656396	t	banquethall_test_cue_cafeteria_right	0.0	1	0	5.5903	894.6719999999999	731.8399999999999	0.9646	5.487	963.936	1020.32	0.8941	-0.0546	-0.0854	0.9948	-35.1771	0.6537	-35.9659	0.0	10	1.0	0.0		3458	0	0
1701815656404	t	banquethall_test_cue_cafeteria_right	0.0	1	0	5.5539	893.5200000000001	731.2	1.0	5.5615	962.0640000000001	1023.04	1.0	-0.0487	-0.089	0.9948	-35.1744	0.629	-35.9558	0.0	10	1.0	0.0		3458	0	0
1701815656412	t	banquethall_test_cue_cafeteria_right	0.0	1	0	5.5933	890.352	730.72	1.0	5.4628	962.784	1022.4	1.0	-0.0517	-0.0857	0.995	-35.1724	0.615	-35.9558	0.0	10	1.0	0.0		3458	200	MYKEYWORD 200
