Recording timestamp	type	Scene Name	scene_num	order	djv_reported	PupilDiam_Left	Gaze2d_Left.x	Gaze2d_Left.y	left_eye_openness	PupilDiam_Right	Gaze2d_Right.x	Gaze2d_Right.y	right_eye_openness	gaze_direction_x	gaze_direction_y	gaze_direction_z	gaze_origin_x	gaze_origin_y	gaze_origin_z	gaze_convergence_distance	participant	study_status	scene_familiarity	recall_status	Identifier	Event value	Event message
1701981005924	t	playground_test_cue_junkyard_right	0.0	3	0	4.8716	736.56	880.48	1.0	4.7295	757.44	1013.28	1.0	-0.0876	0.1132	0.9897	3.7783	0.4966	-33.4291	0.0	19	1.0	0.0		3522	100	MYKEYWORD 100
1701981005933	t	playground_test_cue_junkyard_right	0.0	3	0	4.8929	740.0160000000001	881.6	1.0	4.7549	761.6160000000001	1016.96	1.0	-0.0959	0.1037	0.99	2.6522	0.4938	-33.5148	0.0	19	1.0	0.0		3522	0	0
1701981005941	t	playground_test_cue_junkyard_right	0.0	3	0	4.8664	745.488	880.8	1.0	4.7563	763.92	1016.96	1.0	-0.1027	0.1051	0.9891	4.0428	0.6017	-33.7437	0.0	19	1.0	0.0		3522	0	0
1701981005949	t	playground_test_cue_junkyard_right	0.0	3	0	4.9406	748.5120000000001	883.36	1.0	4.7753	771.984	1016.3199999999999	1.0	-0.1166	0.1049	0.9876	-11.7605	0.0562	-33.5263	0.0	19	1.0	0.0		3522	0	0
1701981005957	t	playground_test_cue_junkyard_right	0.0	3	0	4.8405	753.552	879.68	1.0	4.7897	776.448	1019.36	1.0	-0.1268	0.098	0.9871	-26.5838	-0.3719	-33.6068	0.0	19	1.0	0.0		3522	0	0
1701981005966	t	playground_test_cue_junkyard_right	0.0	3	0	4.9848	749.9520000000001	882.56	1.0	4.8402	770.2560000000001	1017.76	1.0	-0.1076	0.101	0.989	-32.4352	-0.5468	-33.6099	0.0	19	1.0	0.0		3522	0	0
1701981005974	t	playground_test_cue_junkyard_right	0.0	3	0	4.7089	732.2399999999999	879.68	1.0	4.7125	750.384	1016.48	1.0	-0.045	0.0953	0.9944	-31.7566	-0.3374	-34.1377	0.0	19	1.0	0.0		3522	0	0
1701981005982	t	playground_test_cue_junkyard_right	0.0	3	0	4.9123	718.704	879.68	1.0	4.6983	735.84	1016.3199999999999	1.0	-0.0191	0.0924	0.9955	-25.169	-0.1343	-34.1097	0.0	19	1.0	0.0		3522	0	0
1701981005991	t	playground_test_cue_junkyard_right	0.0	3	0	4.8371	710.496	879.52	1.0	4.6647	723.744	1017.76	1.0	-0.0087	0.0842	0.9964	-20.4958	-0.0239	-33.965	0.0	19	1.0	0.0		3522	0	0
1701981005999	t	playground_test_cue_junkyard_right	0.0	3	0	4.9021	690.912	876.8000000000001	1.0	4.7134	712.08	1014.88	1.0	0.0076	0.0853	0.9963	-29.9936	-0.2682	-34.0104	0.0	19	1.0	0.0		3522	0	0
1701981006007	t	playground_test_cue_junkyard_right	0.0	3	0	5.0296	681.12	872.48	1.0	4.6795	698.688	1015.1999999999999	1.0	0.0347	0.0771	0.9964	-30.9749	-0.2755	-33.9981	0.0	19	1.0	0.0		3522	0	0
1701981006016	t	playground_test_cue_junkyard_right	0.0	3	0	4.9483	679.968	871.52	1.0	4.7038	693.792	1014.24	1.0	0.0385	0.0787	0.9961	-31.616	-0.3538	-33.7807	0.0	19	1.0	0.0		3522	0	0
1701981006024	t	playground_test_cue_junkyard_right	0.0	3	0	4.9315	683.424	868.96	1.0	4.7929	698.4	1012.96	1.0	0.0183	0.0806	0.9966	-32.3896	-0.3319	-33.8762	0.0	19	1.0	0.0		3522	0	0
1701981006033	t	playground_test_cue_junkyard_right	0.0	3	0	4.9614	681.264	868.16	1.0	4.7282	699.696	1013.12	1.0	0.0105	0.079	0.9968	-32.2972	-0.3651	-33.7497	0.0	19	1.0	0.0		3522	0	0
1701981006041	t	playground_test_cue_junkyard_right	0.0	3	0	4.9529	682.128	870.4000000000001	1.0	4.7832	701.424	1013.9200000000001	1.0	0.0007	0.0763	0.9971	-32.0764	-0.3642	-33.7271	0.0	19	1.0	0.0		3522	0	0
1701981006049	t	playground_test_cue_junkyard_right	0.0	3	0	4.8918	683.712	871.84	1.0	4.8075	702.288	1013.4399999999999	1.0	-0.0029	0.0793	0.9968	-25.8535	-0.15	-33.7823	0.0	19	1.0	0.0		3522	0	0
1701981006057	t	playground_test_cue_junkyard_right	0.0	3	0	4.9641	684.576	874.7199999999999	1.0	4.8654	705.024	1013.4399999999999	1.0	-0.007	0.0768	0.997	-11.6429	0.3919	-34.0834	0.0	19	1.0	0.0		3522	0	0
1701981006066	t	playground_test_cue_junkyard_right	0.0	3	0	4.9685	696.528	877.6	1.0	4.8749	711.216	1012.32	1.0	-0.0268	0.0814	0.9963	-17.2458	0.0639	-33.605	0.0	19	1.0	0.0		3522	0	0
1701981006074	t	playground_test_cue_junkyard_right	0.0	3	0	5.0409	699.696	882.4	1.0	4.8215	720.5759999999999	1012.1600000000001	1.0	-0.0432	0.065	0.9969	-31.2241	-0.1494	-34.0437	0.0	19	1.0	0.0		3522	0	0
1701981006082	t	playground_test_cue_junkyard_right	0.0	3	0	4.9559	710.64	889.28	1.0	4.8338	725.76	1011.2	1.0	-0.0374	0.0607	0.9975	-32.6178	-0.1212	-34.1429	0.0	19	1.0	0.0		3522	0	0
1701981006091	t	playground_test_cue_junkyard_right	0.0	3	0	5.0067	719.568	891.36	1.0	4.8423	737.856	1008.96	1.0	-0.0616	0.0683	0.9957	-32.8411	-0.1332	-34.0828	0.0	19	1.0	0.0		3522	0	0
1701981006099	t	playground_test_cue_junkyard_right	0.0	3	0	4.8901	727.776	895.68	1.0	4.8356	746.64	1010.5600000000001	1.0	-0.0717	0.0659	0.9952	-32.9932	-0.2299	-33.8183	0.0	19	1.0	0.0		3522	0	0
1701981006107	t	playground_test_cue_junkyard_right	0.0	3	0	5.026	739.584	897.12	1.0	4.8267	754.992	1011.8399999999999	1.0	-0.0797	0.0681	0.9945	-33.1171	-0.2804	-33.7481	0.0	19	1.0	0.0		3522	0	0
1701981006116	t	playground_test_cue_junkyard_right	0.0	3	0	4.9156	747.648	898.24	1.0	4.8784	761.4720000000001	1016.3199999999999	1.0	-0.0857	0.0603	0.9945	-33.1658	-0.3795	-33.5498	0.0	19	1.0	0.0		3522	0	0
1701981006124	t	playground_test_cue_junkyard_right	0.0	3	0	4.9485	755.424	898.08	1.0	4.8552	772.4159999999999	1016.96	1.0	-0.1075	0.0693	0.9918	-33.2249	-0.3656	-33.7573	0.0	19	1.0	0.0		3522	0	0
1701981006132	t	playground_test_cue_junkyard_right	0.0	3	0	4.7547	757.872	902.72	1.0	4.905	780.912	1023.84	1.0	-0.1224	0.0548	0.991	-32.8292	-0.397	-33.7676	0.0	19	1.0	0.0		3522	0	0
1701981006141	t	playground_test_cue_junkyard_right	0.0	3	0	4.9033	766.944	903.2	1.0	4.9937	786.528	1025.76	1.0	-0.1302	0.062	0.9895	-30.9592	-0.4012	-33.778	0.0	19	1.0	0.0		3522	0	0
1701981006149	t	playground_test_cue_junkyard_right	0.0	3	0	4.9451	774.576	904.8	1.0	5.1563	790.8480000000001	1031.68	1.0	-0.1351	0.0519	0.9895	-31.0762	-0.4438	-33.794	0.0	19	1.0	0.0		3522	0	0
1701981006157	t	playground_test_cue_junkyard_right	0.0	3	0	5.0551	779.904	905.7600000000001	1.0	4.8575	791.136	1035.52	1.0	-0.1267	0.037	0.9912	-33.4902	-0.5207	-33.8042	0.0	19	1.0	0.0		3522	0	0
1701981006166	t	playground_test_cue_junkyard_right	0.0	3	0	5.1819	784.9440000000001	907.04	1.0	5.2431	800.064	1034.72	1.0	-0.1521	0.0477	0.9872	-33.6545	-0.5278	-33.8355	0.0	19	1.0	0.0		3522	0	0
1701981006174	t	playground_test_cue_junkyard_right	0.0	3	0	5.1655	788.544	908.96	1.0	5.0647	801.072	1036.64	1.0	-0.1515	0.0399	0.9876	-33.6429	-0.5341	-33.8304	0.0	19	1.0	0.0		3522	0	0
1701981006182	t	playground_test_cue_junkyard_right	0.0	3	0	5.153	790.416	909.6	1.0	5.1234	804.6719999999999	1037.28	1.0	-0.1593	0.0383	0.9865	-33.548	-0.5271	-33.8391	0.0	19	1.0	0.0		3522	0	0
1701981006191	t	playground_test_cue_junkyard_right	0.0	3	0	5.1017	792.72	908.16	1.0	5.1342	809.2800000000001	1035.84	1.0	-0.1691	0.044	0.9846	-32.9239	-0.502	-33.8473	0.0	19	1.0	0.0		3522	0	0
1701981006199	t	playground_test_cue_junkyard_right	0.0	3	0	5.2285	795.8879999999999	908.16	1.0	5.1263	811.296	1035.84	1.0	-0.1715	0.0423	0.9843	-32.7474	-0.4887	-33.8446	0.0	19	1.0	0.0		3522	0	0
1701981006207	t	playground_test_cue_junkyard_right	0.0	3	0	5.1078	798.48	907.04	1.0	5.2339	815.76	1035.3600000000001	1.0	-0.1846	0.0426	0.9819	-33.1691	-0.4801	-33.8622	0.0	19	1.0	0.0		3522	0	0
1701981006216	t	playground_test_cue_junkyard_right	0.0	3	0	5.2034	800.7840000000001	908.4799999999999	1.0	5.1899	817.632	1036.64	1.0	-0.1892	0.0354	0.9813	-33.1188	-0.4683	-33.8611	0.0	19	1.0	0.0		3522	0	0
1701981006224	t	playground_test_cue_junkyard_right	0.0	3	0	5.251	802.368	908.16	1.0	5.1293	819.792	1034.88	1.0	-0.1945	0.0388	0.9801	-33.3378	-0.4552	-33.8728	0.0	19	1.0	0.0		3522	0	0
1701981006232	t	playground_test_cue_junkyard_right	0.0	3	0	5.3483	803.952	904.1600000000001	1.0	5.0617	820.3679999999999	1030.72	1.0	-0.1927	0.0501	0.98	-32.7091	-0.4212	-33.8709	0.0	19	1.0	0.0		3522	0	0
1701981006241	t	playground_test_cue_junkyard_right	0.0	3	0	5.313	806.4000000000001	903.68	1.0	5.1533	824.976	1029.44	1.0	-0.2055	0.0527	0.9772	-31.4436	-0.3673	-33.8619	0.0	19	1.0	0.0		3522	0	0
1701981006249	t	playground_test_cue_junkyard_right	0.0	3	0	5.3013	806.4000000000001	903.36	1.0	5.1726	824.1120000000001	1028.3200000000002	1.0	-0.1936	0.0497	0.9798	-25.3628	-0.1932	-33.7726	0.0	19	1.0	0.0		3522	0	0
1701981006257	t	playground_test_cue_junkyard_right	0.0	3	0	5.2637	810.5759999999999	900.6399999999999	1.0	5.2895	825.696	1030.0800000000002	1.0	-0.1956	0.0419	0.9798	-24.7468	-0.1612	-33.7539	0.0	19	1.0	0.0		3522	0	0
1701981006266	t	playground_test_cue_junkyard_right	0.0	3	0	5.2358	812.16	898.88	1.0	5.2595	828.288	1026.88	1.0	-0.2012	0.0522	0.9781	-17.6064	0.0267	-33.6708	0.0	19	1.0	0.0		3522	0	0
1701981006274	t	playground_test_cue_junkyard_right	0.0	3	0	5.3151	813.3119999999999	897.7600000000001	1.0	5.2336	830.448	1026.56	1.0	-0.2064	0.0542	0.977	-14.9673	0.0924	-33.6312	0.0	19	1.0	0.0		3522	0	0
1701981006284	t	playground_test_cue_junkyard_right	0.0	3	0	5.3088	814.608	897.7600000000001	1.0	5.1522	832.3199999999999	1029.44	1.0	-0.2118	0.0477	0.9761	-11.184	0.185	-33.5878	0.0	19	1.0	0.0		3522	0	0
1701981006291	t	playground_test_cue_junkyard_right	0.0	3	0	5.2269	814.032	897.9200000000001	1.0	5.1664	831.0239999999999	1025.76	1.0	-0.2072	0.057	0.9766	-7.3165	0.2737	-33.527	0.0	19	1.0	0.0		3522	0	0
1701981006299	t	playground_test_cue_junkyard_right	0.0	3	0	5.2946	814.032	897.7600000000001	1.0	5.2363	827.856	1030.24	1.0	-0.2007	0.0482	0.9785	-6.9933	0.2726	-33.5047	0.0	19	1.0	0.0		3522	0	0
1701981006307	t	playground_test_cue_junkyard_right	0.0	3	0	5.3351	812.16	896.64	1.0	5.1984	825.984	1029.12	1.0	-0.1968	0.0531	0.979	-6.4828	0.2942	-33.5466	0.0	19	1.0	0.0		3522	0	0
1701981006315	t	playground_test_cue_junkyard_right	0.0	3	0	5.2684	809.712	899.04	1.0	5.2294	827.9999999999999	1029.44	1.0	-0.2021	0.0496	0.9781	-7.9025	0.2532	-33.5597	0.0	19	1.0	0.0		3522	0	0
1701981006324	t	playground_test_cue_junkyard_right	0.0	3	0	5.2446	808.848	899.5200000000001	1.0	5.1619	826.9920000000001	1030.24	1.0	-0.2042	0.0442	0.9779	-14.2308	0.1122	-33.6798	0.0	19	1.0	0.0		3522	0	0
1701981006332	t	playground_test_cue_junkyard_right	0.0	3	0	5.2051	806.6880000000001	899.6800000000001	1.0	5.2952	823.2479999999999	1027.68	1.0	-0.1973	0.0504	0.979	-25.0056	-0.1533	-33.811	0.0	19	1.0	0.0		3522	0	0
1701981006340	t	playground_test_cue_junkyard_right	0.0	3	0	5.3196	805.5360000000001	899.5200000000001	1.0	5.2942	823.104	1027.36	1.0	-0.2038	0.0517	0.9776	-26.9002	-0.2081	-33.8114	0.0	19	1.0	0.0		3522	0	0
1701981006349	t	playground_test_cue_junkyard_right	0.0	3	0	5.3735	803.5200000000001	897.7600000000001	1.0	5.2714	820.08	1030.24	1.0	-0.1974	0.0407	0.9795	-27.0438	-0.2182	-33.7699	0.0	19	1.0	0.0		3522	0	0
1701981006357	t	playground_test_cue_junkyard_right	0.0	3	0	5.2829	803.232	897.7600000000001	1.0	5.378	820.224	1030.8799999999999	1.0	-0.2026	0.0391	0.9785	-25.8371	-0.1828	-33.759	0.0	19	1.0	0.0		3522	0	0
1701981006365	t	playground_test_cue_junkyard_right	0.0	3	0	5.3218	799.0559999999999	898.24	1.0	5.3049	816.048	1027.52	1.0	-0.1922	0.0446	0.9803	-31.7053	-0.3087	-33.8453	0.0	19	1.0	0.0		3522	0	0
1701981006374	t	playground_test_cue_junkyard_right	0.0	3	0	5.3209	797.328	895.68	1.0	5.2633	816.4799999999999	1026.88	1.0	-0.2036	0.0432	0.9781	-32.6851	-0.3167	-33.8515	0.0	19	1.0	0.0		3522	0	0
1701981006382	t	playground_test_cue_junkyard_right	0.0	3	0	5.3211	796.32	897.28	1.0	5.3634	813.3119999999999	1027.2	1.0	-0.1982	0.0386	0.9794	-31.8655	-0.2871	-33.8235	0.0	19	1.0	0.0		3522	0	0
1701981006390	t	playground_test_cue_junkyard_right	0.0	3	0	5.3352	792.8639999999999	896.32	1.0	5.3734	810.288	1024.16	1.0	-0.1931	0.0471	0.98	-32.4801	-0.2899	-33.8302	0.0	19	1.0	0.0		3522	0	0
1701981006399	t	playground_test_cue_junkyard_right	0.0	3	0	5.2884	791.712	896.0000000000001	1.0	5.3702	810.288	1026.72	1.0	-0.2008	0.0351	0.979	-33.1531	-0.3006	-33.826	0.0	19	1.0	0.0		3522	0	0
1701981006408	t	playground_test_cue_junkyard_right	0.0	3	0	5.3294	790.8480000000001	894.5600000000001	1.0	5.3252	807.5519999999999	1025.6	1.0	-0.1938	0.0341	0.9804	-33.4894	-0.2942	-33.8166	0.0	19	1.0	0.0		3522	0	0
1701981006416	t	playground_test_cue_junkyard_right	0.0	3	0	5.2507	787.3919999999999	896.64	1.0	5.3901	804.8159999999999	1023.84	1.0	-0.1863	0.0368	0.9818	-33.5424	-0.2775	-33.8077	0.0	19	1.0	0.0		3522	0	0
1701981006425	t	playground_test_cue_junkyard_right	0.0	3	0	5.2673	785.52	898.56	1.0	5.367	802.8	1019.8399999999999	1.0	-0.1851	0.0459	0.9816	-33.437	-0.2518	-33.8035	0.0	19	1.0	0.0		3522	0	0
1701981006433	t	playground_test_cue_junkyard_right	0.0	3	0	5.3471	783.0719999999999	896.32	1.0	5.2348	801.36	1021.28	1.0	-0.194	0.0348	0.9804	-32.9639	-0.2237	-33.7856	0.0	19	1.0	0.0		3522	0	0
1701981006441	t	playground_test_cue_junkyard_right	0.0	3	0	5.2827	777.744	897.7600000000001	1.0	5.2225	798.336	1019.68	1.0	-0.1983	0.0382	0.9794	-31.9588	-0.1898	-33.7707	0.0	19	1.0	0.0		3522	0	0
1701981006450	t	playground_test_cue_junkyard_right	0.0	3	0	5.3653	774.72	904.64	1.0	5.2278	793.5840000000001	1018.2399999999999	1.0	-0.1999	0.0381	0.9791	-32.0849	-0.1743	-33.7629	0.0	19	1.0	0.0		3522	0	0
1701981006458	t	playground_test_cue_junkyard_right	0.0	3	0	5.3048	769.392	903.04	1.0	5.271	784.9440000000001	1018.0799999999999	1.0	-0.1895	0.0343	0.9813	-31.8144	-0.1633	-33.7246	0.0	19	1.0	0.0		3522	0	0
1701981006466	t	playground_test_cue_junkyard_right	0.0	3	0	5.4292	765.6479999999999	903.8399999999999	1.0	5.3449	780.768	1014.72	1.0	-0.1992	0.0464	0.9788	-28.4589	-0.0776	-33.7337	0.0	19	1.0	0.0		3522	0	0
1701981006475	t	playground_test_cue_junkyard_right	0.0	3	0	5.3306	761.4720000000001	907.3600000000001	1.0	5.1035	774.2879999999999	1012.32	1.0	-0.1979	0.0533	0.9788	-31.5167	-0.1475	-33.7589	0.0	19	1.0	0.0		3522	0	0
1701981006483	t	playground_test_cue_junkyard_right	0.0	3	0	5.3447	758.304	905.9200000000001	1.0	5.2421	769.248	1014.24	1.0	-0.2029	0.0474	0.978	-32.8139	-0.1824	-33.7492	0.0	19	1.0	0.0		3522	0	0
1701981006491	t	playground_test_cue_junkyard_right	0.0	3	0	5.2677	756.432	907.04	1.0	5.178	768.24	1011.52	1.0	-0.2159	0.0539	0.9749	-32.761	-0.166	-33.7435	0.0	19	1.0	0.0		3522	0	0
1701981006499	t	playground_test_cue_junkyard_right	0.0	3	0	5.3362	756.144	903.9999999999999	1.0	5.2257	762.6239999999999	1008.8	1.0	-0.2059	0.0585	0.9768	-32.6962	-0.136	-33.7525	0.0	19	1.0	0.0		3522	0	0
1701981006508	t	playground_test_cue_junkyard_right	0.0	3	0	5.4358	760.608	903.8399999999999	1.0	5.1735	765.6479999999999	1005.28	1.0	-0.2214	0.0632	0.9731	-32.6869	-0.0965	-33.7481	0.0	19	1.0	0.0		3522	0	0
1701981006516	t	playground_test_cue_junkyard_right	0.0	3	0	5.2557	763.776	900.6399999999999	1.0	5.1549	771.4079999999999	1004.32	1.0	-0.2458	0.06	0.9675	-32.6914	-0.0587	-33.7426	0.0	19	1.0	0.0		3522	0	0
1701981006524	t	playground_test_cue_junkyard_right	0.0	3	0	5.4099	770.1120000000001	904.1600000000001	1.0	5.2134	774.4319999999999	1003.2	1.0	-0.2551	0.058	0.9652	-32.7058	-0.0226	-33.7448	0.0	19	1.0	0.0		3522	0	0
1701981006532	t	playground_test_cue_junkyard_right	0.0	3	0	5.4294	769.248	901.12	0.9391	5.2399	774.864	998.08	0.8843	-0.2618	0.0663	0.9628	-32.6745	0.0311	-33.7455	0.0	19	1.0	0.0		3522	0	0
1701981006540	t	playground_test_cue_junkyard_right	0.0	3	0	5.3	747.9359999999999	906.08	0.9391	5.2592	753.408	998.7199999999999	0.8843	-0.2074	0.0568	0.9766	-32.4974	0.0307	-33.6886	0.0	19	1.0	0.0		3522	0	0
1701981006549	t	playground_test_cue_junkyard_right	0.0	3	0	5.2608	723.3119999999999	905.4399999999999	0.9141	5.3376	728.64	1004.1600000000001	0.8491	-0.1687	0.0465	0.9846	-30.8397	-0.2013	-33.0073	0.0	19	1.0	0.0		3522	0	0
1701981006557	t	playground_test_cue_junkyard_right	0.0	3	0	5.2546	700.416	912.32	0.9141	5.1988	706.6080000000001	1005.9200000000001	0.8491	-0.1266	0.0403	0.9911	-29.0117	-0.0618	-33.4489	0.0	19	1.0	0.0		3522	0	0
1701981006565	t	playground_test_cue_junkyard_right	0.0	3	0	4.9941	682.128	915.6800000000001	0.9332	5.1478	683.712	1013.4399999999999	0.8571	-0.0751	0.0261	0.9968	-30.571	-0.1583	-33.4985	0.0	19	1.0	0.0		3522	0	0
1701981006574	t	playground_test_cue_junkyard_right	0.0	3	0	5.1077	666.144	918.2399999999999	0.9336	5.0936	661.8240000000001	1022.4	0.858	-0.0219	0.0081	0.9997	-28.1987	-0.2082	-33.4446	0.0	19	1.0	0.0		3522	0	0
1701981006584	t	playground_test_cue_junkyard_right	0.0	3	0	5.0911	646.1279999999999	932.9599999999999	0.9146	4.9948	643.5360000000001	1027.68	0.8695	0.0201	0.0061	0.9998	-31.4098	-0.3198	-33.6205	0.0	19	1.0	0.0		3522	0	0
1701981006591	t	playground_test_cue_junkyard_right	0.0	3	0	5.2158	630.0	942.7199999999999	0.9146	5.2768	624.384	1040.96	0.8695	0.0749	-0.0123	0.9971	-31.2718	-0.6229	-33.072	0.0	19	1.0	0.0		3522	0	0
1701981006599	t	playground_test_cue_junkyard_right	0.0	3	0	5.294	617.184	951.2	0.899	5.2086	607.392	1050.72	0.9061	0.1173	-0.0295	0.9926	-31.148	-0.5018	-33.7796	0.0	19	1.0	0.0		3522	0	0
1701981006607	t	playground_test_cue_junkyard_right	0.0	3	0	5.3661	606.672	958.56	0.899	5.2742	597.168	1062.24	0.9061	0.15	-0.0527	0.9873	-31.0937	-0.6332	-33.6396	0.0	19	1.0	0.0		3522	0	0
1701981006616	t	playground_test_cue_junkyard_right	0.0	3	0	5.3374	596.88	967.36	0.885	5.3674	586.9440000000001	1070.56	0.91	0.1837	-0.0711	0.9804	-31.0524	-0.5965	-33.9187	0.0	19	1.0	0.0		3522	0	0
1701981006624	t	playground_test_cue_junkyard_right	0.0	3	0	5.435	587.952	969.4399999999999	0.885	5.2629	580.32	1074.08	0.91	0.2113	-0.0696	0.9749	-31.0588	-0.6105	-34.0927	0.0	19	1.0	0.0		3522	0	0
1701981006632	t	playground_test_cue_junkyard_right	0.0	3	0	5.4293	585.072	971.84	0.8754	5.289	579.024	1079.04	0.9077	0.2265	-0.083	0.9705	-31.1033	-0.6573	-34.008	0.0	19	1.0	0.0		3522	0	0
1701981006641	t	playground_test_cue_junkyard_right	0.0	3	0	5.4177	590.112	968.0	0.8754	5.4176	583.776	1081.4399999999998	0.9077	0.241	-0.0916	0.9662	-31.2547	-0.6658	-33.9624	0.0	19	1.0	0.0		3522	0	0
1701981006651	t	playground_test_cue_junkyard_right	0.0	3	0	5.3447	611.28	960.16	0.8541	5.4361	605.376	1077.1200000000001	0.9115	0.2206	-0.0901	0.9712	-31.5658	-0.7688	-33.4329	0.0	19	1.0	0.0		3522	0	0
1701981006657	t	playground_test_cue_junkyard_right	0.0	3	0	5.2308	637.2	955.1999999999999	0.8541	5.4431	629.136	1072.0	0.9115	0.2034	-0.0903	0.9749	-31.9525	-0.5465	-33.8639	0.0	19	1.0	0.0		3522	0	0
1701981006666	t	playground_test_cue_junkyard_right	0.0	3	0	5.3938	655.7760000000001	950.56	0.862	5.1527	654.336	1067.52	0.9503	0.1685	-0.0853	0.982	-32.2955	-0.3808	-34.2808	0.0	19	1.0	0.0		3522	0	0
1701981006674	t	playground_test_cue_junkyard_right	0.0	3	0	5.3395	674.496	951.2	0.862	5.2231	674.64	1070.4	0.9503	0.1485	-0.0951	0.9843	-32.5931	-0.3298	-34.4572	0.0	19	1.0	0.0		3522	0	0
1701981006682	t	playground_test_cue_junkyard_right	0.0	3	0	5.4827	692.352	952.96	0.9153	5.1265	690.624	1068.8	0.9604	0.1292	-0.0821	0.9882	-32.8188	-0.3508	-34.5096	0.0	19	1.0	0.0		3522	0	0
1701981006691	t	playground_test_cue_junkyard_right	0.0	3	0	5.3802	703.4399999999999	952.16	0.9153	5.1961	702.72	1075.2	0.9604	0.1159	-0.0943	0.9888	-32.9905	-0.3846	-34.5651	0.0	19	1.0	0.0		3522	0	0
1701981006699	t	playground_test_cue_junkyard_right	0.0	3	0	5.1881	714.096	951.68	0.9136	5.1038	717.552	1078.88	0.9905	0.0832	-0.0928	0.9922	-33.1333	-0.5419	-34.2918	0.0	19	1.0	0.0		3522	0	0
1701981006708	t	playground_test_cue_junkyard_right	0.0	3	0	5.1268	718.272	948.48	0.9141	5.1047	722.16	1081.28	0.9906	0.0772	-0.0925	0.9927	-33.1928	-0.4251	-34.8123	0.0	19	1.0	0.0		3522	0	0
1701981006718	t	playground_test_cue_junkyard_right	0.0	3	0	5.2459	726.048	948.64	1.0	5.0218	733.536	1080.64	1.0	0.0391	-0.0911	0.9951	-33.2449	-0.6241	-34.1601	0.0	19	1.0	0.0		3522	0	0
1701981006724	t	playground_test_cue_junkyard_right	0.0	3	0	5.3175	730.224	942.8800000000001	1.0	5.0047	736.2719999999999	1076.64	1.0	0.0387	-0.0859	0.9955	-33.296	-0.5141	-34.3712	0.0	19	1.0	0.0		3522	0	0
1701981006733	t	playground_test_cue_junkyard_right	0.0	3	0	5.2189	735.84	937.5999999999999	1.0	5.2399	745.1999999999999	1075.3600000000001	1.0	0.0137	-0.0869	0.9961	-33.348	-0.3913	-34.6528	0.0	19	1.0	0.0		3522	0	0
1701981006741	t	playground_test_cue_junkyard_right	0.0	3	0	5.1264	739.8720000000001	933.2800000000001	1.0	5.3387	750.9599999999999	1075.0400000000002	1.0	0.0117	-0.0689	0.9975	6.9693	0.5835	-33.7982	0.0	19	1.0	0.0		3522	0	0
1701981006749	t	playground_test_cue_junkyard_right	0.0	3	0	5.2628	747.216	929.5999999999999	1.0	5.3161	754.7040000000001	1072.16	1.0	-0.0064	-0.0662	0.9978	-11.0621	0.0731	-33.8813	0.0	19	1.0	0.0		3522	0	0
1701981006758	t	playground_test_cue_junkyard_right	0.0	3	0	5.2394	747.072	930.5600000000001	1.0	5.2755	759.7439999999999	1071.6799999999998	1.0	-0.0096	-0.0649	0.9978	-9.0371	0.1458	-33.926	0.0	19	1.0	0.0		3522	0	0
1701981006766	t	playground_test_cue_junkyard_right	0.0	3	0	5.2228	751.392	933.1200000000001	1.0	5.3704	762.7679999999999	1075.84	1.0	-0.0108	-0.059	0.9982	22.2448	0.9542	-33.5078	0.0	19	1.0	0.0		3522	0	0
1701981006774	t	playground_test_cue_junkyard_right	0.0	3	0	5.207	755.28	936.0	1.0	5.3076	767.664	1079.36	1.0	-0.0213	-0.0653	0.9976	25.4287	1.0792	-33.6604	0.0	19	1.0	0.0		3522	0	0
1701981006784	t	playground_test_cue_junkyard_right	0.0	3	0	5.2199	756.432	936.6400000000001	1.0	5.3068	768.3839999999999	1077.9199999999998	1.0	-0.0266	-0.0603	0.9978	28.0764	1.11	-33.5725	0.0	19	1.0	0.0		3522	0	0
1701981006791	t	playground_test_cue_junkyard_right	0.0	3	0	5.225	757.0079999999999	937.28	1.0	5.3667	767.952	1079.52	1.0	-0.0365	-0.0619	0.9974	18.5286	0.7581	-33.4442	0.0	19	1.0	0.0		3522	0	0
1701981006799	t	playground_test_cue_junkyard_right	0.0	3	0	5.1099	755.856	940.16	1.0	5.346	768.96	1077.44	1.0	-0.0332	-0.0643	0.9974	26.208	0.9731	-33.4451	0.0	19	1.0	0.0		3522	0	0
1701981006807	t	playground_test_cue_junkyard_right	0.0	3	0	5.1456	753.9839999999999	939.84	1.0	5.3351	761.4720000000001	1073.6000000000001	1.0	-0.0263	-0.0611	0.9978	29.867	1.0869	-33.474	0.0	19	1.0	0.0		3522	0	0
1701981006816	t	playground_test_cue_junkyard_right	0.0	3	0	5.107	752.976	940.16	1.0	5.3917	762.6239999999999	1071.04	1.0	-0.0304	-0.0617	0.9976	27.8588	1.0276	-33.4805	0.0	19	1.0	0.0		3522	0	0
1701981006824	t	playground_test_cue_junkyard_right	0.0	3	0	5.0817	753.12	940.32	1.0	5.4696	762.192	1073.44	1.0	-0.0451	-0.0523	0.9976	26.6622	0.8394	-33.1337	0.0	19	1.0	0.0		3522	0	0
1701981006832	t	playground_test_cue_junkyard_right	0.0	3	0	4.9886	751.968	940.32	1.0	5.3896	760.896	1071.36	1.0	-0.0429	-0.0555	0.9975	19.937	0.6261	-33.0265	0.0	19	1.0	0.0		3522	0	0
1701981006841	t	playground_test_cue_junkyard_right	0.0	3	0	5.1226	749.8080000000001	944.8000000000001	1.0	5.3722	758.16	1066.56	1.0	-0.0483	-0.0704	0.9963	16.8348	0.7556	-33.6841	0.0	19	1.0	0.0		3522	0	0
1701981006849	t	playground_test_cue_junkyard_right	0.0	3	0	5.1865	746.7839999999999	942.0799999999999	1.0	5.4085	757.728	1068.96	1.0	-0.0503	-0.0696	0.9963	-3.0579	0.2079	-33.6726	0.0	19	1.0	0.0		3522	0	0
1701981006857	t	playground_test_cue_junkyard_right	0.0	3	0	5.1781	743.04	937.7599999999999	1.0	5.2433	753.12	1064.96	1.0	-0.041	-0.0597	0.9974	-12.6555	-0.0718	-33.5856	0.0	19	1.0	0.0		3522	0	0
1701981006866	t	playground_test_cue_junkyard_right	0.0	3	0	5.1688	742.8960000000001	936.8000000000001	1.0	5.2619	751.5360000000001	1065.44	1.0	-0.0456	-0.0658	0.9968	-26.6188	-0.4555	-33.5622	0.0	19	1.0	0.0		3522	0	0
1701981006874	t	playground_test_cue_junkyard_right	0.0	3	0	5.3549	737.568	935.52	1.0	5.2757	747.9359999999999	1065.12	1.0	-0.0424	-0.0709	0.9966	-32.219	-0.5921	-33.5571	0.0	19	1.0	0.0		3522	0	0
1701981006882	t	playground_test_cue_junkyard_right	0.0	3	0	5.2908	732.96	935.36	1.0	5.2485	746.064	1061.9199999999998	1.0	-0.037	-0.061	0.9975	-32.6924	-0.4789	-33.9419	0.0	19	1.0	0.0		3522	0	0
1701981006891	t	playground_test_cue_junkyard_right	0.0	3	0	5.3411	729.792	936.16	1.0	5.4168	742.3199999999999	1064.32	1.0	-0.0302	-0.0705	0.997	-33.0702	-0.5619	-33.6932	0.0	19	1.0	0.0		3522	0	0
1701981006899	t	playground_test_cue_junkyard_right	0.0	3	0	5.278	728.3520000000001	933.6	1.0	5.2481	740.736	1062.88	1.0	-0.0291	-0.0654	0.9974	-32.9475	-0.4319	-34.114	0.0	19	1.0	0.0		3522	0	0
1701981006907	t	playground_test_cue_junkyard_right	0.0	3	0	5.2567	725.616	933.76	1.0	5.2845	736.8480000000001	1063.2	1.0	-0.0223	-0.0684	0.9974	-30.9301	-0.3417	-34.2006	0.0	19	1.0	0.0		3522	0	0
1701981006916	t	playground_test_cue_junkyard_right	0.0	3	0	5.1845	722.4480000000001	930.88	1.0	5.228	735.984	1062.24	1.0	-0.0281	-0.0671	0.9973	-26.9172	-0.3024	-33.9107	0.0	19	1.0	0.0		3522	0	0
1701981006924	t	playground_test_cue_junkyard_right	0.0	3	0	5.1115	718.9920000000001	932.0	1.0	5.3113	731.664	1061.9199999999998	1.0	-0.0196	-0.0688	0.9974	-31.2769	-0.5365	-33.528	0.0	19	1.0	0.0		3522	0	0
1701981006932	t	playground_test_cue_junkyard_right	0.0	3	0	5.036	715.5360000000001	933.76	1.0	5.2427	731.0880000000001	1055.8400000000001	1.0	-0.0226	-0.0496	0.9985	-32.6678	-0.5159	-33.6772	0.0	19	1.0	0.0		3522	0	0
1701981006941	t	playground_test_cue_junkyard_right	0.0	3	0	5.1102	713.664	932.8	1.0	5.3099	730.3679999999999	1059.84	1.0	-0.0267	-0.0669	0.9974	-32.6266	-0.4993	-33.6886	0.0	19	1.0	0.0		3522	0	0
1701981006949	t	playground_test_cue_junkyard_right	0.0	3	0	5.1097	711.792	933.1200000000001	1.0	5.1675	727.92	1062.4	1.0	-0.0244	-0.0743	0.9969	-26.2986	-0.3429	-33.6612	0.0	19	1.0	0.0		3522	0	0
1701981006957	t	playground_test_cue_junkyard_right	0.0	3	0	4.9712	709.2	935.68	1.0	5.2395	726.3359999999999	1061.28	1.0	-0.023	-0.0657	0.9976	-17.0682	-0.1076	-33.6822	0.0	19	1.0	0.0		3522	0	0
1701981006966	t	playground_test_cue_junkyard_right	0.0	3	0	5.1345	705.024	934.4	1.0	5.157	722.4480000000001	1058.3999999999999	1.0	-0.0089	-0.0521	0.9986	-7.5325	0.2111	-33.9463	0.0	19	1.0	0.0		3522	0	0
1701981006974	t	playground_test_cue_junkyard_right	0.0	3	0	5.0243	704.448	933.6	1.0	5.0318	720.4319999999999	1060.96	1.0	-0.0036	-0.0531	0.9986	-0.7242	0.4145	-34.0512	0.0	19	1.0	0.0		3522	0	0
1701981006982	t	playground_test_cue_junkyard_right	0.0	3	0	5.0486	704.736	933.1200000000001	1.0	5.1808	717.408	1059.68	1.0	0.0006	-0.0337	0.9994	22.8123	1.1436	-34.5222	0.0	19	1.0	0.0		3522	0	0
1701981006991	t	playground_test_cue_junkyard_right	0.0	3	0	4.9498	702.72	932.8	1.0	5.1246	716.688	1059.52	1.0	-0.0017	-0.0483	0.9988	-1.1917	0.4294	-34.1648	0.0	19	1.0	0.0		3522	0	0
1701981006999	t	playground_test_cue_junkyard_right	0.0	3	0	4.9972	700.272	931.6800000000001	1.0	5.0809	715.68	1058.3999999999999	1.0	-0.0004	-0.0537	0.9986	-13.3045	0.0477	-33.8828	0.0	19	1.0	0.0		3522	0	0
1701981007007	t	playground_test_cue_junkyard_right	0.0	3	0	4.9791	700.56	932.0	1.0	5.1657	713.952	1058.88	1.0	0.0014	-0.0489	0.9988	-4.0912	0.3282	-34.0509	0.0	19	1.0	0.0		3522	0	0
1701981007016	t	playground_test_cue_junkyard_right	0.0	3	0	4.8674	701.28	934.56	1.0	5.0927	714.384	1058.88	1.0	-0.0042	-0.0559	0.9984	-6.6875	0.251	-33.994	0.0	19	1.0	0.0		3522	0	0
1701981007024	t	playground_test_cue_junkyard_right	0.0	3	0	4.9273	700.128	931.04	1.0	5.0638	713.376	1057.2800000000002	1.0	-0.0015	-0.0519	0.9986	-11.6717	0.1041	-33.8989	0.0	19	1.0	0.0		3522	0	0
1701981007032	t	playground_test_cue_junkyard_right	0.0	3	0	4.9419	700.416	930.08	1.0	4.9768	712.08	1056.96	1.0	-0.0009	-0.0492	0.9988	-8.0086	0.2078	-33.9187	0.0	19	1.0	0.0		3522	0	0
1701981007041	t	playground_test_cue_junkyard_right	0.0	3	0	4.9417	698.544	929.9200000000001	1.0	4.9508	711.936	1054.88	1.0	0.0012	-0.0459	0.9989	-9.5655	0.1722	-33.9183	0.0	19	1.0	0.0		3522	0	0
1701981007049	t	playground_test_cue_junkyard_right	0.0	3	0	4.9273	698.832	930.24	1.0	4.982	711.792	1052.96	1.0	0.0014	-0.0423	0.9991	-9.6671	0.1778	-33.9305	0.0	19	1.0	0.0		3522	0	0
1701981007057	t	playground_test_cue_junkyard_right	0.0	3	0	4.9113	700.128	930.08	1.0	4.9853	711.504	1052.32	1.0	-0.0023	-0.0315	0.9995	7.8882	0.7474	-34.3861	0.0	19	1.0	0.0		3522	0	0
1701981007066	t	playground_test_cue_junkyard_right	0.0	3	0	4.8431	698.976	933.76	1.0	4.9915	709.056	1058.56	1.0	-0.0042	-0.0358	0.9993	18.9884	1.0541	-34.609	0.0	19	1.0	0.0		3522	0	0
1701981007075	t	playground_test_cue_junkyard_right	0.0	3	0	4.8971	685.008	947.04	1.0	4.8638	688.6080000000001	1067.68	1.0	0.0409	-0.0643	0.9971	30.0218	1.3696	-34.9618	0.0	19	1.0	0.0		3522	0	0
1701981007082	t	playground_test_cue_junkyard_right	0.0	3	0	4.8757	676.224	958.7199999999999	1.0	5.0232	674.784	1072.48	1.0	0.0748	-0.0928	0.9929	-32.2417	-0.5798	-33.8292	0.0	19	1.0	0.0		3522	0	0
1701981007091	t	playground_test_cue_junkyard_right	0.0	3	0	4.9352	663.84	965.9200000000001	1.0	5.0151	659.088	1089.92	1.0	0.0957	-0.1367	0.986	-32.0386	-0.725	-33.6702	0.0	19	1.0	0.0		3522	0	0
1701981007099	t	playground_test_cue_junkyard_right	0.0	3	0	4.9762	652.8960000000001	980.8	1.0	5.1245	644.688	1096.16	1.0	0.1258	-0.1335	0.983	-31.8263	-0.6322	-34.3393	0.0	19	1.0	0.0		3522	0	0
1701981007107	t	playground_test_cue_junkyard_right	0.0	3	0	4.9717	644.2560000000001	986.2399999999999	1.0	5.1115	635.184	1097.92	1.0	0.1425	-0.1261	0.9817	-31.5892	-0.7383	-34.1911	0.0	19	1.0	0.0		3522	0	0
1701981007116	t	playground_test_cue_junkyard_right	0.0	3	0	5.0453	640.08	987.8399999999999	1.0	5.1104	629.712	1102.88	1.0	0.1579	-0.1358	0.9781	-31.6559	-0.856	-33.9474	0.0	19	1.0	0.0		3522	0	0
1701981007124	t	playground_test_cue_junkyard_right	0.0	3	0	4.9996	639.072	986.72	1.0	5.1757	635.616	1102.24	1.0	0.1402	-0.1309	0.9814	-31.7452	-0.8184	-34.1078	0.0	19	1.0	0.0		3522	0	0
1701981007132	t	playground_test_cue_junkyard_right	0.0	3	0	5.0529	637.2	984.8000000000001	1.0	5.1616	638.928	1103.04	1.0	0.1337	-0.1316	0.9822	-31.8238	-0.8497	-34.0462	0.0	19	1.0	0.0		3522	0	0
1701981007141	t	playground_test_cue_junkyard_right	0.0	3	0	5.0043	637.92	986.88	1.0	5.095	636.624	1104.3200000000002	1.0	0.1465	-0.1328	0.9802	-31.8432	-0.9188	-33.8825	0.0	19	1.0	0.0		3522	0	0
1701981007149	t	playground_test_cue_junkyard_right	0.0	3	0	4.9274	636.912	986.0799999999999	0.9593	5.239	634.32	1105.28	0.9956	0.1579	-0.1339	0.9783	-31.8534	-0.9339	-33.8601	0.0	19	1.0	0.0		3522	0	0
1701981007157	t	playground_test_cue_junkyard_right	0.0	3	0	4.9397	636.624	986.0799999999999	0.9593	5.1101	637.4879999999999	1103.04	0.9956	0.1449	-0.1248	0.9815	-31.8568	-0.9466	-33.8454	0.0	19	1.0	0.0		3522	0	0
1701981007166	t	playground_test_cue_junkyard_right	0.0	3	0	4.9496	636.336	985.44	1.0	5.086	637.3439999999999	1103.36	1.0	0.1372	-0.1282	0.9822	32.9335	1.0053	-34.6991	0.0	19	1.0	0.0		3522	0	0
1701981007174	t	playground_test_cue_junkyard_right	0.0	3	0	4.958	638.3520000000001	987.68	1.0	5.112	637.6320000000001	1106.24	1.0	0.1281	-0.1352	0.9825	32.719	0.9899	-34.6883	0.0	19	1.0	0.0		3522	0	0
1701981007182	t	playground_test_cue_junkyard_right	0.0	3	0	4.9453	637.056	986.72	1.0	5.0828	636.912	1103.52	1.0	0.1346	-0.1305	0.9823	27.8924	0.8453	-34.633	0.0	19	1.0	0.0		3522	0	0
1701981007190	t	playground_test_cue_junkyard_right	0.0	3	0	4.9601	637.6320000000001	986.72	1.0	5.1202	636.912	1105.92	1.0	0.1356	-0.1317	0.982	19.9586	0.6093	-34.5414	0.0	19	1.0	0.0		3522	0	0
1701981007199	t	playground_test_cue_junkyard_right	0.0	3	0	4.955	637.3439999999999	986.5600000000001	1.0	5.0991	639.072	1104.3200000000002	1.0	0.1347	-0.1297	0.9824	20.7499	0.6348	-34.5619	0.0	19	1.0	0.0		3522	0	0
1701981007207	t	playground_test_cue_junkyard_right	0.0	3	0	4.95	637.2	986.4000000000001	1.0	5.0401	639.216	1104.16	1.0	0.1358	-0.1288	0.9823	18.3825	0.5699	-34.5546	0.0	19	1.0	0.0		3522	0	0
1701981007216	t	playground_test_cue_junkyard_right	0.0	3	0	4.9395	637.2	986.5600000000001	1.0	5.1036	639.648	1104.8	1.0	0.1358	-0.1301	0.9822	18.777	0.5837	-34.5618	0.0	19	1.0	0.0		3522	0	0
1701981007224	t	playground_test_cue_junkyard_right	0.0	3	0	4.9369	637.056	986.72	1.0	5.0388	639.36	1104.16	1.0	0.1349	-0.1304	0.9822	23.5065	0.7224	-34.6113	0.0	19	1.0	0.0		3522	0	0
1701981007232	t	playground_test_cue_junkyard_right	0.0	3	0	4.9332	637.056	986.5600000000001	1.0	5.1038	639.648	1103.84	1.0	0.1344	-0.1299	0.9824	25.601	0.7842	-34.633	0.0	19	1.0	0.0		3522	0	0
1701981007241	t	playground_test_cue_junkyard_right	0.0	3	0	4.9368	637.056	986.72	1.0	5.0387	639.36	1103.52	1.0	0.1345	-0.1306	0.9823	25.7802	0.7908	-34.636	0.0	19	1.0	0.0		3522	0	0
1701981007249	t	playground_test_cue_junkyard_right	0.0	3	0	4.9332	636.912	986.5600000000001	1.0	5.0976	639.648	1102.24	1.0	0.1351	-0.1292	0.9824	24.0076	0.7416	-34.6227	0.0	19	1.0	0.0		3522	0	0
1701981007258	t	playground_test_cue_junkyard_right	0.0	3	0	4.9374	636.768	986.4000000000001	1.0	5.0814	639.648	1100.8	1.0	0.1367	-0.1272	0.9824	18.6838	0.5921	-34.5791	0.0	19	1.0	0.0		3522	0	0
1701981007266	t	playground_test_cue_junkyard_right	0.0	3	0	4.9436	636.768	986.2399999999999	1.0	5.1035	639.7919999999999	1100.8	1.0	0.1374	-0.1263	0.9824	14.1296	0.4659	-34.5432	0.0	19	1.0	0.0		3522	0	0
1701981007274	t	playground_test_cue_junkyard_right	0.0	3	0	4.9418	636.768	986.0799999999999	1.0	5.0992	639.936	1100.8	1.0	0.1379	-0.1261	0.9824	10.4803	0.3665	-34.5119	0.0	19	1.0	0.0		3522	0	0
1701981007283	t	playground_test_cue_junkyard_right	0.0	3	0	4.9397	636.48	986.0799999999999	1.0	5.0921	639.7919999999999	1100.6399999999999	1.0	0.1388	-0.1271	0.9821	8.3821	0.3128	-34.4907	0.0	19	1.0	0.0		3522	0	0
1701981007291	t	playground_test_cue_junkyard_right	0.0	3	0	4.9414	636.336	986.0799999999999	1.0	5.0938	639.936	1100.48	1.0	0.1388	-0.1282	0.982	7.1921	0.2852	-34.4771	0.0	19	1.0	0.0		3522	0	0
1701981007299	t	playground_test_cue_junkyard_right	0.0	3	0	4.9418	636.336	985.76	1.0	5.09	639.936	1099.84	1.0	0.1386	-0.1271	0.9822	6.167	0.2591	-34.4707	0.0	19	1.0	0.0		3522	0	0
1701981007308	t	playground_test_cue_junkyard_right	0.0	3	0	4.9498	636.336	985.44	1.0	5.0921	639.936	1099.3600000000001	1.0	0.1382	-0.1261	0.9823	4.9987	0.2305	-34.4634	0.0	19	1.0	0.0		3522	0	0
1701981007315	t	playground_test_cue_junkyard_right	0.0	3	0	4.9497	636.048	985.44	1.0	5.0889	640.3679999999999	1099.2	1.0	0.1378	-0.1264	0.9824	3.6948	0.1978	-34.4529	0.0	19	1.0	0.0		3522	0	0
1701981007324	t	playground_test_cue_junkyard_right	0.0	3	0	4.9791	635.76	984.4799999999999	1.0	5.0921	640.944	1099.04	1.0	0.1374	-0.125	0.9826	2.7288	0.174	-34.4451	0.0	19	1.0	0.0		3522	0	0
1701981007332	t	playground_test_cue_junkyard_right	0.0	3	0	4.9799	634.7520000000001	984.3199999999999	1.0	5.0925	640.944	1098.72	1.0	0.1389	-0.124	0.9825	2.4188	0.1679	-34.4489	0.0	19	1.0	0.0		3522	0	0
1701981007341	t	playground_test_cue_junkyard_right	0.0	3	0	4.9876	634.7520000000001	983.84	1.0	5.0861	641.088	1098.24	1.0	0.1381	-0.1229	0.9828	2.6317	0.1775	-34.4571	0.0	19	1.0	0.0		3522	0	0
1701981007349	t	playground_test_cue_junkyard_right	0.0	3	0	4.9906	633.8879999999999	983.6800000000001	1.0	5.086	641.088	1098.24	1.0	0.1397	-0.1221	0.9826	3.5668	0.2051	-34.4707	0.0	19	1.0	0.0		3522	0	0
1701981007358	t	playground_test_cue_junkyard_right	0.0	3	0	4.994	633.744	982.4	1.0	5.0859	641.088	1098.08	1.0	0.1397	-0.1201	0.9829	4.3905	0.231	-34.4791	0.0	19	1.0	0.0		3522	0	0
1701981007366	t	playground_test_cue_junkyard_right	0.0	3	0	4.9961	633.312	981.4399999999999	1.0	5.0849	641.088	1097.92	1.0	0.1408	-0.1197	0.9828	4.7403	0.2485	-34.4822	0.0	19	1.0	0.0		3522	0	0
1701981007374	t	playground_test_cue_junkyard_right	0.0	3	0	4.9957	633.312	981.4399999999999	1.0	5.0852	640.8	1097.6000000000001	1.0	0.1416	-0.1206	0.9825	4.6296	0.252	-34.4796	0.0	19	1.0	0.0		3522	0	0
1701981007383	t	playground_test_cue_junkyard_right	0.0	3	0	4.9977	633.312	981.4399999999999	1.0	5.0917	640.8	1097.28	1.0	0.1419	-0.1216	0.9824	4.0916	0.2445	-34.4748	0.0	19	1.0	0.0		3522	0	0
1701981007391	t	playground_test_cue_junkyard_right	0.0	3	0	4.9981	633.312	981.1199999999999	1.0	5.0923	640.8	1097.12	1.0	0.142	-0.1211	0.9824	3.2446	0.2225	-34.4672	0.0	19	1.0	0.0		3522	0	0
1701981007399	t	playground_test_cue_junkyard_right	0.0	3	0	5.0001	633.456	980.8	1.0	5.0921	640.8	1097.12	1.0	0.1415	-0.1208	0.9825	2.5495	0.2046	-34.4618	0.0	19	1.0	0.0		3522	0	0
1701981007408	t	playground_test_cue_junkyard_right	0.0	3	0	5.0113	633.456	980.8	1.0	5.0963	640.8	1096.3200000000002	1.0	0.1413	-0.1196	0.9827	1.9801	0.1893	-34.4572	0.0	19	1.0	0.0		3522	0	0
1701981007416	t	playground_test_cue_junkyard_right	0.0	3	0	5.0126	633.312	980.8	1.0	5.1108	640.8	1096.0	1.0	0.1416	-0.1189	0.9827	1.0012	0.1629	-34.4498	0.0	19	1.0	0.0		3522	0	0
1701981007424	t	playground_test_cue_junkyard_right	0.0	3	0	5.0153	633.312	980.64	1.0	5.1109	640.8	1096.0	1.0	0.1415	-0.1189	0.9828	0.9634	0.1633	-34.4505	0.0	19	1.0	0.0		3522	0	0
1701981007433	t	playground_test_cue_junkyard_right	0.0	3	0	5.0168	633.312	980.1600000000001	1.0	5.1131	640.6560000000001	1095.36	1.0	0.1417	-0.1171	0.9829	0.7885	0.1588	-34.448	0.0	19	1.0	0.0		3522	0	0
1701981007441	t	playground_test_cue_junkyard_right	0.0	3	0	5.0271	633.312	980.0000000000001	1.0	5.1139	640.6560000000001	1094.88	1.0	0.1414	-0.1162	0.9831	0.8943	0.1633	-34.4492	0.0	19	1.0	0.0		3522	0	0
1701981007449	t	playground_test_cue_junkyard_right	0.0	3	0	5.0588	633.312	979.04	1.0	5.1266	640.6560000000001	1094.88	1.0	0.1413	-0.1148	0.9833	0.9933	0.1685	-34.4501	0.0	19	1.0	0.0		3522	0	0
1701981007458	t	playground_test_cue_junkyard_right	0.0	3	0	5.0704	633.312	977.6	1.0	5.1277	640.8	1094.24	1.0	0.1409	-0.1112	0.9837	1.1546	0.1744	-34.4519	0.0	19	1.0	0.0		3522	0	0
1701981007466	t	playground_test_cue_junkyard_right	0.0	3	0	5.0793	633.168	976.6400000000001	1.0	5.1278	640.8	1094.24	1.0	0.1408	-0.1096	0.9839	1.233	0.1782	-34.4531	0.0	19	1.0	0.0		3522	0	0
1701981007474	t	playground_test_cue_junkyard_right	0.0	3	0	5.0951	632.736	975.6800000000001	1.0	5.1475	641.664	1092.8000000000002	1.0	0.1416	-0.1108	0.9837	2.213	0.2384	-34.4813	0.0	19	1.0	0.0		3522	0	0
1701981007483	t	playground_test_cue_junkyard_right	0.0	3	0	5.0953	632.592	975.52	1.0	5.1421	642.24	1092.16	1.0	0.1405	-0.1099	0.9839	4.5715	0.3122	-34.519	0.0	19	1.0	0.0		3522	0	0
1701981007491	t	playground_test_cue_junkyard_right	0.0	3	0	5.0983	632.736	975.2	1.0	5.1224	642.528	1091.2	1.0	0.1395	-0.1076	0.9844	7.035	0.3819	-34.5422	0.0	19	1.0	0.0		3522	0	0
1701981007499	t	playground_test_cue_junkyard_right	0.0	3	0	5.108	632.592	974.7199999999999	1.0	5.1375	642.6719999999999	1090.24	1.0	0.1393	-0.1052	0.9846	9.1985	0.443	-34.563	0.0	19	1.0	0.0		3522	0	0
1701981007508	t	playground_test_cue_junkyard_right	0.0	3	0	5.1143	632.592	974.7199999999999	1.0	5.1185	642.96	1090.24	1.0	0.1389	-0.1052	0.9847	11.3166	0.5056	-34.5911	0.0	19	1.0	0.0		3522	0	0
1701981007515	t	playground_test_cue_junkyard_right	0.0	3	0	5.1213	632.592	974.24	1.0	5.1016	643.6800000000001	1086.88	1.0	0.1381	-0.1024	0.9851	10.6965	0.4905	-34.5503	0.0	19	1.0	0.0		3522	0	0
1701981007524	t	playground_test_cue_junkyard_right	0.0	3	0	5.128	632.592	972.9599999999999	1.0	5.1153	643.824	1086.4	1.0	0.138	-0.0963	0.9857	22.2117	0.7719	-34.5762	0.0	19	1.0	0.0		3522	0	0
1701981007532	t	playground_test_cue_junkyard_right	0.0	3	0	5.1284	632.592	972.48	1.0	5.145	643.824	1088.32	1.0	0.1371	-0.0947	0.986	29.5351	0.9859	-34.6956	0.0	19	1.0	0.0		3522	0	0
1701981007540	t	playground_test_cue_junkyard_right	0.0	3	0	5.1498	632.304	971.3599999999999	1.0	5.1585	643.824	1086.4	1.0	0.1379	-0.0903	0.9863	30.8555	1.0292	-34.722	0.0	19	1.0	0.0		3522	0	0
1701981007549	t	playground_test_cue_junkyard_right	0.0	3	0	5.1681	632.592	971.1999999999999	1.0	5.1325	644.2560000000001	1085.44	1.0	0.1367	-0.0907	0.9865	31.6136	1.0544	-34.7295	0.0	19	1.0	0.0		3522	0	0
1701981007557	t	playground_test_cue_junkyard_right	0.0	3	0	5.1785	633.168	970.88	1.0	5.116	644.544	1084.32	1.0	0.1345	-0.0901	0.9868	31.6253	1.0585	-34.7293	0.0	19	1.0	0.0		3522	0	0
1701981007566	t	playground_test_cue_junkyard_right	0.0	3	0	5.191	633.168	969.12	1.0	5.1413	644.688	1083.52	1.0	0.1344	-0.085	0.9873	30.7759	1.0405	-34.7184	0.0	19	1.0	0.0		3522	0	0
1701981007574	t	playground_test_cue_junkyard_right	0.0	3	0	5.2072	633.168	968.0	1.0	5.1665	644.544	1082.72	1.0	0.1347	-0.083	0.9874	28.5079	0.9846	-34.6905	0.0	19	1.0	0.0		3522	0	0
1701981007582	t	playground_test_cue_junkyard_right	0.0	3	0	5.2141	633.168	968.0	1.0	5.1794	644.2560000000001	1081.76	1.0	0.1352	-0.0842	0.9872	25.6007	0.9105	-34.6563	0.0	19	1.0	0.0		3522	0	0
1701981007591	t	playground_test_cue_junkyard_right	0.0	3	0	5.2225	633.168	967.52	1.0	5.1927	643.824	1080.64	1.0	0.1364	-0.0841	0.9871	19.7514	0.7544	-34.5872	0.0	19	1.0	0.0		3522	0	0
1701981007599	t	playground_test_cue_junkyard_right	0.0	3	0	5.2392	633.168	966.4	1.0	5.2621	643.104	1075.84	1.0	0.1348	-0.0794	0.9877	32.1589	1.0972	-34.7077	0.0	19	1.0	0.0		3522	0	0
1701981007607	t	playground_test_cue_junkyard_right	0.0	3	0	5.2564	633.168	965.76	1.0	5.2685	642.528	1072.64	1.0	0.134	-0.0785	0.9879	34.5338	1.1759	-34.7548	0.0	19	1.0	0.0		3522	0	0
1701981007616	t	playground_test_cue_junkyard_right	0.0	3	0	5.2982	632.736	958.08	1.0	5.2363	640.944	1072.0	1.0	0.1342	-0.0641	0.9889	34.7982	1.2539	-34.7748	0.0	19	1.0	0.0		3522	0	0
1701981007624	t	playground_test_cue_junkyard_right	0.0	3	0	5.2893	632.016	955.52	1.0	5.1638	643.968	1073.12	1.0	0.1369	-0.0571	0.9889	34.8145	1.2667	-34.7808	0.0	19	1.0	0.0		3522	0	0
1701981007632	t	playground_test_cue_junkyard_right	0.0	3	0	5.2927	632.304	956.48	1.0	5.2107	643.6800000000001	1072.16	1.0	0.1353	-0.0615	0.9889	34.818	1.2699	-34.7796	0.0	19	1.0	0.0		3522	0	0
1701981007641	t	playground_test_cue_junkyard_right	0.0	3	0	5.3007	632.16	955.52	1.0	5.2566	643.5360000000001	1071.6799999999998	1.0	0.1357	-0.0584	0.989	34.8161	1.2729	-34.7807	0.0	19	1.0	0.0		3522	0	0
1701981007649	t	playground_test_cue_junkyard_right	0.0	3	0	5.2942	632.16	955.52	1.0	5.2436	643.5360000000001	1071.52	1.0	0.1355	-0.0591	0.989	34.7928	1.2754	-34.781	0.0	19	1.0	0.0		3522	0	0
1701981007657	t	playground_test_cue_junkyard_right	0.0	3	0	5.3002	632.16	955.52	1.0	5.257	643.5360000000001	1071.2	1.0	0.1351	-0.0594	0.989	34.5434	1.269	-34.7764	0.0	19	1.0	0.0		3522	0	0
1701981007665	t	playground_test_cue_junkyard_right	0.0	3	0	5.3144	632.448	955.3599999999999	1.0	5.2458	643.6800000000001	1070.08	1.0	0.1351	-0.059	0.9891	29.8846	1.1223	-34.674	0.0	19	1.0	0.0		3522	0	0
1701981007674	t	playground_test_cue_junkyard_right	0.0	3	0	5.3292	632.16	955.1999999999999	1.0	5.2622	643.6800000000001	1068.96	1.0	0.1441	-0.0597	0.9877	3.1849	0.2869	-34.0768	0.0	19	1.0	0.0		3522	0	0
1701981007682	t	playground_test_cue_junkyard_right	0.0	3	0	5.3216	632.16	955.3599999999999	1.0	5.2627	643.6800000000001	1068.64	1.0	0.1439	-0.06	0.9878	3.0795	0.2851	-34.0728	0.0	19	1.0	0.0		3522	0	0
1701981007691	t	playground_test_cue_junkyard_right	0.0	3	0	5.3287	632.16	955.1999999999999	1.0	5.2643	643.5360000000001	1068.32	1.0	0.1438	-0.0586	0.9879	3.3549	0.291	-34.0775	0.0	19	1.0	0.0		3522	0	0
1701981007699	t	playground_test_cue_junkyard_right	0.0	3	0	5.3297	632.16	954.88	1.0	5.2651	643.5360000000001	1068.0	1.0	0.1435	-0.0574	0.988	3.5202	0.296	-34.08	0.0	19	1.0	0.0		3522	0	0
1701981007707	t	playground_test_cue_junkyard_right	0.0	3	0	5.3306	632.016	954.5600000000001	1.0	5.2658	643.5360000000001	1067.68	1.0	0.1433	-0.0563	0.9881	3.7158	0.3021	-34.0832	0.0	19	1.0	0.0		3522	0	0
1701981007716	t	playground_test_cue_junkyard_right	0.0	3	0	5.3371	632.16	954.5600000000001	1.0	5.2659	643.5360000000001	1067.52	1.0	0.1429	-0.0563	0.9881	3.7796	0.3036	-34.0816	0.0	19	1.0	0.0		3522	0	0
1701981007724	t	playground_test_cue_junkyard_right	0.0	3	0	5.3438	632.016	954.5600000000001	1.0	5.266	643.5360000000001	1067.52	1.0	0.1426	-0.0562	0.9882	3.6302	0.2985	-34.0752	0.0	19	1.0	0.0		3522	0	0
1701981007732	t	playground_test_cue_junkyard_right	0.0	3	0	5.3441	632.16	954.4000000000001	1.0	5.2669	643.5360000000001	1067.52	1.0	0.1422	-0.0563	0.9882	3.8571	0.3053	-34.0708	0.0	19	1.0	0.0		3522	0	0
1701981007741	t	playground_test_cue_junkyard_right	0.0	3	0	5.3439	632.016	954.08	1.0	5.2662	643.5360000000001	1067.3600000000001	1.0	0.142	-0.0553	0.9883	3.5861	0.2976	-34.0755	0.0	19	1.0	0.0		3522	0	0
1701981007749	t	playground_test_cue_junkyard_right	0.0	3	0	5.3447	632.016	953.76	1.0	5.2659	643.5360000000001	1067.3600000000001	1.0	0.1422	-0.0551	0.9883	3.2705	0.2906	-34.0692	0.0	19	1.0	0.0		3522	0	0
1701981007757	t	playground_test_cue_junkyard_right	0.0	3	0	5.3448	631.8720000000001	953.76	1.0	5.2605	643.5360000000001	1066.8799999999999	1.0	0.1428	-0.0543	0.9883	2.8804	0.2794	-34.0622	0.0	19	1.0	0.0		3522	0	0
1701981007766	t	playground_test_cue_junkyard_right	0.0	3	0	5.3471	631.8720000000001	952.3199999999999	1.0	5.2329	643.6800000000001	1062.08	1.0	0.1365	-0.0497	0.9894	16.4708	0.7578	-34.4733	0.0	19	1.0	0.0		3522	0	0
1701981007774	t	playground_test_cue_junkyard_right	0.0	3	0	5.3484	631.8720000000001	952.16	1.0	5.2471	643.3919999999999	1060.64	1.0	0.1324	-0.0471	0.9901	29.8971	1.1455	-34.7192	0.0	19	1.0	0.0		3522	0	0
1701981007782	t	playground_test_cue_junkyard_right	0.0	3	0	5.3477	631.728	952.0	1.0	5.2047	643.824	1061.6	1.0	0.1312	-0.0482	0.9902	33.426	1.2545	-34.7832	0.0	19	1.0	0.0		3522	0	0
1701981007791	t	playground_test_cue_junkyard_right	0.0	3	0	5.3788	631.728	945.5999999999999	1.0	5.2178	643.968	1060.32	1.0	0.1306	-0.038	0.9907	34.2598	1.3513	-34.8298	0.0	19	1.0	0.0		3522	0	0
1701981007799	t	playground_test_cue_junkyard_right	0.0	3	0	5.3099	630.0	943.68	1.0	5.2256	642.96	1059.2	1.0	0.1375	-0.0339	0.9899	34.4807	1.3687	-34.8265	0.0	19	1.0	0.0		3522	0	0
1701981007807	t	playground_test_cue_junkyard_right	0.0	3	0	5.3467	630.72	942.7199999999999	1.0	5.2183	642.24	1058.08	1.0	0.1348	-0.032	0.9904	34.4566	1.3776	-34.8323	0.0	19	1.0	0.0		3522	0	0
1701981007816	t	playground_test_cue_junkyard_right	0.0	3	0	5.3367	631.8720000000001	942.24	1.0	5.1694	642.96	1057.76	1.0	0.1301	-0.0324	0.991	34.0826	1.3773	-34.8322	0.0	19	1.0	0.0		3522	0	0
1701981007824	t	playground_test_cue_junkyard_right	0.0	3	0	5.3629	633.456	943.52	1.0	5.2508	641.952	1056.16	1.0	0.1248	-0.0398	0.9914	31.762	1.3172	-34.7767	0.0	19	1.0	0.0		3522	0	0
1701981007832	t	playground_test_cue_junkyard_right	0.0	3	0	5.393	631.152	941.6	1.0	5.2609	642.096	1056.48	1.0	0.137	-0.0361	0.9899	22.98	1.0721	-34.6377	0.0	19	1.0	0.0		3522	0	0
1701981007841	t	playground_test_cue_junkyard_right	0.0	3	0	5.3703	632.88	940.9599999999999	1.0	5.2435	642.384	1056.16	1.0	0.135	-0.0389	0.9901	13.2148	0.8054	-34.501	0.0	19	1.0	0.0		3522	0	0
1701981007849	t	playground_test_cue_junkyard_right	0.0	3	0	5.4764	631.152	938.88	1.0	5.2347	642.6719999999999	1055.68	1.0	0.1378	-0.0321	0.9899	15.771	0.8899	-34.5666	0.0	19	1.0	0.0		3522	0	0
1701981007857	t	playground_test_cue_junkyard_right	0.0	3	0	5.4522	631.0079999999999	939.5200000000001	1.0	5.2258	642.816	1055.2	1.0	0.1358	-0.0318	0.9902	21.5281	1.0577	-34.6655	0.0	19	1.0	0.0		3522	0	0
1701981007866	t	playground_test_cue_junkyard_right	0.0	3	0	5.4309	630.864	938.88	1.0	5.2117	642.96	1054.56	1.0	0.1351	-0.0289	0.9904	24.1914	1.1334	-34.7028	0.0	19	1.0	0.0		3522	0	0
1701981007874	t	playground_test_cue_junkyard_right	0.0	3	0	5.4202	630.864	939.1999999999999	1.0	5.1543	644.2560000000001	1052.32	1.0	0.1327	-0.0282	0.9907	28.0282	1.2453	-34.7667	0.0	19	1.0	0.0		3522	0	0
1701981007882	t	playground_test_cue_junkyard_right	0.0	3	0	5.4106	630.864	938.88	1.0	5.1835	643.5360000000001	1051.3600000000001	1.0	0.1322	-0.0268	0.9909	29.4121	1.2838	-34.7843	0.0	19	1.0	0.0		3522	0	0
1701981007890	t	playground_test_cue_junkyard_right	0.0	3	0	5.406	630.864	938.88	1.0	5.1683	642.96	1051.3600000000001	1.0	0.1321	-0.0267	0.9909	29.7036	1.292	-34.7896	0.0	19	1.0	0.0		3522	0	0
1701981007898	t	playground_test_cue_junkyard_right	0.0	3	0	5.4017	630.864	938.88	1.0	5.1535	642.24	1051.3600000000001	1.0	0.1322	-0.0268	0.9909	29.8164	1.2953	-34.7894	0.0	19	1.0	0.0		3522	0	0
1701981007907	t	playground_test_cue_junkyard_right	0.0	3	0	5.4062	630.576	938.72	1.0	5.1585	642.24	1050.88	1.0	0.1345	-0.0281	0.9905	24.1318	1.1446	-34.7211	0.0	19	1.0	0.0		3522	0	0
1701981007915	t	playground_test_cue_junkyard_right	0.0	3	0	5.4099	630.864	938.5600000000001	1.0	5.1559	642.384	1050.3999999999999	1.0	0.1358	-0.0293	0.9903	17.5081	0.968	-34.64	0.0	19	1.0	0.0		3522	200	MYKEYWORD 200
