Recording timestamp	type	Scene Name	scene_num	order	djv_reported	PupilDiam_Left	Gaze2d_Left.x	Gaze2d_Left.y	left_eye_openness	PupilDiam_Right	Gaze2d_Right.x	Gaze2d_Right.y	right_eye_openness	gaze_direction_x	gaze_direction_y	gaze_direction_z	gaze_origin_x	gaze_origin_y	gaze_origin_z	gaze_convergence_distance	participant	study_status	scene_familiarity	recall_status	Identifier	Event value	Event message
1701890829368	t	courtyard_test_cue_studyhall_right	0.0	0	0	5.2844	733.68	977.28	1.0	4.7638	788.4	1413.6	1.0	0.0738	-0.1504	0.9859	8.4898	0.5162	-39.8898	0.0	13	1.0	0.0		3790	100	MYKEYWORD 100
1701890829377	t	courtyard_test_cue_studyhall_right	0.0	0	0	5.3044	733.68	977.76	1.0	4.7582	787.6800000000001	1414.56	1.0	0.0749	-0.1499	0.9858	7.8067	0.4188	-39.8467	0.0	13	1.0	0.0		3790	0	0
1701890829385	t	courtyard_test_cue_studyhall_right	0.0	0	0	5.3202	744.336	984.4799999999999	1.0	4.6384	796.1759999999999	1430.4	1.0	0.0535	-0.1647	0.9849	6.8387	0.2302	-39.7905	0.0	13	1.0	0.0		3790	0	0
1701890829393	t	courtyard_test_cue_studyhall_right	0.0	0	0	5.3143	757.5840000000001	996.96	1.0	4.6053	827.28	1458.56	1.0	0.0054	-0.1907	0.9816	9.4206	0.4669	-39.9927	0.0	13	1.0	0.0		3790	0	0
1701890829402	t	courtyard_test_cue_studyhall_right	0.0	0	0	5.3084	755.28	998.88	1.0	5.0469	817.92	1465.6000000000001	1.0	0.0273	-0.1889	0.9816	10.4684	0.558	-40.0782	0.0	13	1.0	0.0		3790	0	0
1701890829410	t	courtyard_test_cue_studyhall_right	0.0	0	0	5.219	754.128	998.7199999999999	1.0	4.7669	807.5519999999999	1478.08	1.0	0.0415	-0.1875	0.9814	15.0777	1.1118	-40.4001	0.0	13	1.0	0.0		3790	0	0
1701890829418	t	courtyard_test_cue_studyhall_right	0.0	0	0	5.3183	755.7120000000001	997.12	0.9912	4.8451	822.2399999999999	1475.68	0.9861	0.0282	-0.1656	0.9858	21.1602	1.8501	-40.8281	0.0	13	1.0	0.0		3790	0	0
1701890829426	t	courtyard_test_cue_studyhall_right	0.0	0	0	5.3513	756.576	999.3600000000001	0.9912	4.7994	836.64	1474.8799999999999	0.9861	0.0193	-0.1672	0.9857	22.2909	1.9836	-40.9069	0.0	13	1.0	0.0		3790	0	0
1701890829435	t	courtyard_test_cue_studyhall_right	0.0	0	0	5.3184	756.7199999999999	999.84	0.9852	4.82	824.2560000000001	1474.08	0.9917	0.0227	-0.1753	0.9842	19.4167	1.634	-40.7068	0.0	13	1.0	0.0		3790	0	0
1701890829444	t	courtyard_test_cue_studyhall_right	0.0	0	0	5.3197	756.576	999.3600000000001	0.9852	4.8049	814.176	1474.8799999999999	0.9917	0.0299	-0.1746	0.9842	19.5402	1.6497	-40.7149	0.0	13	1.0	0.0		3790	0	0
1701890829452	t	courtyard_test_cue_studyhall_right	0.0	0	0	5.3043	756.144	999.04	1.0	4.7942	814.176	1474.08	1.0	0.0284	-0.1865	0.982	14.0975	0.9878	-40.3338	0.0	13	1.0	0.0		3790	0	0
1701890829460	t	courtyard_test_cue_studyhall_right	0.0	0	0	5.3098	756.576	998.7199999999999	1.0	4.8109	814.176	1473.44	1.0	0.0259	-0.1906	0.9813	11.9208	0.724	-40.1802	0.0	13	1.0	0.0		3790	0	0
1701890829469	t	courtyard_test_cue_studyhall_right	0.0	0	0	5.2993	756.144	998.7199999999999	1.0	4.851	814.176	1465.92	1.0	0.0264	-0.1897	0.9815	9.8559	0.4741	-40.0349	0.0	13	1.0	0.0		3790	0	0
1701890829477	t	courtyard_test_cue_studyhall_right	0.0	0	0	5.297	755.7120000000001	998.7199999999999	1.0	4.8552	814.176	1459.84	1.0	0.0268	-0.1867	0.982	9.115	0.3853	-39.9826	0.0	13	1.0	0.0		3790	0	0
1701890829485	t	courtyard_test_cue_studyhall_right	0.0	0	0	5.2972	755.5680000000001	998.7199999999999	1.0	4.8729	814.176	1459.2	1.0	0.0289	-0.1808	0.9831	12.2079	0.7635	-40.1989	0.0	13	1.0	0.0		3790	0	0
1701890829493	t	courtyard_test_cue_studyhall_right	0.0	0	0	5.2978	755.424	998.7199999999999	1.0	4.8553	814.176	1459.84	1.0	0.0324	-0.1717	0.9846	17.7271	1.4377	-40.5851	0.0	13	1.0	0.0		3790	0	0
1701890829501	t	courtyard_test_cue_studyhall_right	0.0	0	0	5.297	755.5680000000001	998.88	1.0	-1.0	-1440.0	-1600.0	1.0	0.0321	-0.1728	0.9844	17.7261	1.4389	-40.5849	0.0	13	1.0	0.0		3790	0	0
1701890829510	t	courtyard_test_cue_studyhall_right	0.0	0	0	5.2969	755.424	998.7199999999999	1.0	4.8558	814.176	1459.2	1.0	0.0346	-0.1663	0.9855	20.8795	1.825	-40.8058	0.0	13	1.0	0.0		3790	0	0
1701890829519	t	courtyard_test_cue_studyhall_right	0.0	0	0	5.2972	755.5680000000001	998.88	1.0	4.8598	814.176	1458.56	1.0	0.0353	-0.1639	0.9858	22.3541	2.0056	-40.9088	0.0	13	1.0	0.0		3790	0	0
1701890829526	t	courtyard_test_cue_studyhall_right	0.0	0	0	5.3539	758.88	997.9200000000001	1.0	4.5556	823.3919999999999	1492.96	1.0	0.0248	-0.1766	0.984	23.5187	2.1844	-40.9795	0.0	13	1.0	0.0		3790	0	0
1701890829535	t	courtyard_test_cue_studyhall_right	0.0	0	0	5.3264	758.7360000000001	997.28	1.0	4.6228	817.776	1457.76	1.0	0.0274	-0.1683	0.9854	23.4883	2.1962	-40.9744	0.0	13	1.0	0.0		3790	0	0
1701890829544	t	courtyard_test_cue_studyhall_right	0.0	0	0	5.2792	757.872	993.28	1.0	4.7152	809.712	1444.32	1.0	0.0328	-0.1568	0.9871	23.8382	2.2588	-40.9994	0.0	13	1.0	0.0		3790	0	0
1701890829552	t	courtyard_test_cue_studyhall_right	0.0	0	0	5.1797	752.544	994.72	1.0	5.0021	805.5360000000001	1430.56	1.0	0.0506	-0.1598	0.9858	24.9942	2.4223	-41.0788	0.0	13	1.0	0.0		3790	0	0
1701890829560	t	courtyard_test_cue_studyhall_right	0.0	0	0	5.2426	752.6880000000001	991.5200000000001	1.0	4.4467	831.6	1436.96	1.0	0.0412	-0.1561	0.9869	25.91	2.5577	-41.1361	0.0	13	1.0	0.0		3790	0	0
1701890829569	t	courtyard_test_cue_studyhall_right	0.0	0	0	5.1215	749.9520000000001	992.16	1.0	4.635	817.3439999999999	1442.08	1.0	0.053	-0.1664	0.9846	25.2177	2.5011	-41.083	0.0	13	1.0	0.0		3790	0	0
1701890829577	t	courtyard_test_cue_studyhall_right	0.0	0	0	5.1463	749.52	988.48	1.0	4.5244	815.76	1443.3600000000001	1.0	0.046	-0.1757	0.9834	18.6022	1.7336	-40.6117	0.0	13	1.0	0.0		3790	0	0
1701890829585	t	courtyard_test_cue_studyhall_right	0.0	0	0	5.1269	749.52	987.04	1.0	4.7401	807.5519999999999	1404.48	1.0	0.0451	-0.1592	0.9862	12.0299	0.9575	-40.1485	0.0	13	1.0	0.0		3790	0	0
1701890829594	t	courtyard_test_cue_studyhall_right	0.0	0	0	5.187	747.792	985.76	1.0	5.0006	811.872	1389.12	1.0	0.047	-0.1455	0.9882	17.129	1.5874	-40.5171	0.0	13	1.0	0.0		3790	0	0
1701890829601	t	courtyard_test_cue_studyhall_right	0.0	0	0	5.2959	750.528	982.8799999999999	1.0	4.9568	804.6719999999999	1407.04	1.0	0.0436	-0.15	0.9877	20.1272	1.9611	-40.7177	0.0	13	1.0	0.0		3790	0	0
1701890829610	t	courtyard_test_cue_studyhall_right	0.0	0	0	5.2892	748.8000000000001	980.32	1.0	4.8247	802.8	1404.48	1.0	0.0437	-0.1445	0.9885	17.4349	1.6322	-40.5289	0.0	13	1.0	0.0		3790	0	0
1701890829618	t	courtyard_test_cue_studyhall_right	0.0	0	0	5.2711	745.0559999999999	981.1199999999999	1.0	4.831	804.096	1397.28	1.0	0.0473	-0.1404	0.989	16.9288	1.5603	-40.501	0.0	13	1.0	0.0		3790	0	0
1701890829626	t	courtyard_test_cue_studyhall_right	0.0	0	0	5.3037	744.48	978.4000000000001	1.0	4.5402	800.352	1411.2	1.0	0.0463	-0.1451	0.9883	14.9517	1.3174	-40.3603	0.0	13	1.0	0.0		3790	0	0
1701890829634	t	courtyard_test_cue_studyhall_right	0.0	0	0	5.2028	741.456	979.36	1.0	5.0686	801.9359999999999	1388.0	1.0	0.0506	-0.1302	0.9902	15.0857	1.3349	-40.3734	0.0	13	1.0	0.0		3790	0	0
1701890829643	t	courtyard_test_cue_studyhall_right	0.0	0	0	5.239	740.736	979.36	1.0	5.0692	797.472	1386.56	1.0	0.0508	-0.1311	0.9901	10.3425	0.7654	-40.0332	0.0	13	1.0	0.0		3790	0	0
1701890829651	t	courtyard_test_cue_studyhall_right	0.0	0	0	5.285	742.1759999999999	980.48	1.0	4.8191	798.192	1394.5600000000002	1.0	0.041	-0.1445	0.9886	5.994	0.2414	-39.7166	0.0	13	1.0	0.0		3790	0	0
1701890829660	t	courtyard_test_cue_studyhall_right	0.0	0	0	5.2684	740.736	980.32	1.0	5.0281	796.896	1392.16	1.0	0.044	-0.1431	0.9887	1.8539	-0.2535	-39.42	0.0	13	1.0	0.0		3790	0	0
1701890829668	t	courtyard_test_cue_studyhall_right	0.0	0	0	5.2512	739.7280000000001	980.1600000000001	1.0	4.9811	798.48	1391.3600000000001	1.0	0.0446	-0.1426	0.9888	1.7537	-0.261	-39.4154	0.0	13	1.0	0.0		3790	0	0
1701890829676	t	courtyard_test_cue_studyhall_right	0.0	0	0	5.2593	739.4399999999999	979.68	1.0	4.6671	800.352	1402.88	1.0	0.0425	-0.1604	0.9861	1.3101	-0.3029	-39.3781	0.0	13	1.0	0.0		3790	0	0
1701890829685	t	courtyard_test_cue_studyhall_right	0.0	0	0	5.2539	739.7280000000001	979.04	1.0	5.1498	795.024	1376.0	1.0	0.0519	-0.1294	0.9902	2.5559	-0.1176	-39.4742	0.0	13	1.0	0.0		3790	0	0
1701890829693	t	courtyard_test_cue_studyhall_right	0.0	0	0	5.2606	739.4399999999999	979.04	1.0	5.0653	791.712	1388.0	1.0	0.0578	-0.1452	0.9877	2.6545	-0.1065	-39.4691	0.0	13	1.0	0.0		3790	0	0
1701890829701	t	courtyard_test_cue_studyhall_right	0.0	0	0	5.2607	739.2959999999999	979.04	1.0	4.9841	792.8639999999999	1392.32	1.0	0.0561	-0.151	0.9869	2.656	-0.1061	-39.4679	0.0	13	1.0	0.0		3790	0	0
1701890829709	t	courtyard_test_cue_studyhall_right	0.0	0	0	5.2577	739.008	979.36	1.0	4.9409	794.448	1388.48	1.0	0.0543	-0.1458	0.9878	1.2481	-0.2841	-39.3677	0.0	13	1.0	0.0		3790	0	0
1701890829718	t	courtyard_test_cue_studyhall_right	0.0	0	0	5.2232	737.424	980.32	1.0	4.8165	791.424	1385.6	1.0	0.0642	-0.144	0.9875	1.3601	-0.2712	-39.3815	0.0	13	1.0	0.0		3790	0	0
1701890829726	t	courtyard_test_cue_studyhall_right	0.0	0	0	5.3075	735.984	980.0000000000001	1.0	5.1534	800.064	1375.0400000000002	1.0	0.0572	-0.1273	0.9902	2.4878	-0.1307	-39.4803	0.0	13	1.0	0.0		3790	0	0
1701890829734	t	courtyard_test_cue_studyhall_right	0.0	0	0	5.2605	737.856	980.8	1.0	4.9977	800.352	1378.24	1.0	0.0559	-0.1331	0.9895	3.3033	-0.0374	-39.5298	0.0	13	1.0	0.0		3790	0	0
1701890829743	t	courtyard_test_cue_studyhall_right	0.0	0	0	5.2689	737.9999999999999	978.0799999999999	1.0	4.9391	794.8800000000001	1389.92	1.0	0.069	-0.1436	0.9872	3.0593	-0.0601	-39.507	0.0	13	1.0	0.0		3790	0	0
1701890829751	t	courtyard_test_cue_studyhall_right	0.0	0	0	5.2577	740.8799999999999	977.6	1.0	4.9729	796.896	1385.6	1.0	0.0644	-0.144	0.9875	2.4908	-0.0987	-39.4524	0.0	13	1.0	0.0		3790	0	0
1701890829759	t	courtyard_test_cue_studyhall_right	0.0	0	0	5.1734	740.0160000000001	983.84	1.0	4.964	802.5120000000001	1375.84	1.0	0.0645	-0.1443	0.9874	1.7821	-0.1693	-39.4083	0.0	13	1.0	0.0		3790	0	0
1701890829768	t	courtyard_test_cue_studyhall_right	0.0	0	0	4.9186	737.28	989.9200000000001	1.0	5.056	805.968	1368.48	1.0	0.0661	-0.1569	0.9854	2.4547	-0.0352	-39.4459	0.0	13	1.0	0.0		3790	0	0
1701890829776	t	courtyard_test_cue_studyhall_right	0.0	0	0	4.8847	735.84	988.8	1.0	4.6631	801.504	1395.2	1.0	0.0875	-0.2149	0.9727	2.3321	0.079	-39.3947	0.0	13	1.0	0.0		3790	0	0
1701890829784	t	courtyard_test_cue_studyhall_right	0.0	0	0	4.7737	754.128	988.9599999999999	0.7773	4.2146	828.864	1410.5600000000002	0.969	0.0325	-0.2625	0.9644	1.8274	0.1741	-39.3198	0.0	13	1.0	0.0		3790	0	0
1701890829792	t	courtyard_test_cue_studyhall_right	0.0	0	0	4.2407	789.84	1017.1200000000001	0.7773	3.4196	835.488	1452.1599999999999	0.969	0.0098	-0.2592	0.9658	12.7391	1.0829	-40.27	0.0	13	1.0	0.0		3790	0	0
1701890829799	t	courtyard_test_cue_studyhall_right	0.0	0	0	-1.0	808.272	1069.44	0.4617	-1.0	-1440.0	-1600.0	0.6845	-1.0	-1.0	-1.0	-1.0	-1.0	-1.0	0.0	13	1.0	0.0		3790	0	0
1701890829807	t	courtyard_test_cue_studyhall_right	0.0	0	0	-1.0	802.944	1091.68	0.4617	-1.0	-1440.0	-1600.0	0.6845	-1.0	-1.0	-1.0	-1.0	-1.0	-1.0	0.0	13	1.0	0.0		3790	0	0
1701890829816	t	courtyard_test_cue_studyhall_right	0.0	0	0	-1.0	-1440.0	-1600.0	0.3948	-1.0	-1440.0	-1600.0	0.4467	-1.0	-1.0	-1.0	-1.0	-1.0	-1.0	0.0	13	1.0	0.0		3790	0	0
1701890829824	t	courtyard_test_cue_studyhall_right	0.0	0	0	-1.0	-1440.0	-1600.0	0.3948	-1.0	-1440.0	-1600.0	0.4467	-1.0	-1.0	-1.0	-1.0	-1.0	-1.0	0.0	13	1.0	0.0		3790	0	0
1701890829832	t	courtyard_test_cue_studyhall_right	0.0	0	0	-1.0	-1440.0	-1600.0	0.0	-1.0	-1440.0	-1600.0	0.0	-1.0	-1.0	-1.0	-1.0	-1.0	-1.0	0.0	13	1.0	0.0		3790	0	0
1701890829840	t	courtyard_test_cue_studyhall_right	0.0	0	0	-1.0	-1440.0	-1600.0	0.0	-1.0	-1440.0	-1600.0	0.0	-1.0	-1.0	-1.0	-1.0	-1.0	-1.0	0.0	13	1.0	0.0		3790	0	0
1701890829848	t	courtyard_test_cue_studyhall_right	0.0	0	0	-1.0	-1440.0	-1600.0	0.0	-1.0	-1440.0	-1600.0	0.0	-1.0	-1.0	-1.0	-1.0	-1.0	-1.0	0.0	13	1.0	0.0		3790	0	0
1701890829857	t	courtyard_test_cue_studyhall_right	0.0	0	0	-1.0	-1440.0	-1600.0	0.0	-1.0	-1440.0	-1600.0	0.0	-1.0	-1.0	-1.0	-1.0	-1.0	-1.0	0.0	13	1.0	0.0		3790	0	0
1701890829865	t	courtyard_test_cue_studyhall_right	0.0	0	0	-1.0	-1440.0	-1600.0	0.0	-1.0	-1440.0	-1600.0	0.0	-1.0	-1.0	-1.0	-1.0	-1.0	-1.0	0.0	13	1.0	0.0		3790	0	0
1701890829873	t	courtyard_test_cue_studyhall_right	0.0	0	0	-1.0	-1440.0	-1600.0	0.0	-1.0	-1440.0	-1600.0	0.0	-1.0	-1.0	-1.0	-1.0	-1.0	-1.0	0.0	13	1.0	0.0		3790	0	0
1701890829884	t	courtyard_test_cue_studyhall_right	0.0	0	0	-1.0	933.8399999999999	957.6	0.0	4.8996	975.8879999999999	1499.04	0.0	-0.3631	-0.2078	0.9083	-34.0552	-5.423	-37.7573	0.0	13	1.0	0.0		3790	0	0
1701890829893	t	courtyard_test_cue_studyhall_right	0.0	0	0	-1.0	956.3040000000001	937.28	0.0	3.9858	990.864	1448.16	0.0	-0.3457	-0.2503	0.9043	-34.2583	-4.2269	-37.3655	0.0	13	1.0	0.0		3790	0	0
1701890829901	t	courtyard_test_cue_studyhall_right	0.0	0	0	-1.0	969.264	932.8	0.0	3.479	1060.848	1436.1599999999999	0.0	-0.4592	-0.3193	0.829	-34.8501	-3.4255	-37.4407	0.0	13	1.0	0.0		3790	0	0
1701890829909	t	courtyard_test_cue_studyhall_right	0.0	0	0	-1.0	990.7199999999999	924.0	0.0	-1.0	1116.432	1477.6	0.0	-1.0	-1.0	-1.0	-1.0	-1.0	-1.0	0.0	13	1.0	0.0		3790	0	0
1701890829919	t	courtyard_test_cue_studyhall_right	0.0	0	0	-1.0	1005.408	928.48	0.0	4.3044	1090.944	1446.56	0.0	-0.4925	-0.2849	0.8223	-35.0626	-3.5244	-37.6414	0.0	13	1.0	0.0		3790	0	0
1701890829929	t	courtyard_test_cue_studyhall_right	0.0	0	0	-1.0	1010.592	931.3599999999999	0.0	5.3863	1120.464	1369.44	0.0	-0.5749	-0.0709	0.8151	-35.1129	-3.4051	-37.9744	0.0	13	1.0	0.0		3790	0	0
1701890829935	t	courtyard_test_cue_studyhall_right	0.0	0	0	-1.0	996.624	935.2	0.0	5.6998	1127.376	1346.24	0.0	-0.6057	-0.007	0.7957	-35.0554	-3.3405	-38.0736	0.0	13	1.0	0.0		3790	0	0
1701890829943	t	courtyard_test_cue_studyhall_right	0.0	0	0	5.5771	982.08	935.2	0.0	5.6485	1085.616	1334.72	0.0	-0.3408	-0.0072	0.9401	29.4206	3.6069	-41.7043	0.0	13	1.0	0.0		3790	0	0
1701890829952	t	courtyard_test_cue_studyhall_right	0.0	0	0	5.5102	969.696	936.0	0.0	5.5351	1057.968	1344.96	0.0	-0.3244	-0.0142	0.9458	29.3103	3.5802	-41.6541	0.0	13	1.0	0.0		3790	0	0
1701890829960	t	courtyard_test_cue_studyhall_right	0.0	0	0	5.4796	956.1600000000001	939.84	0.0	5.4995	1044.288	1333.6000000000001	0.0	-0.3026	-0.0275	0.9527	29.6169	3.5841	-41.6266	0.0	13	1.0	0.0		3790	0	0
1701890829969	t	courtyard_test_cue_studyhall_right	0.0	0	0	5.4312	940.464	941.44	0.0	5.2874	1029.456	1342.88	0.0	-0.2675	-0.0297	0.9631	29.5407	3.5267	-41.587	0.0	13	1.0	0.0		3790	0	0
1701890829977	t	courtyard_test_cue_studyhall_right	0.0	0	0	5.4749	929.52	942.0799999999999	0.0	4.9611	1004.976	1358.24	0.0	-0.2575	-0.0328	0.9657	29.329	3.4749	-41.5287	0.0	13	1.0	0.0		3790	0	0
1701890829986	t	courtyard_test_cue_studyhall_right	0.0	0	0	5.5049	915.2640000000001	945.12	0.0	5.0018	992.016	1355.52	0.0	-0.2325	-0.0408	0.9717	29.3593	3.4292	-41.4589	0.0	13	1.0	0.0		3790	0	0
1701890829994	t	courtyard_test_cue_studyhall_right	0.0	0	0	5.4641	904.32	945.92	0.0	4.949	978.048	1365.44	0.0	-0.2261	-0.0354	0.9735	26.2812	2.7677	-40.4417	0.0	13	1.0	0.0		3790	0	0
1701890830002	t	courtyard_test_cue_studyhall_right	0.0	0	0	5.4353	895.68	952.0	0.0	5.0983	954.864	1348.6399999999999	0.0	-0.2176	-0.0461	0.9749	23.4449	2.4364	-40.411	0.0	13	1.0	0.0		3790	0	0
1701890830011	t	courtyard_test_cue_studyhall_right	0.0	0	0	5.389	885.456	957.1199999999999	0.0	5.0317	956.1600000000001	1358.56	0.0	-0.284	-0.0957	0.954	-32.4363	-3.7704	-37.3006	0.0	13	1.0	0.0		3790	0	0
1701890830018	t	courtyard_test_cue_studyhall_right	0.0	0	0	5.319	873.504	961.76	0.0	5.0911	932.8320000000001	1356.48	0.0	-0.2267	-0.092	0.9696	-33.0698	-3.921	-37.1997	0.0	13	1.0	0.0		3790	0	0
1701890830027	t	courtyard_test_cue_studyhall_right	0.0	0	0	5.2233	864.576	970.0799999999999	0.0	4.8464	929.376	1365.12	0.0	-0.2329	-0.1026	0.9671	-33.4877	-4.0587	-37.1861	0.0	13	1.0	0.0		3790	0	0
1701890830035	t	courtyard_test_cue_studyhall_right	0.0	0	0	5.2687	851.4720000000001	973.76	0.0	5.0038	913.9680000000001	1365.6000000000001	0.0	-0.1984	-0.098	0.9752	-33.6047	-4.1481	-37.1387	0.0	13	1.0	0.0		3790	0	0
1701890830044	t	courtyard_test_cue_studyhall_right	0.0	0	0	5.2488	844.7040000000001	977.76	0.0	5.0366	898.848	1364.48	0.0	-0.166	-0.0894	0.9821	-33.6041	-4.2236	-37.1071	0.0	13	1.0	0.0		3790	0	0
1701890830051	t	courtyard_test_cue_studyhall_right	0.0	0	0	5.0228	839.088	982.8799999999999	0.0	5.1995	881.136	1363.04	0.0	-0.1285	-0.0835	0.9882	-33.5154	-4.272	-37.0545	0.0	13	1.0	0.0		3790	0	0
1701890830060	t	courtyard_test_cue_studyhall_right	0.0	0	0	5.238	821.952	981.4399999999999	1.0	4.8873	882.144	1373.92	1.0	-0.1474	-0.1102	0.9829	-33.4517	-4.3017	-37.0518	0.0	13	1.0	0.0		3790	0	0
1701890830068	t	courtyard_test_cue_studyhall_right	0.0	0	0	5.3333	813.888	982.24	1.0	5.1018	869.76	1368.0	1.0	-0.1195	-0.0876	0.989	-33.3751	-4.344	-37.0439	0.0	13	1.0	0.0		3790	0	0
1701890830077	t	courtyard_test_cue_studyhall_right	0.0	0	0	5.3293	807.5519999999999	987.2	1.0	4.9522	864.0	1376.64	1.0	-0.1115	-0.1081	0.9879	-33.2949	-4.3798	-37.0301	0.0	13	1.0	0.0		3790	0	0
1701890830085	t	courtyard_test_cue_studyhall_right	0.0	0	0	5.2793	800.064	989.6000000000001	1.0	5.0792	849.7439999999999	1372.48	1.0	-0.0753	-0.0884	0.9932	-32.9405	-4.4047	-37.0446	0.0	13	1.0	0.0		3790	0	0
1701890830094	t	courtyard_test_cue_studyhall_right	0.0	0	0	5.2691	794.016	993.28	1.0	4.9084	850.032	1385.76	1.0	-0.0811	-0.1122	0.9904	-29.3398	-4.0538	-37.3165	0.0	13	1.0	0.0		3790	0	0
1701890830102	t	courtyard_test_cue_studyhall_right	0.0	0	0	5.2477	788.544	997.9200000000001	1.0	4.9785	844.992	1384.1599999999999	1.0	-0.0711	-0.0945	0.993	-24.8853	-3.6155	-37.6428	0.0	13	1.0	0.0		3790	0	0
1701890830110	t	courtyard_test_cue_studyhall_right	0.0	0	0	5.3002	784.3679999999999	1000.96	1.0	4.9786	829.4399999999999	1388.64	1.0	-0.0271	-0.098	0.9948	-22.7031	-3.4175	-37.8228	0.0	13	1.0	0.0		3790	0	0
1701890830118	t	courtyard_test_cue_studyhall_right	0.0	0	0	5.2372	778.1759999999999	1002.5600000000001	1.0	4.8626	836.352	1388.64	1.0	-0.0514	-0.0939	0.9942	-23.3719	-3.5269	-37.7623	0.0	13	1.0	0.0		3790	0	0
1701890830127	t	courtyard_test_cue_studyhall_right	0.0	0	0	5.2407	781.7760000000001	1001.12	1.0	4.9936	830.0160000000001	1387.52	1.0	-0.0309	-0.0938	0.9951	-27.2823	-3.96	-37.4935	0.0	13	1.0	0.0		3790	0	0
1701890830135	t	courtyard_test_cue_studyhall_right	0.0	0	0	5.3371	799.92	980.9599999999999	1.0	5.1841	852.6239999999999	1361.28	1.0	-0.0899	-0.0479	0.9948	-28.9943	-3.9775	-37.3732	0.0	13	1.0	0.0		3790	0	0
1701890830143	t	courtyard_test_cue_studyhall_right	0.0	0	0	5.2622	818.0640000000001	962.2400000000001	1.0	5.1156	861.5520000000001	1344.8	1.0	-0.1107	-0.0243	0.9935	-27.1193	-3.6197	-37.5176	0.0	13	1.0	0.0		3790	0	0
1701890830151	t	courtyard_test_cue_studyhall_right	0.0	0	0	5.3574	829.7280000000001	945.92	1.0	4.9089	860.688	1317.44	1.0	-0.1129	0.0114	0.9935	-28.6602	-3.6109	-37.3679	0.0	13	1.0	0.0		3790	0	0
1701890830160	t	courtyard_test_cue_studyhall_right	0.0	0	0	5.3681	821.808	919.8399999999999	1.0	5.0347	844.7040000000001	1281.12	1.0	-0.0719	0.0744	0.9946	-32.86	-3.9149	-36.9545	0.0	13	1.0	0.0		3790	0	0
1701890830168	t	courtyard_test_cue_studyhall_right	0.0	0	0	5.3718	826.56	894.72	1.0	5.0686	842.112	1242.56	1.0	-0.0845	0.1591	0.9836	-33.1124	-3.8319	-36.7589	0.0	13	1.0	0.0		3790	0	0
1701890830176	t	courtyard_test_cue_studyhall_right	0.0	0	0	5.3551	821.952	880.0000000000001	1.0	4.9273	836.64	1217.1200000000001	1.0	-0.071	0.1835	0.9804	-33.0868	-3.486	-36.9822	0.0	13	1.0	0.0		3790	0	0
1701890830184	t	courtyard_test_cue_studyhall_right	0.0	0	0	5.4146	827.9999999999999	854.88	1.0	4.9225	838.5120000000001	1197.4399999999998	1.0	-0.0761	0.2122	0.9743	-33.0965	-3.2786	-37.077	0.0	13	1.0	0.0		3790	0	0
1701890830193	t	courtyard_test_cue_studyhall_right	0.0	0	0	5.6165	838.2239999999999	842.0799999999999	1.0	5.0548	841.968	1176.32	1.0	-0.0746	0.2588	0.963	-33.1631	-3.1409	-37.139	0.0	13	1.0	0.0		3790	0	0
1701890830202	t	courtyard_test_cue_studyhall_right	0.0	0	0	5.6236	846.432	829.12	1.0	4.9278	854.064	1169.1200000000001	1.0	-0.1112	0.2674	0.9572	-33.2034	-3.0496	-37.1704	0.0	13	1.0	0.0		3790	0	0
1701890830210	t	courtyard_test_cue_studyhall_right	0.0	0	0	5.5283	857.952	811.52	1.0	5.0789	863.568	1150.72	1.0	-0.1239	0.3156	0.9408	-33.3035	-2.9468	-37.2649	0.0	13	1.0	0.0		3790	0	0
1701890830218	t	courtyard_test_cue_studyhall_right	0.0	0	0	5.4407	863.2800000000001	804.96	1.0	4.8367	865.152	1138.72	1.0	-0.1202	0.3421	0.9319	-33.3579	-2.8797	-37.3137	0.0	13	1.0	0.0		3790	0	0
1701890830227	t	courtyard_test_cue_studyhall_right	0.0	0	0	5.509	868.608	801.44	1.0	4.8859	871.056	1133.44	1.0	-0.1291	0.3564	0.9254	-33.4147	-2.8482	-37.3507	0.0	13	1.0	0.0		3790	0	0
1701890830235	t	courtyard_test_cue_studyhall_right	0.0	0	0	5.3791	875.808	803.36	1.0	4.7883	878.112	1138.72	1.0	-0.1397	0.3517	0.9256	-33.4934	-2.909	-37.3633	0.0	13	1.0	0.0		3790	0	0
1701890830243	t	courtyard_test_cue_studyhall_right	0.0	0	0	5.4027	866.1600000000001	810.5600000000001	1.0	5.0452	876.96	1158.3999999999999	1.0	-0.1251	0.3172	0.9401	-33.5427	-3.0705	-37.2964	0.0	13	1.0	0.0		3790	0	0
1701890830252	t	courtyard_test_cue_studyhall_right	0.0	0	0	5.3934	867.3119999999999	820.1599999999999	1.0	5.0431	876.24	1164.16	1.0	-0.114	0.3393	0.9337	-33.5808	-3.2709	-37.3297	0.0	13	1.0	0.0		3790	0	0
1701890830260	t	courtyard_test_cue_studyhall_right	0.0	0	0	5.3539	867.888	828.6400000000001	1.0	4.8113	875.808	1175.3600000000001	1.0	-0.1137	0.3109	0.9436	-33.5852	-3.3391	-37.2868	0.0	13	1.0	0.0		3790	0	0
1701890830268	t	courtyard_test_cue_studyhall_right	0.0	0	0	5.3672	862.272	834.72	1.0	4.9825	877.6800000000001	1185.6	1.0	-0.1154	0.2922	0.9494	-33.6044	-3.4077	-37.2623	0.0	13	1.0	0.0		3790	0	0
1701890830276	t	courtyard_test_cue_studyhall_right	0.0	0	0	5.4098	859.536	842.56	1.0	4.9551	876.384	1190.72	1.0	-0.1092	0.2885	0.9512	-33.613	-3.4791	-37.2575	0.0	13	1.0	0.0		3790	0	0
1701890830284	t	courtyard_test_cue_studyhall_right	0.0	0	0	5.389	854.3520000000001	844.6400000000001	1.0	5.0538	876.384	1197.76	1.0	-0.1049	0.2795	0.9544	-33.6325	-3.5461	-37.2446	0.0	13	1.0	0.0		3790	0	0
1701890830293	t	courtyard_test_cue_studyhall_right	0.0	0	0	5.3859	853.632	849.76	1.0	4.9368	872.928	1202.08	1.0	-0.0936	0.2822	0.9548	-33.6297	-3.6419	-37.2456	0.0	13	1.0	0.0		3790	0	0
1701890830302	t	courtyard_test_cue_studyhall_right	0.0	0	0	5.4232	852.192	852.96	1.0	4.8481	872.208	1206.8799999999999	1.0	-0.0947	0.2738	0.9571	-33.613	-3.6859	-37.2373	0.0	13	1.0	0.0		3790	0	0
1701890830310	t	courtyard_test_cue_studyhall_right	0.0	0	0	5.4851	846.7199999999999	862.0799999999999	1.0	4.9209	868.752	1216.0	1.0	-0.0779	0.2802	0.9568	-33.6301	-3.8637	-37.2394	0.0	13	1.0	0.0		3790	0	0
1701890830318	t	courtyard_test_cue_studyhall_right	0.0	0	0	5.4786	844.7040000000001	864.8	1.0	4.9587	869.76	1226.08	1.0	-0.0808	0.2659	0.9606	-33.6307	-3.9556	-37.2258	0.0	13	1.0	0.0		3790	0	0
1701890830327	t	courtyard_test_cue_studyhall_right	0.0	0	0	5.4362	843.408	870.88	1.0	4.997	867.1679999999999	1232.32	1.0	-0.0718	0.2566	0.9639	-33.6258	-4.0152	-37.2074	0.0	13	1.0	0.0		3790	0	0
1701890830335	t	courtyard_test_cue_studyhall_right	0.0	0	0	5.3853	842.256	877.12	1.0	4.9215	868.032	1238.8799999999999	1.0	-0.0763	0.2453	0.9664	-33.6222	-4.0699	-37.1989	0.0	13	1.0	0.0		3790	0	0
1701890830343	t	courtyard_test_cue_studyhall_right	0.0	0	0	5.4137	840.24	882.24	1.0	4.9683	866.3040000000001	1244.1599999999999	1.0	-0.0698	0.2404	0.9681	-33.6192	-4.1316	-37.1884	0.0	13	1.0	0.0		3790	0	0
1701890830352	t	courtyard_test_cue_studyhall_right	0.0	0	0	5.3983	836.496	887.2	1.0	4.8137	867.6	1252.32	1.0	-0.0769	0.2252	0.9713	-33.1054	-4.1444	-37.1912	0.0	13	1.0	0.0		3790	0	0
1701890830360	t	courtyard_test_cue_studyhall_right	0.0	0	0	5.308	833.616	889.6000000000001	1.0	4.8817	864.576	1257.6000000000001	1.0	-0.0681	0.2203	0.973	-29.7498	-3.8557	-37.2855	0.0	13	1.0	0.0		3790	0	0
1701890830368	t	courtyard_test_cue_studyhall_right	0.0	0	0	5.3434	834.192	893.12	1.0	4.8528	863.1360000000001	1262.08	1.0	-0.0664	0.2168	0.9739	-24.1733	-3.3352	-37.4384	0.0	13	1.0	0.0		3790	0	0
1701890830376	t	courtyard_test_cue_studyhall_right	0.0	0	0	5.3448	832.4639999999999	895.68	1.0	4.7831	862.4159999999999	1265.12	1.0	-0.0667	0.2155	0.9742	-18.0937	-2.7517	-37.6026	0.0	13	1.0	0.0		3790	0	0
1701890830385	t	courtyard_test_cue_studyhall_right	0.0	0	0	5.2775	830.0160000000001	896.64	1.0	4.9506	857.952	1266.08	1.0	-0.0495	0.2137	0.9756	-32.8783	-4.3003	-37.1481	0.0	13	1.0	0.0		3790	0	0
1701890830393	t	courtyard_test_cue_studyhall_right	0.0	0	0	5.2593	827.9999999999999	899.2	1.0	4.9421	859.248	1268.0	1.0	-0.0562	0.2069	0.9767	-33.5487	-4.3686	-37.1164	0.0	13	1.0	0.0		3790	0	0
1701890830401	t	courtyard_test_cue_studyhall_right	0.0	0	0	5.2681	823.68	899.84	1.0	4.862	856.512	1267.52	1.0	-0.0486	0.2098	0.9765	-33.549	-4.386	-37.1114	0.0	13	1.0	0.0		3790	0	0
1701890830410	t	courtyard_test_cue_studyhall_right	0.0	0	0	5.2956	820.3679999999999	902.3999999999999	1.0	4.8845	857.088	1270.4	1.0	-0.051	0.2114	0.9761	-33.5453	-4.4406	-37.1024	0.0	13	1.0	0.0		3790	0	0
1701890830418	t	courtyard_test_cue_studyhall_right	0.0	0	0	5.2785	825.984	901.92	1.0	4.9332	855.36	1275.52	1.0	-0.0383	0.1987	0.9793	-33.5779	-4.4687	-37.0666	0.0	13	1.0	0.0		3790	0	0
1701890830426	t	courtyard_test_cue_studyhall_right	0.0	0	0	5.3341	848.7360000000001	913.4399999999999	1.0	5.0067	880.416	1288.8	1.0	-0.0901	0.195	0.9767	-33.7559	-4.5954	-37.1654	0.0	13	1.0	0.0		3790	0	0
1701890830435	t	courtyard_test_cue_studyhall_right	0.0	0	0	5.4429	874.0799999999999	921.4399999999999	1.0	5.0636	912.096	1311.2	1.0	-0.1562	0.1689	0.9732	-33.9663	-4.7455	-37.223	0.0	13	1.0	0.0		3790	0	0
1701890830443	t	courtyard_test_cue_studyhall_right	0.0	0	0	5.403	885.312	933.1200000000001	1.0	4.9146	914.976	1330.0800000000002	1.0	-0.1438	0.128	0.9813	-34.0791	-4.8398	-37.1935	0.0	13	1.0	0.0		3790	0	0
1701890830452	t	courtyard_test_cue_studyhall_right	0.0	0	0	5.4816	879.9839999999999	929.9200000000001	1.0	4.8231	918.288	1325.76	1.0	-0.1566	0.1382	0.9779	-34.0773	-4.8236	-37.2136	0.0	13	1.0	0.0		3790	0	0
1701890830460	t	courtyard_test_cue_studyhall_right	0.0	0	0	5.5281	877.5360000000001	932.64	1.0	5.0741	913.104	1326.56	1.0	-0.1421	0.1338	0.9808	-34.0491	-4.8098	-37.1846	0.0	13	1.0	0.0		3790	0	0
1701890830468	t	courtyard_test_cue_studyhall_right	0.0	0	0	5.5267	876.672	934.8800000000001	1.0	5.0501	907.632	1326.88	1.0	-0.1279	0.1313	0.983	-34.026	-4.8197	-37.1659	0.0	13	1.0	0.0		3790	0	0
1701890830477	t	courtyard_test_cue_studyhall_right	0.0	0	0	5.4598	874.2239999999999	936.0	1.0	4.9774	910.8	1329.76	1.0	-0.141	0.1274	0.9818	-34.0164	-4.8391	-37.1706	0.0	13	1.0	0.0		3790	0	0
1701890830485	t	courtyard_test_cue_studyhall_right	0.0	0	0	5.3192	870.912	940.0	1.0	5.0076	908.64	1331.2	1.0	-0.1329	0.128	0.9828	-34.0111	-4.866	-37.1681	0.0	13	1.0	0.0		3790	0	0
1701890830493	t	courtyard_test_cue_studyhall_right	0.0	0	0	5.4224	867.3119999999999	939.84	1.0	4.9885	909.648	1334.24	1.0	-0.1381	0.1301	0.9818	-33.7815	-4.8937	-37.1855	0.0	13	1.0	0.0		3790	0	0
1701890830502	t	courtyard_test_cue_studyhall_right	0.0	0	0	5.5214	866.3040000000001	939.6800000000001	1.0	5.0316	906.4799999999999	1332.96	1.0	-0.1228	0.1404	0.9824	-29.9589	-4.5124	-37.3077	0.0	13	1.0	0.0		3790	0	0
1701890830510	t	courtyard_test_cue_studyhall_right	0.0	0	0	5.3559	867.024	944.16	1.0	4.9916	908.784	1338.56	1.0	-0.1285	0.1269	0.9835	-30.644	-4.5985	-37.2932	0.0	13	1.0	0.0		3790	0	0
1701890830519	t	courtyard_test_cue_studyhall_right	0.0	0	0	5.3118	867.744	945.12	1.0	5.0637	909.072	1338.24	1.0	-0.1295	0.136	0.9822	-22.6656	-3.7688	-37.5584	0.0	13	1.0	0.0		3790	0	0
1701890830527	t	courtyard_test_cue_studyhall_right	0.0	0	0	5.3757	865.2959999999999	947.04	1.0	5.0426	910.9440000000001	1344.1599999999999	1.0	-0.1356	0.1176	0.9837	-24.1089	-3.9191	-37.4786	0.0	13	1.0	0.0		3790	0	0
1701890830535	t	courtyard_test_cue_studyhall_right	0.0	0	0	5.3378	864.72	948.1600000000001	1.0	5.0539	909.072	1346.72	1.0	-0.1349	0.1233	0.9832	-27.2156	-4.3118	-37.4277	0.0	13	1.0	0.0		3790	0	0
1701890830543	t	courtyard_test_cue_studyhall_right	0.0	0	0	5.3688	862.704	946.72	1.0	5.02	911.664	1352.0	1.0	-0.142	0.1173	0.9829	-28.4525	-4.4967	-37.3441	0.0	13	1.0	0.0		3790	0	0
1701890830552	t	courtyard_test_cue_studyhall_right	0.0	0	0	5.3062	861.2639999999999	949.2800000000001	1.0	5.0835	908.2080000000001	1345.9199999999998	1.0	-0.1324	0.1312	0.9825	-32.9632	-4.9759	-37.2244	0.0	13	1.0	0.0		3790	0	0
1701890830560	t	courtyard_test_cue_studyhall_right	0.0	0	0	5.3937	861.2639999999999	949.2800000000001	1.0	5.1204	903.168	1353.9199999999998	1.0	-0.1153	0.111	0.9871	-33.0158	-5.0126	-37.1789	0.0	13	1.0	0.0		3790	0	0
1701890830568	t	courtyard_test_cue_studyhall_right	0.0	0	0	5.4305	859.824	950.7199999999999	1.0	5.0983	902.736	1340.16	1.0	-0.1157	0.1525	0.9815	-32.949	-5.0064	-37.2285	0.0	13	1.0	0.0		3790	0	0
1701890830577	t	courtyard_test_cue_studyhall_right	0.0	0	0	5.3767	857.952	951.2	1.0	5.1891	905.472	1347.8400000000001	1.0	-0.1263	0.1215	0.9845	-32.9404	-4.9547	-37.204	0.0	13	1.0	0.0		3790	0	0
1701890830585	t	courtyard_test_cue_studyhall_right	0.0	0	0	5.3437	856.8	952.0	1.0	5.1672	901.728	1343.68	1.0	-0.1171	0.1355	0.9838	-32.6124	-4.9379	-37.2231	0.0	13	1.0	0.0		3790	0	0
1701890830593	t	courtyard_test_cue_studyhall_right	0.0	0	0	5.4854	855.936	954.88	1.0	5.0853	904.896	1346.8799999999999	1.0	-0.1308	0.1299	0.9828	-32.7413	-4.9697	-37.2246	0.0	13	1.0	0.0		3790	0	0
1701890830601	t	courtyard_test_cue_studyhall_right	0.0	0	0	5.42	852.4799999999999	952.8000000000001	1.0	5.2159	902.736	1355.68	1.0	-0.1225	0.1111	0.9862	-32.9236	-5.0202	-37.1909	0.0	13	1.0	0.0		3790	0	0
1701890830610	t	courtyard_test_cue_studyhall_right	0.0	0	0	5.4684	852.192	955.84	1.0	5.1834	896.112	1348.0	1.0	-0.1022	0.1315	0.986	-32.8692	-5.0222	-37.2014	0.0	13	1.0	0.0		3790	0	0
1701890830618	t	courtyard_test_cue_studyhall_right	0.0	0	0	5.3607	853.2	955.3599999999999	1.0	5.0623	897.6959999999999	1348.16	1.0	-0.1091	0.1309	0.9854	-31.595	-4.8897	-37.2467	0.0	13	1.0	0.0		3790	0	0
1701890830626	t	courtyard_test_cue_studyhall_right	0.0	0	0	5.3792	851.904	955.52	1.0	5.1223	896.112	1348.32	1.0	-0.103	0.1316	0.9859	-30.8117	-4.8093	-37.2705	0.0	13	1.0	0.0		3790	0	0
1701890830634	t	courtyard_test_cue_studyhall_right	0.0	0	0	5.3976	850.464	955.6800000000001	1.0	5.1319	896.5440000000001	1349.76	1.0	-0.1035	0.132	0.9858	-22.0705	-3.8806	-37.558	0.0	13	1.0	0.0		3790	0	0
1701890830643	t	courtyard_test_cue_studyhall_right	0.0	0	0	5.4001	851.04	955.6800000000001	1.0	5.145	897.12	1350.3999999999999	1.0	-0.1053	0.1313	0.9857	-21.0919	-3.7803	-37.5832	0.0	13	1.0	0.0		3790	0	0
1701890830651	t	courtyard_test_cue_studyhall_right	0.0	0	0	5.4028	850.464	955.6800000000001	1.0	5.1319	896.5440000000001	1349.76	1.0	-0.1034	0.134	0.9855	-17.3675	-3.3878	-37.6963	0.0	13	1.0	0.0		3790	0	0
1701890830659	t	courtyard_test_cue_studyhall_right	0.0	0	0	5.4045	850.32	955.6800000000001	1.0	5.1453	897.12	1350.3999999999999	1.0	-0.1043	0.1342	0.9854	-15.1019	-3.1528	-37.7542	0.0	13	1.0	0.0		3790	0	0
1701890830668	t	courtyard_test_cue_studyhall_right	0.0	0	0	5.4402	849.168	956.0	1.0	5.2704	894.8159999999999	1356.6399999999999	1.0	-0.0965	0.1315	0.9866	-12.2394	-2.8804	-37.8647	0.0	13	1.0	0.0		3790	0	0
1701890830677	t	courtyard_test_cue_studyhall_right	0.0	0	0	5.3061	869.0400000000001	976.4799999999999	1.0	5.0918	916.1279999999999	1386.72	1.0	-0.1542	0.0685	0.9856	-30.2081	-4.9376	-37.2396	0.0	13	1.0	0.0		3790	0	0
1701890830685	t	courtyard_test_cue_studyhall_right	0.0	0	0	5.4044	867.1679999999999	985.44	1.0	5.1989	917.424	1408.0	1.0	-0.154	0.0159	0.9879	-31.863	-5.1307	-37.1722	0.0	13	1.0	0.0		3790	0	0
1701890830693	t	courtyard_test_cue_studyhall_right	0.0	0	0	5.449	864.144	984.8000000000001	1.0	5.1528	911.0880000000001	1392.6399999999999	1.0	-0.1367	0.0551	0.9891	-32.6429	-5.2262	-37.1661	0.0	13	1.0	0.0		3790	0	0
1701890830702	t	courtyard_test_cue_studyhall_right	0.0	0	0	5.4058	867.1679999999999	982.4	1.0	5.1513	922.4639999999999	1390.72	1.0	-0.16	0.0918	0.9828	-32.957	-5.3663	-37.2502	0.0	13	1.0	0.0		3790	0	0
1701890830710	t	courtyard_test_cue_studyhall_right	0.0	0	0	5.4959	863.568	982.4	1.0	5.1915	918.288	1406.72	1.0	-0.1512	0.0269	0.9881	-32.9946	-5.2905	-37.1474	0.0	13	1.0	0.0		3790	0	0
1701890830718	t	courtyard_test_cue_studyhall_right	0.0	0	0	5.4212	865.2959999999999	980.64	1.0	5.1531	919.584	1411.04	1.0	-0.1544	0.0172	0.9879	-32.3857	-5.2319	-37.1573	0.0	13	1.0	0.0		3790	0	0
1701890830727	t	courtyard_test_cue_studyhall_right	0.0	0	0	5.432	864.72	980.8	1.0	5.3321	913.8240000000001	1395.6799999999998	1.0	-0.1325	0.0633	0.9892	-31.0498	-5.101	-37.2341	0.0	13	1.0	0.0		3790	0	0
1701890830735	t	courtyard_test_cue_studyhall_right	0.0	0	0	5.4599	861.696	982.8799999999999	1.0	5.177	914.832	1401.28	1.0	-0.1497	0.022	0.9885	-29.2838	-4.8002	-37.2247	0.0	13	1.0	0.0		3790	0	0
1701890830743	t	courtyard_test_cue_studyhall_right	0.0	0	0	5.4798	861.984	984.0	1.0	5.1235	915.984	1399.84	1.0	-0.1404	0.0716	0.9875	-25.5559	-4.6065	-37.4029	0.0	13	1.0	0.0		3790	0	0
1701890830752	t	courtyard_test_cue_studyhall_right	0.0	0	0	5.3466	859.104	980.32	1.0	5.1582	913.8240000000001	1398.8799999999999	1.0	-0.1305	0.0808	0.9881	-15.6408	-3.5376	-37.6794	0.0	13	1.0	0.0		3790	0	0
1701890830762	t	courtyard_test_cue_studyhall_right	0.0	0	0	5.4073	855.5039999999999	980.8	1.0	5.1208	914.976	1401.1200000000001	1.0	-0.1278	0.0792	0.9886	-8.868	-2.8195	-37.8089	0.0	13	1.0	0.0		3790	0	0
1701890830768	t	courtyard_test_cue_studyhall_right	0.0	0	0	5.4139	858.24	983.52	1.0	5.2671	913.536	1404.16	1.0	-0.1308	0.0703	0.9889	-10.9418	-3.0505	-37.7211	0.0	13	1.0	0.0		3790	0	0
1701890830776	t	courtyard_test_cue_studyhall_right	0.0	0	0	5.4219	854.4960000000001	981.7600000000001	1.0	5.2515	910.9440000000001	1402.08	1.0	-0.1214	0.0754	0.9897	-10.3645	-2.9803	-37.7658	0.0	13	1.0	0.0		3790	0	0
1701890830784	t	courtyard_test_cue_studyhall_right	0.0	0	0	5.4219	854.4960000000001	983.36	1.0	5.2377	913.536	1400.16	1.0	-0.1322	0.072	0.9886	-17.9021	-3.7561	-37.6523	0.0	13	1.0	0.0		3790	0	0
1701890830793	t	courtyard_test_cue_studyhall_right	0.0	0	0	5.3835	852.7679999999999	982.8799999999999	1.0	5.1923	910.9440000000001	1398.8799999999999	1.0	-0.1301	0.0687	0.9891	-26.697	-4.7078	-37.3767	0.0	13	1.0	0.0		3790	0	0
1701890830801	t	courtyard_test_cue_studyhall_right	0.0	0	0	5.4744	850.752	982.08	1.0	5.2236	908.3520000000001	1398.8799999999999	1.0	-0.1243	0.065	0.9901	-31.8168	-5.261	-37.216	0.0	13	1.0	0.0		3790	0	0
1701890830809	t	courtyard_test_cue_studyhall_right	0.0	0	0	5.4763	850.32	982.08	1.0	5.2297	906.4799999999999	1399.52	1.0	-0.1189	0.0622	0.991	-33.4318	-5.437	-37.1619	0.0	13	1.0	0.0		3790	0	0
1701890830818	t	courtyard_test_cue_studyhall_right	0.0	0	0	5.433	850.608	986.0799999999999	1.0	5.2191	904.608	1399.68	1.0	-0.1131	0.0606	0.9917	-33.7588	-5.4735	-37.1491	0.0	13	1.0	0.0		3790	0	0
1701890830826	t	courtyard_test_cue_studyhall_right	0.0	0	0	5.506	849.312	984.0	1.0	5.2266	904.032	1403.6799999999998	1.0	-0.1171	0.0534	0.9917	-33.7872	-5.5076	-37.1146	0.0	13	1.0	0.0		3790	0	0
1701890830834	t	courtyard_test_cue_studyhall_right	0.0	0	0	5.4911	846.8639999999999	982.08	1.0	5.3232	901.584	1399.52	1.0	-0.1094	0.0661	0.9918	-33.7232	-5.5038	-37.1192	0.0	13	1.0	0.0		3790	0	0
1701890830843	t	courtyard_test_cue_studyhall_right	0.0	0	0	5.4604	850.176	985.44	1.0	5.244	902.736	1402.3999999999999	1.0	-0.1135	0.0577	0.9919	-33.1029	-5.4389	-37.1355	0.0	13	1.0	0.0		3790	0	0
1701890830852	t	courtyard_test_cue_studyhall_right	0.0	0	0	5.4706	849.456	985.12	1.0	5.2314	901.584	1405.4399999999998	1.0	-0.1089	0.0513	0.9927	-30.9135	-5.204	-37.2015	0.0	13	1.0	0.0		3790	0	0
1701890830860	t	courtyard_test_cue_studyhall_right	0.0	0	0	5.4792	848.7360000000001	984.6399999999999	1.0	5.2636	901.44	1405.28	1.0	-0.1066	0.056	0.9927	-26.7079	-4.7526	-37.3299	0.0	13	1.0	0.0		3790	0	0
1701890830868	t	courtyard_test_cue_studyhall_right	0.0	0	0	5.4845	848.5920000000001	984.4799999999999	1.0	5.2958	901.152	1404.96	1.0	-0.1056	0.0569	0.9928	-27.2981	-4.8207	-37.3032	0.0	13	1.0	0.0		3790	0	0
1701890830877	t	courtyard_test_cue_studyhall_right	0.0	0	0	5.4823	848.4479999999999	984.16	1.0	5.2906	901.44	1405.28	1.0	-0.1062	0.056	0.9928	-28.3898	-4.9412	-37.2671	0.0	13	1.0	0.0		3790	0	0
1701890830885	t	courtyard_test_cue_studyhall_right	0.0	0	0	5.4767	848.304	984.16	1.0	5.2874	901.584	1404.96	1.0	-0.1071	0.0555	0.9927	-30.1723	-5.1362	-37.2113	0.0	13	1.0	0.0		3790	0	0
1701890830893	t	courtyard_test_cue_studyhall_right	0.0	0	0	5.4826	848.304	984.16	1.0	5.26	901.728	1405.28	1.0	-0.1068	0.0558	0.9927	-29.1157	-5.0232	-37.2456	0.0	13	1.0	0.0		3790	0	0
1701890830901	t	courtyard_test_cue_studyhall_right	0.0	0	0	5.4856	848.016	984.0	1.0	5.2347	901.728	1404.96	1.0	-0.1054	0.0601	0.9926	-24.1827	-4.4896	-37.4038	0.0	13	1.0	0.0		3790	0	0
1701890830910	t	courtyard_test_cue_studyhall_right	0.0	0	0	5.415	846.8639999999999	984.96	1.0	5.2484	906.624	1404.3200000000002	1.0	-0.1132	0.0738	0.9908	-14.5262	-3.4651	-37.7114	0.0	13	1.0	0.0		3790	0	0
1701890830918	t	courtyard_test_cue_studyhall_right	0.0	0	0	5.4885	846.144	986.0799999999999	1.0	5.3	907.4879999999999	1408.32	1.0	-0.1118	0.0717	0.9911	-8.226	-2.778	-37.9417	0.0	13	1.0	0.0		3790	0	0
1701890830928	t	courtyard_test_cue_studyhall_right	0.0	0	0	5.4727	845.856	985.6	1.0	5.136	899.2800000000001	1416.48	1.0	-0.0946	0.0659	0.9933	-0.5672	-1.9673	-38.1422	0.0	13	1.0	0.0		3790	0	0
1701890830935	t	courtyard_test_cue_studyhall_right	0.0	0	0	5.4964	845.7120000000001	985.28	1.0	5.3823	909.3599999999999	1432.96	1.0	-0.1058	0.0564	0.9928	2.1937	-1.6796	-38.2084	0.0	13	1.0	0.0		3790	0	0
1701890830943	t	courtyard_test_cue_studyhall_right	0.0	0	0	5.4882	845.7120000000001	985.44	1.0	5.6906	877.1039999999999	1377.6	1.0	-0.0636	0.1169	0.9911	5.7365	-1.3019	-38.2987	0.0	13	1.0	0.0		3790	0	0
1701890830952	t	courtyard_test_cue_studyhall_right	0.0	0	0	5.4795	845.7120000000001	985.76	1.0	5.4332	891.7919999999999	1398.72	1.0	-0.0829	0.0946	0.9921	6.9302	-1.1723	-38.3402	0.0	13	1.0	0.0		3790	0	0
1701890830960	t	courtyard_test_cue_studyhall_right	0.0	0	0	5.469	845.856	985.44	1.0	5.4612	906.4799999999999	1414.0800000000002	1.0	-0.0998	0.0823	0.9916	7.136	-1.1484	-38.3504	0.0	13	1.0	0.0		3790	0	0
1701890830968	t	courtyard_test_cue_studyhall_right	0.0	0	0	5.4803	846.144	985.28	1.0	5.4049	907.3439999999999	1410.24	1.0	-0.1015	0.0859	0.9911	6.8665	-1.1739	-38.3505	0.0	13	1.0	0.0		3790	0	0
1701890830976	t	courtyard_test_cue_studyhall_right	0.0	0	0	5.476	846.432	985.12	1.0	5.3063	906.4799999999999	1414.0800000000002	1.0	-0.1005	0.0811	0.9916	7.1786	-1.1346	-38.3637	0.0	13	1.0	0.0		3790	0	0
1701890830985	t	courtyard_test_cue_studyhall_right	0.0	0	0	5.4713	846.576	984.8000000000001	1.0	5.3336	907.3439999999999	1414.56	1.0	-0.1012	0.0814	0.9915	7.9873	-1.0418	-38.3913	0.0	13	1.0	0.0		3790	0	0
1701890830993	t	courtyard_test_cue_studyhall_right	0.0	0	0	5.4758	846.7199999999999	984.6399999999999	1.0	5.3037	906.4799999999999	1414.4	1.0	-0.1002	0.0809	0.9917	7.1766	-1.1285	-38.3698	0.0	13	1.0	0.0		3790	0	0
1701890831001	t	courtyard_test_cue_studyhall_right	0.0	0	0	5.4711	846.7199999999999	984.8000000000001	1.0	5.3171	907.3439999999999	1414.24	1.0	-0.1003	0.0815	0.9916	8.4214	-0.9918	-38.405	0.0	13	1.0	0.0		3790	0	0
1701890831010	t	courtyard_test_cue_studyhall_right	0.0	0	0	5.4759	847.0079999999999	984.6399999999999	1.0	5.3192	908.3520000000001	1414.4	1.0	-0.1006	0.0839	0.9914	10.2701	-0.7913	-38.4625	0.0	13	1.0	0.0		3790	0	0
1701890831018	t	courtyard_test_cue_studyhall_right	0.0	0	0	5.4809	846.8639999999999	984.4799999999999	1.0	5.323	908.3520000000001	1414.56	1.0	-0.1001	0.0851	0.9913	10.8937	-0.725	-38.4819	0.0	13	1.0	0.0		3790	0	0
1701890831026	t	courtyard_test_cue_studyhall_right	0.0	0	0	5.4856	847.0079999999999	984.4799999999999	1.0	5.3271	908.3520000000001	1414.8799999999999	1.0	-0.1027	0.0819	0.9913	6.4123	-1.2188	-38.3414	0.0	13	1.0	0.0		3790	0	0
1701890831034	t	courtyard_test_cue_studyhall_right	0.0	0	0	5.4896	847.152	984.4799999999999	1.0	5.3448	910.512	1415.04	1.0	-0.106	0.0825	0.9909	5.7918	-1.2907	-38.3206	0.0	13	1.0	0.0		3790	0	0
1701890831043	t	courtyard_test_cue_studyhall_right	0.0	0	0	5.4906	847.296	984.4799999999999	1.0	5.3277	908.3520000000001	1414.8799999999999	1.0	-0.1035	0.0826	0.9912	5.8449	-1.2895	-38.3119	0.0	13	1.0	0.0		3790	0	0
1701890831051	t	courtyard_test_cue_studyhall_right	0.0	0	0	5.4939	847.44	984.3199999999999	1.0	5.3453	910.512	1415.04	1.0	-0.1066	0.0834	0.9908	5.883	-1.2861	-38.3142	0.0	13	1.0	0.0		3790	0	0
1701890831059	t	courtyard_test_cue_studyhall_right	0.0	0	0	5.4939	847.5840000000001	984.3199999999999	1.0	5.3628	912.816	1415.1999999999998	1.0	-0.1102	0.0831	0.9904	4.801	-1.405	-38.2822	0.0	13	1.0	0.0		3790	0	0
1701890831068	t	courtyard_test_cue_studyhall_right	0.0	0	0	5.5093	847.728	984.0	1.0	5.3497	915.408	1417.6	1.0	-0.1144	0.08	0.9902	4.1684	-1.4699	-38.2636	0.0	13	1.0	0.0		3790	0	0
1701890831076	t	courtyard_test_cue_studyhall_right	0.0	0	0	5.4918	842.544	989.9200000000001	1.0	5.3435	910.9440000000001	1446.8799999999999	1.0	-0.1194	0.0243	0.9925	-11.3819	-3.2406	-37.8386	0.0	13	1.0	0.0		3790	0	0
1701890831084	t	courtyard_test_cue_studyhall_right	0.0	0	0	5.4991	819.792	1014.88	1.0	5.1925	876.0960000000001	1451.68	1.0	-0.061	0.0053	0.9981	-24.2161	-4.9287	-37.2609	0.0	13	1.0	0.0		3790	0	0
1701890831094	t	courtyard_test_cue_studyhall_right	0.0	0	0	5.4473	805.392	1032.8	1.0	5.4153	844.272	1452.8	1.0	-0.0034	-0.0079	1.0	30.9075	1.5701	-40.4978	0.0	13	1.0	0.0		3790	0	0
1701890831101	t	courtyard_test_cue_studyhall_right	0.0	0	0	5.4584	790.5600000000001	1054.56	1.0	5.0329	837.504	1494.5600000000002	1.0	0.0343	-0.0485	0.9982	30.9867	1.4164	-40.5106	0.0	13	1.0	0.0		3790	0	0
1701890831108	t	courtyard_test_cue_studyhall_right	0.0	0	0	5.4787	784.3679999999999	1072.16	1.0	-1.0	-1440.0	-1600.0	1.0	0.0544	-0.0796	0.9953	30.9987	1.0928	-39.8637	0.0	13	1.0	0.0		3790	0	0
1701890831117	t	courtyard_test_cue_studyhall_right	0.0	0	0	5.5372	783.648	1068.8	1.0	-1.0	-1440.0	-1600.0	1.0	0.0544	-0.0676	0.9962	31.0102	1.1016	-39.9065	0.0	13	1.0	0.0		3790	0	0
1701890831125	t	courtyard_test_cue_studyhall_right	0.0	0	0	5.4719	784.2239999999999	1069.9199999999998	1.0	-1.0	-1440.0	-1600.0	1.0	0.0506	-0.0721	0.9961	31.018	1.0918	-39.8669	0.0	13	1.0	0.0		3790	0	0
1701890831133	t	courtyard_test_cue_studyhall_right	0.0	0	0	5.4908	781.3439999999999	1069.28	1.0	-1.0	-1440.0	-1600.0	1.0	0.0613	-0.0719	0.9955	31.0189	1.0986	-39.8517	0.0	13	1.0	0.0		3790	0	0
1701890831142	t	courtyard_test_cue_studyhall_right	0.0	0	0	5.5132	782.496	1070.88	1.0	-1.0	-1440.0	-1600.0	1.0	0.0559	-0.0788	0.9953	31.0243	1.0908	-39.801	0.0	13	1.0	0.0		3790	0	0
1701890831150	t	courtyard_test_cue_studyhall_right	0.0	0	0	5.5014	781.9200000000001	1070.72	1.0	-1.0	-1440.0	-1600.0	1.0	0.0553	-0.08	0.9953	31.0369	1.1089	-39.8368	0.0	13	1.0	0.0		3790	0	0
1701890831158	t	courtyard_test_cue_studyhall_right	0.0	0	0	5.495	783.0719999999999	1066.24	1.0	-1.0	-1440.0	-1600.0	1.0	0.048	-0.0679	0.9965	31.0546	1.1638	-39.9741	0.0	13	1.0	0.0		3790	0	0
1701890831167	t	courtyard_test_cue_studyhall_right	0.0	0	0	5.4811	780.912	1065.92	1.0	-1.0	-1440.0	-1600.0	1.0	0.0523	-0.0688	0.9962	31.0759	1.215	-40.11	0.0	13	1.0	0.0		3790	0	0
1701890831175	t	courtyard_test_cue_studyhall_right	0.0	0	0	5.434	780.336	1065.92	1.0	-1.0	-1440.0	-1600.0	1.0	0.0513	-0.0697	0.9962	31.0936	1.2354	-40.169	0.0	13	1.0	0.0		3790	0	0
1701890831183	t	courtyard_test_cue_studyhall_right	0.0	0	0	5.4396	779.76	1068.0	1.0	-1.0	-1440.0	-1600.0	1.0	0.0504	-0.0759	0.9958	31.1093	1.24	-40.1981	0.0	13	1.0	0.0		3790	0	0
1701890831192	t	courtyard_test_cue_studyhall_right	0.0	0	0	5.4532	779.0400000000001	1068.8	1.0	-1.0	-1440.0	-1600.0	1.0	0.0527	-0.0765	0.9957	31.1077	1.1559	-39.9554	0.0	13	1.0	0.0		3790	0	0
1701890831201	t	courtyard_test_cue_studyhall_right	0.0	0	0	5.5242	779.328	1070.08	1.0	-1.0	-1440.0	-1600.0	1.0	0.0502	-0.0799	0.9955	31.111	1.1313	-39.8785	0.0	13	1.0	0.0		3790	0	0
1701890831209	t	courtyard_test_cue_studyhall_right	0.0	0	0	5.4823	779.616	1067.04	1.0	-1.0	-1440.0	-1600.0	1.0	0.0478	-0.0709	0.9963	31.1193	1.141	-39.9027	0.0	13	1.0	0.0		3790	0	0
1701890831217	t	courtyard_test_cue_studyhall_right	0.0	0	0	5.4972	776.88	1066.56	1.0	-1.0	-1440.0	-1600.0	1.0	0.0546	-0.0713	0.996	31.1383	1.2157	-40.1095	0.0	13	1.0	0.0		3790	0	0
1701890831225	t	courtyard_test_cue_studyhall_right	0.0	0	0	5.4497	777.6	1065.92	1.0	-1.0	-1440.0	-1600.0	1.0	0.0505	-0.0721	0.9961	31.1473	1.2459	-40.1655	0.0	13	1.0	0.0		3790	0	0
1701890831234	t	courtyard_test_cue_studyhall_right	0.0	0	0	5.4818	777.1679999999999	1065.12	1.0	-1.0	-1440.0	-1600.0	1.0	0.0514	-0.0719	0.9961	31.1503	1.2406	-40.1112	0.0	13	1.0	0.0		3790	0	0
1701890831243	t	courtyard_test_cue_studyhall_right	0.0	0	0	5.4846	775.008	1064.6399999999999	1.0	-1.0	-1440.0	-1600.0	1.0	0.0571	-0.0718	0.9958	31.1647	1.2785	-40.2065	0.0	13	1.0	0.0		3790	0	0
1701890831251	t	courtyard_test_cue_studyhall_right	0.0	0	0	5.4876	765.792	1071.6799999999998	1.0	-1.0	-1440.0	-1600.0	1.0	0.0758	-0.0799	0.9939	31.2498	1.3353	-40.6333	0.0	13	1.0	0.0		3790	0	0
1701890831259	t	courtyard_test_cue_studyhall_right	0.0	0	0	5.5933	748.6560000000001	1095.04	1.0	-1.0	-1440.0	-1600.0	1.0	0.1204	-0.1137	0.9862	31.3326	0.8863	-39.8305	0.0	13	1.0	0.0		3790	0	0
1701890831268	t	courtyard_test_cue_studyhall_right	0.0	0	0	5.4945	733.104	1117.6	1.0	-1.0	-1440.0	-1600.0	1.0	0.1552	-0.1496	0.9765	31.452	0.7217	-39.8797	0.0	13	1.0	0.0		3790	0	0
1701890831276	t	courtyard_test_cue_studyhall_right	0.0	0	0	5.4838	722.16	1135.2	1.0	-1.0	-1440.0	-1600.0	1.0	0.1783	-0.175	0.9683	31.5403	0.5854	-39.9243	0.0	13	1.0	0.0		3790	0	0
1701890831284	t	courtyard_test_cue_studyhall_right	0.0	0	0	5.633	719.28	1148.48	1.0	-1.0	-1440.0	-1600.0	1.0	0.1845	-0.2054	0.9611	31.56	0.5364	-39.927	0.0	13	1.0	0.0		3790	0	0
1701890831292	t	courtyard_test_cue_studyhall_right	0.0	0	0	5.5933	717.84	1142.24	1.0	-1.0	-1440.0	-1600.0	1.0	0.1852	-0.1928	0.9636	31.5849	0.5718	-39.9294	0.0	13	1.0	0.0		3790	0	0
1701890831301	t	courtyard_test_cue_studyhall_right	0.0	0	0	5.6965	716.832	1145.9199999999998	1.0	-1.0	-1440.0	-1600.0	1.0	0.1862	-0.2091	0.96	31.5972	0.5994	-39.9232	0.0	13	1.0	0.0		3790	0	0
1701890831309	t	courtyard_test_cue_studyhall_right	0.0	0	0	5.6923	714.672	1141.28	1.0	-1.0	-1440.0	-1600.0	1.0	0.1925	-0.2015	0.9604	31.6064	0.6349	-39.9226	0.0	13	1.0	0.0		3790	0	0
1701890831317	t	courtyard_test_cue_studyhall_right	0.0	0	0	5.5744	714.24	1138.0800000000002	1.0	-1.0	-1440.0	-1600.0	1.0	0.1948	-0.1979	0.9607	31.6053	0.6616	-39.9139	0.0	13	1.0	0.0		3790	0	0
1701890831326	t	courtyard_test_cue_studyhall_right	0.0	0	0	5.5416	716.976	1133.6000000000001	1.0	-1.0	-1440.0	-1600.0	1.0	0.1824	-0.1951	0.9637	31.6148	0.7102	-39.8971	0.0	13	1.0	0.0		3790	0	0
1701890831334	t	courtyard_test_cue_studyhall_right	0.0	0	0	5.5971	713.088	1132.16	1.0	-1.0	-1440.0	-1600.0	0.4574	0.195	-0.1996	0.9603	31.6255	0.761	-39.8937	0.0	13	1.0	0.0		3790	0	0
1701890831342	t	courtyard_test_cue_studyhall_right	0.0	0	0	5.5651	713.232	1132.48	1.0	-1.0	-1440.0	-1600.0	0.4574	0.1935	-0.2111	0.9581	31.6299	0.8096	-39.8763	0.0	13	1.0	0.0		3790	0	0
1701890831351	t	courtyard_test_cue_studyhall_right	0.0	0	0	5.5865	713.664	1124.0	0.974	-1.0	-1440.0	-1600.0	0.5663	0.1885	-0.1942	0.9627	31.6482	0.8554	-39.8689	0.0	13	1.0	0.0		3790	0	0
1701890831359	t	courtyard_test_cue_studyhall_right	0.0	0	0	5.6212	712.6560000000001	1122.8799999999999	0.974	-1.0	-1440.0	-1600.0	0.5663	0.1923	-0.2063	0.9594	31.6474	0.9311	-39.8459	0.0	13	1.0	0.0		3790	200	MYKEYWORD 200
