Recording timestamp	type	Scene Name	scene_num	order	djv_reported	PupilDiam_Left	Gaze2d_Left.x	Gaze2d_Left.y	left_eye_openness	PupilDiam_Right	Gaze2d_Right.x	Gaze2d_Right.y	right_eye_openness	gaze_direction_x	gaze_direction_y	gaze_direction_z	gaze_origin_x	gaze_origin_y	gaze_origin_z	gaze_convergence_distance	participant	study_status	scene_familiarity	recall_status	Identifier	Event value	Event message
1701721155616	t	observatory_test_cue_domeroom_right	0.0	1	0	3.625	564.192	1100.6399999999999	0.8826	3.8266	616.4639999999999	1174.8799999999999	0.9085	0.2921	-0.2695	0.9176	4.6808	1.6333	-42.4424	0.0	4	0.0	0.0		3395	100	MYKEYWORD 100
1701721155625	t	observatory_test_cue_domeroom_right	0.0	1	0	3.5668	565.2	1095.36	0.8862	3.7179	617.76	1167.84	0.9231	0.2896	-0.2581	0.9217	4.1682	1.6615	-42.4347	0.0	4	0.0	0.0		3395	0	0
1701721155633	t	observatory_test_cue_domeroom_right	0.0	1	0	3.5316	567.648	1092.0	0.8862	3.7416	619.488	1168.8	0.9231	0.2836	-0.2605	0.9229	3.3934	1.6777	-42.4255	0.0	4	0.0	0.0		3395	0	0
1701721155641	t	observatory_test_cue_domeroom_right	0.0	1	0	3.61	567.648	1090.4	0.8852	3.756	620.064	1164.6399999999999	0.9302	0.2813	-0.2534	0.9255	3.1599	1.6841	-42.4257	0.0	4	0.0	0.0		3395	0	0
1701721155650	t	observatory_test_cue_domeroom_right	0.0	1	0	3.5698	568.08	1086.88	0.8852	3.7859	623.232	1163.2	0.9302	0.2711	-0.2474	0.9302	4.0838	1.6986	-42.4135	0.0	4	0.0	0.0		3395	0	0
1701721155658	t	observatory_test_cue_domeroom_right	0.0	1	0	3.5994	568.3679999999999	1083.84	0.9096	3.7891	619.488	1160.1599999999999	0.9427	0.2721	-0.2399	0.9319	4.866	1.7205	-42.4079	0.0	4	0.0	0.0		3395	0	0
1701721155666	t	observatory_test_cue_domeroom_right	0.0	1	0	3.5259	566.784	1081.6000000000001	0.9102	3.731	619.488	1156.48	0.9431	0.2715	-0.2431	0.9312	4.7034	1.7733	-42.3932	0.0	4	0.0	0.0		3395	0	0
1701721155675	t	observatory_test_cue_domeroom_right	0.0	1	0	3.6648	565.4879999999999	1076.8000000000002	0.9177	3.7036	620.496	1144.32	0.9607	0.2617	-0.2286	0.9377	4.9286	1.8295	-42.3844	0.0	4	0.0	0.0		3395	0	0
1701721155683	t	observatory_test_cue_domeroom_right	0.0	1	0	3.5995	565.632	1072.96	0.9177	3.7822	621.216	1134.56	0.9607	0.2574	-0.2263	0.9394	5.0361	1.9133	-42.3561	0.0	4	0.0	0.0		3395	0	0
1701721155691	t	observatory_test_cue_domeroom_right	0.0	1	0	3.5567	566.928	1070.4	0.8869	3.6719	620.2080000000001	1127.84	0.9595	0.2512	-0.2293	0.9404	7.0363	2.0022	-42.3189	0.0	4	0.0	0.0		3395	0	0
1701721155700	t	observatory_test_cue_domeroom_right	0.0	1	0	3.4794	570.96	1061.9199999999998	0.8869	3.6727	625.68	1126.56	0.9595	0.2346	-0.2214	0.9465	9.2839	2.0558	-42.2794	0.0	4	0.0	0.0		3395	0	0
1701721155708	t	observatory_test_cue_domeroom_right	0.0	1	0	3.4804	573.264	1057.6000000000001	0.8873	3.677	628.272	1123.8400000000001	0.954	0.2337	-0.2179	0.9476	9.6848	2.0975	-42.2616	0.0	4	0.0	0.0		3395	0	0
1701721155716	t	observatory_test_cue_domeroom_right	0.0	1	0	3.4893	579.456	1058.08	0.8873	3.7153	632.16	1125.1200000000001	0.954	0.2285	-0.2257	0.947	8.3126	2.1055	-42.253	0.0	4	0.0	0.0		3395	0	0
1701721155724	t	observatory_test_cue_domeroom_right	0.0	1	0	3.5135	586.0799999999999	1053.6	0.8927	3.693	639.7919999999999	1128.0	0.9622	0.2205	-0.222	0.9498	5.9092	2.0814	-42.2572	0.0	4	0.0	0.0		3395	0	0
1701721155733	t	observatory_test_cue_domeroom_right	0.0	1	0	3.5123	591.264	1051.84	0.8927	3.7484	646.704	1128.3200000000002	0.9622	0.2213	-0.2169	0.9508	-1.1763	1.994	-42.3078	0.0	4	0.0	0.0		3395	0	0
1701721155741	t	observatory_test_cue_domeroom_right	0.0	1	0	3.4006	600.048	1049.44	0.9073	3.6837	655.632	1135.04	0.962	0.2082	-0.2216	0.9526	-6.4736	1.903	-42.348	0.0	4	0.0	0.0		3395	0	0
1701721155750	t	observatory_test_cue_domeroom_right	0.0	1	0	3.404	607.68	1047.68	0.9073	3.6563	664.7040000000001	1137.12	0.962	0.198	-0.214	0.9565	-11.0332	1.7961	-42.3946	0.0	4	0.0	0.0		3395	0	0
1701721155758	t	observatory_test_cue_domeroom_right	0.0	1	0	3.4566	617.04	1050.72	0.8994	3.693	670.752	1144.64	0.971	0.1904	-0.2227	0.9561	-12.9044	1.7146	-42.4142	0.0	4	0.0	0.0		3395	0	0
1701721155766	t	observatory_test_cue_domeroom_right	0.0	1	0	3.4639	621.072	1052.1599999999999	0.8994	3.4913	672.192	1152.96	0.971	0.1917	-0.2287	0.9544	-12.5862	1.6505	-42.4254	0.0	4	0.0	0.0		3395	0	0
1701721155774	t	observatory_test_cue_domeroom_right	0.0	1	0	3.4568	609.696	1064.0	0.9094	3.5483	664.992	1162.4	0.9946	0.2074	-0.242	0.9478	-8.0542	1.6358	-42.4097	0.0	4	0.0	0.0		3395	0	0
1701721155782	t	observatory_test_cue_domeroom_right	0.0	1	0	3.4911	587.232	1076.1599999999999	0.9094	3.6411	640.6560000000001	1169.28	0.9946	0.2583	-0.2377	0.9364	8.0161	1.7403	-42.3199	0.0	4	0.0	0.0		3395	0	0
1701721155792	t	observatory_test_cue_domeroom_right	0.0	1	0	3.4596	570.528	1082.72	0.9013	3.7008	619.776	1177.28	0.9754	0.2954	-0.2394	0.9249	10.0779	1.6948	-42.36	0.0	4	0.0	0.0		3395	0	0
1701721155800	t	observatory_test_cue_domeroom_right	0.0	1	0	3.4627	566.064	1083.52	0.9019	3.6728	608.4	1174.08	0.9756	0.3036	-0.2291	0.9248	11.5051	1.6882	-42.3811	0.0	4	0.0	0.0		3395	0	0
1701721155808	t	observatory_test_cue_domeroom_right	0.0	1	0	3.4783	570.24	1084.32	0.8404	3.5936	611.28	1173.6000000000001	0.9185	0.2946	-0.2315	0.9272	11.6392	1.6887	-42.3661	0.0	4	0.0	0.0		3395	0	0
1701721155817	t	observatory_test_cue_domeroom_right	0.0	1	0	3.3959	573.12	1082.4	0.8404	3.6417	618.768	1170.08	0.9185	0.2878	-0.2315	0.9293	9.4381	1.6888	-42.3673	0.0	4	0.0	0.0		3395	0	0
1701721155825	t	observatory_test_cue_domeroom_right	0.0	1	0	3.4494	576.0	1079.2	0.8104	3.6214	621.36	1168.0	0.8949	0.2865	-0.2351	0.9288	-8.3225	1.5081	-42.5313	0.0	4	0.0	0.0		3395	0	0
1701721155833	t	observatory_test_cue_domeroom_right	0.0	1	0	3.4859	577.872	1075.84	0.8104	3.6289	623.808	1169.6	0.8949	0.2821	-0.2398	0.9289	-7.9665	1.5343	-42.5151	0.0	4	0.0	0.0		3395	0	0
1701721155842	t	observatory_test_cue_domeroom_right	0.0	1	0	3.3989	579.312	1074.72	0.8312	3.5792	624.816	1168.48	0.9312	0.2802	-0.24	0.9294	-5.142	1.5891	-42.4764	0.0	4	0.0	0.0		3395	0	0
1701721155850	t	observatory_test_cue_domeroom_right	0.0	1	0	3.4052	579.744	1075.0400000000002	0.8312	3.6834	628.272	1166.56	0.9312	0.2738	-0.2372	0.9321	4.8308	1.7262	-42.3645	0.0	4	0.0	0.0		3395	0	0
1701721155858	t	observatory_test_cue_domeroom_right	0.0	1	0	3.3916	583.2	1068.0	0.8375	3.5815	628.9920000000001	1164.0	0.9368	0.2709	-0.2295	0.9348	2.5444	1.7282	-42.3744	0.0	4	0.0	0.0		3395	0	0
1701721155867	t	observatory_test_cue_domeroom_right	0.0	1	0	3.3942	585.648	1068.32	0.8375	3.5613	631.584	1158.3999999999999	0.9368	0.268	-0.2289	0.9358	1.7041	1.7514	-42.3685	0.0	4	0.0	0.0		3395	0	0
1701721155875	t	observatory_test_cue_domeroom_right	0.0	1	0	3.3606	588.24	1064.96	0.8513	3.6065	634.32	1154.88	0.971	0.2629	-0.2245	0.9383	2.2023	1.7849	-42.3503	0.0	4	0.0	0.0		3395	0	0
1701721155883	t	observatory_test_cue_domeroom_right	0.0	1	0	3.3913	588.096	1062.4	0.8513	3.4612	635.904	1151.04	0.971	0.2619	-0.2177	0.9402	2.2516	1.8012	-42.3469	0.0	4	0.0	0.0		3395	0	0
1701721155892	t	observatory_test_cue_domeroom_right	0.0	1	0	3.293	589.8240000000001	1064.8	0.869	3.5684	636.48	1148.96	0.9703	0.2582	-0.2206	0.9406	2.462	1.8116	-42.3369	0.0	4	0.0	0.0		3395	0	0
1701721155900	t	observatory_test_cue_domeroom_right	0.0	1	0	3.3895	588.24	1060.64	0.869	3.4281	637.056	1147.52	0.9703	0.259	-0.2169	0.9412	3.4881	1.8512	-42.322	0.0	4	0.0	0.0		3395	0	0
1701721155908	t	observatory_test_cue_domeroom_right	0.0	1	0	3.4266	591.408	1060.0	0.8574	3.5569	637.92	1140.8	0.9834	0.2499	-0.2133	0.9445	4.5263	1.8955	-42.2979	0.0	4	0.0	0.0		3395	0	0
1701721155916	t	observatory_test_cue_domeroom_right	0.0	1	0	3.4124	589.248	1056.48	0.8574	3.5371	638.064	1138.0800000000002	0.9834	0.2544	-0.2095	0.9441	4.8715	1.9322	-42.2904	0.0	4	0.0	0.0		3395	0	0
1701721155925	t	observatory_test_cue_domeroom_right	0.0	1	0	3.3313	589.68	1053.44	0.8427	3.6247	639.936	1135.3600000000001	0.9901	0.2527	-0.2036	0.9459	4.8553	1.9479	-42.2863	0.0	4	0.0	0.0		3395	0	0
1701721155934	t	observatory_test_cue_domeroom_right	0.0	1	0	3.3971	593.568	1049.6000000000001	0.8436	3.5482	644.832	1138.8799999999999	0.9902	0.2399	-0.2047	0.949	4.2891	1.9466	-42.2796	0.0	4	0.0	0.0		3395	0	0
1701721155941	t	observatory_test_cue_domeroom_right	0.0	1	0	3.4011	595.4399999999999	1049.12	0.8677	3.6041	643.5360000000001	1136.3200000000002	0.9837	0.2436	-0.1987	0.9493	3.2431	1.9294	-42.2941	0.0	4	0.0	0.0		3395	0	0
1701721155949	t	observatory_test_cue_domeroom_right	0.0	1	0	3.317	596.448	1050.08	0.8677	3.5785	646.1279999999999	1139.8400000000001	0.9837	0.2436	-0.2064	0.9476	2.2665	1.9167	-42.2986	0.0	4	0.0	0.0		3395	0	0
1701721155957	t	observatory_test_cue_domeroom_right	0.0	1	0	3.299	597.888	1048.48	0.8725	3.5972	650.736	1137.76	0.9784	0.2379	-0.2036	0.9497	1.6045	1.9206	-42.2969	0.0	4	0.0	0.0		3395	0	0
1701721155966	t	observatory_test_cue_domeroom_right	0.0	1	0	3.4046	599.76	1047.36	0.8725	3.615	652.32	1137.12	0.9784	0.2338	-0.2055	0.9503	1.254	1.9351	-42.2888	0.0	4	0.0	0.0		3395	0	0
1701721155975	t	observatory_test_cue_domeroom_right	0.0	1	0	3.3797	600.336	1043.52	0.8973	3.5886	653.04	1134.3999999999999	0.9955	0.2332	-0.2004	0.9515	1.4041	1.9637	-42.2805	0.0	4	0.0	0.0		3395	0	0
1701721155983	t	observatory_test_cue_domeroom_right	0.0	1	0	3.3259	602.208	1043.84	0.8973	3.6304	654.48	1132.0	0.9955	0.2292	-0.2035	0.9519	1.7365	1.9943	-42.2646	0.0	4	0.0	0.0		3395	0	0
1701721155991	t	observatory_test_cue_domeroom_right	0.0	1	0	3.3721	604.944	1036.0	0.8859	3.5965	656.352	1130.8799999999999	0.9946	0.2234	-0.1948	0.955	1.5852	2.0185	-42.2541	0.0	4	0.0	0.0		3395	0	0
1701721156000	t	observatory_test_cue_domeroom_right	0.0	1	0	3.3696	606.528	1037.76	0.8859	3.57	657.648	1129.44	0.9946	0.2233	-0.1995	0.9541	1.1885	2.0299	-42.2488	0.0	4	0.0	0.0		3395	0	0
1701721156008	t	observatory_test_cue_domeroom_right	0.0	1	0	3.3219	609.696	1037.6	0.8824	3.5867	661.536	1131.04	0.9875	0.2153	-0.2053	0.9547	0.332	2.0282	-42.2452	0.0	4	0.0	0.0		3395	0	0
1701721156016	t	observatory_test_cue_domeroom_right	0.0	1	0	3.3617	609.552	1039.36	0.8824	3.6447	660.96	1128.1599999999999	0.9875	0.2233	-0.2035	0.9533	-0.5188	2.0228	-42.2537	0.0	4	0.0	0.0		3395	0	0
1701721156025	t	observatory_test_cue_domeroom_right	0.0	1	0	3.3736	608.976	1036.64	0.8913	3.5861	660.96	1129.44	0.9852	0.2271	-0.2	0.9531	-0.8043	2.0138	-42.2645	0.0	4	0.0	0.0		3395	0	0
1701721156033	t	observatory_test_cue_domeroom_right	0.0	1	0	3.3348	612.144	1037.28	0.8913	3.5979	661.248	1128.48	0.9852	0.2246	-0.203	0.953	-1.0611	2.0234	-42.2556	0.0	4	0.0	0.0		3395	0	0
1701721156041	t	observatory_test_cue_domeroom_right	0.0	1	0	3.4575	611.568	1032.96	1.0	3.5358	661.968	1127.04	1.0	0.227	-0.2002	0.9531	-0.9579	2.0585	-42.2516	0.0	4	0.0	0.0		3395	0	0
1701721156049	t	observatory_test_cue_domeroom_right	0.0	1	0	3.4394	619.2	1028.96	1.0	3.5362	673.776	1126.08	1.0	0.2113	-0.2077	0.9551	-0.8018	2.1218	-42.2095	0.0	4	0.0	0.0		3395	0	0
1701721156058	t	observatory_test_cue_domeroom_right	0.0	1	0	3.2329	646.416	1009.6	1.0	3.5135	703.7280000000001	1106.08	1.0	0.1478	-0.1746	0.9735	9.0086	2.4475	-42.1911	0.0	4	0.0	0.0		3395	0	0
1701721156066	t	observatory_test_cue_domeroom_right	0.0	1	0	3.2677	675.36	997.6000000000001	1.0	3.3944	731.2320000000001	1091.04	1.0	0.0922	-0.1606	0.9827	28.1048	2.9346	-42.218	0.0	4	0.0	0.0		3395	0	0
1701721156075	t	observatory_test_cue_domeroom_right	0.0	1	0	3.1946	700.8480000000001	976.4799999999999	0.8293	3.4194	753.12	1080.32	0.9479	0.0536	-0.1355	0.9893	17.9964	3.1146	-42.7969	0.0	4	0.0	0.0		3395	0	0
1701721156083	t	observatory_test_cue_domeroom_right	0.0	1	0	3.1443	729.2159999999999	952.4800000000001	0.8293	3.5133	773.1360000000001	1062.24	0.9479	0.0445	-0.1086	0.9931	-34.032	2.2004	-42.5985	0.0	4	0.0	0.0		3395	0	0
1701721156091	t	observatory_test_cue_domeroom_right	0.0	1	0	3.2973	755.5680000000001	941.76	0.7853	3.3144	797.904	1055.36	0.8467	0.0043	-0.1142	0.9934	-34.3557	2.5529	-43.3024	0.0	4	0.0	0.0		3395	0	0
1701721156100	t	observatory_test_cue_domeroom_right	0.0	1	0	3.2564	785.52	930.24	0.7853	3.0069	807.6959999999999	1046.0800000000002	0.8467	0.0224	-0.1049	0.9942	-34.6343	2.5016	-42.8181	0.0	4	0.0	0.0		3395	0	0
1701721156108	t	observatory_test_cue_domeroom_right	0.0	1	0	3.4095	809.2800000000001	907.5200000000001	0.803	2.9089	837.792	1032.6399999999999	0.7164	-0.0413	-0.0762	0.9962	-34.8963	2.6598	-43.0404	0.0	4	0.0	0.0		3395	0	0
1701721156116	t	observatory_test_cue_domeroom_right	0.0	1	0	3.1616	834.336	906.4	0.803	3.3284	872.784	1012.1600000000001	0.7164	-0.1167	-0.0097	0.9931	-35.1828	2.6341	-42.7765	0.0	4	0.0	0.0		3395	0	0
1701721156125	t	observatory_test_cue_domeroom_right	0.0	1	0	2.9381	856.08	903.2	0.7881	4.2929	928.944	981.1199999999999	0.6399	-0.2566	0.1121	0.96	-35.5384	2.7419	-43.0157	0.0	4	0.0	0.0		3395	0	0
1701721156134	t	observatory_test_cue_domeroom_right	0.0	1	0	3.6354	895.968	875.36	0.7881	3.6677	948.96	1015.84	0.6399	-0.2808	0.0261	0.9594	-35.7866	2.5584	-43.0291	0.0	4	0.0	0.0		3395	0	0
1701721156142	t	observatory_test_cue_domeroom_right	0.0	1	0	3.7672	926.7839999999999	872.8	0.7776	3.4083	975.6	1031.2	0.5468	-0.3183	-0.0024	0.948	-36.0783	2.4873	-43.1321	0.0	4	0.0	0.0		3395	0	0
1701721156149	t	observatory_test_cue_domeroom_right	0.0	1	0	3.6222	958.608	886.72	0.7776	3.6829	999.936	1035.04	0.5468	-0.3338	0.0121	0.9425	-36.4188	2.4219	-43.2721	0.0	4	0.0	0.0		3395	0	0
1701721156158	t	observatory_test_cue_domeroom_right	0.0	1	0	3.651	978.7679999999999	881.9200000000001	0.7647	3.6872	1041.264	1045.12	0.5535	-0.4305	0.007	0.9025	-36.6649	2.4177	-43.4793	0.0	4	0.0	0.0		3395	0	0
1701721156166	t	observatory_test_cue_domeroom_right	0.0	1	0	3.8481	1002.528	883.52	0.7647	4.03	1059.1200000000001	1042.88	0.5535	-0.4407	0.0401	0.8967	-36.9008	2.368	-43.6194	0.0	4	0.0	0.0		3395	0	0
1701721156174	t	observatory_test_cue_domeroom_right	0.0	1	0	3.6842	1016.7839999999999	902.3999999999999	0.7963	4.1341	1069.488	1054.0800000000002	0.5996	-0.4476	0.0307	0.8937	-37.0284	2.2682	-43.6852	0.0	4	0.0	0.0		3395	0	0
1701721156183	t	observatory_test_cue_domeroom_right	0.0	1	0	3.6581	1005.1199999999999	908.8	0.7963	3.6804	1060.128	1067.68	0.5996	-0.4316	-0.0231	0.9018	-36.9582	2.2433	-43.5961	0.0	4	0.0	0.0		3395	0	0
1701721156191	t	observatory_test_cue_domeroom_right	0.0	1	0	3.6695	985.104	913.12	0.9095	3.5694	1044.0	1059.2	0.5976	-0.3701	0.0146	0.9289	8.7054	3.2233	-42.7137	0.0	4	0.0	0.0		3395	0	0
1701721156199	t	observatory_test_cue_domeroom_right	0.0	1	0	3.7489	972.0000000000001	917.2800000000001	0.9101	3.8396	1021.8240000000001	1054.24	0.5993	-0.3638	0.0025	0.9315	-9.2991	2.8292	-42.933	0.0	4	0.0	0.0		3395	0	0
1701721156208	t	observatory_test_cue_domeroom_right	0.0	1	0	3.4451	948.5279999999999	912.64	0.9897	3.7091	1004.1120000000001	1043.2	0.6714	-0.3037	0.0295	0.9523	25.5059	3.5044	-42.3039	0.0	4	0.0	0.0		3395	0	0
1701721156216	t	observatory_test_cue_domeroom_right	0.0	1	0	3.7312	936.576	915.84	0.9897	3.8727	981.216	1038.4	0.6714	-0.3018	0.0165	0.9532	24.1831	3.4813	-42.2683	0.0	4	0.0	0.0		3395	0	0
1701721156224	t	observatory_test_cue_domeroom_right	0.0	1	0	3.4845	912.3840000000001	913.9200000000001	1.0	3.699	961.9200000000001	1037.12	1.0	-0.2588	0.0138	0.9658	23.3896	3.4613	-42.213	0.0	4	0.0	0.0		3395	0	0
1701721156233	t	observatory_test_cue_domeroom_right	0.0	1	0	3.5305	900.288	911.68	1.0	3.806	942.4799999999999	1035.52	1.0	-0.2468	0.0199	0.9688	24.1745	3.4628	-42.1534	0.0	4	0.0	0.0		3395	0	0
1701721156241	t	observatory_test_cue_domeroom_right	0.0	1	0	3.4292	875.808	916.48	1.0	3.8357	927.072	1039.52	1.0	-0.2361	0.0056	0.9717	-35.2205	2.2491	-42.9754	0.0	4	0.0	0.0		3395	0	0
1701721156250	t	observatory_test_cue_domeroom_right	0.0	1	0	3.6161	864.72	918.5600000000001	1.0	3.7899	910.9440000000001	1037.76	1.0	-0.2086	0.0005	0.978	-35.4388	2.2664	-42.9355	0.0	4	0.0	0.0		3395	0	0
1701721156258	t	observatory_test_cue_domeroom_right	0.0	1	0	3.5336	847.0079999999999	922.08	1.0	3.7001	894.96	1033.6000000000001	1.0	-0.1858	0.0107	0.9825	-35.2578	2.264	-42.8997	0.0	4	0.0	0.0		3395	0	0
1701721156267	t	observatory_test_cue_domeroom_right	0.0	1	0	3.2394	821.2320000000001	929.28	1.0	3.7387	872.496	1030.4	1.0	-0.1427	0.0	0.9897	-35.0523	2.3214	-42.8028	0.0	4	0.0	0.0		3395	0	0
1701721156275	t	observatory_test_cue_domeroom_right	0.0	1	0	3.2618	810.7199999999999	929.12	1.0	3.477	844.5600000000001	1030.4	1.0	-0.0991	-0.0079	0.995	-29.336	1.614	-40.0661	0.0	4	0.0	0.0		3395	0	0
1701721156283	t	observatory_test_cue_domeroom_right	0.0	1	0	3.4206	795.168	932.64	1.0	3.2203	819.936	1032.0	1.0	-0.0728	-0.0287	0.9969	7.4797	3.0604	-42.3908	0.0	4	0.0	0.0		3395	0	0
1701721156292	t	observatory_test_cue_domeroom_right	0.0	1	0	3.4247	775.4399999999999	936.96	1.0	3.6639	818.496	1021.12	1.0	-0.069	-0.0191	0.9974	8.5041	3.0223	-42.2707	0.0	4	0.0	0.0		3395	0	0
1701721156300	t	observatory_test_cue_domeroom_right	0.0	1	0	3.3163	759.312	937.9200000000001	1.0	3.5013	792.144	1027.68	1.0	-0.0162	-0.0461	0.9988	-33.4301	2.4513	-42.4693	0.0	4	0.0	0.0		3395	0	0
1701721156308	t	observatory_test_cue_domeroom_right	0.0	1	0	3.3949	746.352	942.4	1.0	3.5793	784.2239999999999	1027.84	1.0	-0.0178	-0.0422	0.9989	-34.0174	2.492	-42.7016	0.0	4	0.0	0.0		3395	0	0
1701721156317	t	observatory_test_cue_domeroom_right	0.0	1	0	3.4021	734.4	945.4399999999999	1.0	3.5763	771.2639999999999	1030.0800000000002	1.0	0.0101	-0.0439	0.999	-33.9167	2.5596	-43.033	0.0	4	0.0	0.0		3395	0	0
1701721156325	t	observatory_test_cue_domeroom_right	0.0	1	0	3.3012	726.624	947.1999999999999	1.0	3.497	761.904	1038.24	1.0	0.0208	-0.0614	0.9979	-33.794	2.3844	-42.6397	0.0	4	0.0	0.0		3395	0	0
1701721156333	t	observatory_test_cue_domeroom_right	0.0	1	0	3.169	720.144	949.44	1.0	3.3691	753.12	1045.44	1.0	0.0534	-0.0777	0.9955	-33.717	2.2807	-42.4471	0.0	4	0.0	0.0		3395	0	0
1701721156342	t	observatory_test_cue_domeroom_right	0.0	1	0	3.2836	727.3439999999999	946.72	0.9493	3.5511	760.464	1041.44	0.964	0.0343	-0.0596	0.9976	-13.7302	2.8951	-43.3628	0.0	4	0.0	0.0		3395	0	0
1701721156350	t	observatory_test_cue_domeroom_right	0.0	1	0	3.3088	755.5680000000001	948.8	0.9493	3.4029	788.8319999999999	1046.4	0.964	-0.0401	-0.0477	0.998	32.5099	3.5399	-43.0818	0.0	4	0.0	0.0		3395	0	0
1701721156358	t	observatory_test_cue_domeroom_right	0.0	1	0	3.2642	788.9760000000001	952.96	0.9581	3.8385	840.096	1042.24	0.9747	-0.109	-0.0486	0.9928	7.9372	3.0315	-42.855	0.0	4	0.0	0.0		3395	0	0
1701721156366	t	observatory_test_cue_domeroom_right	0.0	1	0	3.4157	824.2560000000001	954.72	0.9581	3.7088	870.0479999999999	1051.2	0.9747	-0.1817	-0.0585	0.9816	-31.2759	2.2632	-42.5994	0.0	4	0.0	0.0		3395	0	0
1701721156375	t	observatory_test_cue_domeroom_right	0.0	1	0	3.416	849.7439999999999	954.72	1.0	3.7726	894.528	1054.0800000000002	1.0	-0.2392	-0.0588	0.9692	-34.9837	2.21	-42.7009	0.0	4	0.0	0.0		3395	0	0
1701721156383	t	observatory_test_cue_domeroom_right	0.0	1	0	3.5266	861.696	957.1199999999999	1.0	3.8662	891.36	1058.24	1.0	-0.2214	-0.0801	0.9719	-35.038	2.2297	-42.6745	0.0	4	0.0	0.0		3395	0	0
1701721156391	t	observatory_test_cue_domeroom_right	0.0	1	0	3.5379	843.408	950.08	1.0	3.7797	884.016	1049.28	1.0	-0.2032	-0.0584	0.9774	-34.9912	2.2608	-42.6659	0.0	4	0.0	0.0		3395	0	0
1701721156400	t	observatory_test_cue_domeroom_right	0.0	1	0	3.5293	837.792	948.8	1.0	3.7199	879.408	1050.08	1.0	-0.1971	-0.0626	0.9784	-34.9375	2.2581	-42.6512	0.0	4	0.0	0.0		3395	0	0
1701721156408	t	observatory_test_cue_domeroom_right	0.0	1	0	3.4122	831.1680000000001	949.44	1.0	3.5571	873.36	1052.64	1.0	-0.18	-0.0773	0.9806	-34.9061	2.2654	-42.6218	0.0	4	0.0	0.0		3395	0	0
1701721156417	t	observatory_test_cue_domeroom_right	0.0	1	0	3.2176	818.496	945.4399999999999	1.0	3.6885	867.888	1048.96	1.0	-0.1646	-0.0667	0.9841	-34.8778	2.2717	-42.6098	0.0	4	0.0	0.0		3395	0	0
1701721156425	t	observatory_test_cue_domeroom_right	0.0	1	0	3.2965	812.4480000000001	941.1199999999999	1.0	3.643	862.128	1052.8	1.0	-0.1501	-0.0854	0.985	-34.8403	2.2778	-42.5774	0.0	4	0.0	0.0		3395	0	0
1701721156433	t	observatory_test_cue_domeroom_right	0.0	1	0	3.1378	804.384	941.92	1.0	3.7225	852.336	1044.32	1.0	-0.1323	-0.0577	0.9895	-34.745	2.2761	-42.5484	0.0	4	0.0	0.0		3395	0	0
1701721156442	t	observatory_test_cue_domeroom_right	0.0	1	0	3.3	797.7600000000001	942.56	1.0	3.7398	845.7120000000001	1046.24	1.0	-0.1249	-0.0694	0.9897	-34.6583	2.2782	-42.4903	0.0	4	0.0	0.0		3395	0	0
1701721156450	t	observatory_test_cue_domeroom_right	0.0	1	0	3.289	789.84	944.8000000000001	1.0	3.1339	822.96	1050.3999999999999	1.0	-0.0605	-0.0885	0.9942	-34.4898	1.9343	-41.3838	0.0	4	0.0	0.0		3395	0	0
1701721156458	t	observatory_test_cue_domeroom_right	0.0	1	0	3.2706	780.0479999999999	948.32	1.0	3.3294	813.744	1051.2	1.0	-0.0479	-0.1014	0.9937	-33.5492	2.0498	-41.5553	0.0	4	0.0	0.0		3395	0	0
1701721156467	t	observatory_test_cue_domeroom_right	0.0	1	0	3.2088	769.392	950.4	1.0	3.4698	808.848	1044.1599999999999	1.0	-0.0457	-0.0895	0.9949	-34.1047	2.4491	-42.6983	0.0	4	0.0	0.0		3395	0	0
1701721156475	t	observatory_test_cue_domeroom_right	0.0	1	0	3.0926	761.04	953.28	1.0	3.6157	803.088	1041.76	1.0	-0.0379	-0.0815	0.9959	-33.9185	2.3565	-42.3803	0.0	4	0.0	0.0		3395	0	0
1701721156483	t	observatory_test_cue_domeroom_right	0.0	1	0	3.1223	752.8320000000001	955.04	1.0	3.5445	792.576	1041.28	1.0	-0.0101	-0.0819	0.9966	-32.2448	2.4285	-42.5236	0.0	4	0.0	0.0		3395	0	0
1701721156492	t	observatory_test_cue_domeroom_right	0.0	1	0	3.1192	750.9599999999999	955.52	1.0	3.4458	788.544	1042.56	1.0	0.0002	-0.083	0.9965	-30.1379	2.5113	-42.7461	0.0	4	0.0	0.0		3395	0	0
1701721156500	t	observatory_test_cue_domeroom_right	0.0	1	0	3.1878	746.9280000000001	956.9599999999999	1.0	3.5252	789.264	1048.48	1.0	-0.0154	-0.0875	0.996	3.7387	3.0296	-42.8082	0.0	4	0.0	0.0		3395	0	0
1701721156508	t	observatory_test_cue_domeroom_right	0.0	1	0	3.0108	745.7760000000001	956.0	1.0	3.4644	784.3679999999999	1045.76	1.0	-0.0085	-0.0865	0.9962	8.0227	3.2249	-43.1763	0.0	4	0.0	0.0		3395	0	0
1701721156517	t	observatory_test_cue_domeroom_right	0.0	1	0	3.0738	739.584	953.4399999999999	1.0	3.4819	780.336	1047.04	1.0	-0.0056	-0.0847	0.9964	26.6499	3.4679	-42.8769	0.0	4	0.0	0.0		3395	0	0
1701721156525	t	observatory_test_cue_domeroom_right	0.0	1	0	3.162	737.1360000000001	951.68	1.0	3.4968	777.744	1043.2	1.0	-0.0138	-0.0838	0.9964	32.163	3.6869	-43.2172	0.0	4	0.0	0.0		3395	0	0
1701721156533	t	observatory_test_cue_domeroom_right	0.0	1	0	3.198	732.3840000000001	950.7199999999999	1.0	3.5235	775.152	1041.6000000000001	1.0	0.001	-0.0878	0.9961	18.0056	3.5125	-43.3112	0.0	4	0.0	0.0		3395	0	0
1701721156542	t	observatory_test_cue_domeroom_right	0.0	1	0	3.1435	745.6320000000001	947.04	1.0	3.3808	788.544	1038.24	1.0	-0.0116	-0.0928	0.9956	-17.0842	2.9281	-43.0159	0.0	4	0.0	0.0		3395	0	0
1701721156550	t	observatory_test_cue_domeroom_right	0.0	1	0	3.1953	768.096	939.04	1.0	3.4802	814.896	1033.28	1.0	-0.0739	-0.0674	0.995	-0.0156	2.9392	-42.0942	0.0	4	0.0	0.0		3395	0	0
1701721156558	t	observatory_test_cue_domeroom_right	0.0	1	0	3.1779	790.5600000000001	938.4000000000001	1.0	3.4316	836.352	1024.48	1.0	-0.111	-0.0631	0.9918	29.5031	3.6063	-42.5826	0.0	4	0.0	0.0		3395	0	0
1701721156566	t	observatory_test_cue_domeroom_right	0.0	1	0	3.2891	806.976	926.56	1.0	3.2343	846.8639999999999	1013.4399999999999	1.0	-0.1438	-0.0255	0.9893	21.2277	3.469	-42.4547	0.0	4	0.0	0.0		3395	0	0
1701721156575	t	observatory_test_cue_domeroom_right	0.0	1	0	3.2704	802.224	930.72	1.0	3.4957	844.992	1016.16	1.0	-0.1282	-0.0356	0.9911	17.8673	3.4036	-42.4725	0.0	4	0.0	0.0		3395	0	0
1701721156583	t	observatory_test_cue_domeroom_right	0.0	1	0	3.2329	799.344	931.1999999999999	1.0	2.7587	822.3840000000001	1025.28	1.0	-0.1169	-0.0324	0.9926	33.0378	3.6675	-42.6717	0.0	4	0.0	0.0		3395	0	0
1701721156592	t	observatory_test_cue_domeroom_right	0.0	1	0	3.2668	801.072	934.24	1.0	3.3632	848.4479999999999	1017.92	1.0	-0.1199	-0.039	0.992	32.9566	3.5941	-42.4786	0.0	4	0.0	0.0		3395	0	0
1701721156600	t	observatory_test_cue_domeroom_right	0.0	1	0	3.2378	802.6560000000001	933.76	1.0	3.2305	844.272	1007.1999999999999	1.0	-0.1185	-0.0448	0.9919	32.7505	3.6175	-42.4507	0.0	4	0.0	0.0		3395	0	0
1701721156608	t	observatory_test_cue_domeroom_right	0.0	1	0	3.1912	803.952	930.88	1.0	3.3218	850.032	1016.96	1.0	-0.1163	-0.0438	0.9922	32.6883	3.5228	-41.9739	0.0	4	0.0	0.0		3395	0	0
1701721156617	t	observatory_test_cue_domeroom_right	0.0	1	0	3.2462	802.944	931.3599999999999	1.0	2.9288	835.0559999999999	1022.24	1.0	-0.1092	-0.0518	0.9927	33.0776	3.5706	-42.0089	0.0	4	0.0	0.0		3395	0	0
1701721156625	t	observatory_test_cue_domeroom_right	0.0	1	0	3.3282	800.496	926.8800000000001	1.0	2.9506	833.76	1022.08	1.0	-0.1007	-0.0428	0.994	31.9982	3.4395	-41.4974	0.0	4	0.0	0.0		3395	0	0
1701721156633	t	observatory_test_cue_domeroom_right	0.0	1	0	3.2895	799.92	923.84	1.0	3.1319	845.856	1017.92	1.0	-0.0953	-0.042	0.9946	3.8153	3.0374	-41.6738	0.0	4	0.0	0.0		3395	0	0
1701721156642	t	observatory_test_cue_domeroom_right	0.0	1	0	3.3353	798.336	922.24	1.0	3.4292	847.5840000000001	1020.96	1.0	-0.095	-0.0459	0.9944	-25.806	2.645	-42.1827	0.0	4	0.0	0.0		3395	0	0
1701721156650	t	observatory_test_cue_domeroom_right	0.0	1	0	3.3205	795.8879999999999	924.16	1.0	3.1815	841.8240000000001	1028.0	1.0	-0.0744	-0.0614	0.9953	-32.635	2.4656	-42.1884	0.0	4	0.0	0.0		3395	0	0
1701721156658	t	observatory_test_cue_domeroom_right	0.0	1	0	3.1888	795.168	926.72	1.0	3.2693	839.8080000000001	1035.2	1.0	-0.0685	-0.074	0.9949	-33.8224	2.3488	-42.0709	0.0	4	0.0	0.0		3395	0	0
1701721156666	t	observatory_test_cue_domeroom_right	0.0	1	0	3.1786	793.2959999999999	928.32	1.0	3.298	839.8080000000001	1036.3200000000002	1.0	-0.0673	-0.0674	0.9954	-34.67	2.2565	-41.9812	0.0	4	0.0	0.0		3395	0	0
1701721156675	t	observatory_test_cue_domeroom_right	0.0	1	0	3.2704	792.576	929.7599999999999	1.0	3.3654	844.272	1035.84	1.0	-0.082	-0.0605	0.9948	-33.0511	2.3257	-42.1611	0.0	4	0.0	0.0		3395	0	0
1701721156683	t	observatory_test_cue_domeroom_right	0.0	1	0	3.2118	790.5600000000001	932.8	1.0	3.4317	841.8240000000001	1039.52	1.0	-0.0695	-0.0688	0.9952	-22.3542	2.4913	-42.051	0.0	4	0.0	0.0		3395	0	0
1701721156691	t	observatory_test_cue_domeroom_right	0.0	1	0	3.2795	790.5600000000001	936.16	1.0	3.3896	840.096	1042.08	1.0	-0.0625	-0.076	0.9951	-22.4981	2.482	-42.0724	0.0	4	0.0	0.0		3395	0	0
1701721156700	t	observatory_test_cue_domeroom_right	0.0	1	0	3.2302	788.4	936.16	1.0	3.4669	840.528	1043.84	1.0	-0.0616	-0.0793	0.9949	-29.1325	2.3582	-42.1466	0.0	4	0.0	0.0		3395	0	0
1701721156708	t	observatory_test_cue_domeroom_right	0.0	1	0	3.3038	785.808	937.28	1.0	3.3436	839.232	1046.56	1.0	-0.0572	-0.09	0.9943	-34.6556	2.2128	-42.0405	0.0	4	0.0	0.0		3395	0	0
1701721156716	t	observatory_test_cue_domeroom_right	0.0	1	0	3.2226	786.24	939.6800000000001	1.0	3.3902	838.8000000000001	1044.48	1.0	-0.0555	-0.0833	0.995	-34.5021	2.1545	-41.8294	0.0	4	0.0	0.0		3395	0	0
1701721156725	t	observatory_test_cue_domeroom_right	0.0	1	0	3.3065	798.192	923.5200000000001	1.0	3.3762	851.6160000000001	1030.4	1.0	-0.0837	-0.0517	0.9951	-34.3267	2.3646	-42.2047	0.0	4	0.0	0.0		3395	0	0
1701721156733	t	observatory_test_cue_domeroom_right	0.0	1	0	3.1993	819.792	899.04	1.0	3.2245	865.872	1016.0	1.0	-0.1007	-0.0313	0.9944	-33.5105	2.5427	-42.2465	0.0	4	0.0	0.0		3395	0	0
1701721156741	t	observatory_test_cue_domeroom_right	0.0	1	0	3.1246	850.176	880.64	1.0	3.6326	903.888	991.04	1.0	-0.2028	0.0306	0.9787	-34.8513	2.7259	-42.3899	0.0	4	0.0	0.0		3395	0	0
1701721156750	t	observatory_test_cue_domeroom_right	0.0	1	0	3.3227	878.256	857.76	1.0	3.6177	926.352	969.92	1.0	-0.249	0.0812	0.9651	-35.0393	2.8904	-42.4977	0.0	4	0.0	0.0		3395	0	0
1701721156758	t	observatory_test_cue_domeroom_right	0.0	1	0	3.397	910.3679999999999	838.5600000000001	1.0	3.6748	947.088	959.36	1.0	-0.2899	0.1039	0.9514	-33.1815	3.0534	-42.5739	0.0	4	0.0	0.0		3395	0	0
1701721156766	t	observatory_test_cue_domeroom_right	0.0	1	0	3.3409	928.0799999999999	833.1200000000001	1.0	3.6026	962.64	950.24	1.0	-0.3187	0.1241	0.9397	-32.421	3.1589	-42.6448	0.0	4	0.0	0.0		3395	0	0
1701721156774	t	observatory_test_cue_domeroom_right	0.0	1	0	3.2941	925.0559999999999	831.1999999999999	1.0	3.6668	959.0400000000001	952.4800000000001	0.7504	-0.297	0.116	0.9478	-32.6006	3.1458	-42.6233	0.0	4	0.0	0.0		3395	0	0
1701721156782	t	observatory_test_cue_domeroom_right	0.0	1	0	3.3508	921.312	831.1999999999999	1.0	3.6863	958.4639999999999	952.6400000000001	0.7504	-0.2926	0.1215	0.9485	-33.9067	3.0909	-42.6372	0.0	4	0.0	0.0		3395	0	0
1701721156791	t	observatory_test_cue_domeroom_right	0.0	1	0	3.3625	920.448	831.5200000000001	1.0	3.7006	958.3199999999999	953.28	0.7352	-0.2911	0.1214	0.9489	-35.3893	3.0486	-42.6475	0.0	4	0.0	0.0		3395	0	0
1701721156799	t	observatory_test_cue_domeroom_right	0.0	1	0	3.4166	917.424	831.6800000000001	1.0	3.6291	954.4319999999999	953.92	0.7352	-0.2769	0.1131	0.9542	-35.883	3.0495	-42.6269	0.0	4	0.0	0.0		3395	0	0
1701721156808	t	observatory_test_cue_domeroom_right	0.0	1	0	3.3582	912.096	829.9200000000001	1.0	3.7477	950.976	958.8800000000001	1.0	-0.2645	0.0894	0.9602	-35.8603	3.0632	-42.5869	0.0	4	0.0	0.0		3395	0	0
1701721156816	t	observatory_test_cue_domeroom_right	0.0	1	0	3.364	907.92	831.3599999999999	1.0	3.5645	947.952	955.1999999999999	1.0	-0.2562	0.097	0.9617	-35.7242	3.0816	-42.5842	0.0	4	0.0	0.0		3395	0	0
1701721156824	t	observatory_test_cue_domeroom_right	0.0	1	0	3.4807	900.7199999999999	829.5999999999999	1.0	3.6095	942.4799999999999	956.48	1.0	-0.2311	0.0918	0.9686	-6.3839	3.7613	-42.3721	0.0	4	0.0	0.0		3395	0	0
1701721156833	t	observatory_test_cue_domeroom_right	0.0	1	0	3.465	895.5360000000001	834.56	1.0	3.5003	939.312	957.44	1.0	-0.2263	0.0834	0.9705	-4.3756	3.7892	-42.3376	0.0	4	0.0	0.0		3395	0	0
1701721156841	t	observatory_test_cue_domeroom_right	0.0	1	0	3.3279	887.472	836.6400000000001	1.0	3.6169	932.112	962.5600000000001	1.0	-0.2081	0.0716	0.9755	-5.4133	3.7406	-42.3096	0.0	4	0.0	0.0		3395	0	0
1701721156849	t	observatory_test_cue_domeroom_right	0.0	1	0	3.2535	885.024	838.24	1.0	3.4782	925.6320000000001	964.0	1.0	-0.1984	0.0703	0.9776	-5.3155	3.712	-42.2924	0.0	4	0.0	0.0		3395	0	0
1701721156858	t	observatory_test_cue_domeroom_right	0.0	1	0	3.2809	878.256	840.9599999999999	1.0	3.5526	922.6080000000001	968.96	1.0	-0.189	0.0614	0.98	-5.3128	3.6767	-42.2598	0.0	4	0.0	0.0		3395	0	0
1701721156866	t	observatory_test_cue_domeroom_right	0.0	1	0	3.3268	875.376	841.6	1.0	3.5476	917.28	973.1199999999999	1.0	-0.1811	0.0546	0.9819	-6.5964	3.6227	-42.2392	0.0	4	0.0	0.0		3395	0	0
1701721156874	t	observatory_test_cue_domeroom_right	0.0	1	0	3.2771	866.0160000000001	846.72	1.0	3.4814	911.664	972.48	1.0	-0.1713	0.0576	0.9835	-28.403	3.0483	-42.3304	0.0	4	0.0	0.0		3395	0	0
1701721156883	t	observatory_test_cue_domeroom_right	0.0	1	0	3.245	857.952	847.5199999999999	1.0	3.4472	905.904	973.28	1.0	-0.1641	0.062	0.9845	-35.5478	2.8551	-42.4223	0.0	4	0.0	0.0		3395	0	0
1701721156892	t	observatory_test_cue_domeroom_right	0.0	1	0	3.319	849.168	857.1199999999999	1.0	3.4754	896.832	978.4000000000001	1.0	-0.1479	0.0471	0.9879	-35.4864	2.8242	-42.3844	0.0	4	0.0	0.0		3395	0	0
1701721156900	t	observatory_test_cue_domeroom_right	0.0	1	0	3.264	841.5360000000001	862.5600000000001	1.0	3.43	884.8800000000001	978.88	1.0	-0.1186	0.0487	0.9917	-35.4042	2.791	-42.3567	0.0	4	0.0	0.0		3395	0	0
1701721156908	t	observatory_test_cue_domeroom_right	0.0	1	0	3.3693	834.768	868.6400000000001	1.0	3.4382	876.96	982.8799999999999	1.0	-0.1136	0.0346	0.9929	-35.2854	2.7782	-42.3197	0.0	4	0.0	0.0		3395	0	0
1701721156916	t	observatory_test_cue_domeroom_right	0.0	1	0	3.2027	824.2560000000001	873.76	1.0	3.3772	865.4399999999999	986.2399999999999	1.0	-0.0917	0.0154	0.9957	-35.1783	2.7927	-42.2906	0.0	4	0.0	0.0		3395	0	0
1701721156925	t	observatory_test_cue_domeroom_right	0.0	1	0	3.3543	814.4639999999999	877.76	1.0	3.2156	856.08	990.8799999999999	1.0	-0.0792	-0.0039	0.9968	-35.0725	2.7562	-42.1533	0.0	4	0.0	0.0		3395	0	0
1701721156933	t	observatory_test_cue_domeroom_right	0.0	1	0	3.236	806.976	880.48	1.0	3.1496	839.9520000000001	996.8	1.0	-0.0332	-0.0307	0.999	-34.9843	2.804	-42.2632	0.0	4	0.0	0.0		3395	0	0
1701721156942	t	observatory_test_cue_domeroom_right	0.0	1	0	3.2756	800.6400000000001	884.8000000000001	1.0	3.3517	833.76	996.48	1.0	-0.0246	-0.0284	0.9993	-34.9003	2.8805	-42.5214	0.0	4	0.0	0.0		3395	0	0
1701721156950	t	observatory_test_cue_domeroom_right	0.0	1	0	3.1861	795.312	885.92	1.0	3.375	828.432	1000.4799999999999	1.0	-0.0173	-0.0319	0.9993	-34.8406	2.7478	-42.2426	0.0	4	0.0	0.0		3395	0	0
1701721156958	t	observatory_test_cue_domeroom_right	0.0	1	0	3.286	788.112	891.04	1.0	3.3527	821.2320000000001	1004.64	1.0	0.0047	-0.0445	0.999	-34.7988	2.8592	-42.6576	0.0	4	0.0	0.0		3395	0	0
1701721156967	t	observatory_test_cue_domeroom_right	0.0	1	0	3.2202	784.3679999999999	884.96	1.0	3.4403	821.2320000000001	997.4399999999999	1.0	-0.0026	-0.0318	0.9995	-34.5724	3.0809	-43.177	0.0	4	0.0	0.0		3395	0	0
1701721156975	t	observatory_test_cue_domeroom_right	0.0	1	0	3.3361	794.16	852.4800000000001	1.0	3.4281	829.8720000000001	969.76	1.0	-0.0295	0.0228	0.9993	-20.6787	3.3649	-42.3242	0.0	4	0.0	0.0		3395	0	0
1701721156983	t	observatory_test_cue_domeroom_right	0.0	1	0	3.3037	810.144	810.2399999999999	1.0	3.1905	832.0319999999999	944.8000000000001	1.0	-0.0373	0.0634	0.9973	-3.6719	4.0311	-42.01	0.0	4	0.0	0.0		3395	0	0
1701721156991	t	observatory_test_cue_domeroom_right	0.0	1	0	3.3036	823.536	768.1600000000001	1.0	3.6258	843.12	889.7600000000001	1.0	-0.0595	0.1597	0.9854	13.6039	4.8235	-41.9186	0.0	4	0.0	0.0		3395	0	0
1701721156999	t	observatory_test_cue_domeroom_right	0.0	1	0	3.2986	823.8240000000001	735.2	1.0	3.5484	840.384	860.6400000000001	1.0	-0.0592	0.2032	0.9773	-13.2251	4.5695	-42.2734	0.0	4	0.0	0.0		3395	0	0
1701721157008	t	observatory_test_cue_domeroom_right	0.0	1	0	3.3004	827.568	710.56	1.0	3.6407	836.496	832.3199999999999	1.0	-0.0629	0.2458	0.9673	-15.0388	4.81	-42.3615	0.0	4	0.0	0.0		3395	0	0
1701721157016	t	observatory_test_cue_domeroom_right	0.0	1	0	3.422	830.0160000000001	689.6	1.0	3.7165	837.072	802.88	1.0	-0.0646	0.3006	0.9516	-8.6621	5.1716	-42.4003	0.0	4	0.0	0.0		3395	0	0
1701721157024	t	observatory_test_cue_domeroom_right	0.0	1	0	3.483	822.816	684.64	1.0	3.7518	831.456	799.52	1.0	-0.0463	0.2941	0.9546	-6.8012	5.3	-42.3743	0.0	4	0.0	0.0		3395	0	0
1701721157032	t	observatory_test_cue_domeroom_right	0.0	1	0	3.3439	813.3119999999999	698.4	1.0	3.4579	822.2399999999999	815.6800000000001	1.0	-0.0342	0.2513	0.9673	-17.5391	4.9776	-42.4026	0.0	4	0.0	0.0		3395	0	0
1701721157041	t	observatory_test_cue_domeroom_right	0.0	1	0	3.3343	803.808	707.84	1.0	3.5268	814.752	825.2800000000001	1.0	-0.0191	0.2397	0.9707	-10.1344	5.0157	-42.2936	0.0	4	0.0	0.0		3395	0	0
1701721157049	t	observatory_test_cue_domeroom_right	0.0	1	0	3.1384	793.5840000000001	722.4	1.0	3.5543	805.392	836.8000000000001	1.0	-0.0025	0.2263	0.974	-25.7039	4.5397	-42.4181	0.0	4	0.0	0.0		3395	0	0
1701721157058	t	observatory_test_cue_domeroom_right	0.0	1	0	3.337	780.336	733.76	1.0	3.5277	798.192	854.24	1.0	0.0181	0.2038	0.9788	5.9269	5.0355	-42.0618	0.0	4	0.0	0.0		3395	0	0
1701721157066	t	observatory_test_cue_domeroom_right	0.0	1	0	3.3401	775.008	754.24	1.0	3.4411	787.2479999999999	870.2400000000001	1.0	0.0264	0.1845	0.9825	2.5067	4.7306	-42.075	0.0	4	0.0	0.0		3395	0	0
1701721157074	t	observatory_test_cue_domeroom_right	0.0	1	0	3.3506	763.2	774.08	1.0	3.3759	780.0479999999999	889.9200000000001	1.0	0.0397	0.166	0.9853	9.8074	4.659	-42.0941	0.0	4	0.0	0.0		3395	0	0
1701721157083	t	observatory_test_cue_domeroom_right	0.0	1	0	3.3451	755.28	798.7199999999999	1.0	3.3324	771.12	912.1600000000001	1.0	0.0462	0.1329	0.9901	33.0778	4.7858	-41.5353	0.0	4	0.0	0.0		3395	0	0
1701721157091	t	observatory_test_cue_domeroom_right	0.0	1	0	3.2801	741.0239999999999	813.12	1.0	3.3305	764.784	928.6400000000001	1.0	0.0741	0.124	0.9895	33.4059	4.6855	-41.9085	0.0	4	0.0	0.0		3395	0	0
1701721157100	t	observatory_test_cue_domeroom_right	0.0	1	0	3.1753	734.1120000000001	833.44	1.0	3.2456	751.8240000000001	949.2800000000001	1.0	0.0704	0.0923	0.9932	33.555	4.5899	-42.2944	0.0	4	0.0	0.0		3395	0	0
1701721157108	t	observatory_test_cue_domeroom_right	0.0	1	0	3.1413	723.168	845.92	1.0	3.2738	741.456	959.0400000000001	1.0	0.0711	0.0762	0.9946	33.7251	5.0407	-44.4534	0.0	4	0.0	0.0		3395	0	0
1701721157116	t	observatory_test_cue_domeroom_right	0.0	1	0	3.2291	712.944	860.8000000000001	1.0	3.2468	734.688	978.4000000000001	1.0	0.0976	0.0686	0.9928	33.6091	4.273	-42.4036	0.0	4	0.0	0.0		3395	0	0
1701721157125	t	observatory_test_cue_domeroom_right	0.0	1	0	3.03	708.192	878.4000000000001	1.0	3.2462	728.2080000000001	986.0799999999999	1.0	0.0854	0.0331	0.9958	30.6409	4.1482	-42.6859	0.0	4	0.0	0.0		3395	0	0
1701721157133	t	observatory_test_cue_domeroom_right	0.0	1	0	3.139	706.176	882.8799999999999	1.0	3.2281	728.64	990.56	1.0	0.0881	0.0385	0.9954	30.9756	3.9686	-42.3541	0.0	4	0.0	0.0		3395	0	0
1701721157141	t	observatory_test_cue_domeroom_right	0.0	1	0	3.2429	717.984	873.44	1.0	3.3809	749.52	979.04	1.0	0.0586	0.0603	0.9964	9.3078	3.7455	-42.9054	0.0	4	0.0	0.0		3395	0	0
1701721157149	t	observatory_test_cue_domeroom_right	0.0	1	0	3.2606	736.7040000000001	873.6	1.0	3.4187	762.4799999999999	968.0	1.0	0.0334	0.0676	0.9971	-25.1527	3.3017	-43.3348	0.0	4	0.0	0.0		3395	0	0
1701721157158	t	observatory_test_cue_domeroom_right	0.0	1	0	3.3283	758.7360000000001	868.6400000000001	1.0	3.297	778.752	963.1999999999999	1.0	0.0057	0.0729	0.9973	-31.6481	3.2102	-43.2277	0.0	4	0.0	0.0		3395	0	0
1701721157166	t	observatory_test_cue_domeroom_right	0.0	1	0	3.1282	779.472	868.6400000000001	1.0	3.3286	797.04	957.2800000000001	1.0	-0.0381	0.085	0.9957	-28.6789	3.2509	-43.0393	0.0	4	0.0	0.0		3395	0	0
1701721157175	t	observatory_test_cue_domeroom_right	0.0	1	0	3.176	787.3919999999999	868.3199999999999	1.0	3.2146	800.928	960.4799999999999	1.0	-0.0443	0.073	0.9963	-33.7117	3.0719	-42.7153	0.0	4	0.0	0.0		3395	0	0
1701721157183	t	observatory_test_cue_domeroom_right	0.0	1	0	3.1375	780.1919999999999	874.56	1.0	3.3983	796.6080000000001	965.28	1.0	-0.0241	0.0686	0.9973	-34.0987	2.9602	-42.5365	0.0	4	0.0	0.0		3395	0	0
1701721157191	t	observatory_test_cue_domeroom_right	0.0	1	0	3.2804	776.88	880.0000000000001	1.0	3.379	794.7359999999999	973.28	1.0	-0.0286	0.0547	0.9981	8.758	3.4714	-41.9442	0.0	4	0.0	0.0		3395	0	0
1701721157200	t	observatory_test_cue_domeroom_right	0.0	1	0	3.181	770.832	887.2	1.0	3.3418	793.5840000000001	979.36	1.0	-0.0141	0.0447	0.9989	8.965	3.4828	-42.2184	0.0	4	0.0	0.0		3395	0	0
1701721157208	t	observatory_test_cue_domeroom_right	0.0	1	0	3.2322	772.4159999999999	895.8399999999999	1.0	3.286	791.28	990.8799999999999	1.0	-0.0279	0.0236	0.9993	31.0249	3.7679	-42.05	0.0	4	0.0	0.0		3395	0	0
1701721157216	t	observatory_test_cue_domeroom_right	0.0	1	0	3.3552	770.544	903.36	1.0	3.3001	792.432	998.88	1.0	-0.0259	0.0207	0.9994	31.6757	3.4827	-41.3699	0.0	4	0.0	0.0		3395	0	0
1701721157225	t	observatory_test_cue_domeroom_right	0.0	1	0	3.1685	765.216	908.8	1.0	3.302	788.112	1008.0	1.0	-0.0103	0.0081	0.9999	32.8618	3.5725	-41.7641	0.0	4	0.0	0.0		3395	0	0
1701721157234	t	observatory_test_cue_domeroom_right	0.0	1	0	3.0857	764.3520000000001	915.84	1.0	3.4219	789.408	1008.4799999999999	1.0	-0.0118	-0.0066	0.9999	32.7556	3.5251	-41.7792	0.0	4	0.0	0.0		3395	0	0
1701721157241	t	observatory_test_cue_domeroom_right	0.0	1	0	3.0973	760.176	918.72	1.0	3.2912	785.664	1016.8	1.0	0.001	-0.0084	1.0	30.6309	3.4505	-41.8038	0.0	4	0.0	0.0		3395	0	0
1701721157249	t	observatory_test_cue_domeroom_right	0.0	1	0	3.0112	757.872	923.5200000000001	1.0	3.3902	786.816	1021.7599999999999	1.0	0.0093	-0.0191	0.9998	25.3569	3.2894	-41.6933	0.0	4	0.0	0.0		3395	0	0
1701721157258	t	observatory_test_cue_domeroom_right	0.0	1	0	3.162	757.872	925.2800000000001	1.0	3.2732	786.0960000000001	1027.84	1.0	0.0054	-0.0244	0.9997	26.2503	3.2572	-41.554	0.0	4	0.0	0.0		3395	0	0
1701721157266	t	observatory_test_cue_domeroom_right	0.0	1	0	3.1767	754.272	927.9999999999999	1.0	3.4369	787.8240000000001	1031.8400000000001	1.0	0.0189	-0.032	0.9993	12.4562	2.9929	-41.6301	0.0	4	0.0	0.0		3395	0	0
1701721157275	t	observatory_test_cue_domeroom_right	0.0	1	0	3.2809	756.7199999999999	929.7599999999999	1.0	3.388	787.9680000000001	1034.72	1.0	0.015	-0.0384	0.9991	9.9776	2.9882	-41.799	0.0	4	0.0	0.0		3395	0	0
1701721157283	t	observatory_test_cue_domeroom_right	0.0	1	0	3.2376	755.424	931.84	1.0	3.4343	787.1039999999999	1036.96	1.0	0.0263	-0.0417	0.9988	-7.0954	2.6389	-41.8698	0.0	4	0.0	0.0		3395	0	0
1701721157291	t	observatory_test_cue_domeroom_right	0.0	1	0	3.3259	754.7040000000001	934.0799999999999	1.0	3.488	787.6800000000001	1041.12	1.0	0.0293	-0.0548	0.9981	2.5577	2.8174	-41.7602	0.0	4	0.0	0.0		3395	0	0
1701721157299	t	observatory_test_cue_domeroom_right	0.0	1	0	3.2796	753.264	935.36	1.0	3.4206	789.84	1040.0	1.0	0.0334	-0.0512	0.9981	-3.748	2.6527	-41.7069	0.0	4	0.0	0.0		3395	0	0
1701721157307	t	observatory_test_cue_domeroom_right	0.0	1	0	3.1321	762.048	922.88	1.0	3.3445	798.192	1034.56	1.0	0.0236	-0.0374	0.999	-20.1243	2.3796	-41.7466	0.0	4	0.0	0.0		3395	0	0
1701721157316	t	observatory_test_cue_domeroom_right	0.0	1	0	3.2048	784.2239999999999	904.8	1.0	3.0897	814.32	1015.1999999999999	1.0	0.0018	0.0033	1.0	-33.5524	2.2689	-41.9323	0.0	4	0.0	0.0		3395	0	0
1701721157324	t	observatory_test_cue_domeroom_right	0.0	1	0	3.3282	807.408	891.04	1.0	3.363	835.488	997.12	1.0	-0.0534	0.0498	0.9973	-34.652	2.2174	-41.4868	0.0	4	0.0	0.0		3395	0	0
1701721157333	t	observatory_test_cue_domeroom_right	0.0	1	0	3.0699	820.08	880.0000000000001	1.0	3.3472	846.8639999999999	988.48	1.0	-0.0807	0.0598	0.9949	-34.8705	2.3112	-41.474	0.0	4	0.0	0.0		3395	0	0
1701721157341	t	observatory_test_cue_domeroom_right	0.0	1	0	3.1614	830.16	866.7199999999999	1.0	3.2462	851.04	977.28	1.0	-0.0798	0.0782	0.9937	-34.9601	2.6429	-42.2698	0.0	4	0.0	0.0		3395	0	0
1701721157349	t	observatory_test_cue_domeroom_right	0.0	1	0	3.2051	828.1439999999999	868.6400000000001	1.0	3.1764	847.296	984.8000000000001	1.0	-0.0622	0.0513	0.9967	-34.9948	2.5282	-41.9021	0.0	4	0.0	0.0		3395	0	0
1701721157357	t	observatory_test_cue_domeroom_right	0.0	1	0	3.167	826.56	871.84	1.0	3.1685	852.7679999999999	987.52	1.0	-0.0772	0.0447	0.996	-35.0166	2.6097	-42.2235	0.0	4	0.0	0.0		3395	0	0
1701721157366	t	observatory_test_cue_domeroom_right	0.0	1	0	3.1619	823.536	872.48	1.0	3.1511	850.464	987.04	1.0	-0.0647	0.0497	0.9967	-35.0234	2.5541	-42.0929	0.0	4	0.0	0.0		3395	0	0
1701721157374	t	observatory_test_cue_domeroom_right	0.0	1	0	3.1949	821.664	872.0000000000001	1.0	3.2291	846.8639999999999	980.8	1.0	-0.0478	0.0697	0.9964	-35.012	2.5039	-41.8765	0.0	4	0.0	0.0		3395	0	0
1701721157383	t	observatory_test_cue_domeroom_right	0.0	1	0	3.1809	820.9440000000001	869.92	1.0	3.1878	846.0	980.64	1.0	-0.0442	0.0663	0.9968	-34.8665	2.5017	-41.8036	0.0	4	0.0	0.0		3395	0	0
1701721157391	t	observatory_test_cue_domeroom_right	0.0	1	0	3.205	816.912	869.28	1.0	3.1515	845.5680000000001	983.6800000000001	1.0	-0.0437	0.0529	0.9976	-29.7823	2.5471	-41.5259	0.0	4	0.0	0.0		3395	0	0
1701721157399	t	observatory_test_cue_domeroom_right	0.0	1	0	3.2559	815.3280000000001	869.4399999999999	1.0	3.222	847.152	983.6800000000001	1.0	-0.0526	0.0561	0.997	-5.4906	2.9136	-40.8823	0.0	4	0.0	0.0		3395	0	0
1701721157407	t	observatory_test_cue_domeroom_right	0.0	1	0	3.2253	812.736	869.76	1.0	3.2616	845.28	985.12	1.0	-0.0514	0.0559	0.9971	17.3262	3.2781	-40.3582	0.0	4	0.0	0.0		3395	0	0
1701721157416	t	observatory_test_cue_domeroom_right	0.0	1	0	3.1629	810.5759999999999	870.2400000000001	1.0	3.1391	843.264	982.08	1.0	-0.0413	0.0582	0.9974	-8.8059	2.9539	-41.311	0.0	4	0.0	0.0		3395	0	0
1701721157424	t	observatory_test_cue_domeroom_right	0.0	1	0	3.1754	808.272	871.1999999999999	1.0	3.2033	841.5360000000001	985.92	1.0	-0.034	0.0552	0.9979	-19.2214	2.699	-41.371	0.0	4	0.0	0.0		3395	0	0
1701721157433	t	observatory_test_cue_domeroom_right	0.0	1	0	3.1616	808.416	872.0000000000001	1.0	3.1002	840.096	990.24	1.0	-0.0269	0.0437	0.9987	-33.6883	2.4636	-41.793	0.0	4	0.0	0.0		3395	0	0
1701721157441	t	observatory_test_cue_domeroom_right	0.0	1	0	3.0935	805.248	874.7199999999999	1.0	3.0996	838.2239999999999	991.04	1.0	-0.0198	0.0431	0.9989	-34.846	2.4452	-41.863	0.0	4	0.0	0.0		3395	0	0
1701721157449	t	observatory_test_cue_domeroom_right	0.0	1	0	3.1026	802.6560000000001	874.56	1.0	3.142	838.368	988.9599999999999	1.0	-0.0198	0.0543	0.9983	-34.9296	2.4404	-41.9024	0.0	4	0.0	0.0		3395	0	0
1701721157458	t	observatory_test_cue_domeroom_right	0.0	1	0	3.1755	799.2	874.24	1.0	3.1558	838.2239999999999	993.28	1.0	-0.0188	0.0421	0.9989	-34.802	2.4338	-41.9198	0.0	4	0.0	0.0		3395	0	0
1701721157466	t	observatory_test_cue_domeroom_right	0.0	1	0	3.0567	799.6320000000001	876.0	1.0	3.1536	836.064	994.4000000000001	1.0	-0.0118	0.0444	0.9989	-33.5849	2.3343	-41.583	0.0	4	0.0	0.0		3395	0	0
1701721157474	t	observatory_test_cue_domeroom_right	0.0	1	0	3.1398	800.064	874.24	1.0	3.0749	839.9520000000001	996.48	1.0	-0.0224	0.0392	0.999	-27.9101	2.428	-41.4534	0.0	4	0.0	0.0		3395	0	0
1701721157483	t	observatory_test_cue_domeroom_right	0.0	1	0	3.172	815.04	869.12	1.0	3.1478	855.792	992.16	1.0	-0.0482	0.0529	0.9974	-20.5405	2.5178	-41.0532	0.0	4	0.0	0.0		3395	0	0
1701721157491	t	observatory_test_cue_domeroom_right	0.0	1	0	3.0637	843.264	861.28	1.0	3.1595	887.6159999999999	979.52	1.0	-0.114	0.0854	0.9898	-30.769	2.5907	-41.9174	0.0	4	0.0	0.0		3395	0	0
1701721157500	t	observatory_test_cue_domeroom_right	0.0	1	0	3.1917	878.544	855.04	1.0	3.2982	916.56	967.84	1.0	-0.1636	0.1208	0.9791	-29.4274	2.6993	-42.0085	0.0	4	0.0	0.0		3395	0	0
1701721157508	t	observatory_test_cue_domeroom_right	0.0	1	0	3.1694	903.5999999999999	842.24	1.0	3.3286	945.792	964.48	1.0	-0.2177	0.1339	0.9668	-29.1262	2.785	-42.1537	0.0	4	0.0	0.0		3395	0	0
1701721157516	t	observatory_test_cue_domeroom_right	0.0	1	0	3.1018	914.2560000000001	830.5600000000001	1.0	3.4203	952.9920000000001	959.0400000000001	1.0	-0.2104	0.1432	0.9671	-23.9609	2.956	-42.0658	0.0	4	0.0	0.0		3395	0	0
1701721157524	t	observatory_test_cue_domeroom_right	0.0	1	0	3.2096	914.1120000000001	830.08	1.0	3.4559	955.584	955.6800000000001	1.0	-0.2072	0.1463	0.9673	-23.1263	3.0114	-42.055	0.0	4	0.0	0.0		3395	0	0
1701721157532	t	observatory_test_cue_domeroom_right	0.0	1	0	3.1284	911.952	829.28	1.0	3.4898	956.0160000000001	953.12	1.0	-0.1979	0.15	0.9687	-25.0108	2.9949	-42.0988	0.0	4	0.0	0.0		3395	0	0
1701721157541	t	observatory_test_cue_domeroom_right	0.0	1	0	3.0858	912.96	828.6400000000001	0.9855	3.2251	958.1759999999999	949.1199999999999	0.7429	-0.1943	0.1575	0.9682	-31.3667	2.902	-42.2667	0.0	4	0.0	0.0		3395	0	0
1701721157549	t	observatory_test_cue_domeroom_right	0.0	1	0	3.0588	912.528	830.72	0.9855	3.2847	960.1919999999999	949.2800000000001	0.7429	-0.1948	0.1489	0.9695	-35.8891	2.86	-42.3619	0.0	4	0.0	0.0		3395	0	0
1701721157557	t	observatory_test_cue_domeroom_right	0.0	1	0	3.0231	924.192	816.96	0.9017	3.5664	977.7600000000001	932.16	0.6738	-0.2291	0.2009	0.9524	-36.4997	2.9597	-42.4963	0.0	4	0.0	0.0		3395	0	0
1701721157565	t	observatory_test_cue_domeroom_right	0.0	1	0	3.2697	949.68	808.4799999999999	0.9017	3.705	993.888	923.84	0.6738	-0.2698	0.2193	0.9376	-36.6267	3.0539	-42.5735	0.0	4	0.0	0.0		3395	0	0
1701721157574	t	observatory_test_cue_domeroom_right	0.0	1	0	3.1967	969.1200000000001	804.96	0.8382	3.7222	1008.432	912.1600000000001	0.6225	-0.2897	0.2324	0.9285	-22.7201	3.4196	-42.3308	0.0	4	0.0	0.0		3395	0	0
1701721157583	t	observatory_test_cue_domeroom_right	0.0	1	0	3.3157	972.8639999999999	801.92	0.8382	3.7256	1004.2560000000001	908.64	0.6225	-0.2533	0.2101	0.9443	16.6472	4.106	-41.3885	0.0	4	0.0	0.0		3395	0	0
1701721157591	t	observatory_test_cue_domeroom_right	0.0	1	0	3.005	965.808	809.92	0.8339	3.6734	1004.2560000000001	909.6	0.6046	-0.2293	0.1642	0.9594	17.9484	4.1877	-41.2888	0.0	4	0.0	0.0		3395	0	0
1701721157600	t	observatory_test_cue_domeroom_right	0.0	1	0	3.316	970.7040000000001	806.24	0.8339	3.5968	996.3359999999999	918.0799999999999	0.6046	-0.2466	0.178	0.9526	13.9654	4.1013	-41.3933	0.0	4	0.0	0.0		3395	0	0
1701721157608	t	observatory_test_cue_domeroom_right	0.0	1	0	3.0819	965.808	807.1999999999999	0.8717	3.5075	991.872	913.28	0.6234	-0.2374	0.1783	0.9549	9.7457	4.0339	-41.4784	0.0	4	0.0	0.0		3395	200	MYKEYWORD 200
