Recording timestamp	type	Scene Name	scene_num	order	djv_reported	PupilDiam_Left	Gaze2d_Left.x	Gaze2d_Left.y	left_eye_openness	PupilDiam_Right	Gaze2d_Right.x	Gaze2d_Right.y	right_eye_openness	gaze_direction_x	gaze_direction_y	gaze_direction_z	gaze_origin_x	gaze_origin_y	gaze_origin_z	gaze_convergence_distance	participant	study_status	scene_familiarity	recall_status	Identifier	Event value	Event message
1701815657637	t	banquethall_test_cue_cafeteria_right	0.0	1	0	5.2205	877.9680000000001	726.24	1.0	5.1367	960.336	1001.44	1.0	-0.0401	-0.0894	0.9952	29.2386	4.5291	-32.9786	0.0	10	1.0	0.0		3458	100	MYKEYWORD 100
1701815657645	t	banquethall_test_cue_cafeteria_right	0.0	1	0	5.1097	875.664	725.6	1.0	5.1571	959.328	1003.52	1.0	-0.0373	-0.0891	0.9953	29.266	4.539	-32.9857	0.0	10	1.0	0.0		3458	0	0
1701815657654	t	banquethall_test_cue_cafeteria_right	0.0	1	0	5.2446	872.928	722.88	1.0	5.1001	957.1679999999999	1002.88	1.0	-0.0346	-0.0838	0.9959	29.289	4.538	-32.9342	0.0	10	1.0	0.0		3458	0	0
1701815657662	t	banquethall_test_cue_cafeteria_right	0.0	1	0	5.2668	870.912	723.0400000000001	1.0	5.0952	956.736	1002.3999999999999	1.0	-0.0331	-0.0861	0.9957	29.3159	4.5586	-32.9597	0.0	10	1.0	0.0		3458	0	0
1701815657670	t	banquethall_test_cue_cafeteria_right	0.0	1	0	5.2127	868.608	723.68	1.0	5.1005	953.424	999.04	1.0	-0.0294	-0.0897	0.9955	29.1987	4.5858	-33.0553	0.0	10	1.0	0.0		3458	0	0
1701815657679	t	banquethall_test_cue_cafeteria_right	0.0	1	0	5.0945	868.032	721.6	1.0	5.0789	950.976	1002.88	1.0	-0.0302	-0.0865	0.9958	29.1634	4.6196	-33.1548	0.0	10	1.0	0.0		3458	0	0
1701815657687	t	banquethall_test_cue_cafeteria_right	0.0	1	0	5.2118	865.4399999999999	719.84	1.0	5.0877	949.68	996.8	1.0	-0.0265	-0.0836	0.9961	29.0431	4.5021	-32.6697	0.0	10	1.0	0.0		3458	0	0
1701815657695	t	banquethall_test_cue_cafeteria_right	0.0	1	0	5.0727	865.152	709.76	1.0	5.1707	946.224	986.2399999999999	1.0	-0.0235	-0.0689	0.9973	28.5476	4.5583	-32.7418	0.0	10	1.0	0.0		3458	0	0
1701815657704	t	banquethall_test_cue_cafeteria_right	0.0	1	0	5.0885	866.0160000000001	705.6	1.0	5.0478	942.336	978.5600000000001	1.0	-0.0234	-0.0485	0.9985	9.2896	3.3459	-33.2774	0.0	10	1.0	0.0		3458	0	0
1701815657712	t	banquethall_test_cue_cafeteria_right	0.0	1	0	5.1648	864.864	705.2800000000001	1.0	5.0685	939.456	980.1600000000001	1.0	-0.0149	-0.0245	0.9996	-27.5555	0.974	-34.3589	0.0	10	1.0	0.0		3458	0	0
1701815657720	t	banquethall_test_cue_cafeteria_right	0.0	1	0	5.2624	863.2800000000001	703.6800000000001	1.0	5.0768	939.7439999999999	980.64	1.0	-0.0162	-0.0216	0.9996	-32.3271	0.6775	-34.5519	0.0	10	1.0	0.0		3458	0	0
1701815657729	t	banquethall_test_cue_cafeteria_right	0.0	1	0	5.0258	859.248	705.44	1.0	5.1103	937.296	979.68	1.0	-0.0106	-0.0174	0.9998	-32.8844	0.603	-34.4732	0.0	10	1.0	0.0		3458	0	0
1701815657737	t	banquethall_test_cue_cafeteria_right	0.0	1	0	5.2824	858.816	705.12	1.0	5.0725	936.0	979.68	1.0	-0.0104	-0.0186	0.9998	-32.1132	0.6198	-34.3269	0.0	10	1.0	0.0		3458	0	0
1701815657745	t	banquethall_test_cue_cafeteria_right	0.0	1	0	5.1327	857.2320000000001	705.92	1.0	4.997	934.992	978.88	1.0	-0.0103	-0.022	0.9997	-30.3054	0.765	-34.2949	0.0	10	1.0	0.0		3458	0	0
1701815657754	t	banquethall_test_cue_cafeteria_right	0.0	1	0	5.1712	855.5039999999999	704.48	1.0	5.0048	932.4	977.44	1.0	-0.006	-0.0273	0.9996	-21.144	1.3669	-34.0158	0.0	10	1.0	0.0		3458	0	0
1701815657762	t	banquethall_test_cue_cafeteria_right	0.0	1	0	5.2299	855.072	706.24	1.0	5.0657	929.088	975.84	1.0	-0.0064	-0.0445	0.999	0.9775	2.7892	-33.3584	0.0	10	1.0	0.0		3458	0	0
1701815657770	t	banquethall_test_cue_cafeteria_right	0.0	1	0	5.2589	852.4799999999999	707.36	1.0	5.0223	928.368	976.8000000000001	1.0	-0.0036	-0.0461	0.9989	-2.6183	2.5771	-33.4879	0.0	10	1.0	0.0		3458	0	0
1701815657779	t	banquethall_test_cue_cafeteria_right	0.0	1	0	5.153	847.728	704.48	1.0	5.0722	927.792	976.6400000000001	1.0	0.0015	-0.0421	0.9991	-6.1693	2.4042	-33.7449	0.0	10	1.0	0.0		3458	0	0
1701815657787	t	banquethall_test_cue_cafeteria_right	0.0	1	0	5.1808	846.0	703.36	1.0	4.9988	923.616	975.0400000000001	1.0	0.0089	-0.0363	0.9993	-11.995	2.0602	-33.9813	0.0	10	1.0	0.0		3458	0	0
1701815657795	t	banquethall_test_cue_cafeteria_right	0.0	1	0	5.1882	844.848	703.04	1.0	4.8888	920.592	972.1600000000001	1.0	0.0086	-0.0488	0.9988	8.0488	3.4134	-33.6266	0.0	10	1.0	0.0		3458	0	0
1701815657804	t	banquethall_test_cue_cafeteria_right	0.0	1	0	5.1343	843.12	706.4	1.0	4.9395	918.864	975.52	1.0	0.0049	-0.0688	0.9976	25.3831	4.4584	-32.9693	0.0	10	1.0	0.0		3458	0	0
1701815657812	t	banquethall_test_cue_cafeteria_right	0.0	1	0	5.1517	840.24	702.08	1.0	4.9193	919.1519999999999	972.8	1.0	0.0102	-0.0606	0.9981	29.2183	4.6708	-32.7444	0.0	10	1.0	0.0		3458	0	0
1701815657820	t	banquethall_test_cue_cafeteria_right	0.0	1	0	5.0765	839.9520000000001	704.0	1.0	4.9317	918.72	973.28	1.0	0.0059	-0.0666	0.9978	29.4701	4.7392	-32.9399	0.0	10	1.0	0.0		3458	0	0
1701815657829	t	banquethall_test_cue_cafeteria_right	0.0	1	0	5.1025	838.0799999999999	701.12	1.0	4.9375	917.424	973.28	1.0	0.0113	-0.0592	0.9982	29.5957	4.7056	-32.7713	0.0	10	1.0	0.0		3458	0	0
1701815657837	t	banquethall_test_cue_cafeteria_right	0.0	1	0	5.1403	835.7760000000001	699.6800000000001	1.0	4.9348	916.56	972.48	1.0	0.0154	-0.0556	0.9983	29.6435	4.7125	-32.7944	0.0	10	1.0	0.0		3458	0	0
1701815657845	t	banquethall_test_cue_cafeteria_right	0.0	1	0	5.2001	836.352	702.24	1.0	4.9698	915.1199999999999	973.1199999999999	1.0	0.0113	-0.062	0.998	29.6309	4.7223	-32.8359	0.0	10	1.0	0.0		3458	0	0
1701815657854	t	banquethall_test_cue_cafeteria_right	0.0	1	0	5.1854	834.336	702.24	1.0	4.884	912.096	974.7199999999999	1.0	0.0149	-0.0616	0.998	29.1852	4.7073	-32.9042	0.0	10	1.0	0.0		3458	0	0
1701815657862	t	banquethall_test_cue_cafeteria_right	0.0	1	0	5.0278	832.4639999999999	702.4	1.0	4.9102	911.664	974.56	1.0	0.0197	-0.0584	0.9981	21.3402	4.2458	-33.2445	0.0	10	1.0	0.0		3458	0	0
1701815657872	t	banquethall_test_cue_cafeteria_right	0.0	1	0	5.0545	831.6	701.44	1.0	4.9688	907.776	972.9599999999999	1.0	0.0249	-0.0485	0.9985	8.8265	3.5043	-33.7668	0.0	10	1.0	0.0		3458	0	0
1701815657878	t	banquethall_test_cue_cafeteria_right	0.0	1	0	5.0852	831.312	699.36	1.0	4.865	907.92	977.28	1.0	0.0244	-0.0458	0.9986	2.2016	3.1055	-34.0563	0.0	10	1.0	0.0		3458	0	0
1701815657887	t	banquethall_test_cue_cafeteria_right	0.0	1	0	5.1616	829.8720000000001	702.24	1.0	4.8885	907.92	974.24	1.0	0.0258	-0.0421	0.9988	-2.4196	2.825	-34.2629	0.0	10	1.0	0.0		3458	0	0
1701815657895	t	banquethall_test_cue_cafeteria_right	0.0	1	0	5.1244	829.4399999999999	702.4	1.0	4.8614	906.624	975.84	1.0	0.0267	-0.0429	0.9987	-1.9237	2.844	-34.249	0.0	10	1.0	0.0		3458	0	0
1701815657904	t	banquethall_test_cue_cafeteria_right	0.0	1	0	5.137	828.72	703.2	1.0	4.875	906.768	979.04	1.0	0.0291	-0.044	0.9986	-6.895	2.5352	-34.4524	0.0	10	1.0	0.0		3458	0	0
1701815657912	t	banquethall_test_cue_cafeteria_right	0.0	1	0	5.135	829.2959999999999	703.2	1.0	4.78	907.92	979.8400000000001	1.0	0.0238	-0.0484	0.9985	2.4034	3.0908	-34.0894	0.0	10	1.0	0.0		3458	0	0
1701815657920	t	banquethall_test_cue_cafeteria_right	0.0	1	0	5.1329	829.7280000000001	703.2	1.0	4.8043	907.632	979.8400000000001	1.0	0.0219	-0.0506	0.9985	8.4936	3.4493	-33.8285	0.0	10	1.0	0.0		3458	0	0
1701815657929	t	banquethall_test_cue_cafeteria_right	0.0	1	0	5.086	829.8720000000001	704.16	1.0	4.8242	907.92	979.8400000000001	1.0	0.0202	-0.054	0.9983	13.1993	3.7229	-33.6209	0.0	10	1.0	0.0		3458	0	0
1701815657940	t	banquethall_test_cue_cafeteria_right	0.0	1	0	5.1215	829.7280000000001	704.48	1.0	4.8255	907.776	980.64	1.0	0.0202	-0.0544	0.9983	14.0341	3.7639	-33.577	0.0	10	1.0	0.0		3458	0	0
1701815657945	t	banquethall_test_cue_cafeteria_right	0.0	1	0	5.0917	829.1519999999999	708.0	1.0	4.8504	908.2080000000001	980.64	1.0	0.021	-0.0594	0.998	11.5009	3.6323	-33.7678	0.0	10	1.0	0.0		3458	0	0
1701815657953	t	banquethall_test_cue_cafeteria_right	0.0	1	0	5.0414	829.7280000000001	706.24	1.0	4.9327	909.792	981.1199999999999	1.0	0.0196	-0.0529	0.9984	6.4145	3.3595	-34.1253	0.0	10	1.0	0.0		3458	0	0
1701815657962	t	banquethall_test_cue_cafeteria_right	0.0	1	0	5.0597	829.7280000000001	704.64	1.0	4.6491	909.936	982.56	1.0	0.015	-0.0565	0.9983	11.1789	3.706	-34.0956	0.0	10	1.0	0.0		3458	0	0
1701815657971	t	banquethall_test_cue_cafeteria_right	0.0	1	0	4.966	833.184	703.6800000000001	1.0	4.2254	901.584	996.96	1.0	-0.001	-0.0658	0.9978	29.4438	4.9444	-33.8348	0.0	10	1.0	0.0		3458	0	0
1701815657978	t	banquethall_test_cue_cafeteria_right	0.0	1	0	-1.0	827.424	714.72	1.0	-1.0	885.024	1059.2	1.0	-1.0	-1.0	-1.0	-1.0	-1.0	-1.0	0.0	10	1.0	0.0		3458	0	0
1701815657985	t	banquethall_test_cue_cafeteria_right	0.0	1	0	-1.0	809.856	735.04	0.8532	-1.0	-1440.0	-1600.0	0.6007	-1.0	-1.0	-1.0	-1.0	-1.0	-1.0	0.0	10	1.0	0.0		3458	0	0
1701815657993	t	banquethall_test_cue_cafeteria_right	0.0	1	0	-1.0	821.0880000000001	800.6399999999999	0.8532	-1.0	-1440.0	-1600.0	0.6007	-1.0	-1.0	-1.0	-1.0	-1.0	-1.0	0.0	10	1.0	0.0		3458	0	0
1701815658001	t	banquethall_test_cue_cafeteria_right	0.0	1	0	-1.0	829.4399999999999	806.4	0.4684	-1.0	-1440.0	-1600.0	0.0641	-1.0	-1.0	-1.0	-1.0	-1.0	-1.0	0.0	10	1.0	0.0		3458	0	0
1701815658010	t	banquethall_test_cue_cafeteria_right	0.0	1	0	-1.0	-1440.0	-1600.0	0.4684	-1.0	-1440.0	-1600.0	0.0641	-1.0	-1.0	-1.0	-1.0	-1.0	-1.0	0.0	10	1.0	0.0		3458	0	0
1701815658018	t	banquethall_test_cue_cafeteria_right	0.0	1	0	-1.0	59.328	1240.0	0.1475	-1.0	-1440.0	-1600.0	0.0	-1.0	-1.0	-1.0	-1.0	-1.0	-1.0	0.0	10	1.0	0.0		3458	0	0
1701815658027	t	banquethall_test_cue_cafeteria_right	0.0	1	0	-1.0	59.184	1248.6399999999999	0.1475	-1.0	-1440.0	-1600.0	0.0	-1.0	-1.0	-1.0	-1.0	-1.0	-1.0	0.0	10	1.0	0.0		3458	0	0
1701815658035	t	banquethall_test_cue_cafeteria_right	0.0	1	0	-1.0	-1440.0	-1600.0	0.0	-1.0	-1440.0	-1600.0	0.0	-1.0	-1.0	-1.0	-1.0	-1.0	-1.0	0.0	10	1.0	0.0		3458	0	0
1701815658043	t	banquethall_test_cue_cafeteria_right	0.0	1	0	-1.0	-1440.0	-1600.0	0.0	-1.0	-1440.0	-1600.0	0.0	-1.0	-1.0	-1.0	-1.0	-1.0	-1.0	0.0	10	1.0	0.0		3458	0	0
1701815658051	t	banquethall_test_cue_cafeteria_right	0.0	1	0	-1.0	-1440.0	-1600.0	0.0	-1.0	-1440.0	-1600.0	0.0	-1.0	-1.0	-1.0	-1.0	-1.0	-1.0	0.0	10	1.0	0.0		3458	0	0
1701815658060	t	banquethall_test_cue_cafeteria_right	0.0	1	0	-1.0	-1440.0	-1600.0	0.0	-1.0	-1440.0	-1600.0	0.0	-1.0	-1.0	-1.0	-1.0	-1.0	-1.0	0.0	10	1.0	0.0		3458	0	0
1701815658068	t	banquethall_test_cue_cafeteria_right	0.0	1	0	-1.0	-1440.0	-1600.0	0.0431	-1.0	-1440.0	-1600.0	0.0	-1.0	-1.0	-1.0	-1.0	-1.0	-1.0	0.0	10	1.0	0.0		3458	0	0
1701815658077	t	banquethall_test_cue_cafeteria_right	0.0	1	0	-1.0	482.97599999999994	708.96	0.0431	-1.0	-1440.0	-1600.0	0.0	-1.0	-1.0	-1.0	-1.0	-1.0	-1.0	0.0	10	1.0	0.0		3458	0	0
1701815658087	t	banquethall_test_cue_cafeteria_right	0.0	1	0	-1.0	537.264	653.76	0.2696	-1.0	735.1199999999999	904.1600000000001	0.2121	-1.0	-1.0	-1.0	-1.0	-1.0	-1.0	0.0	10	1.0	0.0		3458	0	0
1701815658096	t	banquethall_test_cue_cafeteria_right	0.0	1	0	-1.0	677.376	595.04	0.2696	-1.0	776.592	933.6	0.2121	-1.0	-1.0	-1.0	-1.0	-1.0	-1.0	0.0	10	1.0	0.0		3458	0	0
1701815658104	t	banquethall_test_cue_cafeteria_right	0.0	1	0	-1.0	684.432	571.1999999999999	0.5825	-1.0	761.4720000000001	835.52	0.3835	-1.0	-1.0	-1.0	-1.0	-1.0	-1.0	0.0	10	1.0	0.0		3458	0	0
1701815658112	t	banquethall_test_cue_cafeteria_right	0.0	1	0	-1.0	682.992	557.9200000000001	0.5825	-1.0	754.128	813.12	0.3835	-1.0	-1.0	-1.0	-1.0	-1.0	-1.0	0.0	10	1.0	0.0		3458	0	0
1701815658121	t	banquethall_test_cue_cafeteria_right	0.0	1	0	-1.0	692.64	553.92	0.7091	-1.0	756.7199999999999	807.6800000000001	0.5552	-1.0	-1.0	-1.0	-1.0	-1.0	-1.0	0.0	10	1.0	0.0		3458	0	0
1701815658129	t	banquethall_test_cue_cafeteria_right	0.0	1	0	-1.0	705.888	548.32	0.7091	-1.0	760.032	813.28	0.5552	-1.0	-1.0	-1.0	-1.0	-1.0	-1.0	0.0	10	1.0	0.0		3458	0	0
1701815658137	t	banquethall_test_cue_cafeteria_right	0.0	1	0	-1.0	708.624	556.32	0.9227	-1.0	768.3839999999999	820.1599999999999	0.8477	-1.0	-1.0	-1.0	-1.0	-1.0	-1.0	0.0	10	1.0	0.0		3458	0	0
1701815658146	t	banquethall_test_cue_cafeteria_right	0.0	1	0	-1.0	713.52	561.12	0.9227	-1.0	774.72	840.9599999999999	0.8477	-1.0	-1.0	-1.0	-1.0	-1.0	-1.0	0.0	10	1.0	0.0		3458	0	0
1701815658154	t	banquethall_test_cue_cafeteria_right	0.0	1	0	-1.0	718.848	572.8	1.0	-1.0	782.928	850.24	1.0	-1.0	-1.0	-1.0	-1.0	-1.0	-1.0	0.0	10	1.0	0.0		3458	0	0
1701815658164	t	banquethall_test_cue_cafeteria_right	0.0	1	0	-1.0	721.296	583.1999999999999	1.0	-1.0	787.8240000000001	858.4	1.0	-1.0	-1.0	-1.0	-1.0	-1.0	-1.0	0.0	10	1.0	0.0		3458	0	0
1701815658171	t	banquethall_test_cue_cafeteria_right	0.0	1	0	5.3001	727.056	589.9200000000001	1.0	4.6654	793.1519999999999	865.76	1.0	0.1664	0.1856	0.9684	30.8184	5.1019	-33.1677	0.0	10	1.0	0.0		3458	0	0
1701815658179	t	banquethall_test_cue_cafeteria_right	0.0	1	0	5.1809	732.2399999999999	593.6	1.0	4.7206	799.776	871.68	1.0	0.1599	0.1874	0.9692	30.7618	5.0165	-33.1606	0.0	10	1.0	0.0		3458	0	0
1701815658187	t	banquethall_test_cue_cafeteria_right	0.0	1	0	5.2023	738.432	603.2	1.0	4.6996	805.824	877.12	1.0	0.1498	0.1751	0.9731	30.7075	4.9199	-33.1128	0.0	10	1.0	0.0		3458	0	0
1701815658195	t	banquethall_test_cue_cafeteria_right	0.0	1	0	5.3172	743.616	606.24	1.0	4.7523	811.728	881.7600000000001	1.0	0.1419	0.1763	0.974	30.6556	4.8608	-33.1168	0.0	10	1.0	0.0		3458	0	0
1701815658204	t	banquethall_test_cue_cafeteria_right	0.0	1	0	5.2533	749.52	611.2	1.0	4.701	815.472	884.16	1.0	0.1326	0.1731	0.9759	30.6043	4.7752	-33.0595	0.0	10	1.0	0.0		3458	0	0
1701815658212	t	banquethall_test_cue_cafeteria_right	0.0	1	0	5.2299	750.672	615.84	1.0	4.6602	819.3599999999999	889.4399999999999	1.0	0.1321	0.1688	0.9767	30.5823	4.7193	-33.0448	0.0	10	1.0	0.0		3458	0	0
1701815658221	t	banquethall_test_cue_cafeteria_right	0.0	1	0	5.3532	754.272	621.6	1.0	4.6609	824.688	894.2399999999999	1.0	0.1265	0.1628	0.9785	30.5424	4.6225	-32.8863	0.0	10	1.0	0.0		3458	0	0
1701815658229	t	banquethall_test_cue_cafeteria_right	0.0	1	0	5.2662	757.0079999999999	625.76	1.0	4.8503	826.7040000000001	897.28	1.0	0.1247	0.1586	0.9794	30.4976	4.5175	-32.6538	0.0	10	1.0	0.0		3458	0	0
1701815658237	t	banquethall_test_cue_cafeteria_right	0.0	1	0	5.144	758.304	625.6	1.0	4.7589	832.6080000000001	900.96	1.0	0.1253	0.1649	0.9783	30.4735	4.4764	-32.6675	0.0	10	1.0	0.0		3458	0	0
1701815658245	t	banquethall_test_cue_cafeteria_right	0.0	1	0	5.1801	760.752	629.92	1.0	4.7735	834.0480000000001	903.52	1.0	0.1219	0.1595	0.9796	30.438	4.3633	-32.3656	0.0	10	1.0	0.0		3458	0	0
1701815658253	t	banquethall_test_cue_cafeteria_right	0.0	1	0	5.3	766.224	632.3199999999999	1.0	4.8731	837.072	907.84	1.0	0.1087	0.155	0.9819	30.4165	4.3293	-32.2715	0.0	10	1.0	0.0		3458	0	0
1701815658262	t	banquethall_test_cue_cafeteria_right	0.0	1	0	5.2438	767.5200000000001	632.16	1.0	4.7753	839.9520000000001	907.1999999999999	1.0	0.13	0.182	0.9747	-29.0641	1.1604	-35.7824	0.0	10	1.0	0.0		3458	0	0
1701815658270	t	banquethall_test_cue_cafeteria_right	0.0	1	0	5.2918	768.96	632.3199999999999	1.0	4.9118	841.968	910.2399999999999	1.0	0.1189	0.1685	0.9785	-7.2391	2.297	-34.4208	0.0	10	1.0	0.0		3458	0	0
1701815658279	t	banquethall_test_cue_cafeteria_right	0.0	1	0	5.3235	769.248	632.64	1.0	4.8416	843.8399999999999	911.8399999999999	1.0	0.1095	0.16	0.981	11.2059	3.2911	-33.3633	0.0	10	1.0	0.0		3458	0	0
1701815658287	t	banquethall_test_cue_cafeteria_right	0.0	1	0	5.3517	775.4399999999999	635.68	1.0	4.8436	847.0079999999999	913.4399999999999	1.0	0.102	0.1539	0.9828	10.764	3.1874	-33.0594	0.0	10	1.0	0.0		3458	0	0
1701815658295	t	banquethall_test_cue_cafeteria_right	0.0	1	0	5.3824	776.736	635.04	1.0	4.8761	850.032	916.48	1.0	0.0973	0.1512	0.9837	17.17	3.5139	-32.6006	0.0	10	1.0	0.0		3458	0	0
1701815658304	t	banquethall_test_cue_cafeteria_right	0.0	1	0	5.2613	777.3119999999999	635.8399999999999	1.0	4.9265	853.92	917.76	1.0	0.0956	0.1452	0.9848	22.7878	3.8779	-32.4634	0.0	10	1.0	0.0		3458	0	0
1701815658313	t	banquethall_test_cue_cafeteria_right	0.0	1	0	5.3057	780.912	636.48	1.0	4.9604	855.5039999999999	920.32	1.0	0.0877	0.1416	0.986	25.8303	4.0991	-32.4934	0.0	10	1.0	0.0		3458	0	0
1701815658321	t	banquethall_test_cue_cafeteria_right	0.0	1	0	5.3252	781.3439999999999	637.6	1.0	4.9248	859.248	922.4	1.0	0.0923	0.1426	0.9854	12.5357	3.3862	-33.3485	0.0	10	1.0	0.0		3458	0	0
1701815658329	t	banquethall_test_cue_cafeteria_right	0.0	1	0	5.1809	782.784	639.2	1.0	4.8995	859.536	923.5200000000001	1.0	0.0966	0.1429	0.985	0.8508	2.7571	-34.0969	0.0	10	1.0	0.0		3458	0	0
1701815658337	t	banquethall_test_cue_cafeteria_right	0.0	1	0	5.3475	783.36	639.68	1.0	5.0347	860.544	925.92	1.0	0.0946	0.1394	0.9857	7.3516	3.11	-33.7067	0.0	10	1.0	0.0		3458	0	0
1701815658346	t	banquethall_test_cue_cafeteria_right	0.0	1	0	5.4189	783.792	640.48	1.0	4.9392	863.1360000000001	926.24	1.0	0.0904	0.1374	0.9864	19.1231	3.679	-32.7653	0.0	10	1.0	0.0		3458	0	0
1701815658354	t	banquethall_test_cue_cafeteria_right	0.0	1	0	5.3597	787.5360000000001	641.12	1.0	4.8896	865.584	925.2800000000001	1.0	0.0817	0.1362	0.9873	23.5654	3.8721	-32.3394	0.0	10	1.0	0.0		3458	0	0
1701815658362	t	banquethall_test_cue_cafeteria_right	0.0	1	0	5.3853	789.552	640.48	1.0	4.9172	867.024	925.44	1.0	0.077	0.1381	0.9874	23.638	3.8636	-32.2985	0.0	10	1.0	0.0		3458	0	0
1701815658371	t	banquethall_test_cue_cafeteria_right	0.0	1	0	5.407	791.568	641.12	1.0	5.0014	871.056	926.56	1.0	0.0695	0.1353	0.9884	29.3966	4.1708	-31.9333	0.0	10	1.0	0.0		3458	0	0
1701815658379	t	banquethall_test_cue_cafeteria_right	0.0	1	0	5.4282	791.8560000000001	641.28	1.0	4.948	874.3679999999999	921.9200000000001	1.0	0.0694	0.1351	0.9884	30.1147	4.2114	-31.8896	0.0	10	1.0	0.0		3458	0	0
1701815658387	t	banquethall_test_cue_cafeteria_right	0.0	1	0	5.4519	789.9839999999999	634.4	1.0	5.0134	868.608	913.9200000000001	1.0	0.0743	0.1415	0.9871	30.0248	4.275	-31.8472	0.0	10	1.0	0.0		3458	0	0
1701815658396	t	banquethall_test_cue_cafeteria_right	0.0	1	0	5.3664	786.24	622.0799999999999	1.0	4.9376	866.448	905.12	1.0	0.085	0.1614	0.9832	30.1224	4.4282	-32.1137	0.0	10	1.0	0.0		3458	0	0
1701815658404	t	banquethall_test_cue_cafeteria_right	0.0	1	0	5.4474	792.72	621.92	1.0	4.9845	865.584	900.16	1.0	0.0682	0.1585	0.985	30.1456	4.4068	-31.9086	0.0	10	1.0	0.0		3458	0	0
1701815658412	t	banquethall_test_cue_cafeteria_right	0.0	1	0	5.3715	792.144	619.36	1.0	5.089	867.6	901.44	1.0	0.0706	0.1594	0.9847	30.1453	4.487	-32.0847	0.0	10	1.0	0.0		3458	0	0
1701815658421	t	banquethall_test_cue_cafeteria_right	0.0	1	0	5.5148	793.44	617.92	1.0	5.161	870.912	898.4	1.0	0.0667	0.1614	0.9846	30.0903	4.5078	-32.1183	0.0	10	1.0	0.0		3458	0	0
1701815658429	t	banquethall_test_cue_cafeteria_right	0.0	1	0	5.5536	793.5840000000001	618.72	1.0	5.0772	873.936	901.2800000000001	1.0	0.0669	0.1577	0.9852	30.128	4.5107	-32.0683	0.0	10	1.0	0.0		3458	0	0
1701815658437	t	banquethall_test_cue_cafeteria_right	0.0	1	0	5.5306	793.5840000000001	616.8000000000001	1.0	5.0831	874.6560000000001	898.4	1.0	0.0685	0.159	0.9849	30.1335	4.5483	-32.1155	0.0	10	1.0	0.0		3458	0	0
1701815658446	t	banquethall_test_cue_cafeteria_right	0.0	1	0	5.7438	795.456	616.0	1.0	5.1363	875.0880000000001	898.08	1.0	0.0652	0.1594	0.985	30.1127	4.5555	-32.0692	0.0	10	1.0	0.0		3458	0	0
1701815658454	t	banquethall_test_cue_cafeteria_right	0.0	1	0	5.6438	800.208	612.16	1.0	5.1046	879.1200000000001	897.4399999999999	1.0	0.0555	0.164	0.9849	30.092	4.591	-32.0815	0.0	10	1.0	0.0		3458	0	0
1701815658462	t	banquethall_test_cue_cafeteria_right	0.0	1	0	5.4759	802.08	611.2	1.0	5.0872	881.28	896.48	1.0	0.0529	0.1606	0.9856	30.0769	4.6288	-32.0996	0.0	10	1.0	0.0		3458	0	0
1701815658470	t	banquethall_test_cue_cafeteria_right	0.0	1	0	5.3899	802.6560000000001	606.72	1.0	5.0334	882.0000000000001	896.32	1.0	0.0537	0.1673	0.9844	30.0526	4.6729	-32.1556	0.0	10	1.0	0.0		3458	0	0
1701815658479	t	banquethall_test_cue_cafeteria_right	0.0	1	0	5.5237	803.376	609.2800000000001	1.0	5.0135	883.1519999999999	895.36	1.0	0.0526	0.1594	0.9858	29.9993	4.6572	-32.0418	0.0	10	1.0	0.0		3458	0	0
1701815658487	t	banquethall_test_cue_cafeteria_right	0.0	1	0	5.4637	802.08	602.88	1.0	5.0434	882.0000000000001	895.04	1.0	0.0568	0.1716	0.9835	29.8468	4.7067	-32.1761	0.0	10	1.0	0.0		3458	0	0
1701815658496	t	banquethall_test_cue_cafeteria_right	0.0	1	0	5.5227	803.808	602.7199999999999	1.0	5.0426	883.5840000000001	895.04	1.0	0.0517	0.1696	0.9841	29.1136	4.677	-32.1919	0.0	10	1.0	0.0		3458	0	0
1701815658504	t	banquethall_test_cue_cafeteria_right	0.0	1	0	5.4852	806.5440000000001	603.2	1.0	5.0837	885.024	895.2	1.0	0.0451	0.1649	0.9853	27.3697	4.593	-32.2551	0.0	10	1.0	0.0		3458	0	0
1701815658512	t	banquethall_test_cue_cafeteria_right	0.0	1	0	5.4986	806.5440000000001	600.96	1.0	5.0895	884.7359999999999	892.3199999999999	1.0	0.0468	0.1681	0.9846	23.4018	4.3872	-32.4613	0.0	10	1.0	0.0		3458	0	0
1701815658521	t	banquethall_test_cue_cafeteria_right	0.0	1	0	5.606	803.232	598.08	1.0	5.0987	884.304	892.3199999999999	1.0	0.0574	0.1727	0.9833	18.4363	4.1125	-32.6917	0.0	10	1.0	0.0		3458	0	0
1701815658529	t	banquethall_test_cue_cafeteria_right	0.0	1	0	5.4033	805.392	596.0	1.0	5.0752	886.6080000000001	892.4799999999999	1.0	0.053	0.173	0.9835	17.7282	4.0871	-32.7052	0.0	10	1.0	0.0		3458	0	0
1701815658537	t	banquethall_test_cue_cafeteria_right	0.0	1	0	5.5132	807.984	592.9599999999999	1.0	5.1027	889.776	888.1600000000001	1.0	0.0447	0.1778	0.983	22.2997	4.392	-32.5138	0.0	10	1.0	0.0		3458	0	0
1701815658546	t	banquethall_test_cue_cafeteria_right	0.0	1	0	5.4014	807.408	593.44	1.0	5.1191	890.7840000000001	888.32	1.0	0.046	0.1723	0.984	26.4504	4.6663	-32.3273	0.0	10	1.0	0.0		3458	0	0
1701815658554	t	banquethall_test_cue_cafeteria_right	0.0	1	0	5.4986	805.392	588.16	1.0	5.0697	892.944	887.68	1.0	0.0516	0.1826	0.9818	25.3173	4.6291	-32.4172	0.0	10	1.0	0.0		3458	0	0
1701815658562	t	banquethall_test_cue_cafeteria_right	0.0	1	0	5.4954	807.408	589.6	1.0	5.1532	893.6640000000001	884.16	1.0	0.0462	0.1778	0.983	24.4403	4.5933	-32.4692	0.0	10	1.0	0.0		3458	0	0
1701815658571	t	banquethall_test_cue_cafeteria_right	0.0	1	0	5.613	809.136	588.32	1.0	5.1413	895.104	881.7600000000001	1.0	0.0416	0.1765	0.9834	24.8175	4.6516	-32.4479	0.0	10	1.0	0.0		3458	0	0
1701815658579	t	banquethall_test_cue_cafeteria_right	0.0	1	0	5.7496	807.5519999999999	586.4	1.0	5.1141	896.976	880.8	1.0	0.0441	0.1772	0.9832	26.9916	4.812	-32.3508	0.0	10	1.0	0.0		3458	0	0
1701815658587	t	banquethall_test_cue_cafeteria_right	0.0	1	0	5.607	807.408	585.44	1.0	5.3914	896.976	875.52	1.0	0.0441	0.1776	0.9831	28.7162	4.9256	-32.2753	0.0	10	1.0	0.0		3458	0	0
1701815658595	t	banquethall_test_cue_cafeteria_right	0.0	1	0	5.573	806.5440000000001	597.6	1.0	-1.0	896.4000000000001	876.4799999999999	1.0	0.0413	0.1468	0.9883	30.0846	4.9948	-32.2078	0.0	10	1.0	0.0		3458	0	0
1701815658604	t	banquethall_test_cue_cafeteria_right	0.0	1	0	-1.0	793.1519999999999	608.8	1.0	-1.0	881.568	921.5999999999999	0.6994	-1.0	-1.0	-1.0	-1.0	-1.0	-1.0	0.0	10	1.0	0.0		3458	0	0
1701815658612	t	banquethall_test_cue_cafeteria_right	0.0	1	0	-1.0	769.968	645.6	1.0	-1.0	852.4799999999999	968.16	0.6994	-1.0	-1.0	-1.0	-1.0	-1.0	-1.0	0.0	10	1.0	0.0		3458	0	0
1701815658620	t	banquethall_test_cue_cafeteria_right	0.0	1	0	-1.0	761.04	788.0	0.8861	-1.0	855.36	1043.84	0.4359	-1.0	-1.0	-1.0	-1.0	-1.0	-1.0	0.0	10	1.0	0.0		3458	0	0
1701815658627	t	banquethall_test_cue_cafeteria_right	0.0	1	0	-1.0	720.7199999999999	785.6	0.8861	-1.0	775.4399999999999	1133.44	0.4359	-1.0	-1.0	-1.0	-1.0	-1.0	-1.0	0.0	10	1.0	0.0		3458	0	0
1701815658635	t	banquethall_test_cue_cafeteria_right	0.0	1	0	-1.0	707.3280000000001	848.32	0.4685	-1.0	-1440.0	-1600.0	0.0929	-1.0	-1.0	-1.0	-1.0	-1.0	-1.0	0.0	10	1.0	0.0		3458	0	0
1701815658643	t	banquethall_test_cue_cafeteria_right	0.0	1	0	-1.0	-1440.0	-1600.0	0.4685	-1.0	-1440.0	-1600.0	0.0929	-1.0	-1.0	-1.0	-1.0	-1.0	-1.0	0.0	10	1.0	0.0		3458	0	0
1701815658651	t	banquethall_test_cue_cafeteria_right	0.0	1	0	-1.0	-1440.0	-1600.0	0.2145	-1.0	-1440.0	-1600.0	0.0	-1.0	-1.0	-1.0	-1.0	-1.0	-1.0	0.0	10	1.0	0.0		3458	0	0
1701815658659	t	banquethall_test_cue_cafeteria_right	0.0	1	0	-1.0	-1440.0	-1600.0	0.2145	-1.0	-1440.0	-1600.0	0.0	-1.0	-1.0	-1.0	-1.0	-1.0	-1.0	0.0	10	1.0	0.0		3458	0	0
1701815658668	t	banquethall_test_cue_cafeteria_right	0.0	1	0	-1.0	-1440.0	-1600.0	0.0	-1.0	-1440.0	-1600.0	0.0	-1.0	-1.0	-1.0	-1.0	-1.0	-1.0	0.0	10	1.0	0.0		3458	0	0
1701815658676	t	banquethall_test_cue_cafeteria_right	0.0	1	0	-1.0	-1440.0	-1600.0	0.0	-1.0	-1440.0	-1600.0	0.0	-1.0	-1.0	-1.0	-1.0	-1.0	-1.0	0.0	10	1.0	0.0		3458	0	0
1701815658684	t	banquethall_test_cue_cafeteria_right	0.0	1	0	-1.0	-1440.0	-1600.0	0.0	-1.0	-1440.0	-1600.0	0.0	-1.0	-1.0	-1.0	-1.0	-1.0	-1.0	0.0	10	1.0	0.0		3458	0	0
1701815658693	t	banquethall_test_cue_cafeteria_right	0.0	1	0	-1.0	-1440.0	-1600.0	0.0	-1.0	-1440.0	-1600.0	0.0	-1.0	-1.0	-1.0	-1.0	-1.0	-1.0	0.0	10	1.0	0.0		3458	0	0
1701815658701	t	banquethall_test_cue_cafeteria_right	0.0	1	0	-1.0	-1440.0	-1600.0	0.0	-1.0	-1440.0	-1600.0	0.0	-1.0	-1.0	-1.0	-1.0	-1.0	-1.0	0.0	10	1.0	0.0		3458	0	0
1701815658709	t	banquethall_test_cue_cafeteria_right	0.0	1	0	-1.0	-1440.0	-1600.0	0.0	-1.0	-1440.0	-1600.0	0.0	-1.0	-1.0	-1.0	-1.0	-1.0	-1.0	0.0	10	1.0	0.0		3458	0	0
1701815658719	t	banquethall_test_cue_cafeteria_right	0.0	1	0	-1.0	-1440.0	-1600.0	0.0	-1.0	-1440.0	-1600.0	0.0	-1.0	-1.0	-1.0	-1.0	-1.0	-1.0	0.0	10	1.0	0.0		3458	0	0
1701815658726	t	banquethall_test_cue_cafeteria_right	0.0	1	0	-1.0	-1440.0	-1600.0	0.0	-1.0	-1440.0	-1600.0	0.0	-1.0	-1.0	-1.0	-1.0	-1.0	-1.0	0.0	10	1.0	0.0		3458	0	0
1701815658734	t	banquethall_test_cue_cafeteria_right	0.0	1	0	-1.0	-1440.0	-1600.0	0.1492	-1.0	-1440.0	-1600.0	0.0	-1.0	-1.0	-1.0	-1.0	-1.0	-1.0	0.0	10	1.0	0.0		3458	0	0
1701815658744	t	banquethall_test_cue_cafeteria_right	0.0	1	0	-1.0	699.12	880.48	0.1492	-1.0	-1440.0	-1600.0	0.0	-1.0	-1.0	-1.0	-1.0	-1.0	-1.0	0.0	10	1.0	0.0		3458	0	0
1701815658752	t	banquethall_test_cue_cafeteria_right	0.0	1	0	-1.0	736.7040000000001	860.16	0.1953	-1.0	781.9200000000001	1182.56	0.0	-1.0	-1.0	-1.0	-1.0	-1.0	-1.0	0.0	10	1.0	0.0		3458	0	0
1701815658761	t	banquethall_test_cue_cafeteria_right	0.0	1	0	-1.0	804.6719999999999	883.36	0.1953	-1.0	810.144	1144.0	0.0	-1.0	-1.0	-1.0	-1.0	-1.0	-1.0	0.0	10	1.0	0.0		3458	0	0
1701815658768	t	banquethall_test_cue_cafeteria_right	0.0	1	0	-1.0	758.016	847.84	0.279	-1.0	814.608	1153.44	0.1361	-1.0	-1.0	-1.0	-1.0	-1.0	-1.0	0.0	10	1.0	0.0		3458	0	0
1701815658778	t	banquethall_test_cue_cafeteria_right	0.0	1	0	-1.0	758.304	870.88	0.279	-1.0	824.4	1140.16	0.1361	-1.0	-1.0	-1.0	-1.0	-1.0	-1.0	0.0	10	1.0	0.0		3458	0	0
1701815658787	t	banquethall_test_cue_cafeteria_right	0.0	1	0	-1.0	759.312	861.28	0.3503	-1.0	827.9999999999999	1135.04	0.2888	-1.0	-1.0	-1.0	-1.0	-1.0	-1.0	0.0	10	1.0	0.0		3458	0	0
1701815658795	t	banquethall_test_cue_cafeteria_right	0.0	1	0	-1.0	755.28	846.08	0.3503	-1.0	826.9920000000001	1124.9599999999998	0.2888	-1.0	-1.0	-1.0	-1.0	-1.0	-1.0	0.0	10	1.0	0.0		3458	0	0
1701815658804	t	banquethall_test_cue_cafeteria_right	0.0	1	0	-1.0	752.544	844.3199999999999	0.3821	-1.0	834.336	1145.12	0.3756	-1.0	-1.0	-1.0	-1.0	-1.0	-1.0	0.0	10	1.0	0.0		3458	0	0
1701815658812	t	banquethall_test_cue_cafeteria_right	0.0	1	0	-1.0	755.5680000000001	837.4399999999999	0.3821	-1.0	833.9039999999999	1127.36	0.3756	-1.0	-1.0	-1.0	-1.0	-1.0	-1.0	0.0	10	1.0	0.0		3458	0	0
1701815658820	t	banquethall_test_cue_cafeteria_right	0.0	1	0	-1.0	754.848	827.8399999999999	0.4361	-1.0	836.9280000000001	1128.1599999999999	0.4947	-1.0	-1.0	-1.0	-1.0	-1.0	-1.0	0.0	10	1.0	0.0		3458	0	0
1701815658829	t	banquethall_test_cue_cafeteria_right	0.0	1	0	-1.0	756.576	831.84	0.4361	-1.0	842.6880000000001	1139.68	0.4947	-1.0	-1.0	-1.0	-1.0	-1.0	-1.0	0.0	10	1.0	0.0		3458	0	0
1701815658837	t	banquethall_test_cue_cafeteria_right	0.0	1	0	-1.0	758.7360000000001	825.44	0.5086	-1.0	841.6800000000001	1126.3999999999999	0.5916	-1.0	-1.0	-1.0	-1.0	-1.0	-1.0	0.0	10	1.0	0.0		3458	0	0
1701815658845	t	banquethall_test_cue_cafeteria_right	0.0	1	0	-1.0	760.896	816.8	0.5086	-1.0	844.128	1113.12	0.5916	-1.0	-1.0	-1.0	-1.0	-1.0	-1.0	0.0	10	1.0	0.0		3458	0	0
1701815658854	t	banquethall_test_cue_cafeteria_right	0.0	1	0	-1.0	760.032	814.4	0.5653	-1.0	847.296	1103.84	0.6572	-1.0	-1.0	-1.0	-1.0	-1.0	-1.0	0.0	10	1.0	0.0		3458	0	0
1701815658862	t	banquethall_test_cue_cafeteria_right	0.0	1	0	-1.0	760.752	823.6800000000001	0.5653	-1.0	852.192	1102.08	0.6572	-1.0	-1.0	-1.0	-1.0	-1.0	-1.0	0.0	10	1.0	0.0		3458	0	0
1701815658871	t	banquethall_test_cue_cafeteria_right	0.0	1	0	5.2539	766.08	821.4399999999999	0.5985	4.4843	853.056	1103.04	0.7059	0.1229	-0.1514	0.9808	30.3236	3.6118	-34.2873	0.0	10	1.0	0.0		3458	0	0
1701815658879	t	banquethall_test_cue_cafeteria_right	0.0	1	0	5.2752	764.64	821.5999999999999	0.5985	4.3069	848.88	1109.1200000000001	0.7059	0.0995	-0.2541	0.962	30.4846	3.8936	-32.4863	0.0	10	1.0	0.0		3458	0	0
1701815658887	t	banquethall_test_cue_cafeteria_right	0.0	1	0	5.4179	762.4799999999999	812.1600000000001	0.6334	4.3698	848.4479999999999	1104.16	0.7386	0.1041	-0.2327	0.967	30.4963	3.9503	-32.6538	0.0	10	1.0	0.0		3458	0	0
1701815658895	t	banquethall_test_cue_cafeteria_right	0.0	1	0	5.2193	759.7439999999999	817.44	0.6334	4.8195	850.896	1109.6	0.7386	0.1112	-0.2477	0.9624	30.5009	3.8923	-32.3676	0.0	10	1.0	0.0		3458	0	0
1701815658903	t	banquethall_test_cue_cafeteria_right	0.0	1	0	5.5419	760.608	804.96	0.6583	4.9352	851.184	1097.12	0.7541	0.1058	-0.2194	0.9699	30.5186	3.9787	-32.6429	0.0	10	1.0	0.0		3458	0	0
1701815658912	t	banquethall_test_cue_cafeteria_right	0.0	1	0	5.4083	765.072	810.72	0.6583	5.0779	854.3520000000001	1096.16	0.7541	0.0961	-0.2343	0.9674	30.4998	3.9871	-32.6469	0.0	10	1.0	0.0		3458	0	0
1701815658920	t	banquethall_test_cue_cafeteria_right	0.0	1	0	5.2801	766.08	812.48	0.6739	4.659	855.36	1096.8	0.7631	0.0945	-0.2423	0.9656	30.4936	3.9918	-32.5657	0.0	10	1.0	0.0		3458	0	0
1701815658929	t	banquethall_test_cue_cafeteria_right	0.0	1	0	5.6452	764.64	799.6800000000001	0.6739	4.765	857.5200000000001	1092.0	0.7631	0.0973	-0.2137	0.972	30.4999	4.1268	-32.9964	0.0	10	1.0	0.0		3458	0	0
1701815658937	t	banquethall_test_cue_cafeteria_right	0.0	1	0	5.5895	766.368	799.2	0.6846	4.6363	858.672	1091.2	0.7748	0.0955	-0.2154	0.9718	30.4822	4.1468	-32.9962	0.0	10	1.0	0.0		3458	0	0
1701815658945	t	banquethall_test_cue_cafeteria_right	0.0	1	0	5.6588	767.3760000000001	796.64	0.6846	4.9592	864.576	1098.4	0.7748	0.0961	-0.2094	0.9731	30.4556	4.1816	-33.1079	0.0	10	1.0	0.0		3458	0	0
1701815658954	t	banquethall_test_cue_cafeteria_right	0.0	1	0	5.551	768.96	800.6399999999999	0.6903	4.8382	866.592	1100.8	0.8017	0.0964	-0.2215	0.9704	30.4209	4.1274	-32.8474	0.0	10	1.0	0.0		3458	0	0
1701815658962	t	banquethall_test_cue_cafeteria_right	0.0	1	0	5.5588	770.4000000000001	793.12	0.6903	5.1018	868.608	1095.84	0.8017	0.0943	-0.204	0.9744	30.415	4.2502	-33.2869	0.0	10	1.0	0.0		3458	0	0
1701815658970	t	banquethall_test_cue_cafeteria_right	0.0	1	0	5.5323	770.1120000000001	798.08	0.7078	4.8603	870.0479999999999	1100.32	0.8033	0.0991	-0.216	0.9713	30.3798	4.139	-32.8613	0.0	10	1.0	0.0		3458	0	0
1701815658980	t	banquethall_test_cue_cafeteria_right	0.0	1	0	5.7533	775.728	793.44	0.7078	4.456	884.592	1112.16	0.8033	0.0828	-0.2058	0.9751	30.3863	4.2851	-33.3894	0.0	10	1.0	0.0		3458	0	0
1701815658987	t	banquethall_test_cue_cafeteria_right	0.0	1	0	5.7309	777.6	794.88	0.7201	4.5623	876.816	1108.6399999999999	0.8259	0.0788	-0.2098	0.9745	30.3748	4.2616	-33.2835	0.0	10	1.0	0.0		3458	0	0
1701815658995	t	banquethall_test_cue_cafeteria_right	0.0	1	0	5.7272	776.448	791.2	0.7201	5.0084	874.6560000000001	1095.84	0.8259	0.0822	-0.2007	0.9762	30.3774	4.2956	-33.4197	0.0	10	1.0	0.0		3458	0	0
1701815659004	t	banquethall_test_cue_cafeteria_right	0.0	1	0	5.7286	777.3119999999999	792.64	0.7295	4.4405	886.6080000000001	1111.04	0.8397	0.0802	-0.2043	0.9756	30.372	4.277	-33.3439	0.0	10	1.0	0.0		3458	0	0
1701815659012	t	banquethall_test_cue_cafeteria_right	0.0	1	0	5.7301	778.1759999999999	794.08	0.7295	4.5945	885.456	1108.6399999999999	0.8397	0.0783	-0.208	0.975	30.3666	4.2583	-33.2681	0.0	10	1.0	0.0		3458	0	0
1701815659020	t	banquethall_test_cue_cafeteria_right	0.0	1	0	5.7228	776.88	789.44	0.7391	5.0319	877.2479999999999	1090.72	0.8265	0.0807	-0.1953	0.9774	30.3706	4.2627	-33.3312	0.0	10	1.0	0.0		3458	0	0
1701815659029	t	banquethall_test_cue_cafeteria_right	0.0	1	0	5.6396	761.328	783.52	0.7391	4.7574	854.64	1073.28	0.8265	0.1066	-0.1971	0.9745	30.0295	4.2496	-32.9446	0.0	10	1.0	0.0		3458	0	0
1701815659037	t	banquethall_test_cue_cafeteria_right	0.0	1	0	5.9442	744.192	754.72	0.7591	4.3888	837.072	1062.24	0.8261	0.1349	-0.1512	0.9793	30.481	4.4829	-33.0111	0.0	10	1.0	0.0		3458	0	0
1701815659045	t	banquethall_test_cue_cafeteria_right	0.0	1	0	5.7895	737.1360000000001	739.68	0.7591	5.3237	814.176	1011.36	0.8261	0.1471	-0.1293	0.9806	30.6414	4.5919	-32.9724	0.0	10	1.0	0.0		3458	0	0
1701815659054	t	banquethall_test_cue_cafeteria_right	0.0	1	0	5.7713	736.9920000000001	733.76	0.765	5.2313	811.584	1006.88	0.775	0.1426	-0.1243	0.9819	30.7436	4.6996	-33.102	0.0	10	1.0	0.0		3458	0	0
1701815659062	t	banquethall_test_cue_cafeteria_right	0.0	1	0	5.8036	740.304	733.4399999999999	0.765	5.1951	815.904	1011.68	0.775	0.1363	-0.1227	0.983	30.7247	4.7262	-33.2362	0.0	10	1.0	0.0		3458	0	0
1701815659070	t	banquethall_test_cue_cafeteria_right	0.0	1	0	5.8425	741.312	734.4	0.7961	5.1594	819.936	1011.52	0.7848	0.1337	-0.1241	0.9832	30.7206	4.7337	-33.2872	0.0	10	1.0	0.0		3458	0	0
1701815659079	t	banquethall_test_cue_cafeteria_right	0.0	1	0	5.8347	739.4399999999999	731.36	0.7961	5.1726	818.928	1009.2800000000001	0.7848	0.1388	-0.1139	0.9837	30.7238	4.7257	-33.3258	0.0	10	1.0	0.0		3458	0	0
1701815659087	t	banquethall_test_cue_cafeteria_right	0.0	1	0	5.8399	740.0160000000001	730.5600000000001	0.8267	5.1456	820.224	1007.1999999999999	0.7958	0.1363	-0.1147	0.984	30.7301	4.7491	-33.3474	0.0	10	1.0	0.0		3458	0	0
1701815659096	t	banquethall_test_cue_cafeteria_right	0.0	1	0	5.905	741.456	727.84	0.8267	5.3008	822.2399999999999	997.28	0.7958	0.1301	-0.1098	0.9854	30.749	4.8403	-33.6487	0.0	10	1.0	0.0		3458	0	0
1701815659104	t	banquethall_test_cue_cafeteria_right	0.0	1	0	5.7891	743.9039999999999	730.5600000000001	0.8425	5.3146	824.544	1001.12	0.8215	0.1217	-0.1188	0.9854	30.7648	4.9252	-33.938	0.0	10	1.0	0.0		3458	0	0
1701815659112	t	banquethall_test_cue_cafeteria_right	0.0	1	0	5.6529	742.8960000000001	728.16	0.8425	5.3256	825.84	999.5200000000001	0.8215	0.125	-0.1145	0.9855	30.7585	4.9492	-33.9926	0.0	10	1.0	0.0		3458	0	0
1701815659121	t	banquethall_test_cue_cafeteria_right	0.0	1	0	5.5733	744.48	727.84	0.8768	5.2648	826.7040000000001	997.4399999999999	0.8406	0.118	-0.1168	0.9861	30.4594	5.0934	-34.5678	0.0	10	1.0	0.0		3458	0	0
1701815659129	t	banquethall_test_cue_cafeteria_right	0.0	1	0	5.6298	745.488	722.56	0.8768	5.33	828.576	996.96	0.8406	0.1499	-0.0939	0.9842	-23.8004	1.9345	-36.556	0.0	10	1.0	0.0		3458	0	0
1701815659137	t	banquethall_test_cue_cafeteria_right	0.0	1	0	5.5014	747.648	725.92	0.8739	5.0658	831.1680000000001	993.12	0.8425	0.1479	-0.0815	0.9856	-33.8925	1.492	-37.4009	0.0	10	1.0	0.0		3458	0	0
1701815659146	t	banquethall_test_cue_cafeteria_right	0.0	1	0	5.616	750.9599999999999	724.16	0.8739	5.2103	833.328	995.04	0.8425	0.1451	-0.0873	0.9855	-33.9287	1.4344	-37.187	0.0	10	1.0	0.0		3458	0	0
1701815659154	t	banquethall_test_cue_cafeteria_right	0.0	1	0	5.541	750.384	721.12	0.892	5.2269	831.888	991.04	0.8439	0.1508	-0.0777	0.9855	-33.937	1.461	-37.2483	0.0	10	1.0	0.0		3458	0	0
1701815659162	t	banquethall_test_cue_cafeteria_right	0.0	1	0	5.5527	751.968	721.12	0.892	5.212	834.336	989.9200000000001	0.8439	0.1447	-0.0766	0.9865	-33.9486	1.4424	-37.1521	0.0	10	1.0	0.0		3458	0	0
1701815659171	t	banquethall_test_cue_cafeteria_right	0.0	1	0	5.4914	751.392	722.56	0.9022	5.2831	835.6320000000001	988.48	0.8591	0.1431	-0.0746	0.9869	-33.961	1.4361	-37.0772	0.0	10	1.0	0.0		3458	0	0
1701815659179	t	banquethall_test_cue_cafeteria_right	0.0	1	0	5.4894	752.256	720.96	0.9022	5.135	836.64	987.8399999999999	0.8591	0.142	-0.0744	0.9871	-33.9831	1.4059	-36.9532	0.0	10	1.0	0.0		3458	0	0
1701815659187	t	banquethall_test_cue_cafeteria_right	0.0	1	0	5.5069	754.848	718.56	0.9014	5.1527	839.52	986.0799999999999	0.8743	0.1375	-0.0693	0.9881	-34.0	1.3082	-36.6285	0.0	10	1.0	0.0		3458	0	0
1701815659196	t	banquethall_test_cue_cafeteria_right	0.0	1	0	5.5918	757.44	719.68	0.9014	5.1194	840.8159999999999	988.64	0.8743	0.1309	-0.0813	0.9881	-24.153	1.8813	-36.2651	0.0	10	1.0	0.0		3458	0	0
1701815659204	t	banquethall_test_cue_cafeteria_right	0.0	1	0	5.5295	758.16	718.24	0.9227	5.1624	843.408	987.04	0.8753	0.1257	-0.0789	0.9889	-22.2623	2.0057	-36.2022	0.0	10	1.0	0.0		3458	0	0
1701815659212	t	banquethall_test_cue_cafeteria_right	0.0	1	0	5.5099	761.4720000000001	717.76	0.9227	5.2121	847.872	986.5600000000001	0.8753	0.1233	-0.0739	0.9896	-31.5617	1.3773	-36.2279	0.0	10	1.0	0.0		3458	0	0
1701815659220	t	banquethall_test_cue_cafeteria_right	0.0	1	0	5.4945	762.6239999999999	714.72	0.9391	5.2365	849.312	986.88	0.8995	0.1162	-0.0777	0.9902	-23.5706	1.9255	-36.2221	0.0	10	1.0	0.0		3458	0	0
1701815659229	t	banquethall_test_cue_cafeteria_right	0.0	1	0	5.5384	765.36	718.56	0.9391	5.2702	850.752	978.5600000000001	0.8995	0.1078	-0.0699	0.9917	-14.9865	2.4646	-35.9933	0.0	10	1.0	0.0		3458	0	0
1701815659238	t	banquethall_test_cue_cafeteria_right	0.0	1	0	5.5111	766.368	716.8000000000001	0.9459	5.2051	852.6239999999999	981.7600000000001	0.8959	0.1103	-0.0692	0.9915	-26.8116	1.757	-36.3072	0.0	10	1.0	0.0		3458	0	0
1701815659246	t	banquethall_test_cue_cafeteria_right	0.0	1	0	5.4104	769.104	715.84	0.9459	5.2039	856.08	979.04	0.8959	0.1039	-0.0607	0.9927	-31.1525	1.4751	-36.3265	0.0	10	1.0	0.0		3458	0	0
1701815659254	t	banquethall_test_cue_cafeteria_right	0.0	1	0	5.5783	766.944	714.4	0.951	5.192	855.6479999999999	978.0799999999999	0.8903	0.1067	-0.0588	0.9925	-34.1368	1.2726	-36.2723	0.0	10	1.0	0.0		3458	0	0
1701815659262	t	banquethall_test_cue_cafeteria_right	0.0	1	0	5.4871	769.248	714.24	0.951	5.2091	856.368	974.7199999999999	0.8903	0.1057	-0.0506	0.9931	-34.1494	1.2451	-36.1635	0.0	10	1.0	0.0		3458	0	0
1701815659271	t	banquethall_test_cue_cafeteria_right	0.0	1	0	5.4436	771.84	711.36	0.9706	5.1638	856.368	977.76	0.8839	0.1075	-0.0601	0.9924	-34.1641	1.2216	-36.0528	0.0	10	1.0	0.0		3458	0	0
1701815659279	t	banquethall_test_cue_cafeteria_right	0.0	1	0	5.4293	774.4319999999999	712.8	0.9706	5.0833	859.248	976.6400000000001	0.8839	0.1013	-0.0594	0.9931	-34.1852	1.2153	-35.991	0.0	10	1.0	0.0		3458	0	0
1701815659287	t	banquethall_test_cue_cafeteria_right	0.0	1	0	5.4037	777.1679999999999	712.4799999999999	0.9828	5.1773	864.576	974.4	0.9208	0.0896	-0.0475	0.9948	-34.2118	1.1701	-35.9544	0.0	10	1.0	0.0		3458	0	0
1701815659296	t	banquethall_test_cue_cafeteria_right	0.0	1	0	5.3832	780.1919999999999	710.56	0.9828	5.1671	865.872	975.0400000000001	0.9208	0.0903	-0.0564	0.9943	-34.2343	1.2928	-36.2209	0.0	10	1.0	0.0		3458	0	0
1701815659304	t	banquethall_test_cue_cafeteria_right	0.0	1	0	5.3948	783.36	707.2	0.9988	4.9846	871.7760000000001	975.2	0.943	0.0758	-0.0526	0.9957	-34.2656	1.2594	-36.2046	0.0	10	1.0	0.0		3458	0	0
1701815659312	t	banquethall_test_cue_cafeteria_right	0.0	1	0	5.3903	788.8319999999999	707.0400000000001	0.9988	5.0551	874.0799999999999	975.52	0.943	0.0739	-0.0539	0.9958	-34.2878	1.2954	-36.3122	0.0	10	1.0	0.0		3458	0	0
1701815659321	t	banquethall_test_cue_cafeteria_right	0.0	1	0	5.4071	791.136	706.72	1.0	5.0301	880.2719999999999	974.24	1.0	0.0595	-0.0495	0.997	-34.1104	1.2024	-35.9708	0.0	10	1.0	0.0		3458	0	0
1701815659329	t	banquethall_test_cue_cafeteria_right	0.0	1	0	5.2353	795.7439999999999	703.6800000000001	1.0	5.1051	880.416	973.28	1.0	0.0618	-0.0497	0.9968	-23.2645	1.8141	-35.5241	0.0	10	1.0	0.0		3458	0	0
1701815659337	t	banquethall_test_cue_cafeteria_right	0.0	1	0	5.2209	800.6400000000001	703.84	1.0	5.0564	882.0000000000001	975.2	1.0	0.0591	-0.0528	0.9969	-25.6636	1.6445	-35.5159	0.0	10	1.0	0.0		3458	0	0
1701815659346	t	banquethall_test_cue_cafeteria_right	0.0	1	0	5.2957	787.8240000000001	706.4	1.0	5.0607	874.512	972.1600000000001	1.0	0.0586	-0.0468	0.9972	-28.6067	1.4931	-35.6933	0.0	10	1.0	0.0		3458	0	0
1701815659354	t	banquethall_test_cue_cafeteria_right	0.0	1	0	5.3928	755.136	704.16	1.0	4.8952	836.208	975.2	1.0	0.1101	-0.0724	0.9913	18.4842	4.4512	-34.6926	0.0	10	1.0	0.0		3458	0	0
1701815659362	t	banquethall_test_cue_cafeteria_right	0.0	1	0	5.2581	728.496	709.92	1.0	4.7364	798.48	979.52	1.0	0.1442	-0.088	0.9856	30.9419	5.2193	-34.5443	0.0	10	1.0	0.0		3458	0	0
1701815659370	t	banquethall_test_cue_cafeteria_right	0.0	1	0	5.2023	705.168	707.84	1.0	4.9187	772.128	976.0	1.0	0.1763	-0.0799	0.9811	31.178	5.1359	-34.2791	0.0	10	1.0	0.0		3458	0	0
1701815659379	t	banquethall_test_cue_cafeteria_right	0.0	1	0	5.2884	681.696	711.52	1.0	4.8882	748.944	976.16	1.0	0.214	-0.0835	0.9732	31.3735	5.1116	-34.301	0.0	10	1.0	0.0		3458	0	0
1701815659387	t	banquethall_test_cue_cafeteria_right	0.0	1	0	5.3643	664.4159999999999	719.0400000000001	1.0	4.959	724.32	981.7600000000001	1.0	0.2389	-0.0949	0.9664	31.5378	5.0775	-34.336	0.0	10	1.0	0.0		3458	0	0
1701815659395	t	banquethall_test_cue_cafeteria_right	0.0	1	0	5.2639	646.5600000000001	723.52	1.0	4.8853	707.472	986.0799999999999	1.0	0.2643	-0.0957	0.9597	31.7112	5.0236	-34.398	0.0	10	1.0	0.0		3458	0	0
1701815659404	t	banquethall_test_cue_cafeteria_right	0.0	1	0	5.2443	628.416	737.28	1.0	4.8582	688.896	1000.16	1.0	0.2935	-0.1144	0.9491	31.8602	4.9398	-34.4515	0.0	10	1.0	0.0		3458	0	0
1701815659412	t	banquethall_test_cue_cafeteria_right	0.0	1	0	5.2906	615.168	743.04	1.0	4.9245	669.024	1009.92	1.0	0.3087	-0.1166	0.944	32.0112	4.8729	-34.5086	0.0	10	1.0	0.0		3458	0	0
1701815659420	t	banquethall_test_cue_cafeteria_right	0.0	1	0	5.2259	601.92	749.6	1.0	4.8961	653.904	1012.1600000000001	1.0	0.3315	-0.1217	0.9356	32.1116	4.8155	-34.5586	0.0	10	1.0	0.0		3458	0	0
1701815659429	t	banquethall_test_cue_cafeteria_right	0.0	1	0	5.2562	596.16	752.96	1.0	4.9079	653.76	1012.8	1.0	0.3419	-0.1269	0.9311	32.1498	4.8063	-34.5797	0.0	10	1.0	0.0		3458	0	0
1701815659440	t	banquethall_test_cue_cafeteria_right	0.0	1	0	5.1588	601.1999999999999	750.4	1.0	4.8882	664.128	1011.52	1.0	0.3315	-0.1237	0.9353	32.1249	4.8144	-34.5602	0.0	10	1.0	0.0		3458	0	0
1701815659445	t	banquethall_test_cue_cafeteria_right	0.0	1	0	5.271	607.9680000000001	747.68	1.0	4.823	669.888	1012.96	1.0	0.3192	-0.1175	0.9404	32.0499	4.8088	-34.5431	0.0	10	1.0	0.0		3458	0	0
1701815659453	t	banquethall_test_cue_cafeteria_right	0.0	1	0	5.1828	613.008	747.68	1.0	4.7742	676.656	1010.5600000000001	1.0	0.3439	-0.1077	0.9328	-8.9579	2.5154	-35.9917	0.0	10	1.0	0.0		3458	0	0
1701815659462	t	banquethall_test_cue_cafeteria_right	0.0	1	0	5.2054	616.6080000000001	747.04	1.0	4.9395	678.528	1011.9999999999999	1.0	0.341	-0.1121	0.9333	-4.6592	2.7694	-35.827	0.0	10	1.0	0.0		3458	0	0
1701815659470	t	banquethall_test_cue_cafeteria_right	0.0	1	0	5.2242	620.928	747.04	1.0	4.9285	688.3199999999999	1012.48	1.0	0.3245	-0.1172	0.9386	2.2993	3.1752	-35.5546	0.0	10	1.0	0.0		3458	0	0
1701815659479	t	banquethall_test_cue_cafeteria_right	0.0	1	0	5.2633	625.5360000000001	746.5600000000001	1.0	4.8683	691.488	1009.1200000000001	1.0	0.3193	-0.1163	0.9405	2.279	3.1964	-35.5398	0.0	10	1.0	0.0		3458	0	0
1701815659487	t	banquethall_test_cue_cafeteria_right	0.0	1	0	5.2293	627.696	743.68	1.0	4.8408	695.952	1007.1999999999999	1.0	0.316	-0.1141	0.9419	3.2044	3.2723	-35.4921	0.0	10	1.0	0.0		3458	0	0
1701815659495	t	banquethall_test_cue_cafeteria_right	0.0	1	0	5.2212	631.584	741.92	1.0	4.7754	701.136	1005.9200000000001	1.0	0.312	-0.1133	0.9433	4.0056	3.3339	-35.4388	0.0	10	1.0	0.0		3458	0	0
1701815659503	t	banquethall_test_cue_cafeteria_right	0.0	1	0	5.1862	634.8960000000001	736.32	1.0	4.8787	704.592	1006.72	1.0	0.3086	-0.1107	0.9447	3.3942	3.3281	-35.4493	0.0	10	1.0	0.0		3458	0	0
1701815659512	t	banquethall_test_cue_cafeteria_right	0.0	1	0	5.1931	637.92	734.0799999999999	1.0	4.8602	708.336	1002.0799999999999	1.0	0.3044	-0.1054	0.9467	2.2127	3.2824	-35.4839	0.0	10	1.0	0.0		3458	0	0
1701815659520	t	banquethall_test_cue_cafeteria_right	0.0	1	0	5.2434	643.2479999999999	732.16	1.0	4.8435	712.6560000000001	1003.9999999999999	1.0	0.2967	-0.1082	0.9488	1.292	3.248	-35.4993	0.0	10	1.0	0.0		3458	0	0
1701815659528	t	banquethall_test_cue_cafeteria_right	0.0	1	0	5.2017	644.544	730.5600000000001	1.0	4.7571	715.2479999999999	1003.04	1.0	0.2963	-0.1073	0.949	0.265	3.2064	-35.5272	0.0	10	1.0	0.0		3458	0	0
1701815659537	t	banquethall_test_cue_cafeteria_right	0.0	1	0	5.1914	648.72	730.4	1.0	4.8594	719.568	999.2	1.0	0.2909	-0.1038	0.9511	-1.9923	3.0877	-35.5953	0.0	10	1.0	0.0		3458	0	0
1701815659545	t	banquethall_test_cue_cafeteria_right	0.0	1	0	5.2267	649.872	726.88	1.0	4.8274	722.3040000000001	999.6800000000001	1.0	0.2893	-0.1021	0.9518	-3.1842	3.0311	-35.6313	0.0	10	1.0	0.0		3458	0	0
1701815659553	t	banquethall_test_cue_cafeteria_right	0.0	1	0	5.1881	652.464	725.92	1.0	4.8925	722.736	996.0000000000001	1.0	0.2888	-0.0975	0.9524	-4.5117	2.9736	-35.6916	0.0	10	1.0	0.0		3458	0	0
1701815659562	t	banquethall_test_cue_cafeteria_right	0.0	1	0	5.3062	653.76	724.16	1.0	4.835	726.768	994.88	1.0	0.2846	-0.0961	0.9538	-4.9744	2.9611	-35.7021	0.0	10	1.0	0.0		3458	0	0
1701815659570	t	banquethall_test_cue_cafeteria_right	0.0	1	0	5.2561	658.8000000000001	724.0	1.0	4.8383	729.792	993.6	1.0	0.2772	-0.097	0.9559	-5.479	2.9485	-35.7115	0.0	10	1.0	0.0		3458	0	0
1701815659579	t	banquethall_test_cue_cafeteria_right	0.0	1	0	5.2074	658.3679999999999	722.72	1.0	4.7913	731.52	992.4799999999999	1.0	0.2785	-0.0968	0.9555	-5.2683	2.9809	-35.7027	0.0	10	1.0	0.0		3458	0	0
1701815659587	t	banquethall_test_cue_cafeteria_right	0.0	1	0	5.2286	660.672	720.48	1.0	4.9328	733.536	992.6399999999999	1.0	0.2759	-0.0956	0.9564	-4.533	3.0305	-35.6724	0.0	10	1.0	0.0		3458	0	0
1701815659596	t	banquethall_test_cue_cafeteria_right	0.0	1	0	5.2877	663.6959999999999	720.16	1.0	4.8622	735.408	989.4399999999999	1.0	0.2716	-0.0917	0.958	-4.0088	3.0695	-35.6527	0.0	10	1.0	0.0		3458	0	0
1701815659604	t	banquethall_test_cue_cafeteria_right	0.0	1	0	5.3132	664.2719999999999	721.76	1.0	4.8088	735.408	989.6000000000001	1.0	0.2735	-0.0946	0.9572	-3.7728	3.0883	-35.6403	0.0	10	1.0	0.0		3458	0	0
1701815659612	t	banquethall_test_cue_cafeteria_right	0.0	1	0	5.2093	665.2800000000001	718.56	1.0	4.8993	738.72	989.4399999999999	1.0	0.2697	-0.0913	0.9586	-3.222	3.1225	-35.6246	0.0	10	1.0	0.0		3458	0	0
1701815659620	t	banquethall_test_cue_cafeteria_right	0.0	1	0	5.2383	666.72	719.68	1.0	4.8589	740.304	990.8799999999999	1.0	0.2661	-0.0944	0.9593	-2.7847	3.1461	-35.6086	0.0	10	1.0	0.0		3458	0	0
1701815659629	t	banquethall_test_cue_cafeteria_right	0.0	1	0	5.2264	668.448	721.28	1.0	4.8767	742.0319999999999	990.7199999999999	1.0	0.2621	-0.0957	0.9603	-2.5414	3.1556	-35.6012	0.0	10	1.0	0.0		3458	200	MYKEYWORD 200
