Recording timestamp	type	Scene Name	scene_num	order	djv_reported	PupilDiam_Left	Gaze2d_Left.x	Gaze2d_Left.y	left_eye_openness	PupilDiam_Right	Gaze2d_Right.x	Gaze2d_Right.y	right_eye_openness	gaze_direction_x	gaze_direction_y	gaze_direction_z	gaze_origin_x	gaze_origin_y	gaze_origin_z	gaze_convergence_distance	participant	study_status	scene_familiarity	recall_status	Identifier	Event value	Event message
1701717262247	t	cardealership_test_cue_hotel_lobby_right	0.0	0	0	5.9139	686.016	1121.6	0.7881	6.1864	808.56	1125.92	0.8061	-0.0164	-0.5142	0.8575	-2.799	1.1011	-35.8137	0.0	3	0.0	0.0		3376	100	MYKEYWORD 100
1701717262256	t	cardealership_test_cue_hotel_lobby_right	0.0	0	0	5.9037	686.16	1121.92	0.8019	6.107	809.712	1125.6	0.8034	-0.0206	-0.514	0.8575	-2.8463	1.1021	-35.8118	0.0	3	0.0	0.0		3376	0	0
1701717262264	t	cardealership_test_cue_hotel_lobby_right	0.0	0	0	5.9306	686.3040000000001	1122.4	0.8019	6.1488	808.704	1125.92	0.8034	-0.0196	-0.5154	0.8567	-3.0378	1.0997	-35.8035	0.0	3	0.0	0.0		3376	0	0
1701717262273	t	cardealership_test_cue_hotel_lobby_right	0.0	0	0	5.9576	686.448	1122.8799999999999	0.8006	6.1535	809.4240000000001	1124.32	0.8211	-0.022	-0.5145	0.8572	-2.9476	1.1069	-35.8045	0.0	3	0.0	0.0		3376	0	0
1701717262281	t	cardealership_test_cue_hotel_lobby_right	0.0	0	0	5.9664	686.592	1122.8799999999999	0.8006	6.1996	807.84	1125.6	0.8211	-0.0168	-0.5193	0.8544	-3.7366	1.1117	-35.7715	0.0	3	0.0	0.0		3376	0	0
1701717262289	t	cardealership_test_cue_hotel_lobby_right	0.0	0	0	5.9577	686.448	1122.8799999999999	0.8043	6.0588	808.704	1122.72	0.8111	-0.0219	-0.5139	0.8575	-3.5104	1.1126	-35.7795	0.0	3	0.0	0.0		3376	0	0
1701717262298	t	cardealership_test_cue_hotel_lobby_right	0.0	0	0	5.9057	683.28	1118.5600000000002	0.8043	6.2195	808.272	1122.8799999999999	0.8111	-0.0186	-0.5133	0.858	-6.1259	1.1089	-35.6795	0.0	3	0.0	0.0		3376	0	0
1701717262306	t	cardealership_test_cue_hotel_lobby_right	0.0	0	0	5.9517	682.56	1118.88	0.8087	6.1312	808.272	1122.56	0.807	-0.0167	-0.5127	0.8584	-6.3148	1.1069	-35.6727	0.0	3	0.0	0.0		3376	0	0
1701717262314	t	cardealership_test_cue_hotel_lobby_right	0.0	0	0	5.9529	683.712	1112.0	0.8087	6.0866	805.968	1120.3200000000002	0.807	-0.0131	-0.5073	0.8616	-4.7707	1.1519	-35.705	0.0	3	0.0	0.0		3376	0	0
1701717262323	t	cardealership_test_cue_hotel_lobby_right	0.0	0	0	5.8537	679.104	1108.96	0.7652	6.1571	804.384	1115.3600000000001	0.7812	-0.0198	-0.5286	0.8486	-8.432	1.284	-35.5159	0.0	3	0.0	0.0		3376	0	0
1701717262331	t	cardealership_test_cue_hotel_lobby_right	0.0	0	0	5.7719	678.24	1099.52	0.7652	6.1372	798.048	1085.6	0.7812	-0.0075	-0.5148	0.8573	-5.2819	1.5661	-35.5119	0.0	3	0.0	0.0		3376	0	0
1701717262339	t	cardealership_test_cue_hotel_lobby_right	0.0	0	0	-1.0	678.672	1031.36	0.6464	5.9789	789.408	1064.6399999999999	0.7021	-0.0084	-0.5067	0.8621	-31.7621	1.6908	-34.4059	0.0	3	0.0	0.0		3376	0	0
1701717262347	t	cardealership_test_cue_hotel_lobby_right	0.0	0	0	-1.0	614.448	1080.8	0.6464	-1.0	784.8000000000001	1020.1599999999999	0.7021	-1.0	-1.0	-1.0	-1.0	-1.0	-1.0	0.0	3	0.0	0.0		3376	0	0
1701717262355	t	cardealership_test_cue_hotel_lobby_right	0.0	0	0	-1.0	630.0	1134.24	0.2914	-1.0	774.864	996.64	0.5494	-1.0	-1.0	-1.0	-1.0	-1.0	-1.0	0.0	3	0.0	0.0		3376	0	0
1701717262363	t	cardealership_test_cue_hotel_lobby_right	0.0	0	0	-1.0	536.832	1329.76	0.2914	-1.0	770.4000000000001	989.28	0.5494	-1.0	-1.0	-1.0	-1.0	-1.0	-1.0	0.0	3	0.0	0.0		3376	0	0
1701717262372	t	cardealership_test_cue_hotel_lobby_right	0.0	0	0	-1.0	500.54400000000004	1299.3600000000001	0.1796	-1.0	772.4159999999999	968.6400000000001	0.3781	-1.0	-1.0	-1.0	-1.0	-1.0	-1.0	0.0	3	0.0	0.0		3376	0	0
1701717262380	t	cardealership_test_cue_hotel_lobby_right	0.0	0	0	-1.0	-1440.0	-1600.0	0.1796	-1.0	761.76	960.4799999999999	0.3781	-1.0	-1.0	-1.0	-1.0	-1.0	-1.0	0.0	3	0.0	0.0		3376	0	0
1701717262388	t	cardealership_test_cue_hotel_lobby_right	0.0	0	0	-1.0	-1440.0	-1600.0	0.245	-1.0	761.4720000000001	951.0400000000001	0.2974	-1.0	-1.0	-1.0	-1.0	-1.0	-1.0	0.0	3	0.0	0.0		3376	0	0
1701717262396	t	cardealership_test_cue_hotel_lobby_right	0.0	0	0	-1.0	-1440.0	-1600.0	0.245	-1.0	760.608	927.9999999999999	0.2974	-1.0	-1.0	-1.0	-1.0	-1.0	-1.0	0.0	3	0.0	0.0		3376	0	0
1701717262405	t	cardealership_test_cue_hotel_lobby_right	0.0	0	0	-1.0	111.168	1496.48	0.2313	-1.0	756.0	916.96	0.3146	-1.0	-1.0	-1.0	-1.0	-1.0	-1.0	0.0	3	0.0	0.0		3376	0	0
1701717262413	t	cardealership_test_cue_hotel_lobby_right	0.0	0	0	-1.0	-1440.0	-1600.0	0.2313	-1.0	758.016	894.4000000000001	0.3146	-1.0	-1.0	-1.0	-1.0	-1.0	-1.0	0.0	3	0.0	0.0		3376	0	0
1701717262422	t	cardealership_test_cue_hotel_lobby_right	0.0	0	0	-1.0	-1440.0	-1600.0	0.1037	-1.0	768.3839999999999	917.6	0.4291	-1.0	-1.0	-1.0	-1.0	-1.0	-1.0	0.0	3	0.0	0.0		3376	0	0
1701717262431	t	cardealership_test_cue_hotel_lobby_right	0.0	0	0	4.8368	636.48	939.6800000000001	0.1037	-1.0	780.48	897.7600000000001	0.4291	0.1259	-0.2619	0.9568	32.6935	2.9808	-36.4415	0.0	3	0.0	0.0		3376	0	0
1701717262440	t	cardealership_test_cue_hotel_lobby_right	0.0	0	0	5.4231	634.7520000000001	918.8800000000001	0.2244	6.1265	781.9200000000001	902.72	0.5723	-0.0006	-0.1817	0.9833	-31.6663	2.8074	-34.1662	0.0	3	0.0	0.0		3376	0	0
1701717262448	t	cardealership_test_cue_hotel_lobby_right	0.0	0	0	6.0715	655.9200000000001	904.48	0.2244	6.1501	782.208	905.5999999999999	0.5723	0.0044	-0.179	0.9838	-31.6947	2.7446	-34.1681	0.0	3	0.0	0.0		3376	0	0
1701717262457	t	cardealership_test_cue_hotel_lobby_right	0.0	0	0	5.8505	651.888	906.56	0.4114	6.2583	784.512	902.72	0.7353	-0.0029	-0.1604	0.987	-31.7034	2.7072	-34.1601	0.0	3	0.0	0.0		3376	0	0
1701717262464	t	cardealership_test_cue_hotel_lobby_right	0.0	0	0	5.9012	650.736	896.32	0.4114	6.2738	783.936	906.08	0.7353	-0.0012	-0.1663	0.9861	-31.7014	2.6762	-34.1569	0.0	3	0.0	0.0		3376	0	0
1701717262473	t	cardealership_test_cue_hotel_lobby_right	0.0	0	0	5.7166	647.856	907.6800000000001	0.5366	6.1945	784.3679999999999	904.64	0.8368	-0.0039	-0.1552	0.9879	-31.6991	2.6589	-34.1948	0.0	3	0.0	0.0		3376	0	0
1701717262481	t	cardealership_test_cue_hotel_lobby_right	0.0	0	0	5.5084	647.712	916.64	0.5366	6.2368	785.808	906.24	0.8368	-0.0104	-0.1589	0.9872	-31.6951	2.6449	-34.1764	0.0	3	0.0	0.0		3376	0	0
1701717262490	t	cardealership_test_cue_hotel_lobby_right	0.0	0	0	5.4344	643.968	910.0799999999999	0.644	6.184	783.648	910.3999999999999	0.9313	-0.0026	-0.1702	0.9854	-31.6917	2.6205	-34.1665	0.0	3	0.0	0.0		3376	0	0
1701717262498	t	cardealership_test_cue_hotel_lobby_right	0.0	0	0	5.8021	647.568	897.9200000000001	0.644	6.1629	783.792	908.3199999999999	0.9313	-0.0035	-0.1591	0.9872	-31.6898	2.6118	-34.1975	0.0	3	0.0	0.0		3376	0	0
1701717262507	t	cardealership_test_cue_hotel_lobby_right	0.0	0	0	5.8972	649.008	896.32	0.7191	6.1535	781.1999999999999	913.9200000000001	0.9986	0.0384	-0.1729	0.9842	-7.3172	2.8415	-35.0107	0.0	3	0.0	0.0		3376	0	0
1701717262514	t	cardealership_test_cue_hotel_lobby_right	0.0	0	0	5.6879	647.856	903.8399999999999	0.7191	6.2327	781.056	911.68	0.9986	0.0454	-0.1783	0.9829	-3.5291	2.8777	-35.1468	0.0	3	0.0	0.0		3376	0	0
1701717262523	t	cardealership_test_cue_hotel_lobby_right	0.0	0	0	5.738	648.288	901.92	1.0	6.288	781.3439999999999	904.96	1.0	0.0523	-0.1642	0.985	3.1844	2.9515	-35.4134	0.0	3	0.0	0.0		3376	0	0
1701717262531	t	cardealership_test_cue_hotel_lobby_right	0.0	0	0	5.7774	648.144	900.16	1.0	6.309	783.648	906.72	1.0	0.0524	-0.1632	0.9852	5.916	2.9691	-35.498	0.0	3	0.0	0.0		3376	0	0
1701717262539	t	cardealership_test_cue_hotel_lobby_right	0.0	0	0	5.7276	646.1279999999999	902.2399999999999	1.0	6.2704	782.496	911.8399999999999	1.0	0.0585	-0.176	0.9826	6.1147	2.9645	-35.4772	0.0	3	0.0	0.0		3376	0	0
1701717262548	t	cardealership_test_cue_hotel_lobby_right	0.0	0	0	5.9516	652.464	895.2	1.0	6.305	782.64	906.56	1.0	0.0429	-0.1511	0.9876	7.7137	2.9779	-35.5511	0.0	3	0.0	0.0		3376	0	0
1701717262556	t	cardealership_test_cue_hotel_lobby_right	0.0	0	0	5.9848	651.744	892.3199999999999	1.0	6.2915	783.2160000000001	905.7600000000001	1.0	0.0468	-0.1418	0.9888	11.4822	3.0113	-35.7025	0.0	3	0.0	0.0		3376	0	0
1701717262564	t	cardealership_test_cue_hotel_lobby_right	0.0	0	0	5.8496	651.024	895.8399999999999	1.0	6.3475	784.0799999999999	907.5200000000001	1.0	0.0515	-0.1516	0.9871	13.3036	3.0223	-35.7594	0.0	3	0.0	0.0		3376	0	0
1701717262574	t	cardealership_test_cue_hotel_lobby_right	0.0	0	0	6.0947	650.88	888.9599999999999	1.0	6.2798	782.496	906.08	1.0	0.0571	-0.1317	0.9896	15.4009	3.0511	-35.8593	0.0	3	0.0	0.0		3376	0	0
1701717262582	t	cardealership_test_cue_hotel_lobby_right	0.0	0	0	6.0605	651.024	888.9599999999999	1.0	6.2575	783.792	904.1600000000001	1.0	0.0639	-0.1298	0.9895	21.5656	3.1125	-36.0614	0.0	3	0.0	0.0		3376	0	0
1701717262590	t	cardealership_test_cue_hotel_lobby_right	0.0	0	0	6.1308	652.608	887.04	1.0	6.1941	784.3679999999999	906.56	1.0	0.0596	-0.1249	0.9904	21.8041	3.1139	-36.0727	0.0	3	0.0	0.0		3376	0	0
1701717262599	t	cardealership_test_cue_hotel_lobby_right	0.0	0	0	5.9748	650.736	890.8799999999999	1.0	6.2789	785.52	906.24	1.0	0.0647	-0.1381	0.9883	21.7159	3.1126	-36.0487	0.0	3	0.0	0.0		3376	0	0
1701717262607	t	cardealership_test_cue_hotel_lobby_right	0.0	0	0	6.1464	652.8960000000001	887.68	1.0	6.2437	784.8000000000001	904.32	1.0	0.0605	-0.1252	0.9903	24.3557	3.1316	-36.1294	0.0	3	0.0	0.0		3376	0	0
1701717262615	t	cardealership_test_cue_hotel_lobby_right	0.0	0	0	6.1412	653.76	885.76	1.0	6.2818	783.2160000000001	904.8	1.0	0.0597	-0.1188	0.9911	25.7428	3.1427	-36.1723	0.0	3	0.0	0.0		3376	0	0
1701717262624	t	cardealership_test_cue_hotel_lobby_right	0.0	0	0	5.9512	648.576	890.24	1.0	6.2635	784.512	905.4399999999999	1.0	0.0754	-0.1321	0.9884	23.0868	3.1116	-36.0997	0.0	3	0.0	0.0		3376	0	0
1701717262632	t	cardealership_test_cue_hotel_lobby_right	0.0	0	0	5.9611	650.304	887.68	1.0	6.2118	786.24	908.16	1.0	0.0621	-0.1263	0.99	19.843	3.0765	-35.9998	0.0	3	0.0	0.0		3376	0	0
1701717262640	t	cardealership_test_cue_hotel_lobby_right	0.0	0	0	6.0033	652.0319999999999	888.0000000000001	1.0	6.1895	784.8000000000001	907.04	1.0	0.0555	-0.1266	0.9904	17.8941	3.0611	-35.9491	0.0	3	0.0	0.0		3376	0	0
1701717262648	t	cardealership_test_cue_hotel_lobby_right	0.0	0	0	6.1529	653.328	887.2	1.0	6.2203	785.0880000000001	906.24	1.0	0.047	-0.1239	0.9912	14.2809	3.0288	-35.839	0.0	3	0.0	0.0		3376	0	0
1701717262657	t	cardealership_test_cue_hotel_lobby_right	0.0	0	0	6.1723	653.904	887.04	1.0	6.2478	784.8000000000001	901.92	1.0	0.057	-0.1179	0.9914	24.0584	3.11	-36.1226	0.0	3	0.0	0.0		3376	0	0
1701717262665	t	cardealership_test_cue_hotel_lobby_right	0.0	0	0	6.1412	652.608	885.6	1.0	6.1688	785.664	906.08	1.0	0.0648	-0.1153	0.9912	28.3662	3.1607	-36.277	0.0	3	0.0	0.0		3376	0	0
1701717262673	t	cardealership_test_cue_hotel_lobby_right	0.0	0	0	6.0928	654.336	888.48	1.0	6.2449	783.648	907.3600000000001	1.0	0.0595	-0.1253	0.9903	29.7533	3.1673	-36.2958	0.0	3	0.0	0.0		3376	0	0
1701717262682	t	cardealership_test_cue_hotel_lobby_right	0.0	0	0	5.9986	650.304	887.04	1.0	6.2221	785.0880000000001	909.44	1.0	0.0745	-0.122	0.9897	28.5622	3.1611	-36.2659	0.0	3	0.0	0.0		3376	0	0
1701717262690	t	cardealership_test_cue_hotel_lobby_right	0.0	0	0	6.1508	653.904	883.84	1.0	6.2477	786.672	904.64	1.0	0.0621	-0.1097	0.992	30.0831	3.1787	-36.3141	0.0	3	0.0	0.0		3376	0	0
1701717262698	t	cardealership_test_cue_hotel_lobby_right	0.0	0	0	6.1255	655.344	885.92	1.0	6.1431	787.6800000000001	903.36	1.0	0.0583	-0.1162	0.9915	31.5458	3.175	-36.3078	0.0	3	0.0	0.0		3376	0	0
1701717262706	t	cardealership_test_cue_hotel_lobby_right	0.0	0	0	6.1084	654.768	885.28	1.0	6.2507	783.936	906.72	1.0	0.0612	-0.1141	0.9916	31.0938	3.1725	-36.3056	0.0	3	0.0	0.0		3376	0	0
1701717262715	t	cardealership_test_cue_hotel_lobby_right	0.0	0	0	6.1568	653.904	883.6800000000001	1.0	6.2467	785.0880000000001	906.56	1.0	0.0635	-0.1074	0.9922	29.4531	3.1491	-36.2457	0.0	3	0.0	0.0		3376	0	0
1701717262723	t	cardealership_test_cue_hotel_lobby_right	0.0	0	0	6.125	652.8960000000001	882.56	1.0	6.2217	784.2239999999999	908.8	1.0	0.0649	-0.1051	0.9923	26.1012	3.1255	-36.1894	0.0	3	0.0	0.0		3376	0	0
1701717262731	t	cardealership_test_cue_hotel_lobby_right	0.0	0	0	6.1976	654.336	879.52	1.0	6.2394	783.36	905.4399999999999	1.0	0.0591	-0.0943	0.9938	22.8223	3.0205	-35.8429	0.0	3	0.0	0.0		3376	0	0
1701717262740	t	cardealership_test_cue_hotel_lobby_right	0.0	0	0	6.2316	654.192	879.68	1.0	6.2342	784.2239999999999	908.0	1.0	0.0334	-0.1167	0.9926	-4.1107	2.8674	-35.366	0.0	3	0.0	0.0		3376	0	0
1701717262748	t	cardealership_test_cue_hotel_lobby_right	0.0	0	0	6.1629	655.344	877.44	1.0	6.2617	786.96	905.4399999999999	1.0	0.0128	-0.1237	0.9922	-17.8041	2.8291	-35.1595	0.0	3	0.0	0.0		3376	0	0
1701717262757	t	cardealership_test_cue_hotel_lobby_right	0.0	0	0	6.2016	661.248	870.72	1.0	6.2808	786.672	897.12	1.0	0.0205	-0.1038	0.9944	-16.1261	2.8831	-35.1687	0.0	3	0.0	0.0		3376	0	0
1701717262765	t	cardealership_test_cue_hotel_lobby_right	0.0	0	0	6.2787	669.888	852.8000000000001	1.0	6.3058	795.8879999999999	880.32	1.0	-0.023	-0.0662	0.9975	-28.1752	2.7845	-34.5212	0.0	3	0.0	0.0		3376	0	0
1701717262773	t	cardealership_test_cue_hotel_lobby_right	0.0	0	0	6.3079	673.776	845.92	1.0	6.2148	798.336	868.96	1.0	-0.0354	-0.0492	0.9982	-30.7759	2.866	-34.4257	0.0	3	0.0	0.0		3376	0	0
1701717262782	t	cardealership_test_cue_hotel_lobby_right	0.0	0	0	6.2879	670.464	839.5200000000001	1.0	6.3118	793.8720000000001	861.5999999999999	1.0	-0.0174	-0.0276	0.9995	-31.5735	2.8788	-34.3774	0.0	3	0.0	0.0		3376	0	0
1701717262790	t	cardealership_test_cue_hotel_lobby_right	0.0	0	0	6.2692	670.1759999999999	834.8800000000001	1.0	6.3057	793.7280000000001	859.0400000000001	1.0	-0.0249	-0.0164	0.9995	-31.3931	2.7655	-33.9807	0.0	3	0.0	0.0		3376	0	0
1701717262798	t	cardealership_test_cue_hotel_lobby_right	0.0	0	0	6.3222	668.88	837.5999999999999	1.0	6.3057	791.28	859.52	1.0	-0.0127	-0.0176	0.9998	-30.4636	2.7954	-34.0962	0.0	3	0.0	0.0		3376	0	0
1701717262807	t	cardealership_test_cue_hotel_lobby_right	0.0	0	0	6.3097	669.024	836.32	1.0	6.3098	792.288	859.84	1.0	-0.0124	-0.0148	0.9998	-26.5642	2.838	-34.2733	0.0	3	0.0	0.0		3376	0	0
1701717262815	t	cardealership_test_cue_hotel_lobby_right	0.0	0	0	6.3022	667.008	835.8399999999999	1.0	6.2493	792.8639999999999	860.6400000000001	1.0	-0.0195	-0.0185	0.9996	-30.4614	2.8239	-34.261	0.0	3	0.0	0.0		3376	0	0
1701717262823	t	cardealership_test_cue_hotel_lobby_right	0.0	0	0	6.2871	668.304	836.16	1.0	6.2738	792.288	859.84	1.0	-0.0152	-0.0141	0.9998	-31.168	2.8651	-34.438	0.0	3	0.0	0.0		3376	0	0
1701717262832	t	cardealership_test_cue_hotel_lobby_right	0.0	0	0	6.353	669.312	833.44	1.0	6.257	791.28	859.84	1.0	-0.0089	-0.0115	0.9999	-28.4685	2.8846	-34.5185	0.0	3	0.0	0.0		3376	0	0
1701717262840	t	cardealership_test_cue_hotel_lobby_right	0.0	0	0	6.386	669.024	833.1200000000001	1.0	6.2548	792.144	861.76	1.0	0.0277	0.0068	0.9996	13.2845	2.99	-34.674	0.0	3	0.0	0.0		3376	0	0
1701717262848	t	cardealership_test_cue_hotel_lobby_right	0.0	0	0	6.3348	669.168	833.2800000000001	1.0	6.3177	794.304	859.0400000000001	1.0	0.0312	0.0132	0.9994	20.7313	3.0209	-34.7613	0.0	3	0.0	0.0		3376	0	0
1701717262857	t	cardealership_test_cue_hotel_lobby_right	0.0	0	0	6.3024	668.1600000000001	835.8399999999999	1.0	6.2809	792.432	861.28	1.0	0.032	0.0039	0.9995	16.0833	2.9593	-34.6005	0.0	3	0.0	0.0		3376	0	0
1701717262865	t	cardealership_test_cue_hotel_lobby_right	0.0	0	0	6.3705	668.592	832.64	1.0	6.2656	791.8560000000001	861.5999999999999	1.0	0.0322	0.0165	0.9993	16.5988	2.9331	-34.5599	0.0	3	0.0	0.0		3376	0	0
1701717262873	t	cardealership_test_cue_hotel_lobby_right	0.0	0	0	6.3604	669.024	832.16	1.0	6.2947	792.432	861.76	1.0	0.0363	0.0235	0.9991	21.7463	2.9348	-34.5838	0.0	3	0.0	0.0		3376	0	0
1701717262882	t	cardealership_test_cue_hotel_lobby_right	0.0	0	0	6.212	667.728	832.9599999999999	1.0	6.3254	792.0000000000001	862.72	1.0	0.0497	0.0248	0.9984	28.3514	2.9762	-34.717	0.0	3	0.0	0.0		3376	0	0
1701717262890	t	cardealership_test_cue_hotel_lobby_right	0.0	0	0	6.2487	666.288	833.76	1.0	6.3409	792.144	862.4000000000001	1.0	0.0575	0.0248	0.998	30.8406	3.035	-34.9281	0.0	3	0.0	0.0		3376	0	0
1701717262898	t	cardealership_test_cue_hotel_lobby_right	0.0	0	0	6.2853	665.712	833.1200000000001	1.0	6.3298	793.0079999999999	864.0	1.0	0.0601	0.0327	0.9977	31.2001	2.9527	-34.7166	0.0	3	0.0	0.0		3376	0	0
1701717262907	t	cardealership_test_cue_hotel_lobby_right	0.0	0	0	6.2651	666.576	836.32	1.0	6.3304	794.016	865.9200000000001	1.0	0.0525	0.0182	0.9984	27.6556	3.0019	-34.915	0.0	3	0.0	0.0		3376	0	0
1701717262915	t	cardealership_test_cue_hotel_lobby_right	0.0	0	0	6.3051	670.032	837.5999999999999	1.0	6.2738	790.7040000000001	867.84	1.0	0.0252	0.0079	0.9996	7.9564	2.8507	-34.6026	0.0	3	0.0	0.0		3376	0	0
1701717262923	t	cardealership_test_cue_hotel_lobby_right	0.0	0	0	6.2862	668.736	836.96	1.0	6.252	790.8480000000001	868.3199999999999	1.0	0.0204	0.0067	0.9998	-2.1316	2.7624	-34.4308	0.0	3	0.0	0.0		3376	0	0
1701717262932	t	cardealership_test_cue_hotel_lobby_right	0.0	0	0	6.3225	668.88	836.32	1.0	6.3088	793.5840000000001	868.8000000000001	1.0	0.0147	0.0086	0.9998	-1.9284	2.7598	-34.4389	0.0	3	0.0	0.0		3376	0	0
1701717262940	t	cardealership_test_cue_hotel_lobby_right	0.0	0	0	6.2575	666.288	837.28	1.0	6.2916	793.44	869.12	1.0	0.0246	0.0083	0.9996	2.5385	2.8035	-34.5613	0.0	3	0.0	0.0		3376	0	0
1701717262948	t	cardealership_test_cue_hotel_lobby_right	0.0	0	0	6.2699	666.576	837.12	1.0	6.3136	792.8639999999999	868.96	1.0	0.038	0.0142	0.9992	17.9691	2.9663	-34.9572	0.0	3	0.0	0.0		3376	0	0
1701717262957	t	cardealership_test_cue_hotel_lobby_right	0.0	0	0	6.2684	664.5600000000001	837.4399999999999	1.0	6.2658	794.7359999999999	863.84	1.0	0.0391	0.0144	0.9991	18.6509	3.0428	-35.1773	0.0	3	0.0	0.0		3376	0	0
1701717262965	t	cardealership_test_cue_hotel_lobby_right	0.0	0	0	6.2324	656.208	839.6800000000001	1.0	6.3518	798.48	862.4000000000001	1.0	0.0173	0.0092	0.9998	-4.4952	2.8585	-34.7214	0.0	3	0.0	0.0		3376	0	0
1701717262973	t	cardealership_test_cue_hotel_lobby_right	0.0	0	0	6.01	647.424	845.4399999999999	1.0	6.2956	800.496	863.04	1.0	-0.02	-0.0012	0.9998	-31.9066	2.7124	-34.3014	0.0	3	0.0	0.0		3376	0	0
1701717262981	t	cardealership_test_cue_hotel_lobby_right	0.0	0	0	-1.0	630.144	867.2	1.0	6.1016	799.6320000000001	864.9599999999999	1.0	-0.0175	-0.0316	0.9993	-31.9231	2.9892	-34.9352	0.0	3	0.0	0.0		3376	0	0
1701717262990	t	cardealership_test_cue_hotel_lobby_right	0.0	0	0	-1.0	640.3679999999999	866.08	1.0	5.7833	802.224	868.4799999999999	1.0	-0.0279	-0.085	0.996	-31.9199	3.4125	-35.8199	0.0	3	0.0	0.0		3376	0	0
1701717262997	t	cardealership_test_cue_hotel_lobby_right	0.0	0	0	-1.0	515.232	974.8799999999999	1.0	-1.0	791.28	861.28	1.0	-1.0	-1.0	-1.0	-1.0	-1.0	-1.0	0.0	3	0.0	0.0		3376	0	0
1701717263006	t	cardealership_test_cue_hotel_lobby_right	0.0	0	0	-1.0	514.944	1026.3999999999999	0.4145	-1.0	768.672	881.7600000000001	0.7463	-1.0	-1.0	-1.0	-1.0	-1.0	-1.0	0.0	3	0.0	0.0		3376	0	0
1701717263014	t	cardealership_test_cue_hotel_lobby_right	0.0	0	0	-1.0	586.656	1054.72	0.4145	-1.0	788.256	862.0799999999999	0.7463	-1.0	-1.0	-1.0	-1.0	-1.0	-1.0	0.0	3	0.0	0.0		3376	0	0
1701717263022	t	cardealership_test_cue_hotel_lobby_right	0.0	0	0	-1.0	595.7280000000001	1089.12	0.2594	-1.0	783.936	867.84	0.568	-1.0	-1.0	-1.0	-1.0	-1.0	-1.0	0.0	3	0.0	0.0		3376	0	0
1701717263030	t	cardealership_test_cue_hotel_lobby_right	0.0	0	0	-1.0	227.232	1233.92	0.2594	-1.0	786.384	871.84	0.568	-1.0	-1.0	-1.0	-1.0	-1.0	-1.0	0.0	3	0.0	0.0		3376	0	0
1701717263039	t	cardealership_test_cue_hotel_lobby_right	0.0	0	0	-1.0	232.848	1232.32	0.2151	-1.0	769.824	880.64	0.5336	-1.0	-1.0	-1.0	-1.0	-1.0	-1.0	0.0	3	0.0	0.0		3376	0	0
1701717263047	t	cardealership_test_cue_hotel_lobby_right	0.0	0	0	-1.0	-1440.0	-1600.0	0.2151	-1.0	776.448	872.9599999999999	0.5336	-1.0	-1.0	-1.0	-1.0	-1.0	-1.0	0.0	3	0.0	0.0		3376	0	0
1701717263055	t	cardealership_test_cue_hotel_lobby_right	0.0	0	0	-1.0	-1440.0	-1600.0	0.2699	-1.0	784.9440000000001	858.56	0.5491	-1.0	-1.0	-1.0	-1.0	-1.0	-1.0	0.0	3	0.0	0.0		3376	0	0
1701717263064	t	cardealership_test_cue_hotel_lobby_right	0.0	0	0	-1.0	626.4	876.0	0.2699	-1.0	781.632	864.1600000000001	0.5491	-1.0	-1.0	-1.0	-1.0	-1.0	-1.0	0.0	3	0.0	0.0		3376	0	0
1701717263073	t	cardealership_test_cue_hotel_lobby_right	0.0	0	0	-1.0	630.576	865.1199999999999	0.2925	-1.0	789.84	863.52	0.6488	-1.0	-1.0	-1.0	-1.0	-1.0	-1.0	0.0	3	0.0	0.0		3376	0	0
1701717263081	t	cardealership_test_cue_hotel_lobby_right	0.0	0	0	-1.0	627.264	874.7199999999999	0.2925	-1.0	787.5360000000001	874.08	0.6488	-1.0	-1.0	-1.0	-1.0	-1.0	-1.0	0.0	3	0.0	0.0		3376	0	0
1701717263090	t	cardealership_test_cue_hotel_lobby_right	0.0	0	0	-1.0	636.048	861.76	0.4875	-1.0	788.544	876.16	0.8103	-1.0	-1.0	-1.0	-1.0	-1.0	-1.0	0.0	3	0.0	0.0		3376	0	0
1701717263098	t	cardealership_test_cue_hotel_lobby_right	0.0	0	0	-1.0	646.5600000000001	866.4	0.4875	-1.0	788.8319999999999	884.96	0.8103	-1.0	-1.0	-1.0	-1.0	-1.0	-1.0	0.0	3	0.0	0.0		3376	0	0
1701717263107	t	cardealership_test_cue_hotel_lobby_right	0.0	0	0	-1.0	653.04	866.08	0.7004	6.2116	787.3919999999999	889.7600000000001	0.9433	0.0011	-0.0621	0.9981	-31.7669	2.7596	-35.1612	0.0	3	0.0	0.0		3376	0	0
1701717263115	t	cardealership_test_cue_hotel_lobby_right	0.0	0	0	-1.0	646.2719999999999	870.5600000000001	0.7004	6.286	786.528	894.4000000000001	0.9433	0.0005	-0.0741	0.9972	-31.7482	2.6671	-34.9176	0.0	3	0.0	0.0		3376	0	0
1701717263124	t	cardealership_test_cue_hotel_lobby_right	0.0	0	0	5.9092	646.416	875.84	1.0	6.0878	791.136	901.92	1.0	-0.0155	-0.0843	0.9963	-31.7653	2.6664	-35.2268	0.0	3	0.0	0.0		3376	0	0
1701717263132	t	cardealership_test_cue_hotel_lobby_right	0.0	0	0	6.0588	649.1519999999999	880.1600000000001	1.0	6.0398	787.1039999999999	903.8399999999999	1.0	0.0009	-0.0829	0.9966	-31.7595	2.6462	-35.3042	0.0	3	0.0	0.0		3376	0	0
1701717263140	t	cardealership_test_cue_hotel_lobby_right	0.0	0	0	5.9375	645.984	883.04	1.0	6.2877	787.1039999999999	905.12	1.0	0.0055	-0.0818	0.9966	-28.3261	2.6339	-35.3057	0.0	3	0.0	0.0		3376	0	0
1701717263148	t	cardealership_test_cue_hotel_lobby_right	0.0	0	0	5.9943	644.688	885.76	1.0	6.3196	784.8000000000001	906.24	1.0	0.024	-0.081	0.9964	-24.8315	2.648	-35.4179	0.0	3	0.0	0.0		3376	0	0
1701717263156	t	cardealership_test_cue_hotel_lobby_right	0.0	0	0	5.5933	634.8960000000001	903.2	1.0	6.0777	789.84	908.96	1.0	0.0277	-0.0952	0.9951	-16.0692	2.637	-35.4901	0.0	3	0.0	0.0		3376	0	0
1701717263165	t	cardealership_test_cue_hotel_lobby_right	0.0	0	0	5.6758	629.856	909.44	1.0	6.235	789.264	916.64	1.0	0.0137	-0.1082	0.994	-28.8662	2.5062	-35.184	0.0	3	0.0	0.0		3376	0	0
1701717263173	t	cardealership_test_cue_hotel_lobby_right	0.0	0	0	-1.0	628.848	931.3599999999999	0.7836	6.0729	788.9760000000001	924.3199999999999	0.9588	0.0104	-0.1403	0.9901	-31.8371	2.6127	-35.4946	0.0	3	0.0	0.0		3376	0	0
1701717263180	t	cardealership_test_cue_hotel_lobby_right	0.0	0	0	-1.0	-1440.0	-1600.0	0.7836	-1.0	782.352	916.8	0.9588	-1.0	-1.0	-1.0	-1.0	-1.0	-1.0	0.0	3	0.0	0.0		3376	0	0
1701717263188	t	cardealership_test_cue_hotel_lobby_right	0.0	0	0	-1.0	-1440.0	-1600.0	0.4427	-1.0	787.8240000000001	941.2800000000001	0.6944	-1.0	-1.0	-1.0	-1.0	-1.0	-1.0	0.0	3	0.0	0.0		3376	0	0
1701717263196	t	cardealership_test_cue_hotel_lobby_right	0.0	0	0	-1.0	505.872	1313.6	0.4427	-1.0	732.96	984.16	0.6944	-1.0	-1.0	-1.0	-1.0	-1.0	-1.0	0.0	3	0.0	0.0		3376	0	0
1701717263205	t	cardealership_test_cue_hotel_lobby_right	0.0	0	0	-1.0	560.304	1353.28	0.2884	-1.0	736.1279999999999	1023.1999999999999	0.3547	-1.0	-1.0	-1.0	-1.0	-1.0	-1.0	0.0	3	0.0	0.0		3376	0	0
1701717263213	t	cardealership_test_cue_hotel_lobby_right	0.0	0	0	-1.0	598.896	1396.3200000000002	0.2884	-1.0	706.896	978.5600000000001	0.3547	-1.0	-1.0	-1.0	-1.0	-1.0	-1.0	0.0	3	0.0	0.0		3376	0	0
1701717263220	t	cardealership_test_cue_hotel_lobby_right	0.0	0	0	-1.0	584.784	1328.0	0.2993	-1.0	-1440.0	-1600.0	0.281	-1.0	-1.0	-1.0	-1.0	-1.0	-1.0	0.0	3	0.0	0.0		3376	0	0
1701717263229	t	cardealership_test_cue_hotel_lobby_right	0.0	0	0	-1.0	517.1039999999999	1378.72	0.2993	-1.0	-1440.0	-1600.0	0.281	-1.0	-1.0	-1.0	-1.0	-1.0	-1.0	0.0	3	0.0	0.0		3376	0	0
1701717263238	t	cardealership_test_cue_hotel_lobby_right	0.0	0	0	-1.0	572.832	1209.76	0.2709	-1.0	766.656	990.7199999999999	0.263	-1.0	-1.0	-1.0	-1.0	-1.0	-1.0	0.0	3	0.0	0.0		3376	0	0
1701717263246	t	cardealership_test_cue_hotel_lobby_right	0.0	0	0	-1.0	-1440.0	-1600.0	0.2709	-1.0	761.6160000000001	976.6400000000001	0.263	-1.0	-1.0	-1.0	-1.0	-1.0	-1.0	0.0	3	0.0	0.0		3376	0	0
1701717263255	t	cardealership_test_cue_hotel_lobby_right	0.0	0	0	-1.0	-1440.0	-1600.0	0.2456	-1.0	768.5279999999999	980.48	0.2967	-1.0	-1.0	-1.0	-1.0	-1.0	-1.0	0.0	3	0.0	0.0		3376	0	0
1701717263263	t	cardealership_test_cue_hotel_lobby_right	0.0	0	0	-1.0	546.768	1090.08	0.2456	-1.0	760.32	981.7600000000001	0.2967	-1.0	-1.0	-1.0	-1.0	-1.0	-1.0	0.0	3	0.0	0.0		3376	0	0
1701717263272	t	cardealership_test_cue_hotel_lobby_right	0.0	0	0	-1.0	608.976	1029.92	0.2164	-1.0	765.936	1003.2	0.4231	-1.0	-1.0	-1.0	-1.0	-1.0	-1.0	0.0	3	0.0	0.0		3376	0	0
1701717263281	t	cardealership_test_cue_hotel_lobby_right	0.0	0	0	-1.0	625.392	1010.88	0.2164	-1.0	767.2320000000001	1020.64	0.4231	-1.0	-1.0	-1.0	-1.0	-1.0	-1.0	0.0	3	0.0	0.0		3376	0	0
1701717263289	t	cardealership_test_cue_hotel_lobby_right	0.0	0	0	-1.0	628.416	1032.6399999999999	0.3111	-1.0	769.536	1039.04	0.5682	-1.0	-1.0	-1.0	-1.0	-1.0	-1.0	0.0	3	0.0	0.0		3376	0	0
1701717263297	t	cardealership_test_cue_hotel_lobby_right	0.0	0	0	-1.0	643.6800000000001	1045.76	0.3111	-1.0	771.696	1060.48	0.5682	-1.0	-1.0	-1.0	-1.0	-1.0	-1.0	0.0	3	0.0	0.0		3376	0	0
1701717263306	t	cardealership_test_cue_hotel_lobby_right	0.0	0	0	-1.0	656.208	1054.88	0.4736	-1.0	776.0160000000001	1080.48	0.6864	-1.0	-1.0	-1.0	-1.0	-1.0	-1.0	0.0	3	0.0	0.0		3376	0	0
1701717263314	t	cardealership_test_cue_hotel_lobby_right	0.0	0	0	-1.0	663.12	1077.76	0.4736	-1.0	781.1999999999999	1092.8000000000002	0.6864	-1.0	-1.0	-1.0	-1.0	-1.0	-1.0	0.0	3	0.0	0.0		3376	0	0
1701717263323	t	cardealership_test_cue_hotel_lobby_right	0.0	0	0	-1.0	668.016	1100.48	0.5847	6.1761	785.9519999999999	1117.6	0.7728	-0.0176	-0.4208	0.907	-31.6389	0.599	-35.2392	0.0	3	0.0	0.0		3376	0	0
1701717263332	t	cardealership_test_cue_hotel_lobby_right	0.0	0	0	-1.0	674.64	1118.5600000000002	0.5847	6.1757	788.688	1130.4	0.7728	-0.0338	-0.4201	0.9068	-31.6153	0.4073	-35.3116	0.0	3	0.0	0.0		3376	0	0
1701717263340	t	cardealership_test_cue_hotel_lobby_right	0.0	0	0	-1.0	673.9200000000001	1132.16	0.7003	6.3317	786.24	1145.6	0.7927	-0.0255	-0.4421	0.8966	-31.5983	0.2867	-35.3704	0.0	3	0.0	0.0		3376	0	0
1701717263348	t	cardealership_test_cue_hotel_lobby_right	0.0	0	0	5.9072	678.9599999999999	1141.92	0.7003	6.1951	785.9519999999999	1151.68	0.7927	0.0075	-0.4877	0.873	21.0739	0.644	-36.0457	0.0	3	0.0	0.0		3376	0	0
1701717263356	t	cardealership_test_cue_hotel_lobby_right	0.0	0	0	5.979	671.76	1140.48	0.7588	6.1734	787.1039999999999	1151.68	0.8045	0.0167	-0.4756	0.8795	14.7619	0.5751	-35.9786	0.0	3	0.0	0.0		3376	0	0
1701717263364	t	cardealership_test_cue_hotel_lobby_right	0.0	0	0	5.8684	669.888	1148.16	0.7588	6.1578	787.5360000000001	1151.04	0.8045	0.0097	-0.4848	0.8746	7.8769	0.5224	-35.9025	0.0	3	0.0	0.0		3376	0	0
1701717263372	t	cardealership_test_cue_hotel_lobby_right	0.0	0	0	5.9965	667.2959999999999	1137.44	0.7885	6.2265	787.6800000000001	1155.2	0.8291	-0.0037	-0.4644	0.8856	-11.1189	0.3763	-35.6583	0.0	3	0.0	0.0		3376	0	0
1701717263381	t	cardealership_test_cue_hotel_lobby_right	0.0	0	0	5.8885	665.856	1140.8	0.7885	6.2062	789.408	1154.24	0.8291	-0.0018	-0.4662	0.8847	-7.7039	0.3981	-35.7058	0.0	3	0.0	0.0		3376	0	0
1701717263389	t	cardealership_test_cue_hotel_lobby_right	0.0	0	0	6.0168	666.0	1134.56	0.7932	6.2504	787.6800000000001	1153.6	0.8291	0.0072	-0.4573	0.8893	-3.9573	0.4182	-35.7492	0.0	3	0.0	0.0		3376	0	0
1701717263398	t	cardealership_test_cue_hotel_lobby_right	0.0	0	0	5.9638	667.872	1135.04	0.7932	6.1598	788.8319999999999	1155.52	0.8291	0.0001	-0.4618	0.8869	-3.2843	0.4237	-35.7584	0.0	3	0.0	0.0		3376	0	0
1701717263406	t	cardealership_test_cue_hotel_lobby_right	0.0	0	0	5.9141	668.736	1137.12	0.822	6.1944	790.2719999999999	1152.8	0.843	-0.0065	-0.4569	0.8895	-5.289	0.3993	-35.7351	0.0	3	0.0	0.0		3376	0	0
1701717263414	t	cardealership_test_cue_hotel_lobby_right	0.0	0	0	5.9314	667.008	1141.6000000000001	0.822	6.2597	791.28	1153.44	0.843	-0.0076	-0.4617	0.887	-8.5527	0.3754	-35.698	0.0	3	0.0	0.0		3376	0	0
1701717263423	t	cardealership_test_cue_hotel_lobby_right	0.0	0	0	5.8474	669.6	1143.04	0.8562	6.2098	790.1279999999999	1152.32	0.8631	-0.0035	-0.4593	0.8883	-5.5971	0.3765	-35.7397	0.0	3	0.0	0.0		3376	0	0
1701717263431	t	cardealership_test_cue_hotel_lobby_right	0.0	0	0	5.955	666.72	1140.8	0.8562	6.2743	791.424	1153.6	0.8631	0.0036	-0.4549	0.8905	-2.628	0.3745	-35.7878	0.0	3	0.0	0.0		3376	0	0
1701717263439	t	cardealership_test_cue_hotel_lobby_right	0.0	0	0	5.8604	669.6	1145.76	0.8866	6.1991	795.024	1155.2	0.8758	-0.0049	-0.4603	0.8877	-0.9205	0.3647	-35.8247	0.0	3	0.0	0.0		3376	0	0
1701717263448	t	cardealership_test_cue_hotel_lobby_right	0.0	0	0	5.9465	666.864	1145.28	0.8866	6.2415	795.024	1156.8	0.8758	0.0014	-0.4534	0.8913	-1.0508	0.323	-35.8383	0.0	3	0.0	0.0		3376	0	0
1701717263456	t	cardealership_test_cue_hotel_lobby_right	0.0	0	0	6.0627	666.72	1146.72	0.9049	6.1952	795.456	1163.6799999999998	0.8936	0.0031	-0.4578	0.889	-0.2738	0.2852	-35.8677	0.0	3	0.0	0.0		3376	0	0
1701717263464	t	cardealership_test_cue_hotel_lobby_right	0.0	0	0	5.9685	667.872	1154.24	0.9049	6.2503	796.464	1163.6799999999998	0.8936	0.0011	-0.4582	0.8888	-1.6068	0.2303	-35.8725	0.0	3	0.0	0.0		3376	0	0
1701717263473	t	cardealership_test_cue_hotel_lobby_right	0.0	0	0	6.0272	667.728	1154.72	0.926	6.2173	798.336	1173.12	0.9049	0.0032	-0.4647	0.8855	2.0927	0.2084	-35.9455	0.0	3	0.0	0.0		3376	0	0
1701717263481	t	cardealership_test_cue_hotel_lobby_right	0.0	0	0	6.088	671.184	1155.04	0.926	6.2926	798.7679999999999	1174.4	0.9049	0.0003	-0.458	0.8889	4.291	0.1778	-35.9845	0.0	3	0.0	0.0		3376	0	0
1701717263489	t	cardealership_test_cue_hotel_lobby_right	0.0	0	0	5.9791	670.464	1157.44	0.9417	6.107	800.352	1176.1599999999999	0.9189	0.0025	-0.4567	0.8896	5.721	0.1494	-36.0203	0.0	3	0.0	0.0		3376	0	0
1701717263498	t	cardealership_test_cue_hotel_lobby_right	0.0	0	0	6.0275	671.904	1160.0	0.9417	6.1481	802.08	1181.6000000000001	0.9189	-0.0003	-0.465	0.8853	5.7646	0.1372	-36.0301	0.0	3	0.0	0.0		3376	0	0
1701717263506	t	cardealership_test_cue_hotel_lobby_right	0.0	0	0	5.9178	668.1600000000001	1168.1599999999999	0.9438	6.1384	804.384	1184.8000000000002	0.9104	0.0069	-0.4817	0.8763	6.7226	0.1362	-36.0554	0.0	3	0.0	0.0		3376	0	0
1701717263514	t	cardealership_test_cue_hotel_lobby_right	0.0	0	0	5.9859	666.576	1162.88	0.9438	5.9888	807.984	1188.8	0.9104	-0.0012	-0.4802	0.8772	4.0486	0.1315	-36.0226	0.0	3	0.0	0.0		3376	0	0
1701717263522	t	cardealership_test_cue_hotel_lobby_right	0.0	0	0	-1.0	678.384	1150.88	0.8421	6.0098	807.264	1190.08	0.8405	-0.0331	-0.4874	0.8725	-31.9554	-0.1345	-35.6019	0.0	3	0.0	0.0		3376	0	0
1701717263530	t	cardealership_test_cue_hotel_lobby_right	0.0	0	0	-1.0	624.384	1292.16	0.8421	-1.0	801.6479999999999	1209.44	0.8405	-1.0	-1.0	-1.0	-1.0	-1.0	-1.0	0.0	3	0.0	0.0		3376	0	0
1701717263538	t	cardealership_test_cue_hotel_lobby_right	0.0	0	0	-1.0	672.336	1415.1999999999998	0.3763	-1.0	789.264	1230.0800000000002	0.5042	-1.0	-1.0	-1.0	-1.0	-1.0	-1.0	0.0	3	0.0	0.0		3376	0	0
1701717263545	t	cardealership_test_cue_hotel_lobby_right	0.0	0	0	-1.0	-1440.0	-1600.0	0.3763	-1.0	791.8560000000001	1292.16	0.5042	-1.0	-1.0	-1.0	-1.0	-1.0	-1.0	0.0	3	0.0	0.0		3376	0	0
1701717263553	t	cardealership_test_cue_hotel_lobby_right	0.0	0	0	-1.0	-1440.0	-1600.0	0.1936	-1.0	-1440.0	-1600.0	0.2018	-1.0	-1.0	-1.0	-1.0	-1.0	-1.0	0.0	3	0.0	0.0		3376	0	0
1701717263562	t	cardealership_test_cue_hotel_lobby_right	0.0	0	0	-1.0	-1440.0	-1600.0	0.1936	-1.0	-1440.0	-1600.0	0.2018	-1.0	-1.0	-1.0	-1.0	-1.0	-1.0	0.0	3	0.0	0.0		3376	0	0
1701717263570	t	cardealership_test_cue_hotel_lobby_right	0.0	0	0	-1.0	-1440.0	-1600.0	0.1541	-1.0	-1440.0	-1600.0	0.1435	-1.0	-1.0	-1.0	-1.0	-1.0	-1.0	0.0	3	0.0	0.0		3376	0	0
1701717263578	t	cardealership_test_cue_hotel_lobby_right	0.0	0	0	-1.0	-1440.0	-1600.0	0.1541	-1.0	-1440.0	-1600.0	0.1435	-1.0	-1.0	-1.0	-1.0	-1.0	-1.0	0.0	3	0.0	0.0		3376	0	0
1701717263587	t	cardealership_test_cue_hotel_lobby_right	0.0	0	0	-1.0	-1440.0	-1600.0	0.1735	-1.0	-1440.0	-1600.0	0.1656	-1.0	-1.0	-1.0	-1.0	-1.0	-1.0	0.0	3	0.0	0.0		3376	0	0
1701717263595	t	cardealership_test_cue_hotel_lobby_right	0.0	0	0	-1.0	-1440.0	-1600.0	0.1735	-1.0	-1440.0	-1600.0	0.1656	-1.0	-1.0	-1.0	-1.0	-1.0	-1.0	0.0	3	0.0	0.0		3376	0	0
1701717263604	t	cardealership_test_cue_hotel_lobby_right	0.0	0	0	-1.0	-1440.0	-1600.0	0.1794	-1.0	-1440.0	-1600.0	0.1585	-1.0	-1.0	-1.0	-1.0	-1.0	-1.0	0.0	3	0.0	0.0		3376	0	0
1701717263612	t	cardealership_test_cue_hotel_lobby_right	0.0	0	0	-1.0	-1440.0	-1600.0	0.1794	-1.0	-1440.0	-1600.0	0.1585	-1.0	-1.0	-1.0	-1.0	-1.0	-1.0	0.0	3	0.0	0.0		3376	0	0
1701717263620	t	cardealership_test_cue_hotel_lobby_right	0.0	0	0	-1.0	-1440.0	-1600.0	0.1867	-1.0	-1440.0	-1600.0	0.1499	-1.0	-1.0	-1.0	-1.0	-1.0	-1.0	0.0	3	0.0	0.0		3376	0	0
1701717263628	t	cardealership_test_cue_hotel_lobby_right	0.0	0	0	-1.0	-1440.0	-1600.0	0.1867	-1.0	-1440.0	-1600.0	0.1499	-1.0	-1.0	-1.0	-1.0	-1.0	-1.0	0.0	3	0.0	0.0		3376	0	0
1701717263637	t	cardealership_test_cue_hotel_lobby_right	0.0	0	0	-1.0	-1440.0	-1600.0	0.1842	-1.0	-1440.0	-1600.0	0.1596	-1.0	-1.0	-1.0	-1.0	-1.0	-1.0	0.0	3	0.0	0.0		3376	0	0
1701717263645	t	cardealership_test_cue_hotel_lobby_right	0.0	0	0	-1.0	-1440.0	-1600.0	0.1842	-1.0	-1440.0	-1600.0	0.1596	-1.0	-1.0	-1.0	-1.0	-1.0	-1.0	0.0	3	0.0	0.0		3376	0	0
1701717263653	t	cardealership_test_cue_hotel_lobby_right	0.0	0	0	-1.0	-1440.0	-1600.0	0.1864	-1.0	-1440.0	-1600.0	0.1613	-1.0	-1.0	-1.0	-1.0	-1.0	-1.0	0.0	3	0.0	0.0		3376	0	0
1701717263662	t	cardealership_test_cue_hotel_lobby_right	0.0	0	0	-1.0	-1440.0	-1600.0	0.1864	-1.0	-1440.0	-1600.0	0.1613	-1.0	-1.0	-1.0	-1.0	-1.0	-1.0	0.0	3	0.0	0.0		3376	0	0
1701717263670	t	cardealership_test_cue_hotel_lobby_right	0.0	0	0	-1.0	-1440.0	-1600.0	0.194	-1.0	-1440.0	-1600.0	0.1712	-1.0	-1.0	-1.0	-1.0	-1.0	-1.0	0.0	3	0.0	0.0		3376	0	0
1701717263678	t	cardealership_test_cue_hotel_lobby_right	0.0	0	0	-1.0	-1440.0	-1600.0	0.194	-1.0	-1440.0	-1600.0	0.1712	-1.0	-1.0	-1.0	-1.0	-1.0	-1.0	0.0	3	0.0	0.0		3376	0	0
1701717263687	t	cardealership_test_cue_hotel_lobby_right	0.0	0	0	-1.0	-1440.0	-1600.0	0.1824	-1.0	-1440.0	-1600.0	0.1596	-1.0	-1.0	-1.0	-1.0	-1.0	-1.0	0.0	3	0.0	0.0		3376	0	0
1701717263695	t	cardealership_test_cue_hotel_lobby_right	0.0	0	0	-1.0	-1440.0	-1600.0	0.1824	-1.0	-1440.0	-1600.0	0.1596	-1.0	-1.0	-1.0	-1.0	-1.0	-1.0	0.0	3	0.0	0.0		3376	0	0
1701717263704	t	cardealership_test_cue_hotel_lobby_right	0.0	0	0	-1.0	-1440.0	-1600.0	0.1928	-1.0	-1440.0	-1600.0	0.172	-1.0	-1.0	-1.0	-1.0	-1.0	-1.0	0.0	3	0.0	0.0		3376	0	0
1701717263712	t	cardealership_test_cue_hotel_lobby_right	0.0	0	0	-1.0	-1440.0	-1600.0	0.1928	-1.0	-1440.0	-1600.0	0.172	-1.0	-1.0	-1.0	-1.0	-1.0	-1.0	0.0	3	0.0	0.0		3376	0	0
1701717263720	t	cardealership_test_cue_hotel_lobby_right	0.0	0	0	-1.0	-1440.0	-1600.0	0.1537	-1.0	-1440.0	-1600.0	0.1364	-1.0	-1.0	-1.0	-1.0	-1.0	-1.0	0.0	3	0.0	0.0		3376	0	0
1701717263728	t	cardealership_test_cue_hotel_lobby_right	0.0	0	0	-1.0	-1440.0	-1600.0	0.1537	-1.0	-1440.0	-1600.0	0.1364	-1.0	-1.0	-1.0	-1.0	-1.0	-1.0	0.0	3	0.0	0.0		3376	0	0
1701717263737	t	cardealership_test_cue_hotel_lobby_right	0.0	0	0	-1.0	-1440.0	-1600.0	0.1123	-1.0	816.768	1170.88	0.1097	-1.0	-1.0	-1.0	-1.0	-1.0	-1.0	0.0	3	0.0	0.0		3376	0	0
1701717263746	t	cardealership_test_cue_hotel_lobby_right	0.0	0	0	-1.0	-1440.0	-1600.0	0.0349	-1.0	816.624	1171.36	0.1097	-1.0	-1.0	-1.0	-1.0	-1.0	-1.0	0.0	3	0.0	0.0		3376	0	0
1701717263754	t	cardealership_test_cue_hotel_lobby_right	0.0	0	0	-1.0	-1440.0	-1600.0	0.0934	-1.0	807.408	1154.4	0.2797	-1.0	-1.0	-1.0	-1.0	-1.0	-1.0	0.0	3	0.0	0.0		3376	0	0
1701717263763	t	cardealership_test_cue_hotel_lobby_right	0.0	0	0	-1.0	622.3679999999999	1227.52	0.0934	-1.0	805.248	1152.48	0.0998	-1.0	-1.0	-1.0	-1.0	-1.0	-1.0	0.0	3	0.0	0.0		3376	0	0
1701717263772	t	cardealership_test_cue_hotel_lobby_right	0.0	0	0	-1.0	651.024	1182.08	0.1761	-1.0	799.6320000000001	1151.84	0.2207	-1.0	-1.0	-1.0	-1.0	-1.0	-1.0	0.0	3	0.0	0.0		3376	0	0
1701717263780	t	cardealership_test_cue_hotel_lobby_right	0.0	0	0	-1.0	644.2560000000001	1135.04	0.1761	-1.0	802.944	1160.1599999999999	0.2207	-1.0	-1.0	-1.0	-1.0	-1.0	-1.0	0.0	3	0.0	0.0		3376	0	0
1701717263789	t	cardealership_test_cue_hotel_lobby_right	0.0	0	0	-1.0	640.3679999999999	1146.0800000000002	0.2624	-1.0	798.7679999999999	1153.28	0.3602	-1.0	-1.0	-1.0	-1.0	-1.0	-1.0	0.0	3	0.0	0.0		3376	0	0
1701717263797	t	cardealership_test_cue_hotel_lobby_right	0.0	0	0	-1.0	648.144	1135.84	0.2624	-1.0	797.328	1158.08	0.3602	-1.0	-1.0	-1.0	-1.0	-1.0	-1.0	0.0	3	0.0	0.0		3376	0	0
1701717263806	t	cardealership_test_cue_hotel_lobby_right	0.0	0	0	-1.0	642.384	1148.8	0.3656	-1.0	796.896	1157.44	0.464	-1.0	-1.0	-1.0	-1.0	-1.0	-1.0	0.0	3	0.0	0.0		3376	0	0
1701717263814	t	cardealership_test_cue_hotel_lobby_right	0.0	0	0	-1.0	654.48	1121.12	0.3656	-1.0	793.8720000000001	1158.88	0.464	-1.0	-1.0	-1.0	-1.0	-1.0	-1.0	0.0	3	0.0	0.0		3376	0	0
1701717263823	t	cardealership_test_cue_hotel_lobby_right	0.0	0	0	-1.0	650.16	1119.2	0.439	-1.0	791.424	1167.52	0.5183	-1.0	-1.0	-1.0	-1.0	-1.0	-1.0	0.0	3	0.0	0.0		3376	0	0
1701717263831	t	cardealership_test_cue_hotel_lobby_right	0.0	0	0	-1.0	641.952	1156.0	0.439	-1.0	790.416	1169.44	0.5183	-1.0	-1.0	-1.0	-1.0	-1.0	-1.0	0.0	3	0.0	0.0		3376	0	0
1701717263839	t	cardealership_test_cue_hotel_lobby_right	0.0	0	0	-1.0	648.432	1149.92	0.4896	-1.0	791.424	1172.48	0.566	-1.0	-1.0	-1.0	-1.0	-1.0	-1.0	0.0	3	0.0	0.0		3376	0	0
1701717263847	t	cardealership_test_cue_hotel_lobby_right	0.0	0	0	-1.0	625.824	1238.0800000000002	0.4896	-1.0	790.2719999999999	1172.8	0.566	-1.0	-1.0	-1.0	-1.0	-1.0	-1.0	0.0	3	0.0	0.0		3376	0	0
1701717263855	t	cardealership_test_cue_hotel_lobby_right	0.0	0	0	-1.0	590.256	1417.44	0.4166	-1.0	793.5840000000001	1205.92	0.4648	-1.0	-1.0	-1.0	-1.0	-1.0	-1.0	0.0	3	0.0	0.0		3376	0	0
1701717263862	t	cardealership_test_cue_hotel_lobby_right	0.0	0	0	-1.0	-1440.0	-1600.0	0.4166	-1.0	803.088	1294.88	0.4648	-1.0	-1.0	-1.0	-1.0	-1.0	-1.0	0.0	3	0.0	0.0		3376	0	0
1701717263870	t	cardealership_test_cue_hotel_lobby_right	0.0	0	0	-1.0	-1440.0	-1600.0	0.1777	-1.0	-1440.0	-1600.0	0.1566	-1.0	-1.0	-1.0	-1.0	-1.0	-1.0	0.0	3	0.0	0.0		3376	0	0
1701717263879	t	cardealership_test_cue_hotel_lobby_right	0.0	0	0	-1.0	-1440.0	-1600.0	0.1777	-1.0	-1440.0	-1600.0	0.1566	-1.0	-1.0	-1.0	-1.0	-1.0	-1.0	0.0	3	0.0	0.0		3376	0	0
1701717263887	t	cardealership_test_cue_hotel_lobby_right	0.0	0	0	-1.0	-1440.0	-1600.0	0.1506	-1.0	-1440.0	-1600.0	0.0	-1.0	-1.0	-1.0	-1.0	-1.0	-1.0	0.0	3	0.0	0.0		3376	0	0
1701717263895	t	cardealership_test_cue_hotel_lobby_right	0.0	0	0	-1.0	-1440.0	-1600.0	0.1506	-1.0	-1440.0	-1600.0	0.0	-1.0	-1.0	-1.0	-1.0	-1.0	-1.0	0.0	3	0.0	0.0		3376	0	0
1701717263903	t	cardealership_test_cue_hotel_lobby_right	0.0	0	0	-1.0	-1440.0	-1600.0	0.0	-1.0	-1440.0	-1600.0	0.0	-1.0	-1.0	-1.0	-1.0	-1.0	-1.0	0.0	3	0.0	0.0		3376	0	0
1701717263912	t	cardealership_test_cue_hotel_lobby_right	0.0	0	0	-1.0	-1440.0	-1600.0	0.0	-1.0	-1440.0	-1600.0	0.0	-1.0	-1.0	-1.0	-1.0	-1.0	-1.0	0.0	3	0.0	0.0		3376	0	0
1701717263920	t	cardealership_test_cue_hotel_lobby_right	0.0	0	0	-1.0	-1440.0	-1600.0	0.0	-1.0	-1440.0	-1600.0	0.0	-1.0	-1.0	-1.0	-1.0	-1.0	-1.0	0.0	3	0.0	0.0		3376	0	0
1701717263928	t	cardealership_test_cue_hotel_lobby_right	0.0	0	0	-1.0	-1440.0	-1600.0	0.0	-1.0	-1440.0	-1600.0	0.0	-1.0	-1.0	-1.0	-1.0	-1.0	-1.0	0.0	3	0.0	0.0		3376	0	0
1701717263937	t	cardealership_test_cue_hotel_lobby_right	0.0	0	0	-1.0	-1440.0	-1600.0	0.0	-1.0	-1440.0	-1600.0	0.0	-1.0	-1.0	-1.0	-1.0	-1.0	-1.0	0.0	3	0.0	0.0		3376	0	0
1701717263945	t	cardealership_test_cue_hotel_lobby_right	0.0	0	0	-1.0	-1440.0	-1600.0	0.0	-1.0	-1440.0	-1600.0	0.0	-1.0	-1.0	-1.0	-1.0	-1.0	-1.0	0.0	3	0.0	0.0		3376	0	0
1701717263954	t	cardealership_test_cue_hotel_lobby_right	0.0	0	0	-1.0	-1440.0	-1600.0	0.0	-1.0	814.896	1432.48	0.0	-1.0	-1.0	-1.0	-1.0	-1.0	-1.0	0.0	3	0.0	0.0		3376	0	0
1701717263962	t	cardealership_test_cue_hotel_lobby_right	0.0	0	0	-1.0	-1440.0	-1600.0	0.0	-1.0	803.088	1306.56	0.0	-1.0	-1.0	-1.0	-1.0	-1.0	-1.0	0.0	3	0.0	0.0		3376	0	0
1701717263971	t	cardealership_test_cue_hotel_lobby_right	0.0	0	0	-1.0	-1440.0	-1600.0	0.0	-1.0	817.2	1283.3600000000001	0.0	-1.0	-1.0	-1.0	-1.0	-1.0	-1.0	0.0	3	0.0	0.0		3376	0	0
1701717263980	t	cardealership_test_cue_hotel_lobby_right	0.0	0	0	-1.0	617.76	1419.68	0.0	-1.0	817.3439999999999	1277.44	0.0	-1.0	-1.0	-1.0	-1.0	-1.0	-1.0	0.0	3	0.0	0.0		3376	0	0
1701717263988	t	cardealership_test_cue_hotel_lobby_right	0.0	0	0	-1.0	626.4	1339.68	0.0	-1.0	807.984	1272.64	0.0	-1.0	-1.0	-1.0	-1.0	-1.0	-1.0	0.0	3	0.0	0.0		3376	0	0
1701717263997	t	cardealership_test_cue_hotel_lobby_right	0.0	0	0	-1.0	625.2479999999999	1291.2	0.0	-1.0	803.808	1264.6399999999999	0.0	-1.0	-1.0	-1.0	-1.0	-1.0	-1.0	0.0	3	0.0	0.0		3376	0	0
1701717264005	t	cardealership_test_cue_hotel_lobby_right	0.0	0	0	-1.0	635.904	1277.44	0.0	-1.0	798.336	1258.3999999999999	0.0	-1.0	-1.0	-1.0	-1.0	-1.0	-1.0	0.0	3	0.0	0.0		3376	0	0
1701717264014	t	cardealership_test_cue_hotel_lobby_right	0.0	0	0	-1.0	641.088	1266.8799999999999	0.0	-1.0	796.6080000000001	1258.24	0.0	-1.0	-1.0	-1.0	-1.0	-1.0	-1.0	0.0	3	0.0	0.0		3376	0	0
1701717264023	t	cardealership_test_cue_hotel_lobby_right	0.0	0	0	-1.0	647.568	1270.72	0.0	-1.0	797.04	1261.9199999999998	0.0	-1.0	-1.0	-1.0	-1.0	-1.0	-1.0	0.0	3	0.0	0.0		3376	0	0
1701717264031	t	cardealership_test_cue_hotel_lobby_right	0.0	0	0	-1.0	643.6800000000001	1268.8	0.0	-1.0	799.2	1268.0	0.0	-1.0	-1.0	-1.0	-1.0	-1.0	-1.0	0.0	3	0.0	0.0		3376	0	0
1701717264039	t	cardealership_test_cue_hotel_lobby_right	0.0	0	0	-1.0	642.816	1268.96	0.0	-1.0	799.6320000000001	1271.8400000000001	0.0	-1.0	-1.0	-1.0	-1.0	-1.0	-1.0	0.0	3	0.0	0.0		3376	0	0
1701717264048	t	cardealership_test_cue_hotel_lobby_right	0.0	0	0	-1.0	646.848	1263.52	0.0	-1.0	795.456	1258.88	0.0	-1.0	-1.0	-1.0	-1.0	-1.0	-1.0	0.0	3	0.0	0.0		3376	0	0
1701717264056	t	cardealership_test_cue_hotel_lobby_right	0.0	0	0	-1.0	646.1279999999999	1262.56	0.0	-1.0	792.288	1260.1599999999999	0.0	-1.0	-1.0	-1.0	-1.0	-1.0	-1.0	0.0	3	0.0	0.0		3376	0	0
1701717264065	t	cardealership_test_cue_hotel_lobby_right	0.0	0	0	-1.0	648.0	1268.1599999999999	0.0	5.9763	790.5600000000001	1260.1599999999999	0.0	-0.0464	-0.4016	0.9146	-31.5615	-1.5136	-36.196	0.0	3	0.0	0.0		3376	0	0
1701717264073	t	cardealership_test_cue_hotel_lobby_right	0.0	0	0	-1.0	644.2560000000001	1253.28	0.0	6.052	790.5600000000001	1258.88	0.0	-0.0492	-0.3919	0.9187	-31.5492	-1.5359	-36.2031	0.0	3	0.0	0.0		3376	0	0
1701717264082	t	cardealership_test_cue_hotel_lobby_right	0.0	0	0	6.0632	645.696	1257.2800000000002	0.0	5.998	792.144	1260.48	0.0	-0.006	-0.5453	0.8382	-31.6673	-0.836	-35.974	0.0	3	0.0	0.0		3376	0	0
1701717264090	t	cardealership_test_cue_hotel_lobby_right	0.0	0	0	5.988	644.544	1253.44	0.0	6.103	789.264	1254.0800000000002	0.0	-0.0458	-0.3741	0.9263	-30.136	-1.5529	-36.213	0.0	3	0.0	0.0		3376	0	0
1701717264097	t	cardealership_test_cue_hotel_lobby_right	0.0	0	0	5.9631	645.84	1253.6	0.0	6.1395	790.416	1259.04	0.0	-0.0004	-0.5146	0.8574	-15.4223	-0.9127	-36.2409	0.0	3	0.0	0.0		3376	0	0
1701717264106	t	cardealership_test_cue_hotel_lobby_right	0.0	0	0	6.0423	646.2719999999999	1250.3999999999999	0.0	6.1526	789.552	1255.2	0.0	0.0024	-0.4821	0.8761	-2.357	-0.9761	-36.4616	0.0	3	0.0	0.0		3376	0	0
1701717264114	t	cardealership_test_cue_hotel_lobby_right	0.0	0	0	5.9757	647.424	1256.48	0.7328	6.1315	789.84	1256.48	0.6686	0.0021	-0.4699	0.8827	15.1249	-1.0349	-36.7749	0.0	3	0.0	0.0		3376	0	0
1701717264123	t	cardealership_test_cue_hotel_lobby_right	0.0	0	0	6.0969	646.2719999999999	1248.0	0.7872	6.1084	788.688	1257.2800000000002	0.7088	0.0089	-0.4414	0.8973	23.7693	-1.0539	-36.9002	0.0	3	0.0	0.0		3376	0	0
1701717264132	t	cardealership_test_cue_hotel_lobby_right	0.0	0	0	6.018	646.992	1247.68	0.7872	6.11	788.112	1254.24	0.7088	0.0087	-0.4402	0.8978	26.5885	-1.0393	-36.9392	0.0	3	0.0	0.0		3376	0	0
1701717264140	t	cardealership_test_cue_hotel_lobby_right	0.0	0	0	6.0148	646.992	1245.76	0.8227	5.9562	796.32	1255.68	0.7276	0.0066	-0.4468	0.8946	24.057	-0.9968	-36.8817	0.0	3	0.0	0.0		3376	0	0
1701717264148	t	cardealership_test_cue_hotel_lobby_right	0.0	0	0	5.9829	646.704	1239.2	0.8227	6.0	790.2719999999999	1250.88	0.7276	0.0113	-0.4459	0.895	17.5059	-0.9517	-36.7462	0.0	3	0.0	0.0		3376	0	0
1701717264157	t	cardealership_test_cue_hotel_lobby_right	0.0	0	0	6.0346	647.1360000000001	1233.28	0.8237	6.1065	790.2719999999999	1247.2	0.7372	0.0103	-0.4622	0.8867	6.0132	-0.8644	-36.5221	0.0	3	0.0	0.0		3376	0	0
1701717264165	t	cardealership_test_cue_hotel_lobby_right	0.0	0	0	5.9043	648.864	1232.16	0.8237	5.9178	789.408	1241.12	0.7372	0.0086	-0.466	0.8848	4.833	-0.8119	-36.4774	0.0	3	0.0	0.0		3376	0	0
1701717264173	t	cardealership_test_cue_hotel_lobby_right	0.0	0	0	6.0307	646.1279999999999	1224.9599999999998	0.7968	5.971	790.1279999999999	1230.4	0.7419	-0.0191	-0.3781	0.9256	-7.608	-1.144	-36.3574	0.0	3	0.0	0.0		3376	0	0
1701717264181	t	cardealership_test_cue_hotel_lobby_right	0.0	0	0	6.0986	651.168	1219.36	0.7968	6.0427	790.8480000000001	1224.48	0.7419	-0.0286	-0.3716	0.928	-10.6122	-1.1043	-36.2797	0.0	3	0.0	0.0		3376	0	0
1701717264189	t	cardealership_test_cue_hotel_lobby_right	0.0	0	0	5.9635	650.16	1224.16	0.7934	6.048	792.288	1221.44	0.7256	-0.0306	-0.3802	0.9244	-12.4076	-1.0589	-36.2337	0.0	3	0.0	0.0		3376	0	0
1701717264197	t	cardealership_test_cue_hotel_lobby_right	0.0	0	0	5.956	653.184	1218.5600000000002	0.7953	6.0287	792.144	1216.8	0.7283	-0.0318	-0.3757	0.9262	-12.1709	-1.0117	-36.2144	0.0	3	0.0	0.0		3376	0	0
1701717264206	t	cardealership_test_cue_hotel_lobby_right	0.0	0	0	5.9681	653.328	1200.32	0.8038	6.0449	793.2959999999999	1216.16	0.7369	-0.0326	-0.3705	0.9282	-13.1307	-0.9613	-36.1672	0.0	3	0.0	0.0		3376	0	0
1701717264214	t	cardealership_test_cue_hotel_lobby_right	0.0	0	0	5.8922	651.168	1205.12	0.8038	5.8975	793.8720000000001	1205.92	0.7369	-0.0302	-0.3667	0.9298	-11.4069	-0.8919	-36.1614	0.0	3	0.0	0.0		3376	0	0
1701717264222	t	cardealership_test_cue_hotel_lobby_right	0.0	0	0	5.8055	643.5360000000001	1203.36	0.8445	5.991	785.232	1197.76	0.7762	-0.0143	-0.3787	0.9254	-7.3987	-0.7473	-36.1621	0.0	3	0.0	0.0		3376	0	0
1701717264230	t	cardealership_test_cue_hotel_lobby_right	0.0	0	0	5.4629	618.912	1183.04	0.8445	6.1293	757.44	1174.24	0.7762	0.0612	-0.3617	0.9303	4.6941	-0.5056	-36.2498	0.0	3	0.0	0.0		3376	0	0
1701717264240	t	cardealership_test_cue_hotel_lobby_right	0.0	0	0	5.6968	586.224	1163.8400000000001	0.8171	6.0011	725.616	1150.72	0.7809	0.1321	-0.3313	0.9342	8.0854	-0.3236	-36.2474	0.0	3	0.0	0.0		3376	200	MYKEYWORD 200
