Recording timestamp	type	Scene Name	scene_num	order	djv_reported	PupilDiam_Left	Gaze2d_Left.x	Gaze2d_Left.y	left_eye_openness	PupilDiam_Right	Gaze2d_Right.x	Gaze2d_Right.y	right_eye_openness	gaze_direction_x	gaze_direction_y	gaze_direction_z	gaze_origin_x	gaze_origin_y	gaze_origin_z	gaze_convergence_distance	participant	study_status	scene_familiarity	recall_status	Identifier	Event value	Event message
1701808218974	t	graveyard_test_cue_farm_right	0.0	0	0	5.9453	780.0479999999999	1088.64	1.0	6.0558	785.664	1149.6000000000001	1.0	-0.0932	-0.2733	0.9574	2.8159	-1.7468	-30.0877	0.0	9	0.0	0.0		1655	100	MYKEYWORD 100
1701808218982	t	graveyard_test_cue_farm_right	0.0	0	0	5.9435	778.032	1090.08	1.0	6.2108	783.504	1148.6399999999999	1.0	-0.09	-0.2748	0.9573	2.7642	-1.7444	-30.0912	0.0	9	0.0	0.0		1655	0	0
1701808218991	t	graveyard_test_cue_farm_right	0.0	0	0	6.0637	776.1600000000001	1087.84	1.0	6.2192	784.0799999999999	1146.4	1.0	-0.0837	-0.2742	0.958	2.327	-1.7202	-30.0697	0.0	9	0.0	0.0		1655	0	0
1701808218999	t	graveyard_test_cue_farm_right	0.0	0	0	6.0183	776.736	1087.52	1.0	6.2606	781.4879999999999	1144.1599999999999	1.0	-0.0795	-0.2737	0.9585	2.0951	-1.7096	-30.0647	0.0	9	0.0	0.0		1655	0	0
1701808219007	t	graveyard_test_cue_farm_right	0.0	0	0	5.732	779.904	1098.24	1.0	6.3487	784.2239999999999	1140.8	1.0	-0.0954	-0.2998	0.9492	1.5656	-1.6471	-30.0557	0.0	9	0.0	0.0		1655	0	0
1701808219015	t	graveyard_test_cue_farm_right	0.0	0	0	-1.0	779.328	1090.56	1.0	5.8368	784.9440000000001	1150.72	1.0	-0.1015	-0.3304	0.9384	-31.3357	-2.0148	-29.916	0.0	9	0.0	0.0		1655	0	0
1701808219023	t	graveyard_test_cue_farm_right	0.0	0	0	-1.0	796.1759999999999	1151.68	1.0	5.267	790.992	1171.04	1.0	-0.1	-0.4107	0.9063	-31.4752	-1.8977	-29.9515	0.0	9	0.0	0.0		1655	0	0
1701808219030	t	graveyard_test_cue_farm_right	0.0	0	0	-1.0	819.504	1189.28	0.5923	-1.0	797.6159999999999	1202.24	0.6549	-1.0	-1.0	-1.0	-1.0	-1.0	-1.0	0.0	9	0.0	0.0		1655	0	0
1701808219038	t	graveyard_test_cue_farm_right	0.0	0	0	-1.0	-1440.0	-1600.0	0.5923	-1.0	764.928	1245.6	0.6549	-1.0	-1.0	-1.0	-1.0	-1.0	-1.0	0.0	9	0.0	0.0		1655	0	0
1701808219046	t	graveyard_test_cue_farm_right	0.0	0	0	-1.0	-1440.0	-1600.0	0.0	-1.0	-1440.0	-1600.0	0.1627	-1.0	-1.0	-1.0	-1.0	-1.0	-1.0	0.0	9	0.0	0.0		1655	0	0
1701808219054	t	graveyard_test_cue_farm_right	0.0	0	0	-1.0	-1440.0	-1600.0	0.0	-1.0	-1440.0	-1600.0	0.1627	-1.0	-1.0	-1.0	-1.0	-1.0	-1.0	0.0	9	0.0	0.0		1655	0	0
1701808219062	t	graveyard_test_cue_farm_right	0.0	0	0	-1.0	-1440.0	-1600.0	0.0	-1.0	-1440.0	-1600.0	0.0	-1.0	-1.0	-1.0	-1.0	-1.0	-1.0	0.0	9	0.0	0.0		1655	0	0
1701808219071	t	graveyard_test_cue_farm_right	0.0	0	0	-1.0	-1440.0	-1600.0	0.0	-1.0	-1440.0	-1600.0	0.0	-1.0	-1.0	-1.0	-1.0	-1.0	-1.0	0.0	9	0.0	0.0		1655	0	0
1701808219079	t	graveyard_test_cue_farm_right	0.0	0	0	-1.0	-1440.0	-1600.0	0.0	-1.0	-1440.0	-1600.0	0.0	-1.0	-1.0	-1.0	-1.0	-1.0	-1.0	0.0	9	0.0	0.0		1655	0	0
1701808219088	t	graveyard_test_cue_farm_right	0.0	0	0	-1.0	-1440.0	-1600.0	0.0	-1.0	457.63200000000006	1420.96	0.0	-1.0	-1.0	-1.0	-1.0	-1.0	-1.0	0.0	9	0.0	0.0		1655	0	0
1701808219096	t	graveyard_test_cue_farm_right	0.0	0	0	-1.0	-1440.0	-1600.0	0.0	-1.0	725.76	1293.1200000000001	0.0	-1.0	-1.0	-1.0	-1.0	-1.0	-1.0	0.0	9	0.0	0.0		1655	0	0
1701808219105	t	graveyard_test_cue_farm_right	0.0	0	0	-1.0	-1440.0	-1600.0	0.0	-1.0	740.736	1267.04	0.0	-1.0	-1.0	-1.0	-1.0	-1.0	-1.0	0.0	9	0.0	0.0		1655	0	0
1701808219113	t	graveyard_test_cue_farm_right	0.0	0	0	-1.0	-1440.0	-1600.0	0.0	-1.0	766.368	1216.48	0.0	-1.0	-1.0	-1.0	-1.0	-1.0	-1.0	0.0	9	0.0	0.0		1655	0	0
1701808219122	t	graveyard_test_cue_farm_right	0.0	0	0	-1.0	817.056	1172.8	0.0	-1.0	765.792	1170.88	0.0	-1.0	-1.0	-1.0	-1.0	-1.0	-1.0	0.0	9	0.0	0.0		1655	0	0
1701808219131	t	graveyard_test_cue_farm_right	0.0	0	0	-1.0	808.848	1093.76	0.0	-1.0	780.48	1165.6000000000001	0.0	-1.0	-1.0	-1.0	-1.0	-1.0	-1.0	0.0	9	0.0	0.0		1655	0	0
1701808219139	t	graveyard_test_cue_farm_right	0.0	0	0	-1.0	806.256	1091.84	0.0	-1.0	791.8560000000001	1147.04	0.0	-1.0	-1.0	-1.0	-1.0	-1.0	-1.0	0.0	9	0.0	0.0		1655	0	0
1701808219148	t	graveyard_test_cue_farm_right	0.0	0	0	-1.0	795.024	1073.12	0.0	-1.0	788.8319999999999	1154.4	0.0	-1.0	-1.0	-1.0	-1.0	-1.0	-1.0	0.0	9	0.0	0.0		1655	0	0
1701808219157	t	graveyard_test_cue_farm_right	0.0	0	0	-1.0	786.96	1086.08	0.0	-1.0	794.016	1158.24	0.0	-1.0	-1.0	-1.0	-1.0	-1.0	-1.0	0.0	9	0.0	0.0		1655	0	0
1701808219165	t	graveyard_test_cue_farm_right	0.0	0	0	-1.0	781.9200000000001	1082.8799999999999	0.0	-1.0	794.592	1151.2	0.0	-1.0	-1.0	-1.0	-1.0	-1.0	-1.0	0.0	9	0.0	0.0		1655	0	0
1701808219174	t	graveyard_test_cue_farm_right	0.0	0	0	-1.0	780.624	1085.9199999999998	0.0	-1.0	786.96	1149.44	0.0	-1.0	-1.0	-1.0	-1.0	-1.0	-1.0	0.0	9	0.0	0.0		1655	0	0
1701808219182	t	graveyard_test_cue_farm_right	0.0	0	0	-1.0	781.9200000000001	1085.44	0.0	-1.0	794.7359999999999	1152.64	0.0	-1.0	-1.0	-1.0	-1.0	-1.0	-1.0	0.0	9	0.0	0.0		1655	0	0
1701808219190	t	graveyard_test_cue_farm_right	0.0	0	0	-1.0	779.0400000000001	1085.44	0.0	-1.0	786.672	1143.68	0.0	-1.0	-1.0	-1.0	-1.0	-1.0	-1.0	0.0	9	0.0	0.0		1655	0	0
1701808219199	t	graveyard_test_cue_farm_right	0.0	0	0	5.5094	781.3439999999999	1090.24	0.0	6.0267	786.816	1139.8400000000001	0.0	-0.125	-0.302	0.9451	-15.2368	-1.794	-29.8916	0.0	9	0.0	0.0		1655	0	0
1701808219209	t	graveyard_test_cue_farm_right	0.0	0	0	5.7426	779.0400000000001	1089.4399999999998	0.0	5.9489	790.2719999999999	1140.32	0.0	-0.1109	-0.3056	0.9457	10.7741	-1.4254	-30.0208	0.0	9	0.0	0.0		1655	0	0
1701808219215	t	graveyard_test_cue_farm_right	0.0	0	0	5.5187	782.928	1090.8799999999999	0.0	5.9796	790.5600000000001	1142.7199999999998	0.0	-0.1231	-0.3081	0.9434	12.3514	-1.4176	-30.0367	0.0	9	0.0	0.0		1655	0	0
1701808219223	t	graveyard_test_cue_farm_right	0.0	0	0	5.5608	781.9200000000001	1088.96	0.0	6.0245	790.2719999999999	1136.96	0.0	-0.1151	-0.3012	0.9466	12.6464	-1.3996	-30.0345	0.0	9	0.0	0.0		1655	0	0
1701808219232	t	graveyard_test_cue_farm_right	0.0	0	0	5.6063	778.032	1091.3600000000001	0.0	6.1286	787.3919999999999	1137.92	0.0	-0.1045	-0.3075	0.9458	13.1469	-1.3994	-30.0277	0.0	9	0.0	0.0		1655	0	0
1701808219240	t	graveyard_test_cue_farm_right	0.0	0	0	5.6564	776.736	1087.2	0.0	6.154	789.696	1133.6000000000001	0.0	-0.1057	-0.287	0.9521	2.4675	-1.5578	-30.0084	0.0	9	0.0	0.0		1655	0	0
1701808219248	t	graveyard_test_cue_farm_right	0.0	0	0	5.6273	782.0640000000001	1085.28	0.0	6.1144	790.8480000000001	1133.28	0.0	-0.1111	-0.2867	0.9515	5.7778	-1.4909	-30.041	0.0	9	0.0	0.0		1655	0	0
1701808219256	t	graveyard_test_cue_farm_right	0.0	0	0	5.8509	777.3119999999999	1079.04	0.0	6.3256	791.28	1128.96	0.0	-0.0993	-0.2695	0.9579	10.0	-1.4335	-30.0517	0.0	9	0.0	0.0		1655	0	0
1701808219265	t	graveyard_test_cue_farm_right	0.0	0	0	5.7146	777.6	1080.48	0.0	6.2678	790.992	1131.2	0.0	-0.1013	-0.2775	0.9554	9.8605	-1.4265	-30.0414	0.0	9	0.0	0.0		1655	0	0
1701808219273	t	graveyard_test_cue_farm_right	0.0	0	0	5.7955	777.1679999999999	1078.08	0.0	6.1899	788.544	1129.76	0.0	-0.0962	-0.2717	0.9576	9.638	-1.4263	-30.0358	0.0	9	0.0	0.0		1655	0	0
1701808219282	t	graveyard_test_cue_farm_right	0.0	0	0	5.7302	777.6	1081.28	0.0	6.2394	789.9839999999999	1130.0800000000002	0.0	-0.1049	-0.2785	0.9547	8.6812	-1.4436	-30.0149	0.0	9	0.0	0.0		1655	0	0
1701808219290	t	graveyard_test_cue_farm_right	0.0	0	0	5.8576	778.8960000000001	1073.28	0.934	6.2692	790.8480000000001	1131.04	0.8794	-0.1095	-0.2628	0.9586	8.031	-1.4521	-30.0122	0.0	9	0.0	0.0		1655	0	0
1701808219299	t	graveyard_test_cue_farm_right	0.0	0	0	5.8877	777.744	1073.92	0.9588	6.2393	789.9839999999999	1130.0800000000002	0.8928	-0.1048	-0.263	0.9591	7.9185	-1.455	-30.0105	0.0	9	0.0	0.0		1655	0	0
1701808219307	t	graveyard_test_cue_farm_right	0.0	0	0	5.7544	777.3119999999999	1076.8000000000002	0.9588	6.2547	788.688	1132.16	0.8928	-0.1001	-0.2687	0.958	7.8241	-1.4722	-30.0126	0.0	9	0.0	0.0		1655	0	0
1701808219315	t	graveyard_test_cue_farm_right	0.0	0	0	5.8894	777.024	1077.44	0.9929	6.3041	789.9839999999999	1131.36	0.9153	-0.1034	-0.2656	0.9585	7.3941	-1.4927	-30.0149	0.0	9	0.0	0.0		1655	0	0
1701808219324	t	graveyard_test_cue_farm_right	0.0	0	0	5.863	777.6	1074.56	0.9929	6.243	790.416	1130.0800000000002	0.9153	-0.0976	-0.2576	0.9613	7.2602	-1.4957	-30.0343	0.0	9	0.0	0.0		1655	0	0
1701808219332	t	graveyard_test_cue_farm_right	0.0	0	0	5.8892	777.6	1074.4	0.9976	6.329	788.544	1131.36	0.9253	-0.0954	-0.2575	0.9616	5.8331	-1.5233	-30.0279	0.0	9	0.0	0.0		1655	0	0
1701808219340	t	graveyard_test_cue_farm_right	0.0	0	0	5.8713	777.6	1074.56	0.9976	6.3769	783.792	1136.96	0.9253	-0.089	-0.2637	0.9605	4.2027	-1.5608	-30.0197	0.0	9	0.0	0.0		1655	0	0
1701808219349	t	graveyard_test_cue_farm_right	0.0	0	0	5.8665	777.024	1074.56	1.0	6.2494	787.5360000000001	1137.6	1.0	-0.094	-0.2625	0.9603	3.46	-1.5804	-30.0258	0.0	9	0.0	0.0		1655	0	0
1701808219357	t	graveyard_test_cue_farm_right	0.0	0	0	5.8703	776.448	1074.56	1.0	6.2129	786.528	1136.1599999999999	1.0	-0.0892	-0.2623	0.9608	2.928	-1.5814	-30.0216	0.0	9	0.0	0.0		1655	0	0
1701808219365	t	graveyard_test_cue_farm_right	0.0	0	0	5.8744	776.3040000000001	1074.56	1.0	6.1805	784.8000000000001	1138.24	1.0	-0.0882	-0.263	0.9608	3.4623	-1.5858	-30.0269	0.0	9	0.0	0.0		1655	0	0
1701808219374	t	graveyard_test_cue_farm_right	0.0	0	0	5.8789	776.1600000000001	1074.56	1.0	6.209	783.36	1137.44	1.0	-0.0858	-0.2616	0.9613	3.6589	-1.5844	-30.0277	0.0	9	0.0	0.0		1655	0	0
1701808219382	t	graveyard_test_cue_farm_right	0.0	0	0	5.8964	776.0160000000001	1074.56	1.0	6.2875	787.2479999999999	1137.76	1.0	-0.0925	-0.2608	0.961	3.3947	-1.5902	-30.0315	0.0	9	0.0	0.0		1655	0	0
1701808219390	t	graveyard_test_cue_farm_right	0.0	0	0	5.9142	775.872	1074.56	1.0	6.3228	787.9680000000001	1136.48	1.0	-0.0934	-0.2579	0.9616	3.2359	-1.5973	-30.0325	0.0	9	0.0	0.0		1655	0	0
1701808219399	t	graveyard_test_cue_farm_right	0.0	0	0	5.9193	775.728	1074.56	1.0	6.4949	780.768	1137.92	1.0	-0.08	-0.2595	0.9624	3.2926	-1.6041	-30.0252	0.0	9	0.0	0.0		1655	0	0
1701808219407	t	graveyard_test_cue_farm_right	0.0	0	0	5.925	775.584	1074.56	1.0	6.1947	784.0799999999999	1138.4	1.0	-0.0867	-0.2602	0.9616	2.8786	-1.6112	-30.0274	0.0	9	0.0	0.0		1655	0	0
1701808219415	t	graveyard_test_cue_farm_right	0.0	0	0	5.9273	775.4399999999999	1074.56	1.0	6.2641	785.0880000000001	1139.36	1.0	-0.089	-0.2612	0.9612	2.6245	-1.6163	-30.0272	0.0	9	0.0	0.0		1655	0	0
1701808219424	t	graveyard_test_cue_farm_right	0.0	0	0	5.9297	775.4399999999999	1074.56	1.0	6.2579	786.384	1140.8	1.0	-0.0914	-0.2627	0.9605	2.8326	-1.6136	-30.0303	0.0	9	0.0	0.0		1655	0	0
1701808219432	t	graveyard_test_cue_farm_right	0.0	0	0	5.9272	775.4399999999999	1074.56	1.0	6.4075	778.608	1138.8799999999999	1.0	-0.0783	-0.2602	0.9624	3.0891	-1.6128	-30.0231	0.0	9	0.0	0.0		1655	0	0
1701808219440	t	graveyard_test_cue_farm_right	0.0	0	0	5.9248	775.584	1074.56	1.0	6.3636	780.336	1138.72	1.0	-0.0826	-0.26	0.9621	2.9485	-1.6157	-30.0214	0.0	9	0.0	0.0		1655	0	0
1701808219449	t	graveyard_test_cue_farm_right	0.0	0	0	5.9297	775.584	1074.72	1.0	6.3198	782.0640000000001	1138.8799999999999	1.0	-0.0866	-0.2598	0.9618	3.0607	-1.6151	-30.0235	0.0	9	0.0	0.0		1655	0	0
1701808219457	t	graveyard_test_cue_farm_right	0.0	0	0	5.9338	775.4399999999999	1075.3600000000001	1.0	6.3158	783.2160000000001	1138.8799999999999	1.0	-0.0882	-0.2605	0.9614	3.1438	-1.6148	-30.0241	0.0	9	0.0	0.0		1655	0	0
1701808219465	t	graveyard_test_cue_farm_right	0.0	0	0	5.9337	775.152	1075.3600000000001	1.0	6.3114	784.3679999999999	1138.8799999999999	1.0	-0.0897	-0.2605	0.9613	3.0328	-1.6164	-30.0239	0.0	9	0.0	0.0		1655	0	0
1701808219474	t	graveyard_test_cue_farm_right	0.0	0	0	5.9367	775.152	1075.3600000000001	1.0	6.3018	784.512	1138.8799999999999	1.0	-0.0904	-0.2607	0.9612	2.7403	-1.6211	-30.0226	0.0	9	0.0	0.0		1655	0	0
1701808219482	t	graveyard_test_cue_farm_right	0.0	0	0	5.9401	775.152	1075.3600000000001	1.0	6.292	784.6560000000001	1138.8799999999999	1.0	-0.0905	-0.2607	0.9612	2.7821	-1.6207	-30.0229	0.0	9	0.0	0.0		1655	0	0
1701808219490	t	graveyard_test_cue_farm_right	0.0	0	0	5.9392	774.576	1076.1599999999999	1.0	6.2794	784.8000000000001	1138.8799999999999	1.0	-0.0889	-0.262	0.961	2.5838	-1.6235	-30.0229	0.0	9	0.0	0.0		1655	0	0
1701808219499	t	graveyard_test_cue_farm_right	0.0	0	0	5.9421	775.152	1076.1599999999999	1.0	6.2901	784.6560000000001	1138.8799999999999	1.0	-0.0891	-0.2621	0.9609	2.5866	-1.6232	-30.0239	0.0	9	0.0	0.0		1655	0	0
1701808219507	t	graveyard_test_cue_farm_right	0.0	0	0	5.9496	775.008	1076.48	1.0	6.2763	784.512	1138.8799999999999	1.0	-0.0876	-0.2626	0.9609	2.7035	-1.6209	-30.0311	0.0	9	0.0	0.0		1655	0	0
1701808219515	t	graveyard_test_cue_farm_right	0.0	0	0	5.9558	775.152	1076.64	1.0	6.2625	784.3679999999999	1139.04	1.0	-0.0865	-0.2626	0.961	2.9326	-1.6173	-30.0387	0.0	9	0.0	0.0		1655	0	0
1701808219524	t	graveyard_test_cue_farm_right	0.0	0	0	5.9556	775.152	1076.8000000000002	1.0	6.2732	784.0799999999999	1139.04	1.0	-0.0858	-0.2628	0.961	3.5102	-1.6076	-30.0412	0.0	9	0.0	0.0		1655	0	0
1701808219532	t	graveyard_test_cue_farm_right	0.0	0	0	5.9646	775.152	1077.28	1.0	6.2766	783.792	1139.2	1.0	-0.0855	-0.2634	0.9609	3.8229	-1.6051	-30.0443	0.0	9	0.0	0.0		1655	0	0
1701808219540	t	graveyard_test_cue_farm_right	0.0	0	0	5.9643	775.152	1077.44	1.0	6.2765	783.0719999999999	1139.36	1.0	-0.0848	-0.2633	0.961	3.8525	-1.6082	-30.0465	0.0	9	0.0	0.0		1655	0	0
1701808219549	t	graveyard_test_cue_farm_right	0.0	0	0	5.9665	775.152	1077.76	1.0	6.2764	782.352	1139.52	1.0	-0.0837	-0.2642	0.9608	3.6375	-1.6112	-30.0461	0.0	9	0.0	0.0		1655	0	0
1701808219557	t	graveyard_test_cue_farm_right	0.0	0	0	5.9662	775.008	1078.08	1.0	6.2778	783.648	1140.0	1.0	-0.0857	-0.2654	0.9603	3.3497	-1.615	-30.0449	0.0	9	0.0	0.0		1655	0	0
1701808219565	t	graveyard_test_cue_farm_right	0.0	0	0	5.9757	775.008	1078.56	1.0	6.2774	783.648	1140.16	1.0	-0.0859	-0.2667	0.9599	2.916	-1.6214	-30.0435	0.0	9	0.0	0.0		1655	0	0
1701808219574	t	graveyard_test_cue_farm_right	0.0	0	0	5.9914	775.008	1078.72	1.0	6.2815	783.504	1140.48	1.0	-0.086	-0.2678	0.9596	2.3619	-1.6283	-30.0413	0.0	9	0.0	0.0		1655	0	0
1701808219582	t	graveyard_test_cue_farm_right	0.0	0	0	5.9945	775.008	1078.88	1.0	6.2805	782.928	1140.96	1.0	-0.0851	-0.2682	0.9596	2.3411	-1.6302	-30.0419	0.0	9	0.0	0.0		1655	0	0
1701808219590	t	graveyard_test_cue_farm_right	0.0	0	0	6.0024	775.008	1078.88	1.0	6.2798	782.352	1140.96	1.0	-0.0845	-0.2686	0.9595	1.5549	-1.6417	-30.0389	0.0	9	0.0	0.0		1655	0	0
1701808219599	t	graveyard_test_cue_farm_right	0.0	0	0	6.0021	774.864	1078.88	1.0	6.283	781.4879999999999	1140.96	1.0	-0.0823	-0.2683	0.9598	1.6739	-1.6418	-30.0405	0.0	9	0.0	0.0		1655	0	0
1701808219607	t	graveyard_test_cue_farm_right	0.0	0	0	6.0021	774.864	1078.88	1.0	6.2827	781.1999999999999	1141.28	1.0	-0.0819	-0.2686	0.9597	2.4142	-1.6316	-30.0441	0.0	9	0.0	0.0		1655	0	0
1701808219615	t	graveyard_test_cue_farm_right	0.0	0	0	6.002	774.864	1079.2	1.0	6.2856	780.768	1141.28	1.0	-0.0813	-0.2689	0.9597	2.5136	-1.6305	-30.0447	0.0	9	0.0	0.0		1655	0	0
1701808219624	t	graveyard_test_cue_farm_right	0.0	0	0	6.0019	774.4319999999999	1079.2	1.0	6.2862	781.1999999999999	1141.28	1.0	-0.0826	-0.2683	0.9598	2.5366	-1.6332	-30.0459	0.0	9	0.0	0.0		1655	0	0
1701808219632	t	graveyard_test_cue_farm_right	0.0	0	0	6.0978	775.872	1082.08	1.0	6.2454	777.1679999999999	1140.32	1.0	-0.0803	-0.2704	0.9594	2.535	-1.644	-30.0459	0.0	9	0.0	0.0		1655	0	0
1701808219640	t	graveyard_test_cue_farm_right	0.0	0	0	5.9772	776.3040000000001	1080.96	1.0	6.2671	780.336	1141.92	1.0	-0.0871	-0.2724	0.9582	2.3051	-1.6367	-30.0477	0.0	9	0.0	0.0		1655	0	0
1701808219649	t	graveyard_test_cue_farm_right	0.0	0	0	6.0061	775.2959999999999	1077.6	1.0	6.2776	782.496	1142.08	1.0	-0.0887	-0.2669	0.9596	2.3641	-1.6319	-30.0511	0.0	9	0.0	0.0		1655	0	0
1701808219657	t	graveyard_test_cue_farm_right	0.0	0	0	6.0372	776.1600000000001	1078.72	1.0	6.2566	782.784	1139.8400000000001	1.0	-0.0899	-0.2668	0.9595	2.3015	-1.6265	-30.0506	0.0	9	0.0	0.0		1655	0	0
1701808219665	t	graveyard_test_cue_farm_right	0.0	0	0	5.9818	772.9920000000001	1075.0400000000002	1.0	6.3342	775.584	1138.8799999999999	1.0	-0.0728	-0.2662	0.9612	2.4035	-1.5963	-30.0272	0.0	9	0.0	0.0		1655	0	0
1701808219673	t	graveyard_test_cue_farm_right	0.0	0	0	6.0854	763.488	1064.6399999999999	1.0	6.3628	771.984	1121.76	1.0	-0.0726	-0.2563	0.9639	3.6931	-1.408	-29.9871	0.0	9	0.0	0.0		1655	0	0
1701808219682	t	graveyard_test_cue_farm_right	0.0	0	0	5.972	752.256	1038.0800000000002	1.0	6.2322	753.552	1098.08	1.0	-0.0433	-0.2193	0.9747	8.2597	-1.0824	-30.0449	0.0	9	0.0	0.0		1655	0	0
1701808219690	t	graveyard_test_cue_farm_right	0.0	0	0	5.8598	740.736	1015.1999999999999	1.0	6.1733	745.6320000000001	1070.56	1.0	-0.0523	-0.183	0.9817	-27.0692	-1.4227	-29.7501	0.0	9	0.0	0.0		1655	0	0
1701808219699	t	graveyard_test_cue_farm_right	0.0	0	0	5.9401	736.2719999999999	1001.92	1.0	6.0313	730.08	1053.28	1.0	-0.0038	-0.1531	0.9882	-30.7042	-1.2692	-29.9762	0.0	9	0.0	0.0		1655	0	0
1701808219707	t	graveyard_test_cue_farm_right	0.0	0	0	5.8991	735.984	989.4399999999999	1.0	6.0914	729.3599999999999	1049.28	1.0	-0.007	-0.1386	0.9903	-30.7069	-1.4281	-29.4657	0.0	9	0.0	0.0		1655	0	0
1701808219715	t	graveyard_test_cue_farm_right	0.0	0	0	5.769	736.7040000000001	997.9200000000001	0.93	6.0073	727.92	1044.96	0.9119	0.015	-0.1249	0.9921	-30.787	-1.0115	-30.8444	0.0	9	0.0	0.0		1655	0	0
1701808219723	t	graveyard_test_cue_farm_right	0.0	0	0	5.7854	736.1279999999999	998.7199999999999	0.93	6.0927	729.792	1050.72	0.9119	0.0067	-0.1314	0.9913	-30.7813	-1.2866	-30.149	0.0	9	0.0	0.0		1655	0	0
1701808219732	t	graveyard_test_cue_farm_right	0.0	0	0	5.9108	734.4	994.0799999999999	0.9351	6.1069	732.3840000000001	1050.24	0.9512	-0.0027	-0.1317	0.9913	-30.7796	-1.244	-30.2513	0.0	9	0.0	0.0		1655	0	0
1701808219740	t	graveyard_test_cue_farm_right	0.0	0	0	5.8668	738.1439999999999	1000.0	0.9351	6.166	732.672	1052.0	0.9512	-0.0037	-0.1364	0.9906	-30.5909	-1.2485	-30.2468	0.0	9	0.0	0.0		1655	0	0
1701808219748	t	graveyard_test_cue_farm_right	0.0	0	0	5.847	739.8720000000001	999.84	0.98	5.9883	731.808	1055.2	0.9848	-0.0012	-0.1444	0.9895	-22.3956	-1.1263	-30.3297	0.0	9	0.0	0.0		1655	0	0
1701808219756	t	graveyard_test_cue_farm_right	0.0	0	0	5.7473	736.2719999999999	1000.3199999999999	0.98	6.0565	733.9680000000001	1053.76	0.9848	-0.0062	-0.139	0.9903	20.4891	-0.4045	-30.8315	0.0	9	0.0	0.0		1655	0	0
1701808219765	t	graveyard_test_cue_farm_right	0.0	0	0	5.7812	735.984	1000.3199999999999	1.0	6.057	734.976	1054.56	1.0	-0.0021	-0.1384	0.9904	30.203	-0.2016	-31.0875	0.0	9	0.0	0.0		1655	0	0
1701808219773	t	graveyard_test_cue_farm_right	0.0	0	0	5.753	736.9920000000001	1001.12	1.0	5.9945	736.7040000000001	1057.6000000000001	1.0	-0.0066	-0.1412	0.9899	24.709	-0.321	-30.9496	0.0	9	0.0	0.0		1655	0	0
1701808219781	t	graveyard_test_cue_farm_right	0.0	0	0	5.7644	739.1519999999999	1002.72	1.0	6.0467	734.976	1055.52	1.0	-0.0106	-0.1427	0.9897	11.4681	-0.583	-30.705	0.0	9	0.0	0.0		1655	0	0
1701808219790	t	graveyard_test_cue_farm_right	0.0	0	0	5.7251	736.2719999999999	1002.5600000000001	1.0	5.9354	737.712	1058.56	1.0	-0.0094	-0.1457	0.9893	-7.7957	-0.9611	-30.3652	0.0	9	0.0	0.0		1655	0	0
1701808219798	t	graveyard_test_cue_farm_right	0.0	0	0	5.7264	739.4399999999999	1004.96	1.0	5.9187	736.9920000000001	1058.56	1.0	-0.0096	-0.146	0.9892	-21.4523	-1.2214	-30.1583	0.0	9	0.0	0.0		1655	0	0
1701808219807	t	graveyard_test_cue_farm_right	0.0	0	0	5.6968	738.864	1005.12	1.0	5.9293	739.2959999999999	1059.68	1.0	-0.0168	-0.1499	0.9886	-17.4569	-1.1604	-30.1681	0.0	9	0.0	0.0		1655	0	0
1701808219815	t	graveyard_test_cue_farm_right	0.0	0	0	5.696	734.688	1006.72	1.0	5.8682	736.8480000000001	1059.3600000000001	1.0	-0.0037	-0.1492	0.9888	-13.9785	-1.1086	-30.2173	0.0	9	0.0	0.0		1655	0	0
1701808219823	t	graveyard_test_cue_farm_right	0.0	0	0	5.5403	738.288	1004.8	1.0	5.7903	736.8480000000001	1060.1599999999999	1.0	-0.0068	-0.149	0.9888	-10.9542	-1.0644	-30.2374	0.0	9	0.0	0.0		1655	0	0
1701808219832	t	graveyard_test_cue_farm_right	0.0	0	0	5.4503	741.6	1004.64	1.0	5.7419	738.576	1062.72	1.0	-0.0143	-0.1508	0.9884	-6.0918	-0.9941	-30.2997	0.0	9	0.0	0.0		1655	0	0
1701808219840	t	graveyard_test_cue_farm_right	0.0	0	0	5.4048	742.1759999999999	1001.2800000000001	1.0	5.7556	737.28	1062.88	1.0	-0.0055	-0.1547	0.9879	-27.9514	-1.3878	-30.0029	0.0	9	0.0	0.0		1655	0	0
1701808219848	t	graveyard_test_cue_farm_right	0.0	0	0	5.359	740.304	1003.04	1.0	5.6863	738.864	1064.0	1.0	-0.0165	-0.1581	0.9873	-26.7248	-1.3954	-29.9237	0.0	9	0.0	0.0		1655	0	0
1701808219857	t	graveyard_test_cue_farm_right	0.0	0	0	5.4292	737.856	1000.96	1.0	5.7109	740.304	1063.6799999999998	1.0	-0.019	-0.1537	0.9879	-22.7317	-1.3261	-29.9884	0.0	9	0.0	0.0		1655	0	0
1701808219865	t	graveyard_test_cue_farm_right	0.0	0	0	5.301	737.9999999999999	1003.04	1.0	5.6875	739.7280000000001	1064.0	1.0	-0.0151	-0.1534	0.988	-17.9598	-1.2456	-30.0517	0.0	9	0.0	0.0		1655	0	0
1701808219873	t	graveyard_test_cue_farm_right	0.0	0	0	5.229	739.8720000000001	1003.9999999999999	1.0	5.6377	740.304	1064.6399999999999	1.0	-0.0173	-0.1534	0.988	-13.9046	-1.1775	-30.1096	0.0	9	0.0	0.0		1655	0	0
1701808219882	t	graveyard_test_cue_farm_right	0.0	0	0	5.1597	741.6	1003.2	1.0	5.6165	740.736	1065.12	1.0	-0.0198	-0.1528	0.9881	-12.8953	-1.1644	-30.1228	0.0	9	0.0	0.0		1655	0	0
1701808219890	t	graveyard_test_cue_farm_right	0.0	0	0	5.1285	740.16	1003.2	1.0	5.6007	740.8799999999999	1065.76	1.0	-0.0176	-0.1549	0.9878	-11.8612	-1.1408	-30.1405	0.0	9	0.0	0.0		1655	0	0
1701808219898	t	graveyard_test_cue_farm_right	0.0	0	0	5.0513	740.16	1004.1600000000001	1.0	5.5867	740.8799999999999	1065.28	1.0	-0.0177	-0.1566	0.9875	-13.5207	-1.1634	-30.1246	0.0	9	0.0	0.0		1655	0	0
1701808219907	t	graveyard_test_cue_farm_right	0.0	0	0	4.9594	741.0239999999999	1006.08	1.0	5.5664	740.8799999999999	1065.92	1.0	-0.0188	-0.161	0.9868	-16.3535	-1.2115	-30.0859	0.0	9	0.0	0.0		1655	0	0
1701808219915	t	graveyard_test_cue_farm_right	0.0	0	0	4.9969	741.0239999999999	1005.4399999999999	1.0	5.5467	740.8799999999999	1066.3999999999999	1.0	-0.0192	-0.1635	0.9864	-19.4979	-1.2654	-30.0424	0.0	9	0.0	0.0		1655	0	0
1701808219923	t	graveyard_test_cue_farm_right	0.0	0	0	4.9599	741.0239999999999	1005.7600000000001	1.0	5.5015	741.0239999999999	1066.24	1.0	-0.0148	-0.1556	0.9877	1.6973	-0.8793	-30.3824	0.0	9	0.0	0.0		1655	0	0
1701808219932	t	graveyard_test_cue_farm_right	0.0	0	0	4.9509	741.312	1010.0799999999999	1.0	5.3551	739.584	1067.52	1.0	-0.0074	-0.1508	0.9885	-5.9534	-1.0596	-30.4208	0.0	9	0.0	0.0		1655	0	0
1701808219940	t	graveyard_test_cue_farm_right	0.0	0	0	4.9848	741.0239999999999	1022.56	1.0	5.0472	731.52	1081.4399999999998	1.0	-0.0086	-0.1721	0.985	-21.9336	-1.5087	-30.1662	0.0	9	0.0	0.0		1655	0	0
1701808219948	t	graveyard_test_cue_farm_right	0.0	0	0	4.9412	735.696	1042.7199999999998	1.0	5.172	721.872	1104.64	1.0	0.0029	-0.2174	0.9761	-19.3225	-1.628	-30.1573	0.0	9	0.0	0.0		1655	0	0
1701808219957	t	graveyard_test_cue_farm_right	0.0	0	0	4.9344	728.64	1064.16	1.0	5.028	704.448	1121.76	1.0	0.0369	-0.2456	0.9687	-16.6143	-1.7416	-30.2138	0.0	9	0.0	0.0		1655	0	0
1701808219965	t	graveyard_test_cue_farm_right	0.0	0	0	4.806	717.12	1077.6	1.0	5.2394	694.656	1134.3999999999999	1.0	0.0593	-0.2757	0.9594	-14.0577	-1.7518	-30.2555	0.0	9	0.0	0.0		1655	200	MYKEYWORD 200
