Recording timestamp	type	Scene Name	scene_num	order	djv_reported	PupilDiam_Left	Gaze2d_Left.x	Gaze2d_Left.y	left_eye_openness	PupilDiam_Right	Gaze2d_Right.x	Gaze2d_Right.y	right_eye_openness	gaze_direction_x	gaze_direction_y	gaze_direction_z	gaze_origin_x	gaze_origin_y	gaze_origin_z	gaze_convergence_distance	participant	study_status	scene_familiarity	recall_status	Identifier	Event value	Event message
1701725129092	t	courtroom_test_cue_funeral_home_right	0.0	0	0	3.2198	781.056	861.4399999999999	0.982	3.237	757.872	959.84	0.9457	0.0405	0.1773	0.9833	-9.0007	0.0563	-31.3911	0.0	5	0.0	0.0		1753	100	MYKEYWORD 100
1701725129101	t	courtroom_test_cue_funeral_home_right	0.0	0	0	3.2198	781.056	861.4399999999999	0.982	3.2398	758.16	959.84	0.9457	0.0399	0.1773	0.9833	-8.8573	0.0604	-31.3913	0.0	5	0.0	0.0		1753	0	0
1701725129109	t	courtroom_test_cue_funeral_home_right	0.0	0	0	3.2195	781.056	861.5999999999999	0.9915	3.2395	758.4479999999999	959.84	0.9458	0.0394	0.1772	0.9834	-8.6011	0.0662	-31.3903	0.0	5	0.0	0.0		1753	0	0
1701725129117	t	courtroom_test_cue_funeral_home_right	0.0	0	0	3.2197	781.1999999999999	861.5999999999999	0.9915	3.2415	758.4479999999999	959.84	0.9458	0.0397	0.177	0.9834	-8.4095	0.0717	-31.3893	0.0	5	0.0	0.0		1753	0	0
1701725129126	t	courtroom_test_cue_funeral_home_right	0.0	0	0	3.2194	781.4879999999999	861.5999999999999	0.9905	3.2553	758.7360000000001	960.0	0.9468	0.0388	0.1768	0.9835	-8.3399	0.0741	-31.3916	0.0	5	0.0	0.0		1753	0	0
1701725129134	t	courtroom_test_cue_funeral_home_right	0.0	0	0	3.2111	781.4879999999999	861.5999999999999	0.9905	3.2498	758.7360000000001	960.0	0.9468	0.0389	0.1758	0.9836	-7.8289	0.0939	-31.4036	0.0	5	0.0	0.0		1753	0	0
1701725129143	t	courtroom_test_cue_funeral_home_right	0.0	0	0	3.1936	779.616	860.4799999999999	0.9823	3.2523	757.872	959.2	0.9487	0.0404	0.1812	0.9826	-8.7712	0.0519	-31.3712	0.0	5	0.0	0.0		1753	0	0
1701725129151	t	courtroom_test_cue_funeral_home_right	0.0	0	0	3.1831	764.784	865.9200000000001	0.9823	3.1162	745.6320000000001	961.12	0.9487	0.0496	0.181	0.9822	-30.6495	-0.4449	-31.7996	0.0	5	0.0	0.0		1753	0	0
1701725129159	t	courtroom_test_cue_funeral_home_right	0.0	0	0	3.0199	722.4480000000001	875.6800000000001	0.9873	3.1937	709.2	965.9200000000001	0.9406	0.1186	0.1804	0.9764	-30.5137	-0.4955	-31.9216	0.0	5	0.0	0.0		1753	0	0
1701725129168	t	courtroom_test_cue_funeral_home_right	0.0	0	0	3.1928	685.008	888.32	0.9873	3.1186	666.576	970.4000000000001	0.9406	0.1819	0.1752	0.9676	-30.1151	-0.5571	-31.9202	0.0	5	0.0	0.0		1753	0	0
1701725129176	t	courtroom_test_cue_funeral_home_right	0.0	0	0	2.9745	647.424	896.1600000000001	0.8861	3.0731	623.52	985.6	0.9214	0.2591	0.1387	0.9558	-29.7631	-0.6427	-31.9793	0.0	5	0.0	0.0		1753	0	0
1701725129184	t	courtroom_test_cue_funeral_home_right	0.0	0	0	3.1946	615.168	911.52	0.8861	3.1385	580.032	999.84	0.9214	0.3559	0.1079	0.9283	-29.3811	-0.6952	-32.1041	0.0	5	0.0	0.0		1753	0	0
1701725129192	t	courtroom_test_cue_funeral_home_right	0.0	0	0	3.1924	598.464	915.1999999999999	0.7505	3.3235	557.568	994.88	0.8703	0.4084	0.1356	0.9027	-29.1169	-0.6666	-32.2205	0.0	5	0.0	0.0		1753	0	0
1701725129201	t	courtroom_test_cue_funeral_home_right	0.0	0	0	3.3619	596.88	920.48	0.7505	3.3003	555.552	997.7600000000001	0.8703	0.4096	0.1254	0.9036	-28.744	-0.6675	-32.2127	0.0	5	0.0	0.0		1753	0	0
1701725129209	t	courtroom_test_cue_funeral_home_right	0.0	0	0	3.2722	596.736	916.48	0.7045	3.2003	555.696	994.2399999999999	0.8131	0.4102	0.1411	0.901	-27.6222	-0.653	-32.2176	0.0	5	0.0	0.0		1753	0	0
1701725129217	t	courtroom_test_cue_funeral_home_right	0.0	0	0	3.389	598.896	918.4	0.7045	3.3283	558.432	999.84	0.8131	0.4032	0.1175	0.9075	-24.3203	-0.6022	-32.1274	0.0	5	0.0	0.0		1753	0	0
1701725129226	t	courtroom_test_cue_funeral_home_right	0.0	0	0	3.2854	598.752	915.84	0.703	3.341	557.712	998.24	0.8299	0.4107	0.1073	0.9054	10.2637	0.054	-31.5817	0.0	5	0.0	0.0		1753	0	0
1701725129234	t	courtroom_test_cue_funeral_home_right	0.0	0	0	3.3589	598.6080000000001	915.3600000000001	0.703	3.3909	561.6	1000.3199999999999	0.8299	0.4053	0.107	0.9079	8.0885	0.0074	-31.609	0.0	5	0.0	0.0		1753	0	0
1701725129242	t	courtroom_test_cue_funeral_home_right	0.0	0	0	3.3338	598.752	916.0	0.7255	3.2974	562.464	1000.0	0.8662	0.4034	0.1079	0.9086	2.2647	-0.1041	-31.699	0.0	5	0.0	0.0		1753	0	0
1701725129251	t	courtroom_test_cue_funeral_home_right	0.0	0	0	3.3107	601.488	911.68	0.7255	3.2765	565.056	998.7199999999999	0.8662	0.3934	0.1199	0.9115	-4.9995	-0.2448	-31.8084	0.0	5	0.0	0.0		1753	0	0
1701725129259	t	courtroom_test_cue_funeral_home_right	0.0	0	0	3.235	603.072	913.28	0.7377	3.2616	564.9119999999999	1002.0799999999999	0.899	0.3946	0.1087	0.9124	-6.0526	-0.2666	-31.8099	0.0	5	0.0	0.0		1753	0	0
1701725129267	t	courtroom_test_cue_funeral_home_right	0.0	0	0	3.2891	603.936	912.32	0.7377	3.1341	570.096	1002.5600000000001	0.899	0.3819	0.1071	0.918	-5.4856	-0.2611	-31.7846	0.0	5	0.0	0.0		1753	0	0
1701725129275	t	courtroom_test_cue_funeral_home_right	0.0	0	0	3.2326	606.96	914.4	0.7444	3.2725	572.256	1001.12	0.9169	0.3768	0.1068	0.9201	-5.3345	-0.2569	-31.7698	0.0	5	0.0	0.0		1753	0	0
1701725129284	t	courtroom_test_cue_funeral_home_right	0.0	0	0	3.1944	608.688	913.28	0.7444	2.9422	578.88	1000.3199999999999	0.9169	0.361	0.1062	0.9265	-4.7936	-0.247	-31.7448	0.0	5	0.0	0.0		1753	0	0
1701725129292	t	courtroom_test_cue_funeral_home_right	0.0	0	0	3.3486	611.136	911.9999999999999	0.769	3.1932	582.48	1001.76	0.9368	0.3577	0.1047	0.9279	-4.9019	-0.2475	-31.7282	0.0	5	0.0	0.0		1753	0	0
1701725129301	t	courtroom_test_cue_funeral_home_right	0.0	0	0	3.2918	618.768	916.16	0.769	2.9081	590.544	1001.44	0.9368	0.3314	0.0951	0.9387	-5.4572	-0.2667	-31.6942	0.0	5	0.0	0.0		1753	0	0
1701725129309	t	courtroom_test_cue_funeral_home_right	0.0	0	0	3.2648	622.08	913.4399999999999	0.7812	3.1758	588.096	1004.48	0.9737	0.3482	0.0946	0.9326	-4.4051	-0.2468	-31.674	0.0	5	0.0	0.0		1753	0	0
1701725129317	t	courtroom_test_cue_funeral_home_right	0.0	0	0	3.2561	627.264	912.32	0.7812	2.9515	595.7280000000001	1005.28	0.9737	0.3294	0.0921	0.9397	-4.4677	-0.2565	-31.648	0.0	5	0.0	0.0		1753	0	0
1701725129326	t	courtroom_test_cue_funeral_home_right	0.0	0	0	3.0511	634.032	914.88	0.7753	2.9159	603.792	1008.16	0.9785	0.3094	0.0783	0.9477	-5.3921	-0.2833	-31.6198	0.0	5	0.0	0.0		1753	0	0
1701725129334	t	courtroom_test_cue_funeral_home_right	0.0	0	0	3.0616	638.496	914.08	0.7753	2.8846	607.824	1004.32	0.9785	0.3012	0.0883	0.9495	-9.7044	-0.3661	-31.6838	0.0	5	0.0	0.0		1753	0	0
1701725129343	t	courtroom_test_cue_funeral_home_right	0.0	0	0	3.1464	638.3520000000001	912.64	0.7933	3.0461	611.568	1010.5600000000001	0.9918	0.3027	0.076	0.95	-9.4653	-0.3723	-31.6574	0.0	5	0.0	0.0		1753	0	0
1701725129351	t	courtroom_test_cue_funeral_home_right	0.0	0	0	3.1299	643.3919999999999	914.88	0.7933	2.9881	618.048	998.08	0.9918	0.2891	0.1039	0.9516	-9.7757	-0.3655	-31.6711	0.0	5	0.0	0.0		1753	0	0
1701725129359	t	courtroom_test_cue_funeral_home_right	0.0	0	0	3.2146	649.008	916.48	0.8044	2.9941	619.6320000000001	1008.16	0.9942	0.2888	0.0726	0.9546	-10.7156	-0.3865	-31.6456	0.0	5	0.0	0.0		1753	0	0
1701725129368	t	courtroom_test_cue_funeral_home_right	0.0	0	0	3.1834	654.336	913.4399999999999	0.8044	3.1277	625.824	998.08	0.9942	0.2744	0.1054	0.9558	-11.3218	-0.3965	-31.6641	0.0	5	0.0	0.0		1753	0	0
1701725129375	t	courtroom_test_cue_funeral_home_right	0.0	0	0	3.1539	658.08	913.12	0.8225	3.1614	630.72	998.4	0.984	0.2689	0.1047	0.9574	-11.5521	-0.4023	-31.6542	0.0	5	0.0	0.0		1753	0	0
1701725129384	t	courtroom_test_cue_funeral_home_right	0.0	0	0	3.1917	664.128	913.7600000000001	0.8225	3.1049	633.168	998.08	0.984	0.2618	0.1054	0.9593	-13.0496	-0.4348	-31.6731	0.0	5	0.0	0.0		1753	0	0
1701725129392	t	courtroom_test_cue_funeral_home_right	0.0	0	0	3.0989	666.288	914.56	0.8608	3.1274	639.648	995.04	0.967	0.2489	0.1111	0.9621	-14.08	-0.4468	-31.6792	0.0	5	0.0	0.0		1753	0	0
1701725129400	t	courtroom_test_cue_funeral_home_right	0.0	0	0	3.1834	671.616	912.96	0.8608	3.0907	644.688	995.04	0.967	0.241	0.1126	0.964	-14.1545	-0.4517	-31.6669	0.0	5	0.0	0.0		1753	0	0
1701725129409	t	courtroom_test_cue_funeral_home_right	0.0	0	0	3.1403	675.36	910.72	0.8889	3.275	647.712	993.76	0.9835	0.2392	0.1198	0.9635	-14.0154	-0.4476	-31.6583	0.0	5	0.0	0.0		1753	0	0
1701725129418	t	courtroom_test_cue_funeral_home_right	0.0	0	0	3.054	677.232	913.5999999999999	0.8889	3.0846	653.04	997.28	0.9835	0.2323	0.1028	0.9672	-13.7502	-0.4427	-31.6291	0.0	5	0.0	0.0		1753	0	0
1701725129425	t	courtroom_test_cue_funeral_home_right	0.0	0	0	3.1074	683.28	910.5600000000001	0.896	3.1567	656.64	997.28	0.9821	0.2275	0.1031	0.9683	-10.5424	-0.3813	-31.5333	0.0	5	0.0	0.0		1753	0	0
1701725129434	t	courtroom_test_cue_funeral_home_right	0.0	0	0	3.1373	685.4399999999999	910.2399999999999	0.896	3.1362	662.4	997.7600000000001	0.9821	0.2179	0.1	0.9708	-5.2551	-0.2858	-31.4146	0.0	5	0.0	0.0		1753	0	0
1701725129442	t	courtroom_test_cue_funeral_home_right	0.0	0	0	3.2338	689.1840000000001	909.76	0.8827	3.0732	665.856	997.9200000000001	0.9608	0.2127	0.0974	0.9722	0.2479	-0.1708	-31.326	0.0	5	0.0	0.0		1753	0	0
1701725129451	t	courtroom_test_cue_funeral_home_right	0.0	0	0	2.9366	695.0880000000001	908.16	0.8827	3.1664	669.168	996.8	0.9608	0.2019	0.0984	0.9744	3.1171	-0.0662	-31.4	0.0	5	0.0	0.0		1753	0	0
1701725129459	t	courtroom_test_cue_funeral_home_right	0.0	0	0	3.0217	697.536	908.3199999999999	0.9169	3.1908	669.456	997.4399999999999	0.969	0.2075	0.0918	0.9739	9.4034	0.0391	-31.1642	0.0	5	0.0	0.0		1753	0	0
1701725129467	t	courtroom_test_cue_funeral_home_right	0.0	0	0	3.0814	698.112	907.5200000000001	0.9169	3.1611	675.36	997.12	0.969	0.2063	0.0898	0.9744	17.7881	0.2126	-31.0096	0.0	5	0.0	0.0		1753	0	0
1701725129476	t	courtroom_test_cue_funeral_home_right	0.0	0	0	3.0947	702.0	908.8	0.9247	3.1268	676.656	997.6000000000001	0.9821	0.198	0.0826	0.9767	22.438	0.3129	-30.9419	0.0	5	0.0	0.0		1753	0	0
1701725129484	t	courtroom_test_cue_funeral_home_right	0.0	0	0	3.0251	705.312	908.0	0.9247	3.1597	681.408	998.08	0.9821	0.1897	0.0809	0.9785	27.7916	0.4352	-30.8664	0.0	5	0.0	0.0		1753	0	0
1701725129492	t	courtroom_test_cue_funeral_home_right	0.0	0	0	3.0058	706.6080000000001	903.8399999999999	0.9433	3.1644	682.56	997.28	0.9756	0.1907	0.0964	0.9769	29.0035	0.4719	-30.8817	0.0	5	0.0	0.0		1753	0	0
1701725129500	t	courtroom_test_cue_funeral_home_right	0.0	0	0	2.9735	711.36	903.8399999999999	0.9433	3.207	686.16	998.56	0.9756	0.1772	0.0947	0.9796	28.9282	0.4769	-30.8952	0.0	5	0.0	0.0		1753	0	0
1701725129509	t	courtroom_test_cue_funeral_home_right	0.0	0	0	3.1342	712.8	905.7600000000001	0.9404	3.1712	688.1759999999999	997.9200000000001	0.9744	0.1771	0.0882	0.9802	27.8015	0.4618	-30.9208	0.0	5	0.0	0.0		1753	0	0
1701725129517	t	courtroom_test_cue_funeral_home_right	0.0	0	0	3.1698	715.5360000000001	904.48	0.9404	3.3037	689.328	999.84	0.9744	0.1723	0.0907	0.9809	27.6546	0.4795	-30.9618	0.0	5	0.0	0.0		1753	0	0
1701725129525	t	courtroom_test_cue_funeral_home_right	0.0	0	0	3.0842	717.984	903.2	0.9511	3.1602	694.0799999999999	998.08	0.9728	0.1669	0.0941	0.9815	29.4709	0.5331	-30.9705	0.0	5	0.0	0.0		1753	0	0
1701725129535	t	courtroom_test_cue_funeral_home_right	0.0	0	0	2.9993	720.864	903.36	0.9511	3.1761	695.952	998.88	0.9728	0.1591	0.0898	0.9832	30.2495	0.5774	-31.0172	0.0	5	0.0	0.0		1753	0	0
1701725129542	t	courtroom_test_cue_funeral_home_right	0.0	0	0	3.1416	723.5999999999999	903.8399999999999	0.9546	3.1504	697.1039999999999	1000.4799999999999	0.9811	0.1525	0.0877	0.9844	30.9322	0.6274	-31.1116	0.0	5	0.0	0.0		1753	0	0
1701725129551	t	courtroom_test_cue_funeral_home_right	0.0	0	0	3.1576	726.624	903.9999999999999	0.9546	3.0895	701.568	1000.8	0.9811	0.1423	0.0851	0.9861	30.8309	0.7167	-31.4115	0.0	5	0.0	0.0		1753	0	0
1701725129559	t	courtroom_test_cue_funeral_home_right	0.0	0	0	3.0651	727.3439999999999	901.92	0.9497	3.1754	702.0	1000.16	0.9787	0.1449	0.0921	0.9851	29.8157	0.7198	-31.5001	0.0	5	0.0	0.0		1753	0	0
1701725129567	t	courtroom_test_cue_funeral_home_right	0.0	0	0	3.1323	728.928	902.88	0.9497	3.1502	701.856	999.6800000000001	0.9787	0.1405	0.0944	0.9855	-1.0119	0.0828	-32.1064	0.0	5	0.0	0.0		1753	0	0
1701725129576	t	courtroom_test_cue_funeral_home_right	0.0	0	0	3.1697	729.648	903.2	0.9415	3.1748	703.7280000000001	999.3600000000001	0.9775	0.1338	0.105	0.9854	-30.671	-0.6744	-32.2383	0.0	5	0.0	0.0		1753	0	0
1701725129584	t	courtroom_test_cue_funeral_home_right	0.0	0	0	3.1233	714.96	899.2	0.9415	3.0598	691.488	996.0000000000001	0.9775	0.1531	0.111	0.9819	-30.8235	-0.719	-32.0163	0.0	5	0.0	0.0		1753	0	0
1701725129592	t	courtroom_test_cue_funeral_home_right	0.0	0	0	2.9632	693.792	896.8	0.9505	3.2928	667.872	993.44	0.9744	0.204	0.1164	0.972	-30.624	-0.725	-31.8723	0.0	5	0.0	0.0		1753	0	0
1701725129600	t	courtroom_test_cue_funeral_home_right	0.0	0	0	3.0242	686.736	893.12	0.9505	3.1692	654.624	987.8399999999999	0.9744	0.2209	0.1162	0.9683	-30.4408	-0.6009	-31.956	0.0	5	0.0	0.0		1753	0	0
1701725129609	t	courtroom_test_cue_funeral_home_right	0.0	0	0	2.9901	688.896	892.6399999999999	0.8472	3.1967	652.464	987.68	0.9263	0.2255	0.1098	0.968	-30.339	-0.5707	-31.9473	0.0	5	0.0	0.0		1753	0	0
1701725129617	t	courtroom_test_cue_funeral_home_right	0.0	0	0	3.0705	692.784	892.16	0.8472	3.1566	654.624	984.6399999999999	0.9263	0.2249	0.124	0.9665	-30.3456	-0.5741	-31.9575	0.0	5	0.0	0.0		1753	0	0
1701725129625	t	courtroom_test_cue_funeral_home_right	0.0	0	0	3.1091	691.488	890.24	0.8578	3.1645	656.64	988.64	0.9333	0.2261	0.115	0.9673	-30.4758	-0.6125	-31.9402	0.0	5	0.0	0.0		1753	0	0
1701725129634	t	courtroom_test_cue_funeral_home_right	0.0	0	0	3.1159	691.776	890.4	0.8578	3.1727	661.8240000000001	987.36	0.9333	0.204	0.127	0.9707	-30.543	-0.6358	-31.982	0.0	5	0.0	0.0		1753	0	0
1701725129642	t	courtroom_test_cue_funeral_home_right	0.0	0	0	3.1239	691.776	890.24	0.8477	3.1287	661.536	986.5600000000001	0.9326	0.2073	0.1268	0.97	-30.5467	-0.625	-31.968	0.0	5	0.0	0.0		1753	0	0
1701725129650	t	courtroom_test_cue_funeral_home_right	0.0	0	0	3.173	691.92	890.4	0.8477	3.2235	661.3919999999999	987.04	0.9326	0.213	0.1236	0.9692	-30.1296	-0.6032	-31.9714	0.0	5	0.0	0.0		1753	0	0
1701725129659	t	courtroom_test_cue_funeral_home_right	0.0	0	0	3.2018	691.776	890.56	0.863	3.284	664.4159999999999	986.5600000000001	0.9368	0.2104	0.1238	0.9697	-4.5392	-0.0465	-31.6219	0.0	5	0.0	0.0		1753	0	0
1701725129667	t	courtroom_test_cue_funeral_home_right	0.0	0	0	3.1753	691.92	890.56	0.863	3.2225	666.432	985.28	0.9368	0.2073	0.1264	0.9701	-5.0769	-0.0559	-31.6317	0.0	5	0.0	0.0		1753	0	0
1701725129675	t	courtroom_test_cue_funeral_home_right	0.0	0	0	3.1919	694.2239999999999	889.28	0.8584	3.1958	663.6959999999999	987.8399999999999	0.957	0.216	0.123	0.9686	-6.322	-0.0858	-31.6466	0.0	5	0.0	0.0		1753	0	0
1701725129684	t	courtroom_test_cue_funeral_home_right	0.0	0	0	3.0775	699.408	891.6800000000001	0.8584	3.2563	666.864	986.4000000000001	0.957	0.2092	0.1234	0.97	-3.1798	-0.053	-31.5019	0.0	5	0.0	0.0		1753	0	0
1701725129692	t	courtroom_test_cue_funeral_home_right	0.0	0	0	3.1192	699.408	890.8799999999999	0.8698	3.0756	669.024	984.8000000000001	0.9625	0.2075	0.1301	0.9695	1.3751	0.0371	-31.4574	0.0	5	0.0	0.0		1753	0	0
1701725129700	t	courtroom_test_cue_funeral_home_right	0.0	0	0	3.1867	700.416	891.36	0.8698	3.1984	670.1759999999999	985.44	0.9625	0.2065	0.1293	0.9698	7.3807	0.1624	-31.38	0.0	5	0.0	0.0		1753	0	0
1701725129709	t	courtroom_test_cue_funeral_home_right	0.0	0	0	3.2245	701.424	891.5200000000001	0.8774	3.2184	671.184	986.5600000000001	0.9798	0.2057	0.1301	0.9699	13.1759	0.276	-31.3102	0.0	5	0.0	0.0		1753	0	0
1701725129717	t	courtroom_test_cue_funeral_home_right	0.0	0	0	3.13	702.576	890.8799999999999	0.8774	3.1707	674.64	988.32	0.9798	0.2016	0.1317	0.9706	20.3286	0.4179	-31.2058	0.0	5	0.0	0.0		1753	0	0
1701725129725	t	courtroom_test_cue_funeral_home_right	0.0	0	0	3.1444	701.28	893.28	0.8689	3.1523	674.352	988.1600000000001	0.9774	0.208	0.1271	0.9698	21.8877	0.4427	-31.2004	0.0	5	0.0	0.0		1753	0	0
1701725129734	t	courtroom_test_cue_funeral_home_right	0.0	0	0	3.1384	701.568	892.8000000000001	0.8689	3.1909	674.352	989.6000000000001	0.9774	0.2076	0.1285	0.9697	21.2916	0.4242	-31.2063	0.0	5	0.0	0.0		1753	0	0
1701725129742	t	courtroom_test_cue_funeral_home_right	0.0	0	0	3.2114	705.024	892.6399999999999	0.8883	3.263	675.216	988.8	0.982	0.2033	0.1238	0.9713	21.1623	0.4479	-31.1939	0.0	5	0.0	0.0		1753	0	0
1701725129750	t	courtroom_test_cue_funeral_home_right	0.0	0	0	3.2982	715.2479999999999	879.68	0.8883	3.2668	688.6080000000001	967.84	0.982	0.1904	0.1489	0.9704	18.6472	0.5624	-31.265	0.0	5	0.0	0.0		1753	0	0
1701725129759	t	courtroom_test_cue_funeral_home_right	0.0	0	0	3.2299	730.512	848.1600000000001	0.8702	3.0581	699.84	939.6800000000001	0.9824	0.1658	0.2137	0.9627	17.2485	0.806	-31.2956	0.0	5	0.0	0.0		1753	0	0
1701725129767	t	courtroom_test_cue_funeral_home_right	0.0	0	0	3.3338	749.376	814.72	0.8702	3.0612	716.976	903.04	0.9824	0.1334	0.2818	0.9501	21.1375	1.2242	-31.3057	0.0	5	0.0	0.0		1753	0	0
1701725129775	t	courtroom_test_cue_funeral_home_right	0.0	0	0	3.4399	769.68	777.12	0.8433	3.1014	730.512	868.8000000000001	0.9006	0.106	0.3616	0.9263	25.6051	1.6728	-31.3368	0.0	5	0.0	0.0		1753	0	0
1701725129784	t	courtroom_test_cue_funeral_home_right	0.0	0	0	3.4239	789.9839999999999	744.8000000000001	0.8433	3.3524	748.368	838.72	0.9006	0.0674	0.4321	0.8993	27.8922	2.0306	-31.4317	0.0	5	0.0	0.0		1753	0	0
1701725129792	t	courtroom_test_cue_funeral_home_right	0.0	0	0	3.5111	807.264	721.44	0.7856	3.2357	764.784	818.5600000000001	0.7489	0.0455	0.4706	0.8811	28.2044	2.3238	-31.5288	0.0	5	0.0	0.0		1753	0	0
1701725129800	t	courtroom_test_cue_funeral_home_right	0.0	0	0	3.7482	822.3840000000001	686.88	0.7856	3.6398	776.88	779.36	0.7489	0.0172	0.551	0.8343	27.6056	2.6537	-31.7679	0.0	5	0.0	0.0		1753	0	0
1701725129809	t	courtroom_test_cue_funeral_home_right	0.0	0	0	3.4328	834.9119999999999	674.72	0.6742	3.6727	786.24	770.08	0.7133	-0.0007	0.5695	0.8219	26.3327	2.7723	-31.871	0.0	5	0.0	0.0		1753	0	0
1701725129817	t	courtroom_test_cue_funeral_home_right	0.0	0	0	3.6813	841.1039999999999	661.12	0.6742	3.8667	801.216	750.88	0.7133	0.0009	0.6148	0.7887	26.0316	2.8585	-32.0085	0.0	5	0.0	0.0		1753	0	0
1701725129825	t	courtroom_test_cue_funeral_home_right	0.0	0	0	3.4568	842.256	663.36	0.6358	3.7244	801.072	751.04	0.6786	-0.015	0.6021	0.7983	23.8744	2.8235	-32.0191	0.0	5	0.0	0.0		1753	0	0
1701725129833	t	courtroom_test_cue_funeral_home_right	0.0	0	0	3.6228	839.376	666.5600000000001	0.6358	3.7008	796.32	758.88	0.6786	-0.0125	0.6006	0.7994	22.7248	2.7419	-32.0112	0.0	5	0.0	0.0		1753	0	0
1701725129842	t	courtroom_test_cue_funeral_home_right	0.0	0	0	3.5506	835.0559999999999	674.56	0.6903	3.7962	796.1759999999999	760.8	0.7275	-0.0085	0.5843	0.8115	21.0423	2.6368	-31.9776	0.0	5	0.0	0.0		1753	0	0
1701725129850	t	courtroom_test_cue_funeral_home_right	0.0	0	0	3.726	834.48	669.12	0.6903	3.6737	792.144	760.8	0.7275	-0.0163	0.5965	0.8024	16.8391	2.5992	-32.0842	0.0	5	0.0	0.0		1753	0	0
1701725129858	t	courtroom_test_cue_funeral_home_right	0.0	0	0	3.7393	834.0480000000001	672.64	0.7583	3.5352	790.8480000000001	766.08	0.8081	-0.021	0.5831	0.8121	11.2028	2.4672	-32.1346	0.0	5	0.0	0.0		1753	0	0
1701725129866	t	courtroom_test_cue_funeral_home_right	0.0	0	0	3.5967	832.4639999999999	680.48	0.7583	3.3226	793.5840000000001	774.08	0.8081	-0.032	0.5612	0.8271	0.4566	2.1903	-32.2602	0.0	5	0.0	0.0		1753	0	0
1701725129875	t	courtroom_test_cue_funeral_home_right	0.0	0	0	3.5964	830.592	679.6800000000001	0.7956	3.6637	786.672	765.28	0.8399	-0.0263	0.5927	0.805	-6.6669	2.0294	-32.4196	0.0	5	0.0	0.0		1753	0	0
1701725129883	t	courtroom_test_cue_funeral_home_right	0.0	0	0	3.5967	824.544	683.52	0.7956	3.5172	783.2160000000001	773.4399999999999	0.8399	-0.02	0.5731	0.8192	-7.3136	1.9662	-32.3657	0.0	5	0.0	0.0		1753	0	0
1701725129892	t	courtroom_test_cue_funeral_home_right	0.0	0	0	3.592	819.072	681.28	0.8382	3.3215	779.76	776.32	0.88	-0.0126	0.5677	0.8232	-6.0034	1.9871	-32.3329	0.0	5	0.0	0.0		1753	0	0
1701725129900	t	courtroom_test_cue_funeral_home_right	0.0	0	0	3.362	817.3439999999999	686.24	0.8382	3.7255	774.144	766.24	0.88	-0.0064	0.5817	0.8134	-8.4941	1.9772	-32.414	0.0	5	0.0	0.0		1753	0	0
1701725129908	t	courtroom_test_cue_funeral_home_right	0.0	0	0	3.3147	809.856	684.32	0.8536	3.1693	773.1360000000001	778.4	0.9213	-0.0074	0.5463	0.8375	-7.4286	1.9832	-32.3171	0.0	5	0.0	0.0		1753	0	0
1701725129916	t	courtroom_test_cue_funeral_home_right	0.0	0	0	3.4479	809.5680000000001	685.9200000000001	0.8536	3.4004	767.664	779.1999999999999	0.9213	-0.001	0.5427	0.8399	-1.852	2.0982	-32.2152	0.0	5	0.0	0.0		1753	0	0
1701725129925	t	courtroom_test_cue_funeral_home_right	0.0	0	0	3.3412	807.264	684.0	0.8809	3.7825	769.392	761.9200000000001	0.9135	-0.0024	0.5757	0.8176	-1.7125	2.1689	-32.3127	0.0	5	0.0	0.0		1753	0	0
1701725129933	t	courtroom_test_cue_funeral_home_right	0.0	0	0	3.3783	804.8159999999999	687.84	0.8809	3.2937	766.368	773.76	0.9135	0.0023	0.5398	0.8418	-0.7307	2.1614	-32.2067	0.0	5	0.0	0.0		1753	0	0
1701725129941	t	courtroom_test_cue_funeral_home_right	0.0	0	0	3.3855	802.08	687.2	0.891	3.2944	766.08	774.08	0.9379	0.0072	0.5375	0.8432	0.3986	2.1946	-32.1878	0.0	5	0.0	0.0		1753	0	0
1701725129950	t	courtroom_test_cue_funeral_home_right	0.0	0	0	3.3632	801.7919999999999	684.16	0.891	3.358	765.072	774.56	0.9379	0.0105	0.5417	0.8405	-0.8984	2.1785	-32.2206	0.0	5	0.0	0.0		1753	0	0
1701725129958	t	courtroom_test_cue_funeral_home_right	0.0	0	0	3.3708	801.504	687.2	0.9066	3.2902	765.36	774.72	0.9445	0.0108	0.5378	0.843	-3.906	2.11	-32.2615	0.0	5	0.0	0.0		1753	0	0
1701725129967	t	courtroom_test_cue_funeral_home_right	0.0	0	0	3.388	801.7919999999999	688.16	0.9066	3.2593	764.784	775.04	0.9445	0.0116	0.5366	0.8437	-4.8617	2.0855	-32.2722	0.0	5	0.0	0.0		1753	0	0
1701725129975	t	courtroom_test_cue_funeral_home_right	0.0	0	0	3.4739	802.224	688.8	0.9254	3.2287	764.064	775.1999999999999	0.9554	0.0089	0.5359	0.8442	-4.2071	2.091	-32.2554	0.0	5	0.0	0.0		1753	0	0
1701725129983	t	courtroom_test_cue_funeral_home_right	0.0	0	0	3.3654	803.5200000000001	689.76	0.9254	3.244	764.784	778.4	0.9554	0.0063	0.5315	0.847	-8.8699	1.9853	-32.3313	0.0	5	0.0	0.0		1753	0	0
1701725129992	t	courtroom_test_cue_funeral_home_right	0.0	0	0	3.3716	802.5120000000001	690.7199999999999	0.9133	3.2595	764.784	781.44	0.9596	0.0075	0.5238	0.8518	-8.8264	1.9778	-32.3284	0.0	5	0.0	0.0		1753	0	0
1701725130000	t	courtroom_test_cue_funeral_home_right	0.0	0	0	3.3576	801.504	691.6800000000001	0.9133	3.2832	765.072	781.6	0.9596	0.0081	0.5223	0.8527	-8.4818	1.9827	-32.3207	0.0	5	0.0	0.0		1753	0	0
1701725130008	t	courtroom_test_cue_funeral_home_right	0.0	0	0	3.3665	801.216	692.16	0.9453	3.2591	765.36	781.76	0.9593	0.0089	0.5238	0.8518	-12.8197	1.89	-32.3937	0.0	5	0.0	0.0		1753	0	0
1701725130017	t	courtroom_test_cue_funeral_home_right	0.0	0	0	3.3753	800.928	692.48	0.9453	3.2841	765.5039999999999	782.4	0.9593	0.0089	0.5241	0.8516	-13.1387	1.8721	-32.3898	0.0	5	0.0	0.0		1753	0	0
1701725130025	t	courtroom_test_cue_funeral_home_right	0.0	0	0	3.3661	801.216	692.16	0.95	3.2604	765.36	782.88	0.9732	0.0088	0.524	0.8516	-12.6897	1.872	-32.3733	0.0	5	0.0	0.0		1753	0	0
1701725130033	t	courtroom_test_cue_funeral_home_right	0.0	0	0	3.3552	800.928	692.48	0.95	3.3378	767.664	789.44	0.9732	0.0052	0.5099	0.8602	-8.8222	1.9155	-32.2405	0.0	5	0.0	0.0		1753	0	0
1701725130042	t	courtroom_test_cue_funeral_home_right	0.0	0	0	3.3564	801.216	694.56	0.957	3.1507	765.6479999999999	796.3199999999999	0.9793	0.0085	0.4921	0.8705	0.3326	2.0931	-32.0711	0.0	5	0.0	0.0		1753	0	0
1701725130050	t	courtroom_test_cue_funeral_home_right	0.0	0	0	3.3374	801.36	696.64	0.957	2.9106	769.536	794.7199999999999	0.9793	0.0007	0.489	0.8723	4.8662	2.1962	-32.0133	0.0	5	0.0	0.0		1753	0	0
1701725130058	t	courtroom_test_cue_funeral_home_right	0.0	0	0	3.3328	801.504	697.12	0.9587	2.9753	767.088	799.04	0.9905	0.0045	0.4826	0.8758	10.2721	2.309	-31.9219	0.0	5	0.0	0.0		1753	0	0
1701725130067	t	courtroom_test_cue_funeral_home_right	0.0	0	0	3.3282	801.504	697.6	0.9587	3.0246	768.816	798.7199999999999	0.9905	0.0019	0.4815	0.8764	13.7522	2.3894	-31.8735	0.0	5	0.0	0.0		1753	0	0
1701725130075	t	courtroom_test_cue_funeral_home_right	0.0	0	0	3.3298	801.6479999999999	697.76	0.9572	3.0405	770.2560000000001	801.12	0.9849	0.0018	0.4803	0.8771	13.372	2.373	-31.8748	0.0	5	0.0	0.0		1753	0	0
1701725130083	t	courtroom_test_cue_funeral_home_right	0.0	0	0	3.3323	801.7919999999999	697.76	0.9572	3.0841	773.568	800.3199999999999	0.9849	-0.001	0.4823	0.876	10.1435	2.2955	-31.9233	0.0	5	0.0	0.0		1753	200	MYKEYWORD 200
