Recording timestamp	type	Scene Name	scene_num	order	djv_reported	PupilDiam_Left	Gaze2d_Left.x	Gaze2d_Left.y	left_eye_openness	PupilDiam_Right	Gaze2d_Right.x	Gaze2d_Right.y	right_eye_openness	gaze_direction_x	gaze_direction_y	gaze_direction_z	gaze_origin_x	gaze_origin_y	gaze_origin_z	gaze_convergence_distance	participant	study_status	scene_familiarity	recall_status	Identifier	Event value	Event message
1701731890710	t	trainstation_test_cue_bowling_alley_right	0.0	0	0	5.1398	648.432	591.2	1.0	4.668	638.3520000000001	597.76	1.0	-0.0126	-0.2158	0.9763	14.3427	6.4421	-26.8866	0.0	7	1.0	0.0		1916	100	MYKEYWORD 100
1701731890719	t	trainstation_test_cue_bowling_alley_right	0.0	0	0	5.1396	648.432	591.04	1.0	4.6664	638.208	597.76	1.0	-0.0072	-0.2066	0.9784	1.6129	6.4024	-26.8482	0.0	7	1.0	0.0		1916	0	0
1701731890727	t	trainstation_test_cue_bowling_alley_right	0.0	0	0	5.14	648.432	591.04	1.0	4.6651	638.208	597.76	1.0	-0.0053	-0.2038	0.979	-2.547	6.3898	-26.8355	0.0	7	1.0	0.0		1916	0	0
1701731890735	t	trainstation_test_cue_bowling_alley_right	0.0	0	0	5.1399	648.432	590.7199999999999	1.0	4.6639	638.208	597.76	1.0	-0.0053	-0.2035	0.9791	-2.4345	6.3901	-26.8356	0.0	7	1.0	0.0		1916	0	0
1701731890744	t	trainstation_test_cue_bowling_alley_right	0.0	0	0	5.1395	648.432	590.88	1.0	4.6641	638.064	597.76	1.0	-0.0052	-0.204	0.9789	-2.2396	6.3907	-26.8362	0.0	7	1.0	0.0		1916	0	0
1701731890752	t	trainstation_test_cue_bowling_alley_right	0.0	0	0	5.1398	647.856	590.88	1.0	4.6641	638.064	597.76	1.0	-0.0045	-0.2042	0.9789	-1.9932	6.3917	-26.837	0.0	7	1.0	0.0		1916	0	0
1701731890760	t	trainstation_test_cue_bowling_alley_right	0.0	0	0	5.1558	647.712	591.04	1.0	4.6626	637.92	597.6	1.0	-0.0043	-0.2043	0.9789	-1.8041	6.3922	-26.8347	0.0	7	1.0	0.0		1916	0	0
1701731890769	t	trainstation_test_cue_bowling_alley_right	0.0	0	0	5.1575	647.712	590.88	1.0	4.6573	637.92	597.6	1.0	-0.0043	-0.2043	0.9789	-1.7096	6.3926	-26.8346	0.0	7	1.0	0.0		1916	0	0
1701731890777	t	trainstation_test_cue_bowling_alley_right	0.0	0	0	5.1575	647.1360000000001	590.88	1.0	4.6572	637.7760000000001	597.6	1.0	-0.003	-0.2043	0.9789	-1.7737	6.3927	-26.835	0.0	7	1.0	0.0		1916	0	0
1701731890785	t	trainstation_test_cue_bowling_alley_right	0.0	0	0	5.1575	647.1360000000001	590.88	1.0	4.6572	637.6320000000001	598.08	1.0	-0.0031	-0.2052	0.9787	-1.8113	6.3927	-26.8351	0.0	7	1.0	0.0		1916	0	0
1701731890796	t	trainstation_test_cue_bowling_alley_right	0.0	0	0	5.1644	647.1360000000001	590.88	1.0	4.657	637.6320000000001	597.76	1.0	-0.0033	-0.2043	0.9789	-1.7691	6.393	-26.8413	0.0	7	1.0	0.0		1916	0	0
1701731890802	t	trainstation_test_cue_bowling_alley_right	0.0	0	0	5.172	646.848	590.88	1.0	4.6567	637.6320000000001	598.24	1.0	-0.0032	-0.2053	0.9787	-1.754	6.3932	-26.8417	0.0	7	1.0	0.0		1916	0	0
1701731890810	t	trainstation_test_cue_bowling_alley_right	0.0	0	0	5.172	647.1360000000001	590.88	1.0	4.6576	637.6320000000001	597.76	1.0	-0.0033	-0.2039	0.979	-2.3783	6.3913	-26.8403	0.0	7	1.0	0.0		1916	0	0
1701731890819	t	trainstation_test_cue_bowling_alley_right	0.0	0	0	5.172	647.1360000000001	591.04	1.0	4.6617	637.4879999999999	598.4	1.0	-0.0034	-0.2062	0.9785	-1.6448	6.3934	-26.8353	0.0	7	1.0	0.0		1916	0	0
1701731890827	t	trainstation_test_cue_bowling_alley_right	0.0	0	0	5.172	647.1360000000001	591.52	1.0	4.663	637.4879999999999	597.76	1.0	-0.0035	-0.206	0.9785	-1.4364	6.394	-26.8297	0.0	7	1.0	0.0		1916	0	0
1701731890835	t	trainstation_test_cue_bowling_alley_right	0.0	0	0	5.1719	647.568	591.04	1.0	4.6633	637.4879999999999	598.4	1.0	-0.0043	-0.207	0.9783	-1.1272	6.395	-26.8255	0.0	7	1.0	0.0		1916	0	0
1701731890844	t	trainstation_test_cue_bowling_alley_right	0.0	0	0	5.172	647.568	591.52	1.0	4.6666	637.4879999999999	598.4	1.0	-0.0046	-0.2081	0.9781	-0.6287	6.3967	-26.8272	0.0	7	1.0	0.0		1916	0	0
1701731890852	t	trainstation_test_cue_bowling_alley_right	0.0	0	0	5.1719	647.568	591.84	1.0	4.6845	637.6320000000001	598.4	1.0	-0.0053	-0.2089	0.9779	-0.182	6.3983	-26.8289	0.0	7	1.0	0.0		1916	0	0
1701731890860	t	trainstation_test_cue_bowling_alley_right	0.0	0	0	5.1722	647.1360000000001	592.0	1.0	4.6842	637.6320000000001	598.56	1.0	-0.0048	-0.2095	0.9778	0.0542	6.3994	-26.8307	0.0	7	1.0	0.0		1916	0	0
1701731890869	t	trainstation_test_cue_bowling_alley_right	0.0	0	0	5.1721	647.1360000000001	592.0	1.0	4.6794	637.6320000000001	598.56	1.0	-0.005	-0.2098	0.9777	0.1472	6.4007	-26.8302	0.0	7	1.0	0.0		1916	0	0
1701731890877	t	trainstation_test_cue_bowling_alley_right	0.0	0	0	5.1737	647.568	592.0	1.0	4.6796	637.6320000000001	598.88	1.0	-0.0056	-0.2104	0.9776	-0.1936	6.4001	-26.828	0.0	7	1.0	0.0		1916	0	0
1701731890886	t	trainstation_test_cue_bowling_alley_right	0.0	0	0	5.1737	647.568	592.0	1.0	4.6848	637.7760000000001	599.04	1.0	-0.0056	-0.2104	0.9776	-0.7204	6.3984	-26.8252	0.0	7	1.0	0.0		1916	0	0
1701731890894	t	trainstation_test_cue_bowling_alley_right	0.0	0	0	5.1735	647.568	592.0	1.0	4.7138	637.7760000000001	599.2	1.0	-0.0052	-0.2102	0.9776	-1.4689	6.396	-26.8222	0.0	7	1.0	0.0		1916	0	0
1701731890902	t	trainstation_test_cue_bowling_alley_right	0.0	0	0	5.1738	647.568	592.16	1.0	4.7141	637.7760000000001	599.2	1.0	-0.0052	-0.2102	0.9776	-1.7085	6.3949	-26.8186	0.0	7	1.0	0.0		1916	0	0
1701731890911	t	trainstation_test_cue_bowling_alley_right	0.0	0	0	5.1848	647.568	592.16	1.0	4.714	637.7760000000001	599.2	1.0	-0.0052	-0.21	0.9777	-1.745	6.394	-26.8183	0.0	7	1.0	0.0		1916	0	0
1701731890919	t	trainstation_test_cue_bowling_alley_right	0.0	0	0	5.186	647.568	592.16	1.0	4.7205	637.7760000000001	599.2	1.0	-0.005	-0.2102	0.9776	-1.7046	6.394	-26.8185	0.0	7	1.0	0.0		1916	0	0
1701731890928	t	trainstation_test_cue_bowling_alley_right	0.0	0	0	5.2081	647.568	592.16	1.0	4.733	637.7760000000001	599.2	1.0	-0.0051	-0.2102	0.9776	-1.6781	6.3938	-26.8186	0.0	7	1.0	0.0		1916	0	0
1701731890936	t	trainstation_test_cue_bowling_alley_right	0.0	0	0	5.2097	647.568	592.0	1.0	4.733	637.7760000000001	599.6800000000001	1.0	-0.0051	-0.2111	0.9774	-1.6274	6.3935	-26.8188	0.0	7	1.0	0.0		1916	0	0
1701731890944	t	trainstation_test_cue_bowling_alley_right	0.0	0	0	5.2098	647.568	592.0	1.0	4.7205	637.7760000000001	599.6800000000001	1.0	-0.0047	-0.21	0.9777	-2.4931	6.3891	-26.8153	0.0	7	1.0	0.0		1916	0	0
1701731890952	t	trainstation_test_cue_bowling_alley_right	0.0	0	0	5.2098	647.568	592.16	1.0	4.7139	637.7760000000001	599.6800000000001	1.0	-0.0044	-0.2101	0.9777	-2.5938	6.3877	-26.8129	0.0	7	1.0	0.0		1916	0	0
1701731890961	t	trainstation_test_cue_bowling_alley_right	0.0	0	0	5.1956	647.568	592.3199999999999	1.0	4.714	637.7760000000001	599.6800000000001	1.0	-0.0043	-0.2103	0.9776	-2.6766	6.3864	-26.8117	0.0	7	1.0	0.0		1916	0	0
1701731890969	t	trainstation_test_cue_bowling_alley_right	0.0	0	0	5.2101	647.28	592.3199999999999	1.0	4.7067	637.7760000000001	599.6800000000001	1.0	-0.0038	-0.2101	0.9777	-2.5664	6.3848	-26.812	0.0	7	1.0	0.0		1916	0	0
1701731890977	t	trainstation_test_cue_bowling_alley_right	0.0	0	0	5.2101	647.28	592.16	1.0	4.7066	637.7760000000001	599.6800000000001	1.0	-0.0037	-0.2098	0.9777	-2.4801	6.3848	-26.8123	0.0	7	1.0	0.0		1916	0	0
1701731890986	t	trainstation_test_cue_bowling_alley_right	0.0	0	0	5.2154	647.568	592.48	1.0	4.7276	637.7760000000001	599.6800000000001	1.0	-0.004	-0.2099	0.9777	-2.4556	6.3842	-26.8122	0.0	7	1.0	0.0		1916	0	0
1701731890994	t	trainstation_test_cue_bowling_alley_right	0.0	0	0	5.2154	647.424	592.48	1.0	4.7331	637.7760000000001	599.6800000000001	1.0	-0.0035	-0.2099	0.9777	-2.4286	6.3839	-26.8122	0.0	7	1.0	0.0		1916	0	0
1701731891002	t	trainstation_test_cue_bowling_alley_right	0.0	0	0	5.2105	647.424	592.8	1.0	4.7332	638.064	599.6800000000001	1.0	-0.0039	-0.2102	0.9776	-2.5068	6.3836	-26.8099	0.0	7	1.0	0.0		1916	0	0
1701731891011	t	trainstation_test_cue_bowling_alley_right	0.0	0	0	5.196	647.568	592.8	1.0	4.7402	637.7760000000001	599.04	1.0	-0.0035	-0.2092	0.9779	-2.5281	6.3835	-26.8097	0.0	7	1.0	0.0		1916	0	0
1701731891019	t	trainstation_test_cue_bowling_alley_right	0.0	0	0	5.2104	647.568	592.8	1.0	4.7405	638.064	599.04	1.0	-0.0038	-0.2094	0.9778	-2.5659	6.3832	-26.8047	0.0	7	1.0	0.0		1916	0	0
1701731891027	t	trainstation_test_cue_bowling_alley_right	0.0	0	0	5.2107	647.856	592.8	1.0	4.7489	638.208	599.04	1.0	-0.0043	-0.2095	0.9778	-2.5784	6.3831	-26.8002	0.0	7	1.0	0.0		1916	0	0
1701731891036	t	trainstation_test_cue_bowling_alley_right	0.0	0	0	5.1964	648.288	592.8	1.0	4.7549	638.208	599.04	1.0	-0.0055	-0.2104	0.9776	-1.3859	6.3867	-26.8013	0.0	7	1.0	0.0		1916	0	0
1701731891044	t	trainstation_test_cue_bowling_alley_right	0.0	0	0	5.1965	648.288	592.8	1.0	4.7561	638.3520000000001	599.04	1.0	-0.0056	-0.2107	0.9775	-1.1909	6.3874	-26.7991	0.0	7	1.0	0.0		1916	0	0
1701731891052	t	trainstation_test_cue_bowling_alley_right	0.0	0	0	5.1962	648.576	592.8	1.0	4.7613	638.3520000000001	599.04	1.0	-0.0058	-0.211	0.9775	-1.1825	6.387	-26.7947	0.0	7	1.0	0.0		1916	0	0
1701731891061	t	trainstation_test_cue_bowling_alley_right	0.0	0	0	5.1823	648.288	592.8	1.0	4.7612	638.208	599.04	1.0	-0.0051	-0.211	0.9775	-1.2304	6.3869	-26.7933	0.0	7	1.0	0.0		1916	0	0
1701731891069	t	trainstation_test_cue_bowling_alley_right	0.0	0	0	5.1825	648.288	593.44	1.0	4.7613	638.208	599.04	1.0	-0.0049	-0.2115	0.9774	-1.4587	6.3854	-26.7908	0.0	7	1.0	0.0		1916	0	0
1701731891077	t	trainstation_test_cue_bowling_alley_right	0.0	0	0	5.1791	648.576	593.44	1.0	4.7613	638.208	599.04	1.0	-0.0053	-0.2112	0.9774	-1.7556	6.3841	-26.7894	0.0	7	1.0	0.0		1916	0	0
1701731891086	t	trainstation_test_cue_bowling_alley_right	0.0	0	0	5.1826	648.576	593.12	1.0	4.7614	638.208	599.04	1.0	-0.0051	-0.2105	0.9776	-2.1766	6.3823	-26.7867	0.0	7	1.0	0.0		1916	0	0
1701731891094	t	trainstation_test_cue_bowling_alley_right	0.0	0	0	5.1829	648.576	593.12	1.0	4.7625	638.208	599.04	1.0	-0.005	-0.21	0.9777	-2.4667	6.3795	-26.7835	0.0	7	1.0	0.0		1916	0	0
1701731891102	t	trainstation_test_cue_bowling_alley_right	0.0	0	0	5.183	648.576	593.44	1.0	4.7704	638.208	599.04	1.0	-0.0051	-0.2103	0.9776	-2.6417	6.3788	-26.7831	0.0	7	1.0	0.0		1916	0	0
1701731891110	t	trainstation_test_cue_bowling_alley_right	0.0	0	0	5.1793	648.576	593.44	1.0	4.7702	638.064	600.0	1.0	-0.0045	-0.2119	0.9773	-2.759	6.3781	-26.7826	0.0	7	1.0	0.0		1916	0	0
1701731891119	t	trainstation_test_cue_bowling_alley_right	0.0	0	0	5.1796	648.576	593.44	1.0	4.7621	638.064	600.3199999999999	1.0	-0.0047	-0.2126	0.9771	-2.6957	6.3778	-26.7844	0.0	7	1.0	0.0		1916	0	0
1701731891127	t	trainstation_test_cue_bowling_alley_right	0.0	0	0	5.1824	648.288	593.6	1.0	4.77	638.064	600.48	1.0	-0.0044	-0.213	0.977	-2.539	6.3775	-26.785	0.0	7	1.0	0.0		1916	0	0
1701731891135	t	trainstation_test_cue_bowling_alley_right	0.0	0	0	5.1833	648.288	593.28	1.0	4.77	638.064	600.8	1.0	-0.0046	-0.2133	0.977	-2.2593	6.3783	-26.7899	0.0	7	1.0	0.0		1916	0	0
1701731891144	t	trainstation_test_cue_bowling_alley_right	0.0	0	0	5.1831	648.288	593.12	1.0	4.7703	637.92	600.8	1.0	-0.0045	-0.213	0.977	-2.0093	6.3786	-26.7907	0.0	7	1.0	0.0		1916	0	0
1701731891152	t	trainstation_test_cue_bowling_alley_right	0.0	0	0	5.1874	648.288	593.28	1.0	4.7854	637.92	600.8	1.0	-0.0047	-0.2134	0.9769	-1.7865	6.3785	-26.7911	0.0	7	1.0	0.0		1916	0	0
1701731891160	t	trainstation_test_cue_bowling_alley_right	0.0	0	0	5.1984	648.144	593.12	1.0	4.7733	637.92	600.8	1.0	-0.005	-0.213	0.977	-1.5886	6.3783	-26.7922	0.0	7	1.0	0.0		1916	0	0
1701731891169	t	trainstation_test_cue_bowling_alley_right	0.0	0	0	5.1984	648.288	593.28	1.0	4.7727	637.4879999999999	600.8	1.0	-0.0045	-0.2134	0.977	-1.5492	6.378	-26.7923	0.0	7	1.0	0.0		1916	0	0
1701731891177	t	trainstation_test_cue_bowling_alley_right	0.0	0	0	5.1985	648.144	593.12	1.0	4.7728	637.3439999999999	600.8	1.0	-0.004	-0.2128	0.9771	-1.6063	6.377	-26.7921	0.0	7	1.0	0.0		1916	0	0
1701731891185	t	trainstation_test_cue_bowling_alley_right	0.0	0	0	5.1984	648.288	593.12	1.0	4.7862	637.2	600.8	1.0	-0.0038	-0.2126	0.9771	-1.7067	6.3755	-26.7918	0.0	7	1.0	0.0		1916	0	0
1701731891194	t	trainstation_test_cue_bowling_alley_right	0.0	0	0	5.1899	648.288	593.12	1.0	4.7863	637.2	600.8	1.0	-0.0038	-0.2122	0.9772	-1.8814	6.373	-26.7902	0.0	7	1.0	0.0		1916	0	0
1701731891202	t	trainstation_test_cue_bowling_alley_right	0.0	0	0	5.19	648.288	593.12	1.0	4.7863	637.2	600.8	1.0	-0.0037	-0.2121	0.9772	-2.1308	6.3723	-26.7887	0.0	7	1.0	0.0		1916	0	0
1701731891210	t	trainstation_test_cue_bowling_alley_right	0.0	0	0	5.1871	648.144	593.12	1.0	4.7862	636.768	600.8	1.0	-0.0027	-0.2121	0.9772	-2.1733	6.3721	-26.7883	0.0	7	1.0	0.0		1916	0	0
1701731891219	t	trainstation_test_cue_bowling_alley_right	0.0	0	0	5.1826	648.288	593.28	1.0	4.7861	636.768	600.8	1.0	-0.0031	-0.2124	0.9772	-2.2014	6.3721	-26.7874	0.0	7	1.0	0.0		1916	0	0
1701731891227	t	trainstation_test_cue_bowling_alley_right	0.0	0	0	5.1825	648.288	593.12	1.0	4.7864	636.768	600.8	1.0	-0.0031	-0.2122	0.9772	-2.1837	6.3721	-26.7856	0.0	7	1.0	0.0		1916	0	0
1701731891235	t	trainstation_test_cue_bowling_alley_right	0.0	0	0	5.1875	648.288	593.28	1.0	4.7865	637.2	600.8	1.0	-0.0041	-0.2125	0.9771	-2.1362	6.3722	-26.7857	0.0	7	1.0	0.0		1916	0	0
1701731891244	t	trainstation_test_cue_bowling_alley_right	0.0	0	0	5.1877	648.432	593.28	1.0	4.7865	637.2	600.64	1.0	-0.0043	-0.2123	0.9772	-2.1058	6.3723	-26.7847	0.0	7	1.0	0.0		1916	0	0
1701731891252	t	trainstation_test_cue_bowling_alley_right	0.0	0	0	5.1874	648.432	593.28	1.0	4.7865	636.912	600.64	1.0	-0.0034	-0.2123	0.9772	-2.215	6.3719	-26.7817	0.0	7	1.0	0.0		1916	0	0
1701731891260	t	trainstation_test_cue_bowling_alley_right	0.0	0	0	5.1827	648.432	593.44	1.0	4.7867	636.912	600.3199999999999	1.0	-0.0034	-0.2117	0.9773	-2.2695	6.3718	-26.7799	0.0	7	1.0	0.0		1916	0	0
1701731891269	t	trainstation_test_cue_bowling_alley_right	0.0	0	0	5.1779	648.432	593.44	1.0	4.8069	637.2	600.3199999999999	1.0	-0.004	-0.2118	0.9773	-2.3757	6.3711	-26.779	0.0	7	1.0	0.0		1916	0	0
1701731891277	t	trainstation_test_cue_bowling_alley_right	0.0	0	0	5.178	648.432	593.44	1.0	4.773	636.912	600.3199999999999	1.0	-0.0036	-0.2122	0.9772	-1.6907	6.3732	-26.7812	0.0	7	1.0	0.0		1916	0	0
1701731891285	t	trainstation_test_cue_bowling_alley_right	0.0	0	0	5.1781	648.432	593.44	1.0	4.8068	636.768	600.3199999999999	1.0	-0.0032	-0.2123	0.9772	-1.661	6.3732	-26.7797	0.0	7	1.0	0.0		1916	0	0
1701731891294	t	trainstation_test_cue_bowling_alley_right	0.0	0	0	5.1667	648.432	593.44	1.0	4.8065	636.768	600.64	1.0	-0.0029	-0.2129	0.9771	-1.7283	6.373	-26.7782	0.0	7	1.0	0.0		1916	0	0
1701731891302	t	trainstation_test_cue_bowling_alley_right	0.0	0	0	5.1669	648.432	593.44	1.0	4.8067	636.912	600.64	1.0	-0.0028	-0.213	0.977	-1.937	6.3722	-26.7761	0.0	7	1.0	0.0		1916	0	0
1701731891310	t	trainstation_test_cue_bowling_alley_right	0.0	0	0	5.1668	648.432	593.6	1.0	4.8003	636.912	600.64	1.0	-0.0027	-0.2128	0.9771	-2.2858	6.3712	-26.7741	0.0	7	1.0	0.0		1916	0	0
1701731891319	t	trainstation_test_cue_bowling_alley_right	0.0	0	0	5.167	648.432	593.6	1.0	4.8005	636.912	600.64	1.0	-0.0027	-0.2127	0.9771	-2.39	6.3705	-26.7724	0.0	7	1.0	0.0		1916	0	0
1701731891327	t	trainstation_test_cue_bowling_alley_right	0.0	0	0	5.1835	648.432	593.44	1.0	4.772	636.912	600.48	1.0	-0.0027	-0.2122	0.9772	-2.5885	6.3699	-26.7714	0.0	7	1.0	0.0		1916	0	0
1701731891335	t	trainstation_test_cue_bowling_alley_right	0.0	0	0	5.1853	648.432	593.6	1.0	4.7719	636.912	600.48	1.0	-0.0026	-0.2122	0.9772	-2.7121	6.3694	-26.7702	0.0	7	1.0	0.0		1916	0	0
1701731891344	t	trainstation_test_cue_bowling_alley_right	0.0	0	0	5.1853	648.144	593.6	1.0	4.8003	636.912	600.48	1.0	-0.0022	-0.2121	0.9772	-2.7396	6.3693	-26.7699	0.0	7	1.0	0.0		1916	0	0
1701731891352	t	trainstation_test_cue_bowling_alley_right	0.0	0	0	5.1853	648.144	593.6	1.0	4.7793	636.912	600.48	1.0	-0.0021	-0.2123	0.9772	-2.7451	6.369	-26.7686	0.0	7	1.0	0.0		1916	0	0
1701731891360	t	trainstation_test_cue_bowling_alley_right	0.0	0	0	5.1639	648.0	593.6	1.0	4.7796	636.912	600.64	1.0	-0.0018	-0.2126	0.9771	-2.6654	6.3686	-26.7693	0.0	7	1.0	0.0		1916	0	0
1701731891369	t	trainstation_test_cue_bowling_alley_right	0.0	0	0	5.1637	648.0	593.6	1.0	4.7796	636.768	600.64	1.0	-0.0019	-0.2126	0.9771	-2.5529	6.3685	-26.7701	0.0	7	1.0	0.0		1916	0	0
1701731891377	t	trainstation_test_cue_bowling_alley_right	0.0	0	0	5.1853	647.856	593.44	1.0	4.772	636.912	600.64	1.0	-0.0021	-0.2124	0.9772	-2.4577	6.3682	-26.77	0.0	7	1.0	0.0		1916	0	0
1701731891385	t	trainstation_test_cue_bowling_alley_right	0.0	0	0	5.1852	647.856	593.44	1.0	4.772	636.768	600.64	1.0	-0.0022	-0.2122	0.9772	-2.3942	6.3679	-26.7708	0.0	7	1.0	0.0		1916	0	0
1701731891394	t	trainstation_test_cue_bowling_alley_right	0.0	0	0	5.1888	647.424	593.28	1.0	4.76	636.624	600.48	1.0	-0.0013	-0.2117	0.9773	-2.2267	6.3687	-26.7734	0.0	7	1.0	0.0		1916	0	0
1701731891402	t	trainstation_test_cue_bowling_alley_right	0.0	0	0	5.1886	647.424	593.28	1.0	4.7719	636.768	600.48	1.0	-0.0018	-0.2116	0.9773	-2.4454	6.369	-26.7739	0.0	7	1.0	0.0		1916	0	0
1701731891410	t	trainstation_test_cue_bowling_alley_right	0.0	0	0	5.1948	647.424	592.8	1.0	4.7717	636.768	600.3199999999999	1.0	-0.0017	-0.2106	0.9776	-2.4479	6.3691	-26.7744	0.0	7	1.0	0.0		1916	0	0
1701731891419	t	trainstation_test_cue_bowling_alley_right	0.0	0	0	5.2072	647.424	592.3199999999999	1.0	4.7791	636.768	600.3199999999999	1.0	-0.0021	-0.2104	0.9776	-1.6908	6.3717	-26.7771	0.0	7	1.0	0.0		1916	0	0
1701731891427	t	trainstation_test_cue_bowling_alley_right	0.0	0	0	5.2072	647.28	592.3199999999999	1.0	4.7789	636.336	600.3199999999999	1.0	-0.001	-0.2106	0.9776	-1.6155	6.3729	-26.7779	0.0	7	1.0	0.0		1916	0	0
1701731891435	t	trainstation_test_cue_bowling_alley_right	0.0	0	0	5.1946	647.28	592.0	1.0	4.7595	636.192	600.3199999999999	1.0	-0.0005	-0.2101	0.9777	-1.5837	6.373	-26.7798	0.0	7	1.0	0.0		1916	0	0
1701731891444	t	trainstation_test_cue_bowling_alley_right	0.0	0	0	5.1944	647.1360000000001	591.84	1.0	4.7784	635.76	599.84	1.0	0.0005	-0.2092	0.9779	-1.5107	6.374	-26.7829	0.0	7	1.0	0.0		1916	0	0
1701731891452	t	trainstation_test_cue_bowling_alley_right	0.0	0	0	5.2074	646.416	591.84	1.0	4.7832	635.76	599.84	1.0	0.0017	-0.2092	0.9779	-1.4256	6.3747	-26.7849	0.0	7	1.0	0.0		1916	0	0
1701731891460	t	trainstation_test_cue_bowling_alley_right	0.0	0	0	5.2071	646.1279999999999	591.6800000000001	1.0	4.7826	635.616	599.52	1.0	0.0023	-0.2083	0.9781	-1.1418	6.3761	-26.7908	0.0	7	1.0	0.0		1916	0	0
1701731891468	t	trainstation_test_cue_bowling_alley_right	0.0	0	0	5.2193	645.984	591.6800000000001	1.0	4.7827	635.616	599.52	1.0	0.0024	-0.2087	0.978	-0.9293	6.3781	-26.7914	0.0	7	1.0	0.0		1916	0	0
1701731891477	t	trainstation_test_cue_bowling_alley_right	0.0	0	0	5.2258	645.696	591.04	1.0	4.8263	635.616	599.52	1.0	0.0025	-0.2078	0.9782	-0.7899	6.3789	-26.7929	0.0	7	1.0	0.0		1916	0	0
1701731891485	t	trainstation_test_cue_bowling_alley_right	0.0	0	0	5.2503	645.696	590.56	1.0	4.8262	635.616	599.2	1.0	0.0022	-0.2069	0.9784	-0.7376	6.3793	-26.7931	0.0	7	1.0	0.0		1916	0	0
1701731891494	t	trainstation_test_cue_bowling_alley_right	0.0	0	0	5.2612	645.408	589.9200000000001	1.0	4.8387	635.616	598.7199999999999	1.0	0.0026	-0.2049	0.9788	-0.7606	6.3794	-26.7933	0.0	7	1.0	0.0		1916	0	0
1701731891502	t	trainstation_test_cue_bowling_alley_right	0.0	0	0	5.2613	645.408	589.6	1.0	4.8386	635.616	598.7199999999999	1.0	0.0023	-0.2045	0.9789	-0.947	6.3793	-26.7925	0.0	7	1.0	0.0		1916	0	0
1701731891510	t	trainstation_test_cue_bowling_alley_right	0.0	0	0	5.2624	645.264	588.64	1.0	4.8387	635.616	598.08	1.0	0.0025	-0.2018	0.9794	-1.2798	6.3783	-26.7915	0.0	7	1.0	0.0		1916	0	0
1701731891518	t	trainstation_test_cue_bowling_alley_right	0.0	0	0	5.2625	645.264	588.64	1.0	4.8404	635.616	598.08	1.0	0.0028	-0.2009	0.9796	-2.5732	6.3741	-26.7888	0.0	7	1.0	0.0		1916	0	0
1701731891527	t	trainstation_test_cue_bowling_alley_right	0.0	0	0	5.2626	644.688	588.64	1.0	4.8504	635.472	598.08	1.0	0.0031	-0.2009	0.9796	-2.3066	6.3749	-26.7891	0.0	7	1.0	0.0		1916	0	0
1701731891535	t	trainstation_test_cue_bowling_alley_right	0.0	0	0	5.2625	643.968	588.64	1.0	4.8404	635.472	598.08	1.0	0.0038	-0.2008	0.9796	-2.3158	6.3749	-26.7891	0.0	7	1.0	0.0		1916	0	0
1701731891544	t	trainstation_test_cue_bowling_alley_right	0.0	0	0	5.2624	643.968	588.64	1.0	4.8387	635.472	598.08	1.0	0.0036	-0.2008	0.9796	-2.4258	6.3748	-26.7888	0.0	7	1.0	0.0		1916	0	0
1701731891552	t	trainstation_test_cue_bowling_alley_right	0.0	0	0	5.2535	643.968	588.64	1.0	4.8388	635.616	598.08	1.0	0.0035	-0.2008	0.9796	-2.4788	6.3751	-26.7888	0.0	7	1.0	0.0		1916	0	0
1701731891560	t	trainstation_test_cue_bowling_alley_right	0.0	0	0	5.2536	643.968	588.64	1.0	4.8385	635.472	598.08	1.0	0.0036	-0.2007	0.9796	-2.5097	6.3752	-26.7912	0.0	7	1.0	0.0		1916	0	0
1701731891569	t	trainstation_test_cue_bowling_alley_right	0.0	0	0	5.2536	643.968	588.64	1.0	4.8369	635.472	598.08	1.0	0.0035	-0.2012	0.9795	-2.287	6.3766	-26.7921	0.0	7	1.0	0.0		1916	0	0
1701731891577	t	trainstation_test_cue_bowling_alley_right	0.0	0	0	5.2523	644.2560000000001	588.64	1.0	4.7239	635.184	599.04	1.0	0.0044	-0.2049	0.9788	-1.4115	6.383	-26.7772	0.0	7	1.0	0.0		1916	0	0
1701731891585	t	trainstation_test_cue_bowling_alley_right	0.0	0	0	5.1265	645.408	588.9599999999999	1.0	4.7784	635.184	600.16	1.0	0.0027	-0.2146	0.9767	-0.0011	6.4211	-26.7681	0.0	7	1.0	0.0		1916	0	0
1701731891593	t	trainstation_test_cue_bowling_alley_right	0.0	0	0	4.8388	650.448	603.04	1.0	4.5203	635.184	604.0	1.0	-0.0045	-0.2462	0.9692	0.8842	6.4407	-26.7773	0.0	7	1.0	0.0		1916	0	0
1701731891602	t	trainstation_test_cue_bowling_alley_right	0.0	0	0	4.0284	650.304	628.96	1.0	4.5644	638.3520000000001	603.04	1.0	-0.0108	-0.2965	0.955	3.9069	6.4794	-26.7462	0.0	7	1.0	0.0		1916	0	0
1701731891610	t	trainstation_test_cue_bowling_alley_right	0.0	0	0	-1.0	653.904	629.92	1.0	4.2557	632.88	614.24	1.0	0.0281	-0.2723	0.9618	-29.2567	6.4356	-26.6316	0.0	7	1.0	0.0		1916	0	0
1701731891618	t	trainstation_test_cue_bowling_alley_right	0.0	0	0	-1.0	651.744	629.76	1.0	-1.0	631.0079999999999	618.24	1.0	-1.0	-1.0	-1.0	-1.0	-1.0	-1.0	0.0	7	1.0	0.0		1916	0	0
1701731891628	t	trainstation_test_cue_bowling_alley_right	0.0	0	0	-1.0	698.832	672.0	0.7186	-1.0	640.224	630.4	0.8274	-1.0	-1.0	-1.0	-1.0	-1.0	-1.0	0.0	7	1.0	0.0		1916	0	0
1701731891633	t	trainstation_test_cue_bowling_alley_right	0.0	0	0	-1.0	-1440.0	-1600.0	0.7186	-1.0	547.3439999999999	675.04	0.8274	-1.0	-1.0	-1.0	-1.0	-1.0	-1.0	0.0	7	1.0	0.0		1916	0	0
1701731891641	t	trainstation_test_cue_bowling_alley_right	0.0	0	0	-1.0	-1440.0	-1600.0	0.4049	-1.0	521.136	675.36	0.715	-1.0	-1.0	-1.0	-1.0	-1.0	-1.0	0.0	7	1.0	0.0		1916	0	0
1701731891649	t	trainstation_test_cue_bowling_alley_right	0.0	0	0	-1.0	-1440.0	-1600.0	0.4049	-1.0	555.12	670.24	0.715	-1.0	-1.0	-1.0	-1.0	-1.0	-1.0	0.0	7	1.0	0.0		1916	0	0
1701731891658	t	trainstation_test_cue_bowling_alley_right	0.0	0	0	-1.0	-1440.0	-1600.0	0.1177	-1.0	572.544	683.84	0.5054	-1.0	-1.0	-1.0	-1.0	-1.0	-1.0	0.0	7	1.0	0.0		1916	0	0
1701731891667	t	trainstation_test_cue_bowling_alley_right	0.0	0	0	-1.0	617.76	753.5999999999999	0.1177	-1.0	579.888	683.04	0.5054	-1.0	-1.0	-1.0	-1.0	-1.0	-1.0	0.0	7	1.0	0.0		1916	0	0
1701731891675	t	trainstation_test_cue_bowling_alley_right	0.0	0	0	-1.0	600.912	794.4	0.0941	-1.0	581.184	697.44	0.3197	-1.0	-1.0	-1.0	-1.0	-1.0	-1.0	0.0	7	1.0	0.0		1916	0	0
1701731891683	t	trainstation_test_cue_bowling_alley_right	0.0	0	0	-1.0	-1440.0	-1600.0	0.0941	-1.0	561.312	708.3199999999999	0.3197	-1.0	-1.0	-1.0	-1.0	-1.0	-1.0	0.0	7	1.0	0.0		1916	0	0
1701731891691	t	trainstation_test_cue_bowling_alley_right	0.0	0	0	-1.0	-1440.0	-1600.0	0.0692	-1.0	556.1279999999999	706.4	0.2209	-1.0	-1.0	-1.0	-1.0	-1.0	-1.0	0.0	7	1.0	0.0		1916	0	0
1701731891700	t	trainstation_test_cue_bowling_alley_right	0.0	0	0	-1.0	565.056	748.32	0.0692	-1.0	595.7280000000001	687.04	0.2209	-1.0	-1.0	-1.0	-1.0	-1.0	-1.0	0.0	7	1.0	0.0		1916	200	MYKEYWORD 200
