Recording timestamp	type	Scene Name	scene_num	order	djv_reported	PupilDiam_Left	Gaze2d_Left.x	Gaze2d_Left.y	left_eye_openness	PupilDiam_Right	Gaze2d_Right.x	Gaze2d_Right.y	right_eye_openness	gaze_direction_x	gaze_direction_y	gaze_direction_z	gaze_origin_x	gaze_origin_y	gaze_origin_z	gaze_convergence_distance	participant	study_status	scene_familiarity	recall_status	Identifier	Event value	Event message
1701731888136	t	trainstation_test_cue_bowling_alley_right	0.0	0	0	5.5202	651.6	686.24	0.9003	4.9583	626.4	698.4	0.8671	0.0101	-0.3784	0.9256	-2.6136	5.5376	-26.9384	0.0	7	1.0	0.0		5787	100	MYKEYWORD 100
1701731888145	t	trainstation_test_cue_bowling_alley_right	0.0	0	0	5.4866	651.6	687.04	0.8988	4.9629	626.976	698.4	0.9056	0.0089	-0.3795	0.9252	-2.6418	5.5383	-26.9383	0.0	7	1.0	0.0		5787	0	0
1701731888153	t	trainstation_test_cue_bowling_alley_right	0.0	0	0	5.5206	651.456	686.24	0.8988	4.9586	627.552	698.4	0.9056	0.0079	-0.3785	0.9255	-2.6102	5.5394	-26.9393	0.0	7	1.0	0.0		5787	0	0
1701731888163	t	trainstation_test_cue_bowling_alley_right	0.0	0	0	5.5546	651.312	685.6	0.8972	4.9533	627.552	698.08	0.8489	0.008	-0.3773	0.926	-2.484	5.541	-26.9415	0.0	7	1.0	0.0		5787	0	0
1701731888170	t	trainstation_test_cue_bowling_alley_right	0.0	0	0	5.5206	651.168	686.24	0.8972	4.9479	627.552	697.92	0.8489	0.0082	-0.3779	0.9258	-2.8329	5.5409	-26.9373	0.0	7	1.0	0.0		5787	0	0
1701731888178	t	trainstation_test_cue_bowling_alley_right	0.0	0	0	5.4866	651.168	687.04	0.8811	4.931	626.976	697.6	0.8564	0.0093	-0.3785	0.9256	-2.5559	5.5436	-26.941	0.0	7	1.0	0.0		5787	0	0
1701731888186	t	trainstation_test_cue_bowling_alley_right	0.0	0	0	5.5133	651.024	686.24	0.8811	4.9149	627.552	697.2800000000001	0.8564	0.0079	-0.3771	0.9261	-2.7439	5.543	-26.9387	0.0	7	1.0	0.0		5787	0	0
1701731888195	t	trainstation_test_cue_bowling_alley_right	0.0	0	0	5.5399	651.024	685.6	0.8988	4.9148	627.552	697.2800000000001	0.8451	0.0077	-0.3764	0.9264	-2.8438	5.5442	-26.9376	0.0	7	1.0	0.0		5787	0	0
1701731888203	t	trainstation_test_cue_bowling_alley_right	0.0	0	0	5.5399	650.592	685.6	0.8988	4.9146	627.552	697.2800000000001	0.8451	0.0079	-0.3767	0.9263	-2.5819	5.5469	-26.941	0.0	7	1.0	0.0		5787	0	0
1701731888211	t	trainstation_test_cue_bowling_alley_right	0.0	0	0	5.5038	650.448	687.04	0.9216	4.9025	627.552	697.2800000000001	0.8533	0.0078	-0.379	0.9254	-2.5765	5.5488	-26.941	0.0	7	1.0	0.0		5787	0	0
1701731888220	t	trainstation_test_cue_bowling_alley_right	0.0	0	0	5.4873	650.16	687.84	0.9216	4.8902	627.552	697.2800000000001	0.8533	0.008	-0.3804	0.9248	-2.5002	5.551	-26.9419	0.0	7	1.0	0.0		5787	0	0
1701731888228	t	trainstation_test_cue_bowling_alley_right	0.0	0	0	5.5036	650.0160000000001	687.04	0.8826	4.8896	627.84	697.2800000000001	0.8367	0.0076	-0.3804	0.9248	-2.7665	5.556	-26.9377	0.0	7	1.0	0.0		5787	0	0
1701731888236	t	trainstation_test_cue_bowling_alley_right	0.0	0	0	5.4872	649.872	688.0	0.8826	4.8628	628.416	697.12	0.8367	0.0068	-0.3823	0.924	-2.6011	5.5622	-26.9387	0.0	7	1.0	0.0		5787	0	0
1701731888245	t	trainstation_test_cue_bowling_alley_right	0.0	0	0	5.4839	649.728	687.84	0.8839	4.8234	628.56	696.48	0.8167	0.0067	-0.3814	0.9244	-2.3611	5.5662	-26.9418	0.0	7	1.0	0.0		5787	0	0
1701731888253	t	trainstation_test_cue_bowling_alley_right	0.0	0	0	5.4774	649.584	687.84	0.8839	4.8231	628.704	696.48	0.8167	0.0058	-0.3821	0.9241	-2.303	5.5706	-26.9425	0.0	7	1.0	0.0		5787	0	0
1701731888265	t	trainstation_test_cue_bowling_alley_right	0.0	0	0	5.477	649.584	687.2	0.8653	4.8235	628.9920000000001	696.48	0.8096	0.0049	-0.3816	0.9243	-2.3674	5.5742	-26.9419	0.0	7	1.0	0.0		5787	0	0
1701731888270	t	trainstation_test_cue_bowling_alley_right	0.0	0	0	5.4777	649.584	687.04	0.8653	4.7919	628.9920000000001	696.48	0.8096	0.0031	-0.3835	0.9235	-2.3117	5.586	-26.9418	0.0	7	1.0	0.0		5787	0	0
1701731888278	t	trainstation_test_cue_bowling_alley_right	0.0	0	0	5.4581	649.584	687.04	0.8703	4.7747	628.9920000000001	696.48	0.8202	0.003	-0.3837	0.9234	-1.8375	5.5893	-26.9479	0.0	7	1.0	0.0		5787	0	0
1701731888286	t	trainstation_test_cue_bowling_alley_right	0.0	0	0	5.3877	649.1519999999999	687.2	0.8703	4.7747	629.136	696.48	0.8202	0.0039	-0.3836	0.9235	-2.814	5.5855	-26.9353	0.0	7	1.0	0.0		5787	0	0
1701731888294	t	trainstation_test_cue_bowling_alley_right	0.0	0	0	5.3878	649.1519999999999	687.2	0.859	4.7684	629.136	695.84	0.8555	0.0039	-0.3826	0.9239	-2.9429	5.5852	-26.9339	0.0	7	1.0	0.0		5787	0	0
1701731888303	t	trainstation_test_cue_bowling_alley_right	0.0	0	0	5.3833	649.1519999999999	687.2	0.859	4.7338	629.424	696.16	0.8555	0.0033	-0.3831	0.9237	-3.0581	5.5854	-26.9323	0.0	7	1.0	0.0		5787	0	0
1701731888311	t	trainstation_test_cue_bowling_alley_right	0.0	0	0	5.3719	649.008	687.84	0.8361	4.7321	629.424	696.16	0.8094	0.0035	-0.3841	0.9233	-3.0732	5.5861	-26.9318	0.0	7	1.0	0.0		5787	0	0
1701731888320	t	trainstation_test_cue_bowling_alley_right	0.0	0	0	5.3716	648.432	688.0	0.8361	4.6976	629.856	696.16	0.8094	0.0033	-0.3844	0.9232	-2.9874	5.5873	-26.9344	0.0	7	1.0	0.0		5787	0	0
1701731888328	t	trainstation_test_cue_bowling_alley_right	0.0	0	0	5.3367	648.432	688.0	0.8305	4.6843	629.856	696.16	0.7987	0.0033	-0.3848	0.923	-3.0403	5.5893	-26.9318	0.0	7	1.0	0.0		5787	0	0
1701731888336	t	trainstation_test_cue_bowling_alley_right	0.0	0	0	5.3205	648.432	688.0	0.8305	4.6818	629.424	696.16	0.7987	0.0042	-0.3852	0.9228	-2.6005	5.5938	-26.9376	0.0	7	1.0	0.0		5787	0	0
1701731888344	t	trainstation_test_cue_bowling_alley_right	0.0	0	0	5.3129	648.0	688.16	0.8172	4.6424	629.424	697.12	0.7966	0.0048	-0.3893	0.9211	-2.1995	5.6059	-26.9429	0.0	7	1.0	0.0		5787	0	0
1701731888352	t	trainstation_test_cue_bowling_alley_right	0.0	0	0	5.3044	647.712	689.28	0.8172	4.6309	629.424	697.12	0.7966	0.0052	-0.3909	0.9204	-1.948	5.6085	-26.9462	0.0	7	1.0	0.0		5787	0	0
1701731888361	t	trainstation_test_cue_bowling_alley_right	0.0	0	0	5.3031	647.28	690.24	0.8185	4.5708	628.9920000000001	697.2800000000001	0.7888	0.0064	-0.3936	0.9193	-1.7158	5.6151	-26.9487	0.0	7	1.0	0.0		5787	0	0
1701731888369	t	trainstation_test_cue_bowling_alley_right	0.0	0	0	5.3033	647.28	690.24	0.8185	4.5637	628.848	697.2800000000001	0.7888	0.0067	-0.3943	0.9189	-2.2567	5.6169	-26.9418	0.0	7	1.0	0.0		5787	0	0
1701731888377	t	trainstation_test_cue_bowling_alley_right	0.0	0	0	5.2868	647.28	690.24	0.8104	4.5176	629.424	697.2800000000001	0.766	0.0058	-0.3947	0.9188	-2.1756	5.6201	-26.943	0.0	7	1.0	0.0		5787	0	0
1701731888386	t	trainstation_test_cue_bowling_alley_right	0.0	0	0	5.2657	647.28	690.24	0.8104	4.5015	628.848	697.2800000000001	0.766	0.0072	-0.3949	0.9187	-2.4052	5.621	-26.9402	0.0	7	1.0	0.0		5787	0	0
1701731888394	t	trainstation_test_cue_bowling_alley_right	0.0	0	0	5.2439	647.28	690.24	0.8095	4.4935	628.848	697.76	0.7798	0.0072	-0.3959	0.9183	-2.1599	5.6226	-26.9435	0.0	7	1.0	0.0		5787	0	0
1701731888402	t	trainstation_test_cue_bowling_alley_right	0.0	0	0	5.2346	647.28	690.4	0.8095	4.4921	628.1279999999999	697.76	0.7798	0.0091	-0.3966	0.918	-2.2155	5.6247	-26.9433	0.0	7	1.0	0.0		5787	0	0
1701731888411	t	trainstation_test_cue_bowling_alley_right	0.0	0	0	5.2344	647.28	690.24	0.819	4.4506	628.416	696.0	0.7872	0.0094	-0.3974	0.9176	-2.2055	5.6496	-26.9394	0.0	7	1.0	0.0		5787	0	0
1701731888419	t	trainstation_test_cue_bowling_alley_right	0.0	0	0	4.87	649.872	669.76	0.819	4.3368	626.688	682.24	0.7872	0.0117	-0.3762	0.9265	-2.675	5.8279	-26.8733	0.0	7	1.0	0.0		5787	0	0
1701731888427	t	trainstation_test_cue_bowling_alley_right	0.0	0	0	5.0403	653.04	650.5600000000001	0.8181	4.293	628.9920000000001	661.28	0.7899	0.0007	-0.3566	0.9342	-2.8592	6.073	-26.7921	0.0	7	1.0	0.0		5787	0	0
1701731888436	t	trainstation_test_cue_bowling_alley_right	0.0	0	0	4.8492	652.0319999999999	621.92	0.8181	4.1588	626.832	636.16	0.7899	0.011	-0.3152	0.9489	-3.0975	6.3196	-26.713	0.0	7	1.0	0.0		5787	0	0
1701731888444	t	trainstation_test_cue_bowling_alley_right	0.0	0	0	4.9256	656.784	597.44	0.8346	4.1107	623.952	609.76	0.816	0.0078	-0.2706	0.9627	-3.6549	6.5311	-26.6371	0.0	7	1.0	0.0		5787	0	0
1701731888452	t	trainstation_test_cue_bowling_alley_right	0.0	0	0	4.5524	651.312	590.88	0.8346	4.2177	625.1039999999999	597.92	0.816	0.0106	-0.2576	0.9662	0.6619	6.6444	-26.6441	0.0	7	1.0	0.0		5787	0	0
1701731888461	t	trainstation_test_cue_bowling_alley_right	0.0	0	0	5.1636	655.7760000000001	572.64	0.895	4.2756	627.984	590.4	0.8215	-0.0025	-0.2144	0.9767	1.1427	6.6556	-26.7494	0.0	7	1.0	0.0		5787	0	0
1701731888469	t	trainstation_test_cue_bowling_alley_right	0.0	0	0	5.1711	654.336	570.72	0.895	4.4626	628.9920000000001	588.0	0.8215	-0.0015	-0.1953	0.9807	-5.4822	6.5638	-26.6819	0.0	7	1.0	0.0		5787	0	0
1701731888478	t	trainstation_test_cue_bowling_alley_right	0.0	0	0	5.0897	651.888	578.08	0.9642	4.4924	630.0	588.9599999999999	0.8586	-0.0009	-0.1984	0.9801	-5.6423	6.5142	-26.6551	0.0	7	1.0	0.0		5787	0	0
1701731888486	t	trainstation_test_cue_bowling_alley_right	0.0	0	0	5.0553	654.048	576.64	0.9642	4.575	632.304	589.12	0.8586	-0.0075	-0.192	0.9814	-15.9883	6.4432	-26.4761	0.0	7	1.0	0.0		5787	0	0
1701731888494	t	trainstation_test_cue_bowling_alley_right	0.0	0	0	5.1026	652.464	578.88	1.0	4.578	631.44	588.64	1.0	-0.0018	-0.1866	0.9824	-12.0436	6.4407	-26.6135	0.0	7	1.0	0.0		5787	0	0
1701731888503	t	trainstation_test_cue_bowling_alley_right	0.0	0	0	5.1143	653.328	578.72	1.0	4.567	632.304	588.16	1.0	-0.0054	-0.1835	0.983	-11.0541	6.4308	-26.613	0.0	7	1.0	0.0		5787	0	0
1701731888511	t	trainstation_test_cue_bowling_alley_right	0.0	0	0	5.0964	652.464	579.04	1.0	4.7003	631.728	589.28	1.0	-0.0004	-0.1828	0.9831	-8.9543	6.417	-26.6446	0.0	7	1.0	0.0		5787	0	0
1701731888519	t	trainstation_test_cue_bowling_alley_right	0.0	0	0	5.2029	653.04	575.84	1.0	4.5996	633.312	591.2	1.0	-0.0079	-0.1836	0.983	-8.6987	6.4125	-26.6305	0.0	7	1.0	0.0		5787	0	0
1701731888529	t	trainstation_test_cue_bowling_alley_right	0.0	0	0	5.1781	653.616	577.28	1.0	4.6449	632.16	591.52	1.0	-0.0037	-0.1851	0.9827	-10.6858	6.3962	-26.5902	0.0	7	1.0	0.0		5787	0	0
1701731888536	t	trainstation_test_cue_bowling_alley_right	0.0	0	0	5.153	653.184	576.0	1.0	4.6093	634.032	592.48	1.0	-0.0071	-0.1852	0.9827	-14.0924	6.3758	-26.5486	0.0	7	1.0	0.0		5787	0	0
1701731888544	t	trainstation_test_cue_bowling_alley_right	0.0	0	0	5.1466	652.752	576.9599999999999	1.0	4.5713	633.456	592.3199999999999	1.0	-0.0049	-0.1851	0.9827	-13.8759	6.376	-26.5517	0.0	7	1.0	0.0		5787	0	0
1701731888553	t	trainstation_test_cue_bowling_alley_right	0.0	0	0	5.1625	653.04	575.84	1.0	4.534	634.032	592.48	1.0	-0.0063	-0.1846	0.9828	-13.858	6.3754	-26.5551	0.0	7	1.0	0.0		5787	0	0
1701731888561	t	trainstation_test_cue_bowling_alley_right	0.0	0	0	5.1598	652.8960000000001	575.04	1.0	4.474	634.608	592.16	1.0	-0.006	-0.1813	0.9834	-14.0013	6.3665	-26.5601	0.0	7	1.0	0.0		5787	0	0
1701731888569	t	trainstation_test_cue_bowling_alley_right	0.0	0	0	5.169	652.8960000000001	575.04	1.0	4.535	635.04	593.12	1.0	-0.0102	-0.1835	0.983	-1.0908	6.4287	-26.7187	0.0	7	1.0	0.0		5787	0	0
1701731888578	t	trainstation_test_cue_bowling_alley_right	0.0	0	0	5.1783	652.8960000000001	575.04	1.0	4.5197	635.184	593.92	1.0	-0.0096	-0.1854	0.9826	-2.282	6.4224	-26.703	0.0	7	1.0	0.0		5787	0	0
1701731888586	t	trainstation_test_cue_bowling_alley_right	0.0	0	0	5.1689	652.8960000000001	575.1999999999999	1.0	4.5046	635.184	594.88	1.0	-0.0093	-0.1871	0.9823	-1.9394	6.4234	-26.707	0.0	7	1.0	0.0		5787	0	0
1701731888594	t	trainstation_test_cue_bowling_alley_right	0.0	0	0	5.1739	652.752	575.04	1.0	4.4946	635.184	594.4	1.0	-0.0087	-0.1859	0.9825	-2.303	6.4207	-26.7023	0.0	7	1.0	0.0		5787	0	0
1701731888603	t	trainstation_test_cue_bowling_alley_right	0.0	0	0	5.1666	652.752	575.1999999999999	1.0	4.479	635.904	593.92	1.0	-0.008	-0.1852	0.9827	-1.8579	6.4216	-26.6996	0.0	7	1.0	0.0		5787	0	0
1701731888611	t	trainstation_test_cue_bowling_alley_right	0.0	0	0	5.1592	652.608	575.1999999999999	1.0	4.4813	636.336	592.9599999999999	1.0	-0.0081	-0.1838	0.9829	-2.4517	6.4199	-26.6926	0.0	7	1.0	0.0		5787	0	0
1701731888619	t	trainstation_test_cue_bowling_alley_right	0.0	0	0	5.1546	652.752	575.1999999999999	1.0	4.4738	636.48	592.9599999999999	1.0	-0.0087	-0.1837	0.9829	-1.661	6.4236	-26.7026	0.0	7	1.0	0.0		5787	0	0
1701731888629	t	trainstation_test_cue_bowling_alley_right	0.0	0	0	5.1557	652.752	575.1999999999999	1.0	4.4816	636.48	592.9599999999999	1.0	-0.0091	-0.1838	0.9829	-1.3305	6.4256	-26.7072	0.0	7	1.0	0.0		5787	0	0
1701731888636	t	trainstation_test_cue_bowling_alley_right	0.0	0	0	5.1568	652.8960000000001	575.36	1.0	4.4741	636.48	592.9599999999999	1.0	-0.009	-0.184	0.9829	-1.2041	6.4262	-26.7093	0.0	7	1.0	0.0		5787	0	0
1701731888644	t	trainstation_test_cue_bowling_alley_right	0.0	0	0	5.1557	652.8960000000001	575.1999999999999	1.0	4.4668	636.48	592.9599999999999	1.0	-0.0091	-0.1838	0.9829	-1.4364	6.4249	-26.7067	0.0	7	1.0	0.0		5787	0	0
1701731888653	t	trainstation_test_cue_bowling_alley_right	0.0	0	0	5.1496	652.8960000000001	575.1999999999999	1.0	4.4684	636.768	593.76	1.0	-0.0086	-0.1854	0.9826	-2.607	6.4191	-26.6884	0.0	7	1.0	0.0		5787	0	0
1701731888661	t	trainstation_test_cue_bowling_alley_right	0.0	0	0	5.099	652.608	575.84	1.0	4.4695	637.056	592.48	1.0	-0.0098	-0.1843	0.9828	-1.0514	6.4651	-26.8467	0.0	7	1.0	0.0		5787	0	0
1701731888669	t	trainstation_test_cue_bowling_alley_right	0.0	0	0	5.0506	651.312	578.56	1.0	4.4986	637.92	593.44	1.0	-0.0062	-0.1918	0.9814	-5.0266	6.4355	-26.71	0.0	7	1.0	0.0		5787	0	0
1701731888678	t	trainstation_test_cue_bowling_alley_right	0.0	0	0	4.9861	652.464	582.08	1.0	4.4921	637.92	593.44	1.0	-0.006	-0.1987	0.98	-8.4429	6.4178	-26.5741	0.0	7	1.0	0.0		5787	0	0
1701731888686	t	trainstation_test_cue_bowling_alley_right	0.0	0	0	4.9915	651.744	581.12	1.0	4.3528	636.624	596.16	1.0	-0.0006	-0.2076	0.9782	-12.1787	6.4271	-26.5538	0.0	7	1.0	0.0		5787	0	0
1701731888694	t	trainstation_test_cue_bowling_alley_right	0.0	0	0	4.1037	650.448	605.44	1.0	4.1736	635.184	601.44	1.0	0.0074	-0.2527	0.9675	-12.2155	6.4791	-26.517	0.0	7	1.0	0.0		5787	0	0
1701731888702	t	trainstation_test_cue_bowling_alley_right	0.0	0	0	-1.0	660.24	612.3199999999999	1.0	4.1745	635.184	601.2800000000001	1.0	0.0211	-0.2362	0.9715	-29.2666	6.4167	-26.3546	0.0	7	1.0	0.0		5787	0	0
1701731888711	t	trainstation_test_cue_bowling_alley_right	0.0	0	0	-1.0	650.736	628.48	0.8913	-1.0	635.616	609.2800000000001	0.9698	-1.0	-1.0	-1.0	-1.0	-1.0	-1.0	0.0	7	1.0	0.0		5787	0	0
1701731888719	t	trainstation_test_cue_bowling_alley_right	0.0	0	0	-1.0	700.8480000000001	696.48	0.8913	-1.0	628.9920000000001	615.36	0.9698	-1.0	-1.0	-1.0	-1.0	-1.0	-1.0	0.0	7	1.0	0.0		5787	0	0
1701731888726	t	trainstation_test_cue_bowling_alley_right	0.0	0	0	-1.0	709.6320000000001	686.24	0.5603	-1.0	-1440.0	-1600.0	0.775	-1.0	-1.0	-1.0	-1.0	-1.0	-1.0	0.0	7	1.0	0.0		5787	0	0
1701731888733	t	trainstation_test_cue_bowling_alley_right	0.0	0	0	-1.0	-1440.0	-1600.0	0.5603	-1.0	-1440.0	-1600.0	0.775	-1.0	-1.0	-1.0	-1.0	-1.0	-1.0	0.0	7	1.0	0.0		5787	0	0
1701731888742	t	trainstation_test_cue_bowling_alley_right	0.0	0	0	-1.0	-1440.0	-1600.0	0.1763	-1.0	589.536	699.36	0.5901	-1.0	-1.0	-1.0	-1.0	-1.0	-1.0	0.0	7	1.0	0.0		5787	0	0
1701731888751	t	trainstation_test_cue_bowling_alley_right	0.0	0	0	-1.0	-1440.0	-1600.0	0.1763	-1.0	563.04	682.24	0.5901	-1.0	-1.0	-1.0	-1.0	-1.0	-1.0	0.0	7	1.0	0.0		5787	0	0
1701731888758	t	trainstation_test_cue_bowling_alley_right	0.0	0	0	-1.0	-1440.0	-1600.0	0.0797	-1.0	-1440.0	-1600.0	0.3121	-1.0	-1.0	-1.0	-1.0	-1.0	-1.0	0.0	7	1.0	0.0		5787	0	0
1701731888766	t	trainstation_test_cue_bowling_alley_right	0.0	0	0	-1.0	-1440.0	-1600.0	0.0797	-1.0	-1440.0	-1600.0	0.3121	-1.0	-1.0	-1.0	-1.0	-1.0	-1.0	0.0	7	1.0	0.0		5787	0	0
1701731888775	t	trainstation_test_cue_bowling_alley_right	0.0	0	0	-1.0	-1440.0	-1600.0	0.0225	-1.0	-1440.0	-1600.0	0.1639	-1.0	-1.0	-1.0	-1.0	-1.0	-1.0	0.0	7	1.0	0.0		5787	0	0
1701731888785	t	trainstation_test_cue_bowling_alley_right	0.0	0	0	-1.0	-1440.0	-1600.0	0.0	-1.0	-1440.0	-1600.0	0.1023	-1.0	-1.0	-1.0	-1.0	-1.0	-1.0	0.0	7	1.0	0.0		5787	0	0
1701731888792	t	trainstation_test_cue_bowling_alley_right	0.0	0	0	-1.0	-1440.0	-1600.0	0.0	-1.0	-1440.0	-1600.0	0.1023	-1.0	-1.0	-1.0	-1.0	-1.0	-1.0	0.0	7	1.0	0.0		5787	0	0
1701731888800	t	trainstation_test_cue_bowling_alley_right	0.0	0	0	-1.0	-1440.0	-1600.0	0.0	-1.0	-1440.0	-1600.0	0.1023	-1.0	-1.0	-1.0	-1.0	-1.0	-1.0	0.0	7	1.0	0.0		5787	0	0
1701731888808	t	trainstation_test_cue_bowling_alley_right	0.0	0	0	-1.0	-1440.0	-1600.0	0.0318	-1.0	-1440.0	-1600.0	0.0955	-1.0	-1.0	-1.0	-1.0	-1.0	-1.0	0.0	7	1.0	0.0		5787	0	0
1701731888817	t	trainstation_test_cue_bowling_alley_right	0.0	0	0	-1.0	545.04	717.6	0.0318	-1.0	-1440.0	-1600.0	0.0955	-1.0	-1.0	-1.0	-1.0	-1.0	-1.0	0.0	7	1.0	0.0		5787	0	0
1701731888826	t	trainstation_test_cue_bowling_alley_right	0.0	0	0	-1.0	541.152	691.6800000000001	0.1397	-1.0	584.208	642.0799999999999	0.1328	-1.0	-1.0	-1.0	-1.0	-1.0	-1.0	0.0	7	1.0	0.0		5787	0	0
1701731888835	t	trainstation_test_cue_bowling_alley_right	0.0	0	0	-1.0	644.544	679.84	0.1397	-1.0	636.192	654.88	0.1328	-1.0	-1.0	-1.0	-1.0	-1.0	-1.0	0.0	7	1.0	0.0		5787	0	0
1701731888844	t	trainstation_test_cue_bowling_alley_right	0.0	0	0	-1.0	643.3919999999999	594.08	0.3765	-1.0	637.7760000000001	597.92	0.315	-1.0	-1.0	-1.0	-1.0	-1.0	-1.0	0.0	7	1.0	0.0		5787	0	0
1701731888853	t	trainstation_test_cue_bowling_alley_right	0.0	0	0	-1.0	645.264	604.64	0.3765	-1.0	635.904	592.64	0.315	-1.0	-1.0	-1.0	-1.0	-1.0	-1.0	0.0	7	1.0	0.0		5787	0	0
1701731888861	t	trainstation_test_cue_bowling_alley_right	0.0	0	0	-1.0	636.624	583.84	0.6461	-1.0	633.456	589.6	0.51	-1.0	-1.0	-1.0	-1.0	-1.0	-1.0	0.0	7	1.0	0.0		5787	0	0
1701731888869	t	trainstation_test_cue_bowling_alley_right	0.0	0	0	-1.0	640.08	581.76	0.6461	-1.0	631.152	594.7199999999999	0.51	-1.0	-1.0	-1.0	-1.0	-1.0	-1.0	0.0	7	1.0	0.0		5787	0	0
1701731888877	t	trainstation_test_cue_bowling_alley_right	0.0	0	0	-1.0	640.8	568.1600000000001	0.7908	-1.0	629.424	588.16	0.6619	-1.0	-1.0	-1.0	-1.0	-1.0	-1.0	0.0	7	1.0	0.0		5787	0	0
1701731888886	t	trainstation_test_cue_bowling_alley_right	0.0	0	0	4.7286	640.08	568.32	0.7908	4.3872	636.192	583.84	0.6619	0.0129	-0.171	0.9852	-26.3644	6.4966	-26.77	0.0	7	1.0	0.0		5787	0	0
1701731888897	t	trainstation_test_cue_bowling_alley_right	0.0	0	0	4.8501	643.104	570.56	0.9096	4.4454	636.048	586.4	0.7813	0.0123	-0.1775	0.984	-26.8906	6.441	-26.6048	0.0	7	1.0	0.0		5787	0	0
1701731888902	t	trainstation_test_cue_bowling_alley_right	0.0	0	0	5.1799	638.784	558.5600000000001	0.9096	4.4597	636.624	581.76	0.7813	0.0092	-0.156	0.9877	-25.0235	6.4495	-26.7069	0.0	7	1.0	0.0		5787	0	0
1701731888911	t	trainstation_test_cue_bowling_alley_right	0.0	0	0	4.9541	639.216	565.9200000000001	0.9893	4.489	637.4879999999999	583.52	0.883	0.0058	-0.165	0.9863	-15.5906	6.4794	-26.7242	0.0	7	1.0	0.0		5787	0	0
1701731888919	t	trainstation_test_cue_bowling_alley_right	0.0	0	0	5.1453	640.512	563.04	0.9893	4.5974	637.2	582.08	0.883	0.004	-0.1603	0.9871	-8.7444	6.5038	-26.7432	0.0	7	1.0	0.0		5787	0	0
1701731888927	t	trainstation_test_cue_bowling_alley_right	0.0	0	0	5.284	637.2	558.24	1.0	4.5081	636.048	584.0	1.0	0.0096	-0.1579	0.9874	-17.1158	6.4474	-26.6816	0.0	7	1.0	0.0		5787	0	0
1701731888936	t	trainstation_test_cue_bowling_alley_right	0.0	0	0	5.0481	640.6560000000001	564.96	1.0	4.5304	638.928	580.16	1.0	-0.0012	-0.1505	0.9886	-17.3349	6.4964	-26.8989	0.0	7	1.0	0.0		5787	0	0
1701731888944	t	trainstation_test_cue_bowling_alley_right	0.0	0	0	5.0395	638.928	567.36	1.0	4.6002	638.208	580.9599999999999	1.0	0.0032	-0.1512	0.9885	-20.9774	6.4554	-26.8085	0.0	7	1.0	0.0		5787	0	0
1701731888952	t	trainstation_test_cue_bowling_alley_right	0.0	0	0	5.1467	639.504	563.84	1.0	4.5748	638.064	581.28	1.0	0.0035	-0.1511	0.9885	-20.0002	6.4556	-26.7974	0.0	7	1.0	0.0		5787	0	0
1701731888961	t	trainstation_test_cue_bowling_alley_right	0.0	0	0	5.2546	639.216	560.8	1.0	4.559	637.92	580.8	1.0	0.0052	-0.1537	0.9881	-3.7715	6.5427	-26.8864	0.0	7	1.0	0.0		5787	0	0
1701731888969	t	trainstation_test_cue_bowling_alley_right	0.0	0	0	5.1718	639.648	562.5600000000001	1.0	4.6362	636.48	581.9200000000001	1.0	0.0083	-0.1592	0.9872	-3.4525	6.5412	-26.8613	0.0	7	1.0	0.0		5787	0	0
1701731888977	t	trainstation_test_cue_bowling_alley_right	0.0	0	0	5.0894	639.7919999999999	564.48	1.0	4.61	636.912	581.76	1.0	0.0068	-0.1602	0.987	-4.9123	6.5226	-26.8108	0.0	7	1.0	0.0		5787	0	0
1701731888986	t	trainstation_test_cue_bowling_alley_right	0.0	0	0	5.1292	639.936	564.64	1.0	4.6065	637.056	581.9200000000001	1.0	0.0058	-0.1616	0.9868	-2.9481	6.5255	-26.7956	0.0	7	1.0	0.0		5787	0	0
1701731888995	t	trainstation_test_cue_bowling_alley_right	0.0	0	0	5.1208	640.08	564.8	1.0	4.6248	637.2	582.4	1.0	0.005	-0.1672	0.9859	6.1983	6.5838	-26.8767	0.0	7	1.0	0.0		5787	0	0
1701731889002	t	trainstation_test_cue_bowling_alley_right	0.0	0	0	5.1061	639.936	564.96	1.0	4.6074	637.3439999999999	582.88	1.0	0.0051	-0.1698	0.9855	10.4445	6.6094	-26.9141	0.0	7	1.0	0.0		5787	0	0
1701731889011	t	trainstation_test_cue_bowling_alley_right	0.0	0	0	5.0908	640.08	565.12	1.0	4.5994	637.2	582.4	1.0	0.0049	-0.175	0.9846	22.8774	6.687	-27.0329	0.0	7	1.0	0.0		5787	0	0
1701731889019	t	trainstation_test_cue_bowling_alley_right	0.0	0	0	5.0663	640.3679999999999	565.76	1.0	4.6181	636.768	584.64	1.0	0.0041	-0.1775	0.9841	21.2251	6.6723	-26.9951	0.0	7	1.0	0.0		5787	0	0
1701731889027	t	trainstation_test_cue_bowling_alley_right	0.0	0	0	5.042	640.8	566.4	1.0	4.6918	636.768	583.36	1.0	0.0032	-0.1779	0.984	20.5378	6.6649	-26.9756	0.0	7	1.0	0.0		5787	0	0
1701731889036	t	trainstation_test_cue_bowling_alley_right	0.0	0	0	5.0701	641.088	566.88	1.0	4.6369	636.48	582.72	1.0	0.0027	-0.1773	0.9841	16.7242	6.6265	-26.8651	0.0	7	1.0	0.0		5787	0	0
1701731889044	t	trainstation_test_cue_bowling_alley_right	0.0	0	0	5.05	641.088	567.36	1.0	4.613	636.48	582.24	1.0	0.0031	-0.1753	0.9845	10.942	6.5789	-26.7417	0.0	7	1.0	0.0		5787	0	0
1701731889052	t	trainstation_test_cue_bowling_alley_right	0.0	0	0	5.075	641.088	567.36	1.0	4.6519	636.624	581.9200000000001	1.0	0.0038	-0.1688	0.9856	1.2335	6.5193	-26.6661	0.0	7	1.0	0.0		5787	0	0
1701731889061	t	trainstation_test_cue_bowling_alley_right	0.0	0	0	5.099	640.944	567.36	1.0	4.65	636.48	582.24	1.0	0.0047	-0.1643	0.9864	-6.9267	6.4703	-26.606	0.0	7	1.0	0.0		5787	0	0
1701731889069	t	trainstation_test_cue_bowling_alley_right	0.0	0	0	5.1208	641.088	567.04	1.0	4.6701	636.48	581.9200000000001	1.0	0.005	-0.1609	0.987	-11.5888	6.4429	-26.5651	0.0	7	1.0	0.0		5787	0	0
1701731889077	t	trainstation_test_cue_bowling_alley_right	0.0	0	0	5.1208	641.232	567.04	1.0	4.6901	636.48	581.6	1.0	0.0052	-0.1586	0.9873	-14.5295	6.4261	-26.5393	0.0	7	1.0	0.0		5787	0	0
1701731889086	t	trainstation_test_cue_bowling_alley_right	0.0	0	0	5.1209	641.232	567.04	1.0	4.6878	636.48	581.9200000000001	1.0	0.0053	-0.1585	0.9873	-15.8521	6.4186	-26.5274	0.0	7	1.0	0.0		5787	0	0
1701731889097	t	trainstation_test_cue_bowling_alley_right	0.0	0	0	5.1297	641.232	567.04	1.0	4.6857	636.48	581.6	1.0	0.005	-0.1592	0.9872	-13.6178	6.4316	-26.5469	0.0	7	1.0	0.0		5787	0	0
1701731889103	t	trainstation_test_cue_bowling_alley_right	0.0	0	0	5.1499	641.376	567.04	1.0	4.6881	636.48	581.6	1.0	0.0043	-0.1623	0.9867	-8.2529	6.4632	-26.5906	0.0	7	1.0	0.0		5787	0	0
1701731889112	t	trainstation_test_cue_bowling_alley_right	0.0	0	0	5.1497	642.096	567.04	1.0	4.6864	636.336	581.6	1.0	0.0025	-0.1654	0.9862	-2.9737	6.4942	-26.6322	0.0	7	1.0	0.0		5787	0	0
1701731889120	t	trainstation_test_cue_bowling_alley_right	0.0	0	0	5.15	642.096	567.36	1.0	4.689	636.48	581.6	1.0	0.002	-0.1671	0.9859	-1.3425	6.5041	-26.6415	0.0	7	1.0	0.0		5787	0	0
1701731889128	t	trainstation_test_cue_bowling_alley_right	0.0	0	0	5.1817	642.24	567.04	1.0	4.6911	636.336	581.6	1.0	0.0019	-0.1672	0.9859	-1.1248	6.5057	-26.6382	0.0	7	1.0	0.0		5787	0	0
1701731889137	t	trainstation_test_cue_bowling_alley_right	0.0	0	0	5.1932	642.24	566.72	1.0	4.6894	636.336	581.6	1.0	0.0018	-0.1671	0.9859	-0.5742	6.5087	-26.6422	0.0	7	1.0	0.0		5787	0	0
1701731889145	t	trainstation_test_cue_bowling_alley_right	0.0	0	0	5.1929	642.24	566.72	1.0	4.6916	636.192	581.6	1.0	0.0018	-0.1676	0.9858	-0.0329	6.5123	-26.6438	0.0	7	1.0	0.0		5787	0	0
1701731889153	t	trainstation_test_cue_bowling_alley_right	0.0	0	0	5.2097	642.528	566.72	1.0	4.7087	635.616	581.6	1.0	0.0022	-0.1678	0.9858	0.2305	6.5146	-26.6463	0.0	7	1.0	0.0		5787	0	0
1701731889162	t	trainstation_test_cue_bowling_alley_right	0.0	0	0	5.21	642.528	566.72	1.0	4.7192	635.616	581.44	1.0	0.0022	-0.168	0.9858	0.4393	6.5162	-26.6435	0.0	7	1.0	0.0		5787	0	0
1701731889170	t	trainstation_test_cue_bowling_alley_right	0.0	0	0	5.2097	642.528	566.72	1.0	4.724	635.472	581.44	1.0	0.0021	-0.1682	0.9857	0.355	6.5162	-26.641	0.0	7	1.0	0.0		5787	0	0
1701731889178	t	trainstation_test_cue_bowling_alley_right	0.0	0	0	5.2098	642.6719999999999	566.72	1.0	4.7236	635.184	581.44	1.0	0.0025	-0.168	0.9858	0.0415	6.5143	-26.6364	0.0	7	1.0	0.0		5787	0	0
1701731889186	t	trainstation_test_cue_bowling_alley_right	0.0	0	0	5.2099	642.816	566.72	1.0	4.7238	635.184	581.44	1.0	0.0024	-0.1676	0.9858	-0.3918	6.5114	-26.6312	0.0	7	1.0	0.0		5787	0	0
1701731889196	t	trainstation_test_cue_bowling_alley_right	0.0	0	0	5.2224	642.816	566.72	1.0	4.7195	634.8960000000001	581.44	1.0	0.0031	-0.1677	0.9858	-0.6841	6.5092	-26.6229	0.0	7	1.0	0.0		5787	0	0
1701731889203	t	trainstation_test_cue_bowling_alley_right	0.0	0	0	5.2102	642.816	566.5600000000001	1.0	4.7196	634.8960000000001	581.44	1.0	0.003	-0.1675	0.9859	-0.946	6.5074	-26.6203	0.0	7	1.0	0.0		5787	0	0
1701731889211	t	trainstation_test_cue_bowling_alley_right	0.0	0	0	5.2104	643.2479999999999	566.72	1.0	4.7241	634.8960000000001	581.44	1.0	0.0022	-0.1673	0.9859	-1.3239	6.5048	-26.6137	0.0	7	1.0	0.0		5787	0	0
1701731889219	t	trainstation_test_cue_bowling_alley_right	0.0	0	0	5.2105	642.96	566.72	1.0	4.724	634.608	581.44	1.0	0.0035	-0.1678	0.9858	-1.6094	6.5051	-26.61	0.0	7	1.0	0.0		5787	0	0
1701731889228	t	trainstation_test_cue_bowling_alley_right	0.0	0	0	5.2103	642.816	566.72	1.0	4.7258	634.608	581.44	1.0	0.0037	-0.1678	0.9858	-1.7661	6.5047	-26.6083	0.0	7	1.0	0.0		5787	0	0
1701731889236	t	trainstation_test_cue_bowling_alley_right	0.0	0	0	5.2105	642.816	566.72	1.0	4.7259	634.8960000000001	581.76	1.0	0.0032	-0.168	0.9858	-2.2436	6.5015	-26.603	0.0	7	1.0	0.0		5787	0	0
1701731889244	t	trainstation_test_cue_bowling_alley_right	0.0	0	0	5.2113	642.96	566.72	1.0	4.7284	634.8960000000001	581.44	1.0	0.0028	-0.1675	0.9859	-2.4471	6.5005	-26.5987	0.0	7	1.0	0.0		5787	0	0
1701731889253	t	trainstation_test_cue_bowling_alley_right	0.0	0	0	5.2121	643.2479999999999	566.88	1.0	4.7328	635.184	581.44	1.0	0.0012	-0.1674	0.9859	-2.8843	6.4972	-26.5904	0.0	7	1.0	0.0		5787	0	0
1701731889261	t	trainstation_test_cue_bowling_alley_right	0.0	0	0	5.2122	643.2479999999999	566.88	1.0	4.7324	635.184	581.44	1.0	0.0011	-0.1674	0.9859	-3.702	6.4939	-26.5797	0.0	7	1.0	0.0		5787	0	0
1701731889269	t	trainstation_test_cue_bowling_alley_right	0.0	0	0	5.2362	643.2479999999999	566.72	1.0	4.7255	634.8960000000001	581.44	1.0	0.0022	-0.1671	0.9859	-5.1347	6.485	-26.5527	0.0	7	1.0	0.0		5787	0	0
1701731889278	t	trainstation_test_cue_bowling_alley_right	0.0	0	0	5.2367	643.2479999999999	566.72	1.0	4.7236	635.04	581.6	1.0	0.002	-0.1667	0.986	-6.1722	6.4784	-26.5436	0.0	7	1.0	0.0		5787	0	0
1701731889286	t	trainstation_test_cue_bowling_alley_right	0.0	0	0	5.237	643.2479999999999	566.72	1.0	4.7236	634.8960000000001	581.6	1.0	0.0027	-0.1664	0.9861	-6.7406	6.4751	-26.5389	0.0	7	1.0	0.0		5787	0	0
1701731889297	t	trainstation_test_cue_bowling_alley_right	0.0	0	0	5.2383	643.2479999999999	566.72	1.0	4.7234	635.04	581.6	1.0	0.0023	-0.1657	0.9862	-7.2569	6.4716	-26.5373	0.0	7	1.0	0.0		5787	0	0
1701731889303	t	trainstation_test_cue_bowling_alley_right	0.0	0	0	5.2444	643.5360000000001	566.72	1.0	4.7252	635.04	581.6	1.0	0.0019	-0.1655	0.9862	-7.433	6.4703	-26.5359	0.0	7	1.0	0.0		5787	0	0
1701731889311	t	trainstation_test_cue_bowling_alley_right	0.0	0	0	5.2447	643.5360000000001	566.5600000000001	1.0	4.725	635.04	581.6	1.0	0.0018	-0.1662	0.9861	-6.738	6.4757	-26.5414	0.0	7	1.0	0.0		5787	0	0
1701731889319	t	trainstation_test_cue_bowling_alley_right	0.0	0	0	5.2448	643.5360000000001	566.5600000000001	1.0	4.725	635.184	581.76	1.0	0.0009	-0.167	0.9859	-5.1502	6.4848	-26.5606	0.0	7	1.0	0.0		5787	0	0
1701731889328	t	trainstation_test_cue_bowling_alley_right	0.0	0	0	5.2958	646.704	566.24	1.0	4.7052	634.4639999999999	583.36	1.0	-0.0007	-0.1675	0.9859	-1.3619	6.4915	-26.626	0.0	7	1.0	0.0		5787	0	0
1701731889336	t	trainstation_test_cue_bowling_alley_right	0.0	0	0	5.0982	647.568	583.52	1.0	4.7422	633.744	592.48	1.0	-0.0034	-0.2003	0.9797	12.5705	6.4776	-26.8406	0.0	7	1.0	0.0		5787	0	0
1701731889344	t	trainstation_test_cue_bowling_alley_right	0.0	0	0	5.098	650.592	592.16	1.0	4.7949	635.04	608.16	1.0	-0.0064	-0.2219	0.975	11.5838	6.3779	-26.7911	0.0	7	1.0	0.0		5787	0	0
1701731889353	t	trainstation_test_cue_bowling_alley_right	0.0	0	0	5.105	650.0160000000001	594.88	1.0	4.7135	635.616	609.6	1.0	-0.0044	-0.2253	0.9743	9.2963	6.3491	-26.7828	0.0	7	1.0	0.0		5787	0	0
1701731889361	t	trainstation_test_cue_bowling_alley_right	0.0	0	0	5.2052	648.432	593.76	1.0	4.7386	634.7520000000001	607.2	1.0	0.0007	-0.2183	0.9759	5.7167	6.3302	-26.7557	0.0	7	1.0	0.0		5787	0	0
1701731889369	t	trainstation_test_cue_bowling_alley_right	0.0	0	0	5.0861	650.736	596.16	1.0	4.747	635.184	607.52	1.0	-0.0021	-0.2215	0.9751	1.1502	6.3102	-26.7099	0.0	7	1.0	0.0		5787	0	0
1701731889377	t	trainstation_test_cue_bowling_alley_right	0.0	0	0	5.118	650.448	595.84	1.0	4.6982	635.04	609.12	1.0	0.0009	-0.2216	0.9751	-3.6468	6.2851	-26.6712	0.0	7	1.0	0.0		5787	0	0
1701731889386	t	trainstation_test_cue_bowling_alley_right	0.0	0	0	5.1496	650.736	595.52	1.0	4.7761	635.472	608.64	1.0	-0.0004	-0.2196	0.9756	-3.924	6.2814	-26.6664	0.0	7	1.0	0.0		5787	0	0
1701731889394	t	trainstation_test_cue_bowling_alley_right	0.0	0	0	5.1639	650.448	595.36	1.0	4.8545	635.904	608.0	1.0	-0.0008	-0.2184	0.9759	-3.3477	6.2827	-26.6685	0.0	7	1.0	0.0		5787	0	0
1701731889402	t	trainstation_test_cue_bowling_alley_right	0.0	0	0	5.1495	650.16	595.2	1.0	4.8333	636.048	607.6800000000001	1.0	-0.0015	-0.2191	0.9757	-0.405	6.2983	-26.6919	0.0	7	1.0	0.0		5787	0	0
1701731889411	t	trainstation_test_cue_bowling_alley_right	0.0	0	0	5.1244	650.304	594.7199999999999	1.0	4.8117	636.048	608.0	1.0	-0.0036	-0.2212	0.9752	4.656	6.3252	-26.7322	0.0	7	1.0	0.0		5787	0	0
1701731889419	t	trainstation_test_cue_bowling_alley_right	0.0	0	0	5.1466	650.592	594.08	1.0	4.7786	636.048	607.6800000000001	1.0	-0.002	-0.2168	0.9762	-1.5252	6.2917	-26.6822	0.0	7	1.0	0.0		5787	0	0
1701731889427	t	trainstation_test_cue_bowling_alley_right	0.0	0	0	5.1478	650.304	594.08	1.0	4.7553	636.048	607.52	1.0	-0.0018	-0.2156	0.9765	-1.7204	6.2883	-26.6807	0.0	7	1.0	0.0		5787	0	0
1701731889436	t	trainstation_test_cue_bowling_alley_right	0.0	0	0	5.1493	650.16	593.92	1.0	4.7833	636.048	607.6800000000001	1.0	-0.0012	-0.2153	0.9765	-2.2906	6.2829	-26.6765	0.0	7	1.0	0.0		5787	0	0
1701731889444	t	trainstation_test_cue_bowling_alley_right	0.0	0	0	5.1489	650.16	593.92	1.0	4.7551	636.048	608.0	1.0	-0.001	-0.2157	0.9765	-2.29	6.2825	-26.6768	0.0	7	1.0	0.0		5787	0	0
1701731889452	t	trainstation_test_cue_bowling_alley_right	0.0	0	0	5.1495	650.0160000000001	593.76	1.0	4.7833	636.336	607.6800000000001	1.0	-0.0013	-0.2149	0.9766	-2.3461	6.2817	-26.6778	0.0	7	1.0	0.0		5787	0	0
1701731889461	t	trainstation_test_cue_bowling_alley_right	0.0	0	0	5.1502	649.872	593.44	1.0	4.8072	636.624	608.0	1.0	-0.0016	-0.2149	0.9766	-2.372	6.2807	-26.6739	0.0	7	1.0	0.0		5787	0	0
1701731889469	t	trainstation_test_cue_bowling_alley_right	0.0	0	0	5.151	649.872	593.12	1.0	4.7808	636.48	607.84	1.0	-0.001	-0.2142	0.9768	-2.6961	6.2783	-26.6663	0.0	7	1.0	0.0		5787	0	0
1701731889477	t	trainstation_test_cue_bowling_alley_right	0.0	0	0	5.1549	649.872	593.12	1.0	4.8072	636.624	607.84	1.0	-0.0012	-0.2136	0.9769	-3.1762	6.2758	-26.6628	0.0	7	1.0	0.0		5787	0	0
1701731889486	t	trainstation_test_cue_bowling_alley_right	0.0	0	0	5.1594	649.872	592.9599999999999	1.0	4.781	636.624	607.6800000000001	1.0	-0.001	-0.2134	0.977	-3.5388	6.2741	-26.6601	0.0	7	1.0	0.0		5787	0	0
1701731889494	t	trainstation_test_cue_bowling_alley_right	0.0	0	0	5.1697	649.584	592.9599999999999	1.0	4.7547	636.624	607.6800000000001	1.0	-0.001	-0.2132	0.977	-3.7476	6.2733	-26.6586	0.0	7	1.0	0.0		5787	0	0
1701731889502	t	trainstation_test_cue_bowling_alley_right	0.0	0	0	5.1697	649.44	592.9599999999999	1.0	4.8069	636.624	607.6800000000001	1.0	-0.0009	-0.2132	0.977	-3.7838	6.2731	-26.6583	0.0	7	1.0	0.0		5787	0	0
1701731889511	t	trainstation_test_cue_bowling_alley_right	0.0	0	0	5.16	649.44	592.9599999999999	1.0	4.7548	636.624	607.52	1.0	-0.0014	-0.2128	0.9771	-3.7231	6.2734	-26.6589	0.0	7	1.0	0.0		5787	0	0
1701731889519	t	trainstation_test_cue_bowling_alley_right	0.0	0	0	5.1604	649.1519999999999	592.9599999999999	1.0	4.7522	636.192	607.52	1.0	-0.0006	-0.213	0.977	-3.4847	6.2748	-26.6582	0.0	7	1.0	0.0		5787	0	0
1701731889527	t	trainstation_test_cue_bowling_alley_right	0.0	0	0	5.1696	649.1519999999999	592.48	1.0	4.7523	636.48	607.52	1.0	-0.0015	-0.2126	0.9771	-3.0402	6.2771	-26.661	0.0	7	1.0	0.0		5787	0	0
1701731889536	t	trainstation_test_cue_bowling_alley_right	0.0	0	0	5.1698	648.864	592.48	1.0	4.7521	636.336	607.52	1.0	-0.0011	-0.2133	0.977	-2.6724	6.2817	-26.6626	0.0	7	1.0	0.0		5787	0	0
1701731889544	t	trainstation_test_cue_bowling_alley_right	0.0	0	0	5.1826	648.432	592.48	1.0	4.7519	636.336	607.2	1.0	-0.0007	-0.2128	0.9771	-2.6174	6.2826	-26.6632	0.0	7	1.0	0.0		5787	0	0
1701731889552	t	trainstation_test_cue_bowling_alley_right	0.0	0	0	5.2029	648.432	592.48	1.0	4.752	636.48	607.2	1.0	-0.0015	-0.213	0.9771	-2.6644	6.2833	-26.663	0.0	7	1.0	0.0		5787	0	0
1701731889561	t	trainstation_test_cue_bowling_alley_right	0.0	0	0	5.1822	648.432	592.48	1.0	4.7521	636.336	606.4	1.0	-0.0014	-0.2118	0.9773	-2.5792	6.2855	-26.6657	0.0	7	1.0	0.0		5787	0	0
1701731889569	t	trainstation_test_cue_bowling_alley_right	0.0	0	0	5.1824	648.144	592.48	1.0	4.7701	636.192	606.4	1.0	-0.001	-0.2121	0.9772	-2.3717	6.288	-26.6684	0.0	7	1.0	0.0		5787	0	0
1701731889577	t	trainstation_test_cue_bowling_alley_right	0.0	0	0	5.1717	647.856	592.48	1.0	4.7699	636.192	606.4	1.0	-0.0005	-0.2122	0.9772	-2.309	6.2889	-26.6685	0.0	7	1.0	0.0		5787	0	0
1701731889586	t	trainstation_test_cue_bowling_alley_right	0.0	0	0	5.1824	647.712	592.3199999999999	1.0	4.7699	636.192	606.24	1.0	-0.0002	-0.2117	0.9773	-2.4059	6.2899	-26.6686	0.0	7	1.0	0.0		5787	0	0
1701731889594	t	trainstation_test_cue_bowling_alley_right	0.0	0	0	5.1822	647.712	592.16	1.0	4.8031	636.048	606.08	1.0	-0.0003	-0.2119	0.9773	-1.7281	6.2936	-26.6733	0.0	7	1.0	0.0		5787	0	0
1701731889602	t	trainstation_test_cue_bowling_alley_right	0.0	0	0	5.1826	647.712	592.16	1.0	4.803	635.904	606.08	1.0	-0.0001	-0.2123	0.9772	-1.6561	6.2964	-26.6757	0.0	7	1.0	0.0		5787	0	0
1701731889611	t	trainstation_test_cue_bowling_alley_right	0.0	0	0	5.1718	647.712	592.16	1.0	4.8156	635.904	606.08	1.0	-0.0001	-0.212	0.9772	-1.6246	6.2969	-26.6766	0.0	7	1.0	0.0		5787	0	0
1701731889619	t	trainstation_test_cue_bowling_alley_right	0.0	0	0	5.1714	647.856	591.84	1.0	4.8155	636.048	606.08	1.0	-0.0009	-0.2118	0.9773	-1.6299	6.2977	-26.6769	0.0	7	1.0	0.0		5787	0	0
1701731889627	t	trainstation_test_cue_bowling_alley_right	0.0	0	0	5.1714	647.856	591.84	1.0	4.8026	636.048	606.08	1.0	-0.0009	-0.2118	0.9773	-1.6156	6.2985	-26.6774	0.0	7	1.0	0.0		5787	0	0
1701731889636	t	trainstation_test_cue_bowling_alley_right	0.0	0	0	5.1713	646.992	591.52	1.0	4.8025	636.048	605.76	1.0	0.0005	-0.211	0.9775	-1.5233	6.3009	-26.682	0.0	7	1.0	0.0		5787	0	0
1701731889644	t	trainstation_test_cue_bowling_alley_right	0.0	0	0	5.1678	646.992	591.36	1.0	4.8024	636.048	604.96	1.0	0.0005	-0.2095	0.9778	-1.4611	6.302	-26.683	0.0	7	1.0	0.0		5787	0	0
1701731889652	t	trainstation_test_cue_bowling_alley_right	0.0	0	0	5.168	646.992	591.36	1.0	4.8018	636.048	604.96	1.0	0.0006	-0.2099	0.9777	-1.133	6.3068	-26.6922	0.0	7	1.0	0.0		5787	0	0
1701731889661	t	trainstation_test_cue_bowling_alley_right	0.0	0	0	5.1712	646.992	591.2	1.0	4.8123	636.048	604.96	1.0	0.0006	-0.2111	0.9775	-0.68	6.3166	-26.6995	0.0	7	1.0	0.0		5787	0	0
1701731889669	t	trainstation_test_cue_bowling_alley_right	0.0	0	0	5.1677	646.848	591.2	1.0	4.8114	636.048	604.96	1.0	0.0007	-0.2125	0.9771	-0.1449	6.3279	-26.7084	0.0	7	1.0	0.0		5787	0	0
1701731889677	t	trainstation_test_cue_bowling_alley_right	0.0	0	0	5.1643	646.848	591.2	1.0	4.8002	636.048	604.8	1.0	0.0008	-0.2137	0.9769	0.3647	6.3377	-26.7125	0.0	7	1.0	0.0		5787	0	0
1701731889686	t	trainstation_test_cue_bowling_alley_right	0.0	0	0	5.1664	646.704	591.2	1.0	4.8108	636.048	604.3199999999999	1.0	0.001	-0.2136	0.9769	0.8065	6.3438	-26.7209	0.0	7	1.0	0.0		5787	0	0
1701731889695	t	trainstation_test_cue_bowling_alley_right	0.0	0	0	5.1676	646.5600000000001	590.7199999999999	1.0	4.8105	636.048	604.0	1.0	0.0012	-0.2128	0.9771	1.0064	6.3476	-26.7251	0.0	7	1.0	0.0		5787	0	0
1701731889703	t	trainstation_test_cue_bowling_alley_right	0.0	0	0	5.1661	646.5600000000001	590.7199999999999	1.0	4.7928	636.048	603.6800000000001	1.0	0.001	-0.2124	0.9772	0.9866	6.349	-26.7289	0.0	7	1.0	0.0		5787	0	0
1701731889711	t	trainstation_test_cue_bowling_alley_right	0.0	0	0	5.1662	646.5600000000001	590.56	1.0	4.7925	636.048	603.6800000000001	1.0	0.0011	-0.212	0.9772	0.8226	6.351	-26.7338	0.0	7	1.0	0.0		5787	0	0
1701731889720	t	trainstation_test_cue_bowling_alley_right	0.0	0	0	5.1642	646.416	590.56	1.0	4.7922	636.048	603.52	1.0	0.0012	-0.212	0.9772	0.7169	6.3514	-26.7338	0.0	7	1.0	0.0		5787	0	0
1701731889728	t	trainstation_test_cue_bowling_alley_right	0.0	0	0	5.1639	646.416	590.24	1.0	4.7851	636.048	603.52	1.0	0.0014	-0.2115	0.9774	0.2479	6.3501	-26.7313	0.0	7	1.0	0.0		5787	0	0
1701731889736	t	trainstation_test_cue_bowling_alley_right	0.0	0	0	5.1658	646.2719999999999	590.24	1.0	4.7743	636.048	603.52	1.0	0.0019	-0.2113	0.9774	-0.0513	6.3493	-26.7325	0.0	7	1.0	0.0		5787	0	0
1701731889744	t	trainstation_test_cue_bowling_alley_right	0.0	0	0	5.1671	646.1279999999999	590.56	1.0	4.7733	635.616	603.36	1.0	0.003	-0.2111	0.9774	-0.3851	6.3485	-26.7327	0.0	7	1.0	0.0		5787	0	0
1701731889752	t	trainstation_test_cue_bowling_alley_right	0.0	0	0	5.1693	645.84	590.56	1.0	4.7731	635.472	602.88	1.0	0.0032	-0.2108	0.9775	-0.6498	6.3501	-26.7318	0.0	7	1.0	0.0		5787	0	0
1701731889761	t	trainstation_test_cue_bowling_alley_right	0.0	0	0	5.1691	645.84	590.56	1.0	4.7657	635.472	602.88	1.0	0.0032	-0.2105	0.9776	-1.1261	6.3485	-26.7315	0.0	7	1.0	0.0		5787	0	0
1701731889769	t	trainstation_test_cue_bowling_alley_right	0.0	0	0	5.1701	645.696	590.24	1.0	4.7571	635.328	602.7199999999999	1.0	0.0031	-0.2101	0.9777	-1.5565	6.3496	-26.7318	0.0	7	1.0	0.0		5787	0	0
1701731889777	t	trainstation_test_cue_bowling_alley_right	0.0	0	0	5.1684	645.552	590.7199999999999	1.0	4.7473	635.328	602.7199999999999	1.0	0.0029	-0.2107	0.9775	-2.011	6.35	-26.7346	0.0	7	1.0	0.0		5787	0	0
1701731889786	t	trainstation_test_cue_bowling_alley_right	0.0	0	0	5.1647	645.264	590.7199999999999	1.0	4.746	635.04	602.88	1.0	0.0037	-0.2109	0.9775	-2.519	6.3478	-26.7314	0.0	7	1.0	0.0		5787	0	0
1701731889795	t	trainstation_test_cue_bowling_alley_right	0.0	0	0	5.1647	645.264	590.7199999999999	1.0	4.7442	634.8960000000001	602.88	1.0	0.0039	-0.2106	0.9776	-2.8342	6.3464	-26.7313	0.0	7	1.0	0.0		5787	0	0
1701731889802	t	trainstation_test_cue_bowling_alley_right	0.0	0	0	5.1645	645.264	590.7199999999999	1.0	4.7443	634.8960000000001	602.7199999999999	1.0	0.0036	-0.2102	0.9776	-3.1475	6.345	-26.7289	0.0	7	1.0	0.0		5787	0	0
1701731889811	t	trainstation_test_cue_bowling_alley_right	0.0	0	0	5.1677	645.264	590.24	1.0	4.7346	634.8960000000001	602.7199999999999	1.0	0.0033	-0.2094	0.9778	-3.3133	6.3443	-26.7282	0.0	7	1.0	0.0		5787	0	0
1701731889819	t	trainstation_test_cue_bowling_alley_right	0.0	0	0	5.1675	645.264	590.24	1.0	4.7343	634.8960000000001	602.7199999999999	1.0	0.0033	-0.2092	0.9779	-3.3813	6.344	-26.7312	0.0	7	1.0	0.0		5787	0	0
1701731889827	t	trainstation_test_cue_bowling_alley_right	0.0	0	0	5.1687	645.264	590.24	1.0	4.7344	634.8960000000001	602.7199999999999	1.0	0.0031	-0.2092	0.9779	-3.3032	6.3443	-26.7326	0.0	7	1.0	0.0		5787	0	0
1701731889836	t	trainstation_test_cue_bowling_alley_right	0.0	0	0	5.1673	645.264	590.24	1.0	4.73	634.8960000000001	602.88	1.0	0.003	-0.2096	0.9778	-3.1848	6.3448	-26.7334	0.0	7	1.0	0.0		5787	0	0
1701731889845	t	trainstation_test_cue_bowling_alley_right	0.0	0	0	5.1685	645.264	590.24	1.0	4.7237	635.04	602.88	1.0	0.0027	-0.2092	0.9779	-2.968	6.3433	-26.7354	0.0	7	1.0	0.0		5787	0	0
1701731889853	t	trainstation_test_cue_bowling_alley_right	0.0	0	0	5.1686	645.264	590.7199999999999	1.0	4.6971	635.04	602.88	1.0	0.0026	-0.2091	0.9779	-2.7984	6.34	-26.7376	0.0	7	1.0	0.0		5787	0	0
1701731889861	t	trainstation_test_cue_bowling_alley_right	0.0	0	0	5.1583	645.264	590.7199999999999	1.0	4.6955	635.04	602.7199999999999	1.0	0.0022	-0.2085	0.978	-2.7198	6.339	-26.7384	0.0	7	1.0	0.0		5787	0	0
1701731889869	t	trainstation_test_cue_bowling_alley_right	0.0	0	0	5.1548	645.264	590.4	1.0	4.6957	635.04	602.7199999999999	1.0	0.0021	-0.208	0.9781	-2.5257	6.3392	-26.7403	0.0	7	1.0	0.0		5787	0	0
1701731889877	t	trainstation_test_cue_bowling_alley_right	0.0	0	0	5.1548	645.552	590.4	1.0	4.6957	635.184	602.88	1.0	0.0017	-0.2083	0.9781	-2.3473	6.34	-26.7413	0.0	7	1.0	0.0		5787	0	0
1701731889886	t	trainstation_test_cue_bowling_alley_right	0.0	0	0	5.1532	645.552	590.4	1.0	4.6959	635.472	603.04	1.0	0.0009	-0.2086	0.978	-2.2294	6.3402	-26.742	0.0	7	1.0	0.0		5787	0	0
1701731889896	t	trainstation_test_cue_bowling_alley_right	0.0	0	0	5.1527	645.552	590.4	1.0	4.695	635.472	603.04	1.0	0.001	-0.2085	0.978	-1.8181	6.3417	-26.7482	0.0	7	1.0	0.0		5787	0	0
1701731889902	t	trainstation_test_cue_bowling_alley_right	0.0	0	0	5.1528	645.552	590.24	1.0	4.6781	635.472	603.04	1.0	0.0009	-0.2083	0.978	-1.7199	6.3421	-26.751	0.0	7	1.0	0.0		5787	0	0
1701731889911	t	trainstation_test_cue_bowling_alley_right	0.0	0	0	5.1529	645.696	590.08	1.0	4.6777	635.616	602.88	1.0	0.0007	-0.2076	0.9782	-1.1134	6.3445	-26.764	0.0	7	1.0	0.0		5787	0	0
1701731889919	t	trainstation_test_cue_bowling_alley_right	0.0	0	0	5.1535	645.696	590.08	1.0	4.6775	635.76	602.7199999999999	1.0	0.0002	-0.2073	0.9783	-0.5577	6.3468	-26.7698	0.0	7	1.0	0.0		5787	0	0
1701731889927	t	trainstation_test_cue_bowling_alley_right	0.0	0	0	5.155	645.696	590.08	1.0	4.677	635.76	602.7199999999999	1.0	0.0005	-0.2077	0.9782	0.0947	6.3515	-26.7782	0.0	7	1.0	0.0		5787	0	0
1701731889936	t	trainstation_test_cue_bowling_alley_right	0.0	0	0	5.1533	645.84	590.24	1.0	4.6776	636.192	602.7199999999999	1.0	-0.0002	-0.2083	0.9781	0.6206	6.3539	-26.7812	0.0	7	1.0	0.0		5787	0	0
1701731889944	t	trainstation_test_cue_bowling_alley_right	0.0	0	0	5.1538	646.1279999999999	590.4	1.0	4.6772	637.056	602.4	1.0	-0.0024	-0.2085	0.978	1.0593	6.3584	-26.7897	0.0	7	1.0	0.0		5787	0	0
1701731889952	t	trainstation_test_cue_bowling_alley_right	0.0	0	0	5.1536	646.5600000000001	590.4	1.0	4.677	637.2	602.4	1.0	-0.0028	-0.2087	0.978	1.0142	6.3591	-26.7887	0.0	7	1.0	0.0		5787	0	0
1701731889961	t	trainstation_test_cue_bowling_alley_right	0.0	0	0	5.1534	646.5600000000001	590.24	1.0	4.6768	637.2	602.08	1.0	-0.0026	-0.2079	0.9781	0.7416	6.359	-26.7876	0.0	7	1.0	0.0		5787	0	0
1701731889969	t	trainstation_test_cue_bowling_alley_right	0.0	0	0	5.1477	646.5600000000001	590.24	1.0	4.6767	637.2	602.08	1.0	-0.0025	-0.2076	0.9782	0.5009	6.3593	-26.7952	0.0	7	1.0	0.0		5787	0	0
1701731889977	t	trainstation_test_cue_bowling_alley_right	0.0	0	0	5.1536	646.5600000000001	590.08	1.0	4.6938	637.3439999999999	602.08	1.0	-0.0014	-0.2067	0.9784	0.3129	6.3551	-26.7931	0.0	7	1.0	0.0		5787	0	0
1701731889986	t	trainstation_test_cue_bowling_alley_right	0.0	0	0	5.154	646.416	590.08	1.0	4.6961	637.3439999999999	602.24	1.0	-0.0009	-0.2067	0.9784	-0.3057	6.3526	-26.7889	0.0	7	1.0	0.0		5787	0	0
1701731889994	t	trainstation_test_cue_bowling_alley_right	0.0	0	0	5.1625	646.416	590.08	1.0	4.6961	637.4879999999999	602.24	1.0	-0.0012	-0.2067	0.9784	-0.4524	6.3523	-26.7886	0.0	7	1.0	0.0		5787	0	0
1701731890002	t	trainstation_test_cue_bowling_alley_right	0.0	0	0	5.1497	646.5600000000001	590.08	1.0	4.6935	637.4879999999999	602.24	1.0	-0.0013	-0.2068	0.9784	-0.6961	6.3525	-26.7873	0.0	7	1.0	0.0		5787	0	0
1701731890011	t	trainstation_test_cue_bowling_alley_right	0.0	0	0	5.1625	646.5600000000001	590.08	1.0	4.6756	637.3439999999999	602.24	1.0	-0.001	-0.2065	0.9784	-0.8323	6.3525	-26.7944	0.0	7	1.0	0.0		5787	0	0
1701731890019	t	trainstation_test_cue_bowling_alley_right	0.0	0	0	5.1626	646.5600000000001	590.08	1.0	4.6757	637.3439999999999	602.24	1.0	-0.0008	-0.2065	0.9784	-1.2672	6.3516	-26.7927	0.0	7	1.0	0.0		5787	0	0
1701731890027	t	trainstation_test_cue_bowling_alley_right	0.0	0	0	5.1647	646.416	590.24	1.0	4.6754	637.3439999999999	602.24	1.0	-0.0006	-0.2068	0.9784	-1.3337	6.3526	-26.7928	0.0	7	1.0	0.0		5787	0	0
1701731890035	t	trainstation_test_cue_bowling_alley_right	0.0	0	0	5.1647	646.416	590.24	1.0	4.6755	637.3439999999999	602.24	1.0	-0.0006	-0.2069	0.9783	-1.191	6.3533	-26.7939	0.0	7	1.0	0.0		5787	0	0
1701731890044	t	trainstation_test_cue_bowling_alley_right	0.0	0	0	5.1649	646.416	590.24	1.0	4.6753	637.3439999999999	601.92	1.0	-0.0004	-0.2064	0.9785	-1.1829	6.3535	-26.794	0.0	7	1.0	0.0		5787	0	0
1701731890052	t	trainstation_test_cue_bowling_alley_right	0.0	0	0	5.1074	647.1360000000001	593.6	1.0	4.652	639.648	601.76	1.0	-0.004	-0.2147	0.9767	-1.0804	6.3712	-26.7787	0.0	7	1.0	0.0		5787	0	0
1701731890061	t	trainstation_test_cue_bowling_alley_right	0.0	0	0	5.185	646.848	592.16	1.0	4.6288	638.3520000000001	600.0	1.0	0.0007	-0.2122	0.9772	-0.6712	6.3838	-26.773	0.0	7	1.0	0.0		5787	0	0
1701731890069	t	trainstation_test_cue_bowling_alley_right	0.0	0	0	5.0332	652.752	599.6800000000001	1.0	4.6176	635.616	606.24	1.0	-0.0015	-0.2379	0.9713	-0.8157	6.4033	-26.7884	0.0	7	1.0	0.0		5787	0	0
1701731890077	t	trainstation_test_cue_bowling_alley_right	0.0	0	0	4.0593	655.4879999999999	629.76	1.0	4.4691	635.76	610.0799999999999	1.0	-0.0096	-0.298	0.9545	1.8572	6.4275	-26.7263	0.0	7	1.0	0.0		5787	0	0
1701731890086	t	trainstation_test_cue_bowling_alley_right	0.0	0	0	-1.0	651.456	637.76	1.0	4.04	631.584	626.0799999999999	1.0	0.0386	-0.3009	0.9529	-29.2901	6.3611	-26.5924	0.0	7	1.0	0.0		5787	0	0
1701731890093	t	trainstation_test_cue_bowling_alley_right	0.0	0	0	-1.0	721.008	699.52	0.7752	-1.0	630.144	643.52	0.9117	-1.0	-1.0	-1.0	-1.0	-1.0	-1.0	0.0	7	1.0	0.0		5787	0	0
1701731890100	t	trainstation_test_cue_bowling_alley_right	0.0	0	0	-1.0	-1440.0	-1600.0	0.7752	-1.0	555.408	667.04	0.9117	-1.0	-1.0	-1.0	-1.0	-1.0	-1.0	0.0	7	1.0	0.0		5787	0	0
1701731890108	t	trainstation_test_cue_bowling_alley_right	0.0	0	0	-1.0	-1440.0	-1600.0	0.2886	-1.0	959.76	832.9599999999999	0.7773	-1.0	-1.0	-1.0	-1.0	-1.0	-1.0	0.0	7	1.0	0.0		5787	0	0
1701731890117	t	trainstation_test_cue_bowling_alley_right	0.0	0	0	-1.0	-1440.0	-1600.0	0.2886	-1.0	929.8080000000001	862.4000000000001	0.7773	-1.0	-1.0	-1.0	-1.0	-1.0	-1.0	0.0	7	1.0	0.0		5787	0	0
1701731890125	t	trainstation_test_cue_bowling_alley_right	0.0	0	0	-1.0	-1440.0	-1600.0	0.0689	-1.0	-1440.0	-1600.0	0.4543	-1.0	-1.0	-1.0	-1.0	-1.0	-1.0	0.0	7	1.0	0.0		5787	0	0
1701731890133	t	trainstation_test_cue_bowling_alley_right	0.0	0	0	-1.0	-1440.0	-1600.0	0.0689	-1.0	-1440.0	-1600.0	0.4543	-1.0	-1.0	-1.0	-1.0	-1.0	-1.0	0.0	7	1.0	0.0		5787	0	0
1701731890142	t	trainstation_test_cue_bowling_alley_right	0.0	0	0	-1.0	-1440.0	-1600.0	0.0	-1.0	527.904	782.4	0.1828	-1.0	-1.0	-1.0	-1.0	-1.0	-1.0	0.0	7	1.0	0.0		5787	0	0
1701731890150	t	trainstation_test_cue_bowling_alley_right	0.0	0	0	-1.0	-1440.0	-1600.0	0.0	-1.0	529.6320000000001	776.8	0.1828	-1.0	-1.0	-1.0	-1.0	-1.0	-1.0	0.0	7	1.0	0.0		5787	0	0
1701731890157	t	trainstation_test_cue_bowling_alley_right	0.0	0	0	-1.0	-1440.0	-1600.0	0.0	-1.0	-1440.0	-1600.0	0.0851	-1.0	-1.0	-1.0	-1.0	-1.0	-1.0	0.0	7	1.0	0.0		5787	0	0
1701731890166	t	trainstation_test_cue_bowling_alley_right	0.0	0	0	-1.0	565.632	806.72	0.0	-1.0	-1440.0	-1600.0	0.0851	-1.0	-1.0	-1.0	-1.0	-1.0	-1.0	0.0	7	1.0	0.0		5787	0	0
1701731890175	t	trainstation_test_cue_bowling_alley_right	0.0	0	0	-1.0	563.904	755.1999999999999	0.0	-1.0	-1440.0	-1600.0	0.0836	-1.0	-1.0	-1.0	-1.0	-1.0	-1.0	0.0	7	1.0	0.0		5787	0	0
1701731890183	t	trainstation_test_cue_bowling_alley_right	0.0	0	0	-1.0	-1440.0	-1600.0	0.0	-1.0	-1440.0	-1600.0	0.0836	-1.0	-1.0	-1.0	-1.0	-1.0	-1.0	0.0	7	1.0	0.0		5787	0	0
1701731890192	t	trainstation_test_cue_bowling_alley_right	0.0	0	0	-1.0	-1440.0	-1600.0	0.0516	-1.0	680.112	708.16	0.107	-1.0	-1.0	-1.0	-1.0	-1.0	-1.0	0.0	7	1.0	0.0		5787	0	0
1701731890201	t	trainstation_test_cue_bowling_alley_right	0.0	0	0	-1.0	699.84	655.04	0.0516	-1.0	637.7760000000001	662.88	0.107	-1.0	-1.0	-1.0	-1.0	-1.0	-1.0	0.0	7	1.0	0.0		5787	0	0
1701731890210	t	trainstation_test_cue_bowling_alley_right	0.0	0	0	-1.0	658.3679999999999	644.48	0.215	-1.0	632.16	619.52	0.2349	-1.0	-1.0	-1.0	-1.0	-1.0	-1.0	0.0	7	1.0	0.0		5787	0	0
1701731890219	t	trainstation_test_cue_bowling_alley_right	0.0	0	0	-1.0	647.28	627.36	0.215	-1.0	636.048	617.28	0.2349	-1.0	-1.0	-1.0	-1.0	-1.0	-1.0	0.0	7	1.0	0.0		5787	0	0
1701731890227	t	trainstation_test_cue_bowling_alley_right	0.0	0	0	-1.0	657.216	630.0799999999999	0.5035	-1.0	635.472	612.8	0.4011	-1.0	-1.0	-1.0	-1.0	-1.0	-1.0	0.0	7	1.0	0.0		5787	0	0
1701731890235	t	trainstation_test_cue_bowling_alley_right	0.0	0	0	-1.0	645.264	614.56	0.5035	-1.0	632.592	612.64	0.4011	-1.0	-1.0	-1.0	-1.0	-1.0	-1.0	0.0	7	1.0	0.0		5787	0	0
1701731890244	t	trainstation_test_cue_bowling_alley_right	0.0	0	0	-1.0	649.008	611.68	0.6559	-1.0	634.032	606.88	0.5577	-1.0	-1.0	-1.0	-1.0	-1.0	-1.0	0.0	7	1.0	0.0		5787	0	0
1701731890253	t	trainstation_test_cue_bowling_alley_right	0.0	0	0	4.3705	651.168	618.72	0.6559	4.3377	635.04	603.6800000000001	0.5577	-0.0255	-0.3256	0.9451	31.1918	6.5773	-26.9123	0.0	7	1.0	0.0		5787	0	0
1701731890261	t	trainstation_test_cue_bowling_alley_right	0.0	0	0	4.8483	648.72	598.24	0.7611	4.4525	635.04	599.04	0.6782	-0.0188	-0.2605	0.9653	31.5525	6.56	-26.9253	0.0	7	1.0	0.0		5787	0	0
1701731890269	t	trainstation_test_cue_bowling_alley_right	0.0	0	0	5.1797	645.696	592.3199999999999	0.7611	4.4406	636.336	603.2	0.6782	-0.0117	-0.2416	0.9703	30.943	6.5558	-26.9693	0.0	7	1.0	0.0		5787	0	0
1701731890277	t	trainstation_test_cue_bowling_alley_right	0.0	0	0	5.2744	645.408	589.9200000000001	0.8697	4.5511	636.48	603.52	0.7647	0.0107	-0.216	0.9763	-14.6124	6.3658	-26.7394	0.0	7	1.0	0.0		5787	0	0
1701731890285	t	trainstation_test_cue_bowling_alley_right	0.0	0	0	5.2	648.0	592.48	0.8697	4.5285	637.056	602.08	0.7647	0.0036	-0.2132	0.977	-12.133	6.3706	-26.7748	0.0	7	1.0	0.0		5787	0	0
1701731890294	t	trainstation_test_cue_bowling_alley_right	0.0	0	0	5.0326	650.448	595.2	0.9492	4.4449	637.056	600.16	0.8563	-0.0011	-0.2128	0.9771	-10.5046	6.3714	-26.7407	0.0	7	1.0	0.0		5787	0	0
1701731890302	t	trainstation_test_cue_bowling_alley_right	0.0	0	0	5.2499	643.3919999999999	588.8	0.9492	4.6737	641.088	598.88	0.8563	-0.0035	-0.202	0.9794	-10.0944	6.3687	-26.7643	0.0	7	1.0	0.0		5787	0	0
1701731890310	t	trainstation_test_cue_bowling_alley_right	0.0	0	0	5.2033	643.6800000000001	591.2	0.9772	4.6535	639.936	598.88	0.9042	-0.0018	-0.2144	0.9767	4.9096	6.4235	-26.8336	0.0	7	1.0	0.0		5787	0	0
1701731890319	t	trainstation_test_cue_bowling_alley_right	0.0	0	0	5.3665	641.52	578.56	0.9772	4.7047	639.504	598.4	0.9042	0.0059	-0.1884	0.9821	-7.0947	6.3844	-26.8468	0.0	7	1.0	0.0		5787	0	0
1701731890327	t	trainstation_test_cue_bowling_alley_right	0.0	0	0	5.3166	642.24	583.04	0.9989	4.6362	639.072	599.2	0.9325	0.0058	-0.1951	0.9807	-5.7693	6.3829	-26.8383	0.0	7	1.0	0.0		5787	0	0
1701731890335	t	trainstation_test_cue_bowling_alley_right	0.0	0	0	5.345	641.52	585.44	0.9989	4.7033	638.3520000000001	602.08	0.9325	0.0091	-0.2044	0.9788	-5.0552	6.3765	-26.8148	0.0	7	1.0	0.0		5787	0	0
1701731890344	t	trainstation_test_cue_bowling_alley_right	0.0	0	0	5.3295	641.52	586.08	1.0	4.6692	639.216	601.2800000000001	1.0	0.007	-0.2022	0.9793	-7.3428	6.3632	-26.7965	0.0	7	1.0	0.0		5787	0	0
1701731890352	t	trainstation_test_cue_bowling_alley_right	0.0	0	0	5.3205	641.664	585.44	1.0	4.7052	639.7919999999999	600.48	1.0	0.0053	-0.1989	0.98	-8.1993	6.3565	-26.7888	0.0	7	1.0	0.0		5787	0	0
1701731890361	t	trainstation_test_cue_bowling_alley_right	0.0	0	0	5.3332	641.664	584.9599999999999	1.0	4.6864	639.936	600.16	1.0	0.005	-0.1976	0.9803	-7.849	6.3563	-26.7862	0.0	7	1.0	0.0		5787	0	0
1701731890369	t	trainstation_test_cue_bowling_alley_right	0.0	0	0	5.3206	641.664	585.44	1.0	4.6674	639.7919999999999	599.84	1.0	0.0051	-0.1979	0.9802	-6.5553	6.3604	-26.7893	0.0	7	1.0	0.0		5787	0	0
1701731890377	t	trainstation_test_cue_bowling_alley_right	0.0	0	0	5.3174	641.664	586.08	1.0	4.6514	639.504	599.52	1.0	0.0062	-0.199	0.98	-4.2464	6.3701	-26.8011	0.0	7	1.0	0.0		5787	0	0
1701731890385	t	trainstation_test_cue_bowling_alley_right	0.0	0	0	5.3136	641.808	586.72	1.0	4.6676	639.216	599.84	1.0	0.0067	-0.2006	0.9796	-3.8461	6.3712	-26.8014	0.0	7	1.0	0.0		5787	0	0
1701731890394	t	trainstation_test_cue_bowling_alley_right	0.0	0	0	5.3098	642.096	587.04	1.0	4.6515	639.216	599.52	1.0	0.0064	-0.2003	0.9797	-3.9186	6.3704	-26.7984	0.0	7	1.0	0.0		5787	0	0
1701731890402	t	trainstation_test_cue_bowling_alley_right	0.0	0	0	5.3134	642.528	586.72	1.0	4.6354	639.216	599.6800000000001	1.0	0.0056	-0.2003	0.9797	-3.6273	6.3711	-26.7977	0.0	7	1.0	0.0		5787	0	0
1701731890411	t	trainstation_test_cue_bowling_alley_right	0.0	0	0	5.3095	642.6719999999999	587.04	1.0	4.6522	639.504	599.84	1.0	0.0047	-0.2009	0.9796	-3.9475	6.3694	-26.7914	0.0	7	1.0	0.0		5787	0	0
1701731890419	t	trainstation_test_cue_bowling_alley_right	0.0	0	0	5.3056	642.816	587.36	1.0	4.6358	639.216	599.84	1.0	0.0052	-0.2016	0.9794	-4.0232	6.3687	-26.7878	0.0	7	1.0	0.0		5787	0	0
1701731890427	t	trainstation_test_cue_bowling_alley_right	0.0	0	0	5.2877	643.3919999999999	587.5200000000001	1.0	4.6521	639.504	599.84	1.0	0.0038	-0.2016	0.9795	-3.899	6.3693	-26.7924	0.0	7	1.0	0.0		5787	0	0
1701731890436	t	trainstation_test_cue_bowling_alley_right	0.0	0	0	5.2697	643.824	587.5200000000001	1.0	4.6391	639.504	599.84	1.0	0.0026	-0.2027	0.9792	-3.5881	6.3774	-26.7988	0.0	7	1.0	0.0		5787	0	0
1701731890444	t	trainstation_test_cue_bowling_alley_right	0.0	0	0	5.2689	644.976	589.12	1.0	4.6111	639.216	599.36	1.0	0.0016	-0.205	0.9788	-0.7962	6.3891	-26.8277	0.0	7	1.0	0.0		5787	0	0
1701731890452	t	trainstation_test_cue_bowling_alley_right	0.0	0	0	5.2367	644.976	589.12	1.0	4.661	639.216	600.0	1.0	0.0016	-0.2063	0.9785	-0.6103	6.39	-26.8303	0.0	7	1.0	0.0		5787	0	0
1701731890461	t	trainstation_test_cue_bowling_alley_right	0.0	0	0	5.2318	645.264	589.44	1.0	4.635	639.36	599.36	1.0	0.0009	-0.2054	0.9787	-0.2616	6.3914	-26.8339	0.0	7	1.0	0.0		5787	0	0
1701731890469	t	trainstation_test_cue_bowling_alley_right	0.0	0	0	5.2319	645.264	589.44	1.0	4.6521	639.7919999999999	599.36	1.0	0.0002	-0.2063	0.9785	-0.1275	6.3947	-26.8272	0.0	7	1.0	0.0		5787	0	0
1701731890477	t	trainstation_test_cue_bowling_alley_right	0.0	0	0	5.2304	645.264	589.44	1.0	4.7807	640.224	596.16	1.0	-0.0005	-0.2006	0.9797	0.1946	6.3964	-26.8362	0.0	7	1.0	0.0		5787	0	0
1701731890486	t	trainstation_test_cue_bowling_alley_right	0.0	0	0	5.2127	646.1279999999999	589.44	1.0	4.6411	638.784	598.24	1.0	0.0001	-0.2039	0.979	0.2899	6.3886	-26.8167	0.0	7	1.0	0.0		5787	0	0
1701731890494	t	trainstation_test_cue_bowling_alley_right	0.0	0	0	5.2096	646.2719999999999	589.6	1.0	4.7026	639.504	598.4	1.0	-0.0022	-0.2042	0.9789	0.9353	6.384	-26.8031	0.0	7	1.0	0.0		5787	0	0
1701731890502	t	trainstation_test_cue_bowling_alley_right	0.0	0	0	5.2072	646.416	589.9200000000001	1.0	4.6784	639.648	601.2800000000001	1.0	-0.0051	-0.2108	0.9775	2.1911	6.3888	-26.7975	0.0	7	1.0	0.0		5787	0	0
1701731890510	t	trainstation_test_cue_bowling_alley_right	0.0	0	0	5.2071	646.2719999999999	589.9200000000001	1.0	4.6574	638.784	598.08	1.0	-0.004	-0.207	0.9783	4.3122	6.3985	-26.8084	0.0	7	1.0	0.0		5787	0	0
1701731890519	t	trainstation_test_cue_bowling_alley_right	0.0	0	0	5.2075	646.416	589.9200000000001	1.0	4.6728	639.7919999999999	597.6	1.0	-0.0076	-0.2072	0.9783	6.0515	6.4035	-26.8104	0.0	7	1.0	0.0		5787	0	0
1701731890527	t	trainstation_test_cue_bowling_alley_right	0.0	0	0	5.1661	646.416	590.08	1.0	4.6573	639.504	598.08	1.0	-0.0065	-0.208	0.9781	6.0847	6.4009	-26.8088	0.0	7	1.0	0.0		5787	0	0
1701731890536	t	trainstation_test_cue_bowling_alley_right	0.0	0	0	5.1662	646.1279999999999	590.08	1.0	4.6726	639.936	598.24	1.0	-0.007	-0.2076	0.9782	4.7954	6.3964	-26.8	0.0	7	1.0	0.0		5787	0	0
1701731890544	t	trainstation_test_cue_bowling_alley_right	0.0	0	0	5.1664	646.416	590.08	1.0	4.6575	639.504	598.08	1.0	-0.0073	-0.2057	0.9786	2.5287	6.3863	-26.7854	0.0	7	1.0	0.0		5787	0	0
1701731890552	t	trainstation_test_cue_bowling_alley_right	0.0	0	0	5.165	645.984	590.24	1.0	4.6486	639.36	598.08	1.0	-0.0058	-0.2045	0.9788	0.3817	6.3789	-26.7749	0.0	7	1.0	0.0		5787	0	0
1701731890560	t	trainstation_test_cue_bowling_alley_right	0.0	0	0	5.165	646.416	590.24	1.0	4.656	639.072	598.08	1.0	-0.0054	-0.2034	0.9791	-2.6546	6.3707	-26.7585	0.0	7	1.0	0.0		5787	0	0
1701731890569	t	trainstation_test_cue_bowling_alley_right	0.0	0	0	5.1416	646.416	590.24	1.0	4.6568	639.36	598.08	1.0	-0.0056	-0.2032	0.9791	-2.6433	6.3712	-26.7583	0.0	7	1.0	0.0		5787	0	0
1701731890577	t	trainstation_test_cue_bowling_alley_right	0.0	0	0	5.1419	646.416	590.24	1.0	4.6578	639.504	598.08	1.0	-0.006	-0.2034	0.9791	-2.686	6.3705	-26.7564	0.0	7	1.0	0.0		5787	0	0
1701731890585	t	trainstation_test_cue_bowling_alley_right	0.0	0	0	5.1419	646.416	590.24	1.0	4.6642	639.36	598.24	1.0	-0.0056	-0.2035	0.9791	-2.9245	6.3696	-26.7541	0.0	7	1.0	0.0		5787	0	0
1701731890594	t	trainstation_test_cue_bowling_alley_right	0.0	0	0	5.1422	646.5600000000001	590.7199999999999	1.0	4.6708	639.504	598.08	1.0	-0.0061	-0.2044	0.9789	-2.6143	6.3712	-26.7541	0.0	7	1.0	0.0		5787	0	0
1701731890602	t	trainstation_test_cue_bowling_alley_right	0.0	0	0	5.1422	646.5600000000001	591.36	1.0	4.6783	639.504	598.24	1.0	-0.0061	-0.2054	0.9787	-2.5567	6.3714	-26.7547	0.0	7	1.0	0.0		5787	0	0
1701731890610	t	trainstation_test_cue_bowling_alley_right	0.0	0	0	5.1328	647.1360000000001	591.36	1.0	4.632	639.648	596.96	1.0	-0.0083	-0.2057	0.9786	1.5376	6.4015	-26.8479	0.0	7	1.0	0.0		5787	0	0
1701731890619	t	trainstation_test_cue_bowling_alley_right	0.0	0	0	5.1331	647.1360000000001	591.36	1.0	4.6809	638.208	596.96	1.0	-0.007	-0.2096	0.9778	3.4098	6.3886	-26.7156	0.0	7	1.0	0.0		5787	0	0
1701731890629	t	trainstation_test_cue_bowling_alley_right	0.0	0	0	5.1332	647.424	591.36	1.0	4.6812	637.2	597.12	1.0	-0.0076	-0.2131	0.977	8.7459	6.4091	-26.7621	0.0	7	1.0	0.0		5787	0	0
1701731890635	t	trainstation_test_cue_bowling_alley_right	0.0	0	0	5.1329	648.288	590.7199999999999	1.0	4.6814	638.208	597.2800000000001	1.0	-0.0133	-0.2152	0.9765	14.125	6.4294	-26.8073	0.0	7	1.0	0.0		5787	0	0
1701731890644	t	trainstation_test_cue_bowling_alley_right	0.0	0	0	5.133	648.288	590.7199999999999	1.0	4.6762	638.208	597.44	1.0	-0.0131	-0.2149	0.9765	14.4953	6.4368	-26.8546	0.0	7	1.0	0.0		5787	0	0
1701731890652	t	trainstation_test_cue_bowling_alley_right	0.0	0	0	5.1291	648.288	590.7199999999999	1.0	4.6706	638.3520000000001	597.76	1.0	-0.014	-0.2162	0.9762	17.5251	6.4525	-26.9057	0.0	7	1.0	0.0		5787	0	0
1701731890660	t	trainstation_test_cue_bowling_alley_right	0.0	0	0	5.1353	648.432	591.2	1.0	4.6698	638.3520000000001	597.76	1.0	-0.0157	-0.2199	0.9754	20.9796	6.4628	-26.9181	0.0	7	1.0	0.0		5787	0	0
1701731890669	t	trainstation_test_cue_bowling_alley_right	0.0	0	0	5.129	648.432	591.2	1.0	4.6697	638.3520000000001	597.76	1.0	-0.0174	-0.2227	0.9747	24.9531	6.4752	-26.9305	0.0	7	1.0	0.0		5787	0	0
1701731890677	t	trainstation_test_cue_bowling_alley_right	0.0	0	0	5.1353	648.432	591.04	1.0	4.6698	638.3520000000001	597.76	1.0	-0.0183	-0.2234	0.9745	27.2016	6.4822	-26.9381	0.0	7	1.0	0.0		5787	0	0
1701731890685	t	trainstation_test_cue_bowling_alley_right	0.0	0	0	5.1353	648.432	591.04	1.0	4.6696	638.3520000000001	597.76	1.0	-0.0184	-0.2242	0.9744	28.0735	6.485	-26.936	0.0	7	1.0	0.0		5787	0	0
1701731890694	t	trainstation_test_cue_bowling_alley_right	0.0	0	0	5.1396	648.432	591.04	1.0	4.6682	638.3520000000001	597.76	1.0	-0.0185	-0.2245	0.9743	28.1638	6.4853	-26.9298	0.0	7	1.0	0.0		5787	0	0
1701731890702	t	trainstation_test_cue_bowling_alley_right	0.0	0	0	5.1396	648.432	591.04	1.0	4.6667	638.3520000000001	597.76	1.0	-0.0167	-0.2217	0.975	23.8718	6.4719	-26.9161	0.0	7	1.0	0.0		5787	0	0
1701731890710	t	trainstation_test_cue_bowling_alley_right	0.0	0	0	5.1398	648.432	591.2	1.0	4.668	638.3520000000001	597.76	1.0	-0.0126	-0.2158	0.9763	14.3427	6.4421	-26.8866	0.0	7	1.0	0.0		5787	0	0
1701731890719	t	trainstation_test_cue_bowling_alley_right	0.0	0	0	5.1396	648.432	591.04	1.0	4.6664	638.208	597.76	1.0	-0.0072	-0.2066	0.9784	1.6129	6.4024	-26.8482	0.0	7	1.0	0.0		5787	0	0
1701731890727	t	trainstation_test_cue_bowling_alley_right	0.0	0	0	5.14	648.432	591.04	1.0	4.6651	638.208	597.76	1.0	-0.0053	-0.2038	0.979	-2.547	6.3898	-26.8355	0.0	7	1.0	0.0		5787	0	0
1701731890735	t	trainstation_test_cue_bowling_alley_right	0.0	0	0	5.1399	648.432	590.7199999999999	1.0	4.6639	638.208	597.76	1.0	-0.0053	-0.2035	0.9791	-2.4345	6.3901	-26.8356	0.0	7	1.0	0.0		5787	0	0
1701731890744	t	trainstation_test_cue_bowling_alley_right	0.0	0	0	5.1395	648.432	590.88	1.0	4.6641	638.064	597.76	1.0	-0.0052	-0.204	0.9789	-2.2396	6.3907	-26.8362	0.0	7	1.0	0.0		5787	0	0
1701731890752	t	trainstation_test_cue_bowling_alley_right	0.0	0	0	5.1398	647.856	590.88	1.0	4.6641	638.064	597.76	1.0	-0.0045	-0.2042	0.9789	-1.9932	6.3917	-26.837	0.0	7	1.0	0.0		5787	0	0
1701731890760	t	trainstation_test_cue_bowling_alley_right	0.0	0	0	5.1558	647.712	591.04	1.0	4.6626	637.92	597.6	1.0	-0.0043	-0.2043	0.9789	-1.8041	6.3922	-26.8347	0.0	7	1.0	0.0		5787	0	0
1701731890769	t	trainstation_test_cue_bowling_alley_right	0.0	0	0	5.1575	647.712	590.88	1.0	4.6573	637.92	597.6	1.0	-0.0043	-0.2043	0.9789	-1.7096	6.3926	-26.8346	0.0	7	1.0	0.0		5787	0	0
1701731890777	t	trainstation_test_cue_bowling_alley_right	0.0	0	0	5.1575	647.1360000000001	590.88	1.0	4.6572	637.7760000000001	597.6	1.0	-0.003	-0.2043	0.9789	-1.7737	6.3927	-26.835	0.0	7	1.0	0.0		5787	0	0
1701731890785	t	trainstation_test_cue_bowling_alley_right	0.0	0	0	5.1575	647.1360000000001	590.88	1.0	4.6572	637.6320000000001	598.08	1.0	-0.0031	-0.2052	0.9787	-1.8113	6.3927	-26.8351	0.0	7	1.0	0.0		5787	0	0
1701731890796	t	trainstation_test_cue_bowling_alley_right	0.0	0	0	5.1644	647.1360000000001	590.88	1.0	4.657	637.6320000000001	597.76	1.0	-0.0033	-0.2043	0.9789	-1.7691	6.393	-26.8413	0.0	7	1.0	0.0		5787	0	0
1701731890802	t	trainstation_test_cue_bowling_alley_right	0.0	0	0	5.172	646.848	590.88	1.0	4.6567	637.6320000000001	598.24	1.0	-0.0032	-0.2053	0.9787	-1.754	6.3932	-26.8417	0.0	7	1.0	0.0		5787	0	0
1701731890810	t	trainstation_test_cue_bowling_alley_right	0.0	0	0	5.172	647.1360000000001	590.88	1.0	4.6576	637.6320000000001	597.76	1.0	-0.0033	-0.2039	0.979	-2.3783	6.3913	-26.8403	0.0	7	1.0	0.0		5787	0	0
1701731890819	t	trainstation_test_cue_bowling_alley_right	0.0	0	0	5.172	647.1360000000001	591.04	1.0	4.6617	637.4879999999999	598.4	1.0	-0.0034	-0.2062	0.9785	-1.6448	6.3934	-26.8353	0.0	7	1.0	0.0		5787	0	0
1701731890827	t	trainstation_test_cue_bowling_alley_right	0.0	0	0	5.172	647.1360000000001	591.52	1.0	4.663	637.4879999999999	597.76	1.0	-0.0035	-0.206	0.9785	-1.4364	6.394	-26.8297	0.0	7	1.0	0.0		5787	0	0
1701731890835	t	trainstation_test_cue_bowling_alley_right	0.0	0	0	5.1719	647.568	591.04	1.0	4.6633	637.4879999999999	598.4	1.0	-0.0043	-0.207	0.9783	-1.1272	6.395	-26.8255	0.0	7	1.0	0.0		5787	0	0
1701731890844	t	trainstation_test_cue_bowling_alley_right	0.0	0	0	5.172	647.568	591.52	1.0	4.6666	637.4879999999999	598.4	1.0	-0.0046	-0.2081	0.9781	-0.6287	6.3967	-26.8272	0.0	7	1.0	0.0		5787	0	0
1701731890852	t	trainstation_test_cue_bowling_alley_right	0.0	0	0	5.1719	647.568	591.84	1.0	4.6845	637.6320000000001	598.4	1.0	-0.0053	-0.2089	0.9779	-0.182	6.3983	-26.8289	0.0	7	1.0	0.0		5787	0	0
1701731890860	t	trainstation_test_cue_bowling_alley_right	0.0	0	0	5.1722	647.1360000000001	592.0	1.0	4.6842	637.6320000000001	598.56	1.0	-0.0048	-0.2095	0.9778	0.0542	6.3994	-26.8307	0.0	7	1.0	0.0		5787	0	0
1701731890869	t	trainstation_test_cue_bowling_alley_right	0.0	0	0	5.1721	647.1360000000001	592.0	1.0	4.6794	637.6320000000001	598.56	1.0	-0.005	-0.2098	0.9777	0.1472	6.4007	-26.8302	0.0	7	1.0	0.0		5787	0	0
1701731890877	t	trainstation_test_cue_bowling_alley_right	0.0	0	0	5.1737	647.568	592.0	1.0	4.6796	637.6320000000001	598.88	1.0	-0.0056	-0.2104	0.9776	-0.1936	6.4001	-26.828	0.0	7	1.0	0.0		5787	0	0
1701731890886	t	trainstation_test_cue_bowling_alley_right	0.0	0	0	5.1737	647.568	592.0	1.0	4.6848	637.7760000000001	599.04	1.0	-0.0056	-0.2104	0.9776	-0.7204	6.3984	-26.8252	0.0	7	1.0	0.0		5787	0	0
1701731890894	t	trainstation_test_cue_bowling_alley_right	0.0	0	0	5.1735	647.568	592.0	1.0	4.7138	637.7760000000001	599.2	1.0	-0.0052	-0.2102	0.9776	-1.4689	6.396	-26.8222	0.0	7	1.0	0.0		5787	0	0
1701731890902	t	trainstation_test_cue_bowling_alley_right	0.0	0	0	5.1738	647.568	592.16	1.0	4.7141	637.7760000000001	599.2	1.0	-0.0052	-0.2102	0.9776	-1.7085	6.3949	-26.8186	0.0	7	1.0	0.0		5787	0	0
1701731890911	t	trainstation_test_cue_bowling_alley_right	0.0	0	0	5.1848	647.568	592.16	1.0	4.714	637.7760000000001	599.2	1.0	-0.0052	-0.21	0.9777	-1.745	6.394	-26.8183	0.0	7	1.0	0.0		5787	0	0
1701731890919	t	trainstation_test_cue_bowling_alley_right	0.0	0	0	5.186	647.568	592.16	1.0	4.7205	637.7760000000001	599.2	1.0	-0.005	-0.2102	0.9776	-1.7046	6.394	-26.8185	0.0	7	1.0	0.0		5787	0	0
1701731890928	t	trainstation_test_cue_bowling_alley_right	0.0	0	0	5.2081	647.568	592.16	1.0	4.733	637.7760000000001	599.2	1.0	-0.0051	-0.2102	0.9776	-1.6781	6.3938	-26.8186	0.0	7	1.0	0.0		5787	0	0
1701731890936	t	trainstation_test_cue_bowling_alley_right	0.0	0	0	5.2097	647.568	592.0	1.0	4.733	637.7760000000001	599.6800000000001	1.0	-0.0051	-0.2111	0.9774	-1.6274	6.3935	-26.8188	0.0	7	1.0	0.0		5787	0	0
1701731890944	t	trainstation_test_cue_bowling_alley_right	0.0	0	0	5.2098	647.568	592.0	1.0	4.7205	637.7760000000001	599.6800000000001	1.0	-0.0047	-0.21	0.9777	-2.4931	6.3891	-26.8153	0.0	7	1.0	0.0		5787	0	0
1701731890952	t	trainstation_test_cue_bowling_alley_right	0.0	0	0	5.2098	647.568	592.16	1.0	4.7139	637.7760000000001	599.6800000000001	1.0	-0.0044	-0.2101	0.9777	-2.5938	6.3877	-26.8129	0.0	7	1.0	0.0		5787	0	0
1701731890961	t	trainstation_test_cue_bowling_alley_right	0.0	0	0	5.1956	647.568	592.3199999999999	1.0	4.714	637.7760000000001	599.6800000000001	1.0	-0.0043	-0.2103	0.9776	-2.6766	6.3864	-26.8117	0.0	7	1.0	0.0		5787	0	0
1701731890969	t	trainstation_test_cue_bowling_alley_right	0.0	0	0	5.2101	647.28	592.3199999999999	1.0	4.7067	637.7760000000001	599.6800000000001	1.0	-0.0038	-0.2101	0.9777	-2.5664	6.3848	-26.812	0.0	7	1.0	0.0		5787	0	0
1701731890977	t	trainstation_test_cue_bowling_alley_right	0.0	0	0	5.2101	647.28	592.16	1.0	4.7066	637.7760000000001	599.6800000000001	1.0	-0.0037	-0.2098	0.9777	-2.4801	6.3848	-26.8123	0.0	7	1.0	0.0		5787	0	0
1701731890986	t	trainstation_test_cue_bowling_alley_right	0.0	0	0	5.2154	647.568	592.48	1.0	4.7276	637.7760000000001	599.6800000000001	1.0	-0.004	-0.2099	0.9777	-2.4556	6.3842	-26.8122	0.0	7	1.0	0.0		5787	0	0
1701731890994	t	trainstation_test_cue_bowling_alley_right	0.0	0	0	5.2154	647.424	592.48	1.0	4.7331	637.7760000000001	599.6800000000001	1.0	-0.0035	-0.2099	0.9777	-2.4286	6.3839	-26.8122	0.0	7	1.0	0.0		5787	0	0
1701731891002	t	trainstation_test_cue_bowling_alley_right	0.0	0	0	5.2105	647.424	592.8	1.0	4.7332	638.064	599.6800000000001	1.0	-0.0039	-0.2102	0.9776	-2.5068	6.3836	-26.8099	0.0	7	1.0	0.0		5787	0	0
1701731891011	t	trainstation_test_cue_bowling_alley_right	0.0	0	0	5.196	647.568	592.8	1.0	4.7402	637.7760000000001	599.04	1.0	-0.0035	-0.2092	0.9779	-2.5281	6.3835	-26.8097	0.0	7	1.0	0.0		5787	0	0
1701731891019	t	trainstation_test_cue_bowling_alley_right	0.0	0	0	5.2104	647.568	592.8	1.0	4.7405	638.064	599.04	1.0	-0.0038	-0.2094	0.9778	-2.5659	6.3832	-26.8047	0.0	7	1.0	0.0		5787	0	0
1701731891027	t	trainstation_test_cue_bowling_alley_right	0.0	0	0	5.2107	647.856	592.8	1.0	4.7489	638.208	599.04	1.0	-0.0043	-0.2095	0.9778	-2.5784	6.3831	-26.8002	0.0	7	1.0	0.0		5787	0	0
1701731891036	t	trainstation_test_cue_bowling_alley_right	0.0	0	0	5.1964	648.288	592.8	1.0	4.7549	638.208	599.04	1.0	-0.0055	-0.2104	0.9776	-1.3859	6.3867	-26.8013	0.0	7	1.0	0.0		5787	0	0
1701731891044	t	trainstation_test_cue_bowling_alley_right	0.0	0	0	5.1965	648.288	592.8	1.0	4.7561	638.3520000000001	599.04	1.0	-0.0056	-0.2107	0.9775	-1.1909	6.3874	-26.7991	0.0	7	1.0	0.0		5787	0	0
1701731891052	t	trainstation_test_cue_bowling_alley_right	0.0	0	0	5.1962	648.576	592.8	1.0	4.7613	638.3520000000001	599.04	1.0	-0.0058	-0.211	0.9775	-1.1825	6.387	-26.7947	0.0	7	1.0	0.0		5787	0	0
1701731891061	t	trainstation_test_cue_bowling_alley_right	0.0	0	0	5.1823	648.288	592.8	1.0	4.7612	638.208	599.04	1.0	-0.0051	-0.211	0.9775	-1.2304	6.3869	-26.7933	0.0	7	1.0	0.0		5787	0	0
1701731891069	t	trainstation_test_cue_bowling_alley_right	0.0	0	0	5.1825	648.288	593.44	1.0	4.7613	638.208	599.04	1.0	-0.0049	-0.2115	0.9774	-1.4587	6.3854	-26.7908	0.0	7	1.0	0.0		5787	0	0
1701731891077	t	trainstation_test_cue_bowling_alley_right	0.0	0	0	5.1791	648.576	593.44	1.0	4.7613	638.208	599.04	1.0	-0.0053	-0.2112	0.9774	-1.7556	6.3841	-26.7894	0.0	7	1.0	0.0		5787	0	0
1701731891086	t	trainstation_test_cue_bowling_alley_right	0.0	0	0	5.1826	648.576	593.12	1.0	4.7614	638.208	599.04	1.0	-0.0051	-0.2105	0.9776	-2.1766	6.3823	-26.7867	0.0	7	1.0	0.0		5787	0	0
1701731891094	t	trainstation_test_cue_bowling_alley_right	0.0	0	0	5.1829	648.576	593.12	1.0	4.7625	638.208	599.04	1.0	-0.005	-0.21	0.9777	-2.4667	6.3795	-26.7835	0.0	7	1.0	0.0		5787	0	0
1701731891102	t	trainstation_test_cue_bowling_alley_right	0.0	0	0	5.183	648.576	593.44	1.0	4.7704	638.208	599.04	1.0	-0.0051	-0.2103	0.9776	-2.6417	6.3788	-26.7831	0.0	7	1.0	0.0		5787	0	0
1701731891110	t	trainstation_test_cue_bowling_alley_right	0.0	0	0	5.1793	648.576	593.44	1.0	4.7702	638.064	600.0	1.0	-0.0045	-0.2119	0.9773	-2.759	6.3781	-26.7826	0.0	7	1.0	0.0		5787	0	0
1701731891119	t	trainstation_test_cue_bowling_alley_right	0.0	0	0	5.1796	648.576	593.44	1.0	4.7621	638.064	600.3199999999999	1.0	-0.0047	-0.2126	0.9771	-2.6957	6.3778	-26.7844	0.0	7	1.0	0.0		5787	0	0
1701731891127	t	trainstation_test_cue_bowling_alley_right	0.0	0	0	5.1824	648.288	593.6	1.0	4.77	638.064	600.48	1.0	-0.0044	-0.213	0.977	-2.539	6.3775	-26.785	0.0	7	1.0	0.0		5787	200	MYKEYWORD 200
