Recording timestamp	type	Scene Name	scene_num	order	djv_reported	PupilDiam_Left	Gaze2d_Left.x	Gaze2d_Left.y	left_eye_openness	PupilDiam_Right	Gaze2d_Right.x	Gaze2d_Right.y	right_eye_openness	gaze_direction_x	gaze_direction_y	gaze_direction_z	gaze_origin_x	gaze_origin_y	gaze_origin_z	gaze_convergence_distance	participant	study_status	scene_familiarity	recall_status	Identifier	Event value	Event message
1701969691664	t	pond_test_cue_sauna_right	0.0	0	0	4.8852	829.8720000000001	784.48	0.9369	3.8032	874.512	848.64	0.6278	-0.2925	-0.2474	0.9237	14.1245	2.3628	-25.9041	0.0	16	1.0	0.0		5701	100	MYKEYWORD 100
1701969691673	t	pond_test_cue_sauna_right	0.0	0	0	4.8852	824.2560000000001	788.0	0.9695	3.9395	868.3199999999999	842.8800000000001	0.6737	-0.2893	-0.2514	0.9236	13.7266	2.355	-25.8754	0.0	16	1.0	0.0		5701	0	0
1701969691681	t	pond_test_cue_sauna_right	0.0	0	0	4.8202	819.504	787.84	0.9695	3.6925	861.696	848.48	0.6737	-0.2791	-0.2582	0.9249	12.4113	2.3323	-25.8454	0.0	16	1.0	0.0		5701	0	0
1701969691689	t	pond_test_cue_sauna_right	0.0	0	0	4.9165	810.4319999999999	790.08	1.0	3.742	854.784	849.6	0.6938	-0.2625	-0.2623	0.9286	11.5468	2.292	-25.8114	0.0	16	1.0	0.0		5701	0	0
1701969691697	t	pond_test_cue_sauna_right	0.0	0	0	4.8321	805.104	789.9200000000001	1.0	3.792	842.8320000000001	850.7199999999999	0.6938	-0.2477	-0.2671	0.9313	10.5061	2.2818	-25.7766	0.0	16	1.0	0.0		5701	0	0
1701969691705	t	pond_test_cue_sauna_right	0.0	0	0	4.9027	798.9119999999999	790.4	0.997	3.586	834.336	846.4000000000001	0.7372	-0.2381	-0.2642	0.9346	10.1521	2.2687	-25.7613	0.0	16	1.0	0.0		5701	0	0
1701969691714	t	pond_test_cue_sauna_right	0.0	0	0	4.8949	792.288	792.16	0.997	3.7784	829.584	846.24	0.7372	-0.2294	-0.2667	0.9361	10.6196	2.2653	-25.7577	0.0	16	1.0	0.0		5701	0	0
1701969691722	t	pond_test_cue_sauna_right	0.0	0	0	4.8686	784.9440000000001	793.92	1.0	3.752	824.688	846.4000000000001	0.7432	-0.22	-0.273	0.9365	11.3152	2.2861	-25.7489	0.0	16	1.0	0.0		5701	0	0
1701969691730	t	pond_test_cue_sauna_right	0.0	0	0	4.9637	777.3119999999999	794.24	1.0	3.7762	813.5999999999999	852.16	0.7432	-0.2085	-0.2822	0.9364	9.9696	2.2643	-25.7147	0.0	16	1.0	0.0		5701	0	0
1701969691739	t	pond_test_cue_sauna_right	0.0	0	0	4.9527	769.824	794.56	0.9849	3.7104	801.7919999999999	852.3199999999999	0.7538	-0.1896	-0.2846	0.9397	9.4548	2.2522	-25.6908	0.0	16	1.0	0.0		5701	0	0
1701969691747	t	pond_test_cue_sauna_right	0.0	0	0	4.7765	759.8879999999999	794.88	0.9849	3.7254	791.424	850.56	0.7538	-0.1676	-0.2817	0.9447	11.3519	2.2677	-25.7157	0.0	16	1.0	0.0		5701	0	0
1701969691755	t	pond_test_cue_sauna_right	0.0	0	0	4.8186	760.608	794.7199999999999	0.9939	3.8524	794.448	852.4800000000001	0.7755	-0.1697	-0.2861	0.943	10.6655	2.2747	-25.702	0.0	16	1.0	0.0		5701	0	0
1701969691765	t	pond_test_cue_sauna_right	0.0	0	0	5.0372	777.888	781.76	0.994	3.3946	802.8	844.16	0.7768	-0.1893	-0.2681	0.9446	9.3092	2.3506	-25.6708	0.0	16	1.0	0.0		5701	0	0
1701969691772	t	pond_test_cue_sauna_right	0.0	0	0	4.9156	800.928	772.64	0.9948	3.7501	841.968	829.4399999999999	0.779	-0.243	-0.2453	0.9385	7.1316	2.4235	-25.6999	0.0	16	1.0	0.0		5701	0	0
1701969691780	t	pond_test_cue_sauna_right	0.0	0	0	4.9906	831.1680000000001	755.36	0.9948	4.2086	877.1039999999999	803.2	0.779	-0.3042	-0.2039	0.9305	9.5344	2.6493	-25.7922	0.0	16	1.0	0.0		5701	0	0
1701969691789	t	pond_test_cue_sauna_right	0.0	0	0	5.0332	855.5039999999999	741.76	1.0	4.3553	902.592	789.44	0.7087	-0.3503	-0.1767	0.9198	15.3464	2.867	-25.9105	0.0	16	1.0	0.0		5701	0	0
1701969691797	t	pond_test_cue_sauna_right	0.0	0	0	5.1303	870.912	730.72	1.0	4.2377	904.32	790.24	0.7087	-0.3587	-0.1632	0.9191	21.2946	3.0504	-25.9852	0.0	16	1.0	0.0		5701	0	0
1701969691805	t	pond_test_cue_sauna_right	0.0	0	0	5.128	870.336	729.44	1.0	4.2876	899.2800000000001	784.8	0.6355	-0.3614	-0.1605	0.9185	24.0012	3.1134	-26.0031	0.0	16	1.0	0.0		5701	0	0
1701969691814	t	pond_test_cue_sauna_right	0.0	0	0	5.0832	858.816	731.2	1.0	4.1927	891.6479999999999	788.32	0.6355	-0.3401	-0.1713	0.9246	24.9499	3.1323	-25.9608	0.0	16	1.0	0.0		5701	0	0
1701969691822	t	pond_test_cue_sauna_right	0.0	0	0	4.9906	847.296	734.0799999999999	1.0	4.0787	883.1519999999999	791.6800000000001	0.6138	-0.3236	-0.1783	0.9292	23.4483	3.0765	-25.9143	0.0	16	1.0	0.0		5701	0	0
1701969691830	t	pond_test_cue_sauna_right	0.0	0	0	5.088	836.352	735.52	1.0	4.1794	871.4879999999999	789.76	0.6138	-0.3096	-0.1734	0.9349	17.6014	2.9163	-25.8413	0.0	16	1.0	0.0		5701	0	0
1701969691839	t	pond_test_cue_sauna_right	0.0	0	0	4.9916	825.552	738.4000000000001	1.0	4.1785	862.4159999999999	794.7199999999999	0.6885	-0.2905	-0.1831	0.9392	11.2735	2.7882	-25.7549	0.0	16	1.0	0.0		5701	0	0
1701969691847	t	pond_test_cue_sauna_right	0.0	0	0	4.9656	814.032	740.16	1.0	4.1436	851.4720000000001	798.08	0.6885	-0.2732	-0.1893	0.9431	6.9699	2.6883	-25.6859	0.0	16	1.0	0.0		5701	0	0
1701969691855	t	pond_test_cue_sauna_right	0.0	0	0	4.9952	806.256	741.92	1.0	4.1377	843.408	798.24	0.7226	-0.2627	-0.1922	0.9455	7.557	2.6834	-25.6723	0.0	16	1.0	0.0		5701	0	0
1701969691864	t	pond_test_cue_sauna_right	0.0	0	0	5.0	793.2959999999999	741.12	1.0	3.74	827.9999999999999	799.84	0.7226	-0.2306	-0.1929	0.9537	13.1295	2.7685	-25.7345	0.0	16	1.0	0.0		5701	0	0
1701969691872	t	pond_test_cue_sauna_right	0.0	0	0	4.8669	782.784	746.72	1.0	3.8323	822.096	799.04	0.747	-0.2139	-0.2039	0.9553	15.7859	2.8022	-25.7541	0.0	16	1.0	0.0		5701	0	0
1701969691880	t	pond_test_cue_sauna_right	0.0	0	0	5.0488	776.88	742.72	1.0	3.7825	808.56	799.52	0.747	-0.2104	-0.1979	0.9574	17.9589	2.843	-25.7401	0.0	16	1.0	0.0		5701	0	0
1701969691889	t	pond_test_cue_sauna_right	0.0	0	0	4.9751	765.36	745.4399999999999	1.0	3.8324	798.7679999999999	800.16	0.7978	-0.1904	-0.2016	0.9608	16.5357	2.7669	-25.6384	0.0	16	1.0	0.0		5701	0	0
1701969691897	t	pond_test_cue_sauna_right	0.0	0	0	4.8955	753.8399999999999	741.12	1.0	4.0035	795.456	799.52	0.7989	-0.178	-0.1906	0.9654	7.7409	2.5851	-25.505	0.0	16	1.0	0.0		5701	0	0
1701969691905	t	pond_test_cue_sauna_right	0.0	0	0	4.9429	746.064	744.16	1.0	3.9969	784.8000000000001	802.5600000000001	0.8421	-0.1688	-0.1989	0.9654	1.8821	2.4754	-25.4777	0.0	16	1.0	0.0		5701	0	0
1701969691914	t	pond_test_cue_sauna_right	0.0	0	0	4.9542	738.288	744.48	1.0	3.8899	773.712	804.1600000000001	0.8421	-0.1516	-0.2011	0.9678	-8.4275	2.2548	-25.3128	0.0	16	1.0	0.0		5701	0	0
1701969691922	t	pond_test_cue_sauna_right	0.0	0	0	4.8812	729.648	747.36	1.0	3.927	761.328	807.84	0.8558	-0.1339	-0.2128	0.9679	-12.9256	2.1841	-25.327	0.0	16	1.0	0.0		5701	0	0
1701969691931	t	pond_test_cue_sauna_right	0.0	0	0	4.9048	721.728	746.72	1.0	3.9349	757.872	809.2800000000001	0.8558	-0.1292	-0.2136	0.9683	-14.462	2.1315	-25.273	0.0	16	1.0	0.0		5701	0	0
1701969691939	t	pond_test_cue_sauna_right	0.0	0	0	4.8714	712.6560000000001	749.4399999999999	1.0	3.9465	748.368	810.5600000000001	0.8859	-0.1098	-0.2197	0.9693	-28.7856	1.8383	-25.0632	0.0	16	1.0	0.0		5701	0	0
1701969691947	t	pond_test_cue_sauna_right	0.0	0	0	4.8627	704.88	750.24	1.0	3.9706	743.76	810.3999999999999	0.8859	-0.1055	-0.2155	0.9708	-31.1241	1.7534	-24.9907	0.0	16	1.0	0.0		5701	0	0
1701969691956	t	pond_test_cue_sauna_right	0.0	0	0	4.7963	698.112	749.92	1.0	3.9869	736.56	810.5600000000001	1.0	-0.0914	-0.2162	0.972	-31.2529	1.7492	-24.9858	0.0	16	1.0	0.0		5701	0	0
1701969691964	t	pond_test_cue_sauna_right	0.0	0	0	4.8106	693.792	751.1999999999999	1.0	3.9044	730.8	815.84	1.0	-0.0808	-0.2314	0.9695	-31.2093	1.7397	-24.9957	0.0	16	1.0	0.0		5701	0	0
1701969691972	t	pond_test_cue_sauna_right	0.0	0	0	4.8407	685.152	750.88	1.0	3.8948	723.5999999999999	817.92	1.0	-0.0659	-0.2311	0.9707	-31.1444	1.6869	-24.9703	0.0	16	1.0	0.0		5701	0	0
1701969691981	t	pond_test_cue_sauna_right	0.0	0	0	4.7394	679.104	751.68	1.0	4.0326	715.68	815.6800000000001	1.0	-0.0484	-0.2237	0.9734	-31.0763	1.6916	-25.0092	0.0	16	1.0	0.0		5701	0	0
1701969691989	t	pond_test_cue_sauna_right	0.0	0	0	4.7385	672.336	753.28	1.0	3.8793	710.64	817.6	1.0	-0.0493	-0.2203	0.9742	-30.965	1.6242	-24.9806	0.0	16	1.0	0.0		5701	0	0
1701969691997	t	pond_test_cue_sauna_right	0.0	0	0	4.7031	663.984	754.4	1.0	3.8459	703.7280000000001	819.52	1.0	-0.035	-0.2313	0.9723	-30.8523	1.6738	-25.0574	0.0	16	1.0	0.0		5701	0	0
1701969692005	t	pond_test_cue_sauna_right	0.0	0	0	4.7034	656.4960000000001	754.24	0.9876	3.9129	697.1039999999999	816.48	0.9363	-0.0165	-0.2226	0.9748	-30.4133	1.7542	-25.3189	0.0	16	1.0	0.0		5701	0	0
1701969692014	t	pond_test_cue_sauna_right	0.0	0	0	4.6896	650.304	754.88	0.9876	3.8061	692.0640000000001	817.1200000000001	0.9363	-0.0036	-0.228	0.9736	-17.2736	2.1129	-25.7632	0.0	16	1.0	0.0		5701	0	0
1701969692022	t	pond_test_cue_sauna_right	0.0	0	0	4.6797	645.408	752.96	0.9665	3.6914	685.2959999999999	818.8800000000001	0.9524	0.0096	-0.2286	0.9735	12.2251	2.7112	-26.081	0.0	16	1.0	0.0		5701	0	0
1701969692030	t	pond_test_cue_sauna_right	0.0	0	0	4.657	639.36	753.28	0.9668	3.8245	678.384	820.64	0.9527	0.0202	-0.23	0.973	29.3865	3.0535	-26.2106	0.0	16	1.0	0.0		5701	0	0
1701969692039	t	pond_test_cue_sauna_right	0.0	0	0	4.6823	633.6	753.5999999999999	0.9404	3.5688	671.76	820.1599999999999	0.9688	0.0298	-0.2307	0.9726	33.9081	3.1388	-26.2308	0.0	16	1.0	0.0		5701	0	0
1701969692047	t	pond_test_cue_sauna_right	0.0	0	0	4.6011	635.904	753.12	0.9404	3.7991	676.368	818.8800000000001	0.9688	0.03	-0.2321	0.9722	34.0197	3.1622	-26.2376	0.0	16	1.0	0.0		5701	0	0
1701969692055	t	pond_test_cue_sauna_right	0.0	0	0	4.7215	656.4960000000001	749.6	1.0	3.8466	700.56	814.08	1.0	-0.004	-0.2259	0.9741	33.7954	3.2388	-26.417	0.0	16	1.0	0.0		5701	0	0
1701969692064	t	pond_test_cue_sauna_right	0.0	0	0	4.6985	687.744	748.1600000000001	1.0	3.8791	732.096	810.0799999999999	1.0	-0.0519	-0.2276	0.9724	33.4351	3.4231	-26.9618	0.0	16	1.0	0.0		5701	0	0
1701969692072	t	pond_test_cue_sauna_right	0.0	0	0	4.7375	721.008	739.2	0.9737	3.817	759.168	801.12	0.944	-0.107	-0.2125	0.9713	33.0552	3.2539	-25.9793	0.0	16	1.0	0.0		5701	0	0
1701969692080	t	pond_test_cue_sauna_right	0.0	0	0	4.856	747.072	732.8000000000001	0.9737	3.6804	780.1919999999999	793.12	0.944	-0.1486	-0.2027	0.9679	32.6962	3.3122	-25.9323	0.0	16	1.0	0.0		5701	0	0
1701969692089	t	pond_test_cue_sauna_right	0.0	0	0	4.8001	763.92	725.76	1.0	3.622	789.264	786.24	1.0	-0.1762	-0.1857	0.9667	32.5362	3.3704	-26.0332	0.0	16	1.0	0.0		5701	0	0
1701969692097	t	pond_test_cue_sauna_right	0.0	0	0	4.7415	761.904	725.28	1.0	3.8839	788.544	788.0	1.0	-0.1769	-0.184	0.9669	32.6211	3.4111	-26.1982	0.0	16	1.0	0.0		5701	0	0
1701969692106	t	pond_test_cue_sauna_right	0.0	0	0	4.828	756.288	724.3199999999999	1.0	3.7661	785.808	786.72	1.0	-0.1707	-0.1846	0.9679	32.6487	3.365	-25.9365	0.0	16	1.0	0.0		5701	0	0
1701969692115	t	pond_test_cue_sauna_right	0.0	0	0	4.8335	750.24	723.36	1.0	3.7701	775.872	787.2	1.0	-0.167	-0.1799	0.9694	31.8329	3.3023	-25.8104	0.0	16	1.0	0.0		5701	0	0
1701969692123	t	pond_test_cue_sauna_right	0.0	0	0	4.7186	743.328	724.0	1.0	3.7239	771.5520000000001	789.6	1.0	-0.1488	-0.1779	0.9727	-22.6783	2.1806	-25.3381	0.0	16	1.0	0.0		5701	0	0
1701969692131	t	pond_test_cue_sauna_right	0.0	0	0	4.8763	738.576	723.84	1.0	3.6667	766.224	788.9599999999999	1.0	-0.1378	-0.1759	0.9747	-31.5968	2.0022	-25.2761	0.0	16	1.0	0.0		5701	0	0
1701969692139	t	pond_test_cue_sauna_right	0.0	0	0	4.7268	732.3840000000001	725.28	1.0	3.8026	766.224	790.4	1.0	-0.1441	-0.1786	0.9733	-31.5692	1.9939	-25.2725	0.0	16	1.0	0.0		5701	0	0
1701969692148	t	pond_test_cue_sauna_right	0.0	0	0	4.6806	728.928	727.84	1.0	3.6725	763.2	789.9200000000001	1.0	-0.1406	-0.1751	0.9745	-31.2901	1.9807	-25.2663	0.0	16	1.0	0.0		5701	0	0
1701969692156	t	pond_test_cue_sauna_right	0.0	0	0	4.6389	724.752	727.84	1.0	3.7128	760.032	792.9599999999999	1.0	-0.1297	-0.1826	0.9746	-31.1901	1.9686	-25.2767	0.0	16	1.0	0.0		5701	0	0
1701969692164	t	pond_test_cue_sauna_right	0.0	0	0	4.7306	722.88	728.3199999999999	1.0	3.8205	757.44	795.04	1.0	-0.1244	-0.1887	0.9741	-31.0126	1.9663	-25.2665	0.0	16	1.0	0.0		5701	0	0
1701969692172	t	pond_test_cue_sauna_right	0.0	0	0	4.6832	718.704	728.96	1.0	3.9009	756.8639999999999	793.12	1.0	-0.1248	-0.181	0.9755	-30.532	1.9681	-25.2717	0.0	16	1.0	0.0		5701	0	0
1701969692181	t	pond_test_cue_sauna_right	0.0	0	0	4.6809	716.976	727.36	1.0	3.8624	754.848	794.7199999999999	1.0	-0.1199	-0.1896	0.9745	-28.9185	2.0182	-25.2712	0.0	16	1.0	0.0		5701	0	0
1701969692189	t	pond_test_cue_sauna_right	0.0	0	0	4.7251	715.824	728.8000000000001	1.0	3.8864	750.9599999999999	794.56	1.0	-0.1087	-0.1897	0.9758	-26.9748	2.0475	-25.2626	0.0	16	1.0	0.0		5701	0	0
1701969692197	t	pond_test_cue_sauna_right	0.0	0	0	4.6779	711.36	730.24	1.0	3.8888	750.384	795.6800000000001	1.0	-0.1084	-0.1937	0.975	-25.2746	2.084	-25.2746	0.0	16	1.0	0.0		5701	0	0
1701969692206	t	pond_test_cue_sauna_right	0.0	0	0	4.7416	710.784	729.76	1.0	3.9025	748.368	795.04	1.0	-0.1034	-0.19	0.9763	-25.6302	2.068	-25.281	0.0	16	1.0	0.0		5701	0	0
1701969692214	t	pond_test_cue_sauna_right	0.0	0	0	4.7741	710.2080000000001	730.72	1.0	3.8901	747.648	797.44	1.0	-0.0992	-0.1944	0.9759	-19.4195	2.1739	-25.3246	0.0	16	1.0	0.0		5701	0	0
1701969692222	t	pond_test_cue_sauna_right	0.0	0	0	4.7463	707.472	730.5600000000001	1.0	3.7958	745.1999999999999	795.52	1.0	-0.093	-0.1898	0.9774	-9.7978	2.3648	-25.4093	0.0	16	1.0	0.0		5701	0	0
1701969692231	t	pond_test_cue_sauna_right	0.0	0	0	4.7722	706.3199999999999	732.3199999999999	1.0	3.8184	742.8960000000001	795.84	1.0	-0.0905	-0.1932	0.977	-28.9125	2.0039	-25.2731	0.0	16	1.0	0.0		5701	0	0
1701969692239	t	pond_test_cue_sauna_right	0.0	0	0	4.6965	704.016	732.16	1.0	3.8569	741.456	794.56	1.0	-0.0856	-0.1898	0.9781	-31.2261	1.9574	-25.2278	0.0	16	1.0	0.0		5701	0	0
1701969692247	t	pond_test_cue_sauna_right	0.0	0	0	4.8235	704.736	732.96	1.0	3.7892	741.888	794.88	1.0	-0.0843	-0.1932	0.9775	-31.4102	1.9648	-25.2196	0.0	16	1.0	0.0		5701	0	0
1701969692256	t	pond_test_cue_sauna_right	0.0	0	0	4.7362	716.4	721.28	1.0	3.7393	754.992	785.9200000000001	1.0	-0.1088	-0.1757	0.9784	-31.5494	2.0346	-25.2234	0.0	16	1.0	0.0		5701	0	0
1701969692264	t	pond_test_cue_sauna_right	0.0	0	0	4.8868	740.592	706.4	1.0	3.8819	776.592	767.6800000000001	1.0	-0.1503	-0.1427	0.9783	-31.764	2.2134	-25.2718	0.0	16	1.0	0.0		5701	0	0
1701969692273	t	pond_test_cue_sauna_right	0.0	0	0	4.9268	766.656	685.76	1.0	3.6508	797.7600000000001	751.8399999999999	1.0	-0.1894	-0.1225	0.9742	-31.9928	2.4124	-25.3072	0.0	16	1.0	0.0		5701	0	0
1701969692281	t	pond_test_cue_sauna_right	0.0	0	0	4.9437	791.712	664.0	1.0	3.7328	820.08	737.4399999999999	1.0	-0.2339	-0.0943	0.9677	-32.2041	2.5572	-25.3755	0.0	16	1.0	0.0		5701	0	0
1701969692289	t	pond_test_cue_sauna_right	0.0	0	0	4.9538	810.288	651.1999999999999	1.0	3.8792	833.328	717.12	1.0	-0.2606	-0.0428	0.9645	-32.3256	2.6711	-25.4428	0.0	16	1.0	0.0		5701	0	0
1701969692298	t	pond_test_cue_sauna_right	0.0	0	0	4.9409	816.192	647.36	1.0	4.0154	842.544	708.48	1.0	-0.2848	-0.0138	0.9585	-32.3695	2.6922	-25.4902	0.0	16	1.0	0.0		5701	0	0
1701969692306	t	pond_test_cue_sauna_right	0.0	0	0	4.8761	812.4480000000001	652.48	1.0	3.537	832.4639999999999	736.8000000000001	1.0	-0.2463	-0.1039	0.9636	-32.3795	2.6333	-25.3884	0.0	16	1.0	0.0		5701	0	0
1701969692314	t	pond_test_cue_sauna_right	0.0	0	0	4.9574	810.288	653.5999999999999	1.0	3.677	838.2239999999999	720.96	1.0	-0.2676	-0.0434	0.9625	-32.3076	2.6051	-25.4621	0.0	16	1.0	0.0		5701	0	0
1701969692323	t	pond_test_cue_sauna_right	0.0	0	0	4.8822	806.5440000000001	654.5600000000001	1.0	3.7827	834.9119999999999	726.5600000000001	1.0	-0.2569	-0.0557	0.9648	-32.0584	2.5686	-25.4411	0.0	16	1.0	0.0		5701	0	0
1701969692331	t	pond_test_cue_sauna_right	0.0	0	0	4.8407	804.24	655.52	1.0	3.8595	831.0239999999999	725.12	1.0	-0.2443	-0.0492	0.9684	-31.2401	2.5679	-25.4336	0.0	16	1.0	0.0		5701	0	0
1701969692340	t	pond_test_cue_sauna_right	0.0	0	0	4.906	803.088	656.48	1.0	3.8427	832.6080000000001	726.0799999999999	1.0	-0.2507	-0.0514	0.9667	-31.2504	2.5651	-25.4358	0.0	16	1.0	0.0		5701	0	0
1701969692347	t	pond_test_cue_sauna_right	0.0	0	0	4.8919	800.7840000000001	656.96	1.0	3.8499	830.736	726.5600000000001	1.0	-0.2454	-0.0534	0.968	-31.6751	2.5529	-25.425	0.0	16	1.0	0.0		5701	0	0
1701969692355	t	pond_test_cue_sauna_right	0.0	0	0	4.9683	798.48	657.28	1.0	3.8178	828.576	722.88	1.0	-0.2417	-0.0408	0.9695	-31.143	2.5541	-25.4251	0.0	16	1.0	0.0		5701	0	0
1701969692364	t	pond_test_cue_sauna_right	0.0	0	0	4.8134	797.6159999999999	655.04	1.0	3.8222	827.424	729.6	1.0	-0.2427	-0.0615	0.9681	-31.8284	2.5339	-25.4049	0.0	16	1.0	0.0		5701	0	0
1701969692372	t	pond_test_cue_sauna_right	0.0	0	0	4.8609	795.024	657.28	1.0	3.7214	826.2719999999999	725.6	1.0	-0.24	-0.0494	0.9695	-32.1991	2.5287	-25.41	0.0	16	1.0	0.0		5701	0	0
1701969692380	t	pond_test_cue_sauna_right	0.0	0	0	4.905	793.5840000000001	658.08	1.0	3.7465	824.688	723.52	1.0	-0.2333	-0.0446	0.9714	-32.2893	2.5356	-25.407	0.0	16	1.0	0.0		5701	0	0
1701969692389	t	pond_test_cue_sauna_right	0.0	0	0	5.0401	793.1519999999999	658.88	1.0	3.8709	827.856	724.0	1.0	-0.2435	-0.0469	0.9688	-32.3095	2.5489	-25.4161	0.0	16	1.0	0.0		5701	0	0
1701969692397	t	pond_test_cue_sauna_right	0.0	0	0	4.9785	793.2959999999999	658.08	1.0	3.8718	826.1279999999999	720.0	1.0	-0.2363	-0.0345	0.9711	-32.3209	2.5494	-25.4165	0.0	16	1.0	0.0		5701	0	0
1701969692405	t	pond_test_cue_sauna_right	0.0	0	0	4.8149	790.8480000000001	656.64	1.0	3.496	821.952	736.0	1.0	-0.2202	-0.0877	0.9715	-32.3317	2.5303	-25.3605	0.0	16	1.0	0.0		5701	0	0
1701969692414	t	pond_test_cue_sauna_right	0.0	0	0	4.9491	791.712	655.68	1.0	3.9078	823.2479999999999	726.88	1.0	-0.224	-0.0586	0.9728	-32.3329	2.5473	-25.3875	0.0	16	1.0	0.0		5701	0	0
1701969692422	t	pond_test_cue_sauna_right	0.0	0	0	4.9672	790.2719999999999	659.68	1.0	3.8943	823.2479999999999	727.68	1.0	-0.2252	-0.0612	0.9724	-32.3228	2.5503	-25.3878	0.0	16	1.0	0.0		5701	0	0
1701969692430	t	pond_test_cue_sauna_right	0.0	0	0	4.9668	790.416	660.8	1.0	3.8394	822.816	727.68	1.0	-0.2259	-0.0601	0.9723	-32.2994	2.5428	-25.3894	0.0	16	1.0	0.0		5701	0	0
1701969692439	t	pond_test_cue_sauna_right	0.0	0	0	5.077	789.552	662.4	1.0	3.4801	813.4559999999999	739.8399999999999	1.0	-0.1933	-0.1012	0.9759	-32.2849	2.5184	-25.329	0.0	16	1.0	0.0		5701	0	0
1701969692447	t	pond_test_cue_sauna_right	0.0	0	0	4.9146	787.1039999999999	661.28	1.0	3.7791	819.504	728.0	1.0	-0.2148	-0.0622	0.9747	-32.2196	2.54	-25.3751	0.0	16	1.0	0.0		5701	0	0
1701969692455	t	pond_test_cue_sauna_right	0.0	0	0	4.9956	786.24	663.1999999999999	1.0	3.8079	818.2080000000001	730.88	1.0	-0.2122	-0.0743	0.9744	-32.0034	2.5567	-25.3583	0.0	16	1.0	0.0		5701	0	0
1701969692464	t	pond_test_cue_sauna_right	0.0	0	0	5.0832	784.9440000000001	664.1600000000001	1.0	3.8079	817.056	731.04	1.0	-0.21	-0.074	0.9749	-31.6267	2.5549	-25.3476	0.0	16	1.0	0.0		5701	0	0
1701969692472	t	pond_test_cue_sauna_right	0.0	0	0	4.9564	784.6560000000001	663.84	1.0	3.6248	814.032	732.8000000000001	1.0	-0.1998	-0.0798	0.9766	-30.882	2.5546	-25.3187	0.0	16	1.0	0.0		5701	0	0
1701969692480	t	pond_test_cue_sauna_right	0.0	0	0	5.048	783.2160000000001	665.76	1.0	3.7847	816.3359999999999	731.52	1.0	-0.2098	-0.0726	0.975	-27.3407	2.5905	-25.2663	0.0	16	1.0	0.0		5701	0	0
1701969692489	t	pond_test_cue_sauna_right	0.0	0	0	4.9971	782.784	667.84	1.0	3.7731	815.904	731.68	1.0	-0.21	-0.0726	0.975	-25.3583	2.6118	-25.245	0.0	16	1.0	0.0		5701	0	0
1701969692497	t	pond_test_cue_sauna_right	0.0	0	0	5.0594	781.7760000000001	665.4399999999999	1.0	3.7251	811.296	733.12	1.0	-0.1976	-0.0729	0.9776	-21.9978	2.6324	-25.1795	0.0	16	1.0	0.0		5701	0	0
1701969692505	t	pond_test_cue_sauna_right	0.0	0	0	5.135	781.4879999999999	671.3599999999999	1.0	3.6519	809.712	737.76	1.0	-0.1937	-0.0875	0.9771	-23.7423	2.6012	-25.2107	0.0	16	1.0	0.0		5701	0	0
1701969692514	t	pond_test_cue_sauna_right	0.0	0	0	5.0997	779.904	669.76	1.0	3.8458	812.736	738.0799999999999	1.0	-0.2026	-0.0877	0.9753	-26.8493	2.5642	-25.2673	0.0	16	1.0	0.0		5701	0	0
1701969692522	t	pond_test_cue_sauna_right	0.0	0	0	5.109	780.336	671.52	1.0	3.6624	808.56	737.92	1.0	-0.1897	-0.0889	0.9778	-28.7697	2.5339	-25.2815	0.0	16	1.0	0.0		5701	0	0
1701969692530	t	pond_test_cue_sauna_right	0.0	0	0	4.9555	777.456	673.9200000000001	1.0	3.8069	811.296	739.04	1.0	-0.202	-0.0909	0.9751	-27.8856	2.542	-25.273	0.0	16	1.0	0.0		5701	0	0
1701969692539	t	pond_test_cue_sauna_right	0.0	0	0	4.9986	775.872	676.32	1.0	3.6449	807.6959999999999	742.4000000000001	1.0	-0.1919	-0.1019	0.9761	-25.2085	2.5727	-25.2148	0.0	16	1.0	0.0		5701	0	0
1701969692547	t	pond_test_cue_sauna_right	0.0	0	0	5.0124	775.584	674.24	1.0	3.8037	806.6880000000001	743.68	1.0	-0.1909	-0.1025	0.9762	-21.0093	2.6234	-25.1596	0.0	16	1.0	0.0		5701	0	0
1701969692556	t	pond_test_cue_sauna_right	0.0	0	0	5.0173	775.872	675.1999999999999	1.0	3.6947	802.368	740.32	1.0	-0.1821	-0.0934	0.9788	-18.7206	2.6511	-25.1516	0.0	16	1.0	0.0		5701	0	0
1701969692564	t	pond_test_cue_sauna_right	0.0	0	0	5.0383	773.712	678.08	1.0	3.682	801.6479999999999	746.4000000000001	1.0	-0.1838	-0.1075	0.9771	-15.8558	2.6718	-25.0971	0.0	16	1.0	0.0		5701	0	0
1701969692572	t	pond_test_cue_sauna_right	0.0	0	0	5.1026	772.128	678.72	1.0	3.7101	804.096	747.2	1.0	-0.1902	-0.1075	0.9758	-15.2427	2.6719	-25.1045	0.0	16	1.0	0.0		5701	0	0
1701969692580	t	pond_test_cue_sauna_right	0.0	0	0	5.0361	771.696	679.84	1.0	3.7948	803.088	747.52	1.0	-0.1873	-0.1068	0.9765	-16.3366	2.646	-25.1361	0.0	16	1.0	0.0		5701	0	0
1701969692589	t	pond_test_cue_sauna_right	0.0	0	0	5.006	768.96	679.6800000000001	1.0	3.8539	802.6560000000001	747.36	1.0	-0.1848	-0.1034	0.9773	-22.0425	2.5465	-25.2205	0.0	16	1.0	0.0		5701	0	0
1701969692597	t	pond_test_cue_sauna_right	0.0	0	0	5.0632	768.816	680.48	1.0	3.8817	801.072	751.8399999999999	1.0	-0.1829	-0.1154	0.9763	-32.0751	2.3739	-25.3116	0.0	16	1.0	0.0		5701	0	0
1701969692605	t	pond_test_cue_sauna_right	0.0	0	0	5.0977	766.368	682.72	1.0	3.9145	801.9359999999999	750.88	1.0	-0.1882	-0.1085	0.9761	-32.0906	2.357	-25.3191	0.0	16	1.0	0.0		5701	0	0
1701969692613	t	pond_test_cue_sauna_right	0.0	0	0	5.016	768.096	684.0	1.0	3.8047	799.92	753.28	1.0	-0.1821	-0.1154	0.9765	-32.0847	2.3447	-25.3121	0.0	16	1.0	0.0		5701	0	0
1701969692622	t	pond_test_cue_sauna_right	0.0	0	0	5.1278	764.784	682.4	1.0	3.943	802.944	751.8399999999999	1.0	-0.1921	-0.1091	0.9753	-32.0885	2.3454	-25.3241	0.0	16	1.0	0.0		5701	0	0
1701969692630	t	pond_test_cue_sauna_right	0.0	0	0	5.1778	764.928	687.04	1.0	3.7892	797.04	760.32	1.0	-0.1756	-0.1387	0.9746	-32.0591	2.3444	-25.3033	0.0	16	1.0	0.0		5701	0	0
1701969692639	t	pond_test_cue_sauna_right	0.0	0	0	5.1197	757.728	691.52	1.0	3.8572	786.816	760.48	1.0	-0.1673	-0.1317	0.9771	-31.8938	2.2943	-25.2886	0.0	16	1.0	0.0		5701	0	0
1701969692647	t	pond_test_cue_sauna_right	0.0	0	0	5.0708	745.9200000000001	698.7199999999999	1.0	3.999	772.272	764.1600000000001	1.0	-0.1426	-0.1367	0.9803	-31.7272	2.2394	-25.2599	0.0	16	1.0	0.0		5701	0	0
1701969692655	t	pond_test_cue_sauna_right	0.0	0	0	5.0468	738.432	704.48	1.0	4.0835	762.7679999999999	770.24	1.0	-0.1294	-0.1494	0.9803	-31.6014	2.1988	-25.2595	0.0	16	1.0	0.0		5701	0	0
1701969692664	t	pond_test_cue_sauna_right	0.0	0	0	5.0632	736.7040000000001	705.12	1.0	4.0716	763.056	771.04	1.0	-0.1323	-0.149	0.9799	-31.59	2.1725	-25.2298	0.0	16	1.0	0.0		5701	0	0
1701969692672	t	pond_test_cue_sauna_right	0.0	0	0	5.0941	735.696	705.44	1.0	4.0345	764.64	768.1600000000001	1.0	-0.1337	-0.1413	0.9809	-31.6151	2.1823	-25.2324	0.0	16	1.0	0.0		5701	0	0
1701969692680	t	pond_test_cue_sauna_right	0.0	0	0	5.0087	736.7040000000001	705.6	1.0	4.0533	764.4960000000001	770.4	1.0	-0.1333	-0.1477	0.98	-31.6158	2.1774	-25.2313	0.0	16	1.0	0.0		5701	0	0
1701969692689	t	pond_test_cue_sauna_right	0.0	0	0	5.1114	735.984	703.84	1.0	4.1029	765.936	768.48	1.0	-0.1386	-0.1404	0.9803	-31.6139	2.1747	-25.2386	0.0	16	1.0	0.0		5701	0	0
1701969692698	t	pond_test_cue_sauna_right	0.0	0	0	5.0926	734.544	704.96	1.0	4.0342	764.208	771.3599999999999	1.0	-0.1326	-0.1494	0.9798	-31.6077	2.1713	-25.2381	0.0	16	1.0	0.0		5701	0	0
1701969692706	t	pond_test_cue_sauna_right	0.0	0	0	5.1104	736.1279999999999	706.88	1.0	3.9835	763.344	769.4399999999999	1.0	-0.129	-0.1424	0.9814	-30.7668	2.1787	-25.2406	0.0	16	1.0	0.0		5701	0	0
1701969692714	t	pond_test_cue_sauna_right	0.0	0	0	5.1108	735.2640000000001	705.6	1.0	4.0381	764.3520000000001	771.6800000000001	1.0	-0.1308	-0.1476	0.9804	-27.2569	2.2206	-25.1983	0.0	16	1.0	0.0		5701	0	0
1701969692722	t	pond_test_cue_sauna_right	0.0	0	0	5.068	736.1279999999999	705.92	1.0	4.132	764.4960000000001	771.04	1.0	-0.1309	-0.1447	0.9808	-16.9211	2.3646	-25.0731	0.0	16	1.0	0.0		5701	0	0
1701969692731	t	pond_test_cue_sauna_right	0.0	0	0	5.0944	736.56	707.2	1.0	4.1071	765.5039999999999	772.32	1.0	-0.1336	-0.1475	0.98	-8.9716	2.4718	-24.9704	0.0	16	1.0	0.0		5701	0	0
1701969692739	t	pond_test_cue_sauna_right	0.0	0	0	5.1193	736.7040000000001	708.0	1.0	4.0165	764.64	771.6800000000001	1.0	-0.1309	-0.1473	0.9804	-9.4412	2.4636	-24.9712	0.0	16	1.0	0.0		5701	0	0
1701969692747	t	pond_test_cue_sauna_right	0.0	0	0	5.1196	736.8480000000001	708.0	1.0	3.9485	767.088	772.32	1.0	-0.1357	-0.1482	0.9796	-9.2654	2.4658	-24.976	0.0	16	1.0	0.0		5701	0	0
1701969692756	t	pond_test_cue_sauna_right	0.0	0	0	5.12	736.9920000000001	708.16	1.0	4.2377	767.664	772.48	1.0	-0.1358	-0.1486	0.9795	-9.1461	2.4705	-24.9728	0.0	16	1.0	0.0		5701	0	0
1701969692764	t	pond_test_cue_sauna_right	0.0	0	0	5.1339	736.9920000000001	708.0	1.0	4.0519	768.816	771.1999999999999	1.0	-0.1383	-0.1465	0.9795	-9.5151	2.4677	-24.9794	0.0	16	1.0	0.0		5701	0	0
1701969692772	t	pond_test_cue_sauna_right	0.0	0	0	5.1198	737.1360000000001	708.16	1.0	4.0995	769.68	770.4	1.0	-0.1387	-0.1459	0.9795	-5.5128	2.5295	-24.9302	0.0	16	1.0	0.0		5701	0	0
1701969692781	t	pond_test_cue_sauna_right	0.0	0	0	5.1342	737.424	708.3199999999999	1.0	4.1785	770.976	772.9599999999999	1.0	-0.1401	-0.1511	0.9785	-1.7632	2.5836	-24.8797	0.0	16	1.0	0.0		5701	0	0
1701969692789	t	pond_test_cue_sauna_right	0.0	0	0	5.1202	737.712	708.48	1.0	4.0056	771.4079999999999	772.16	1.0	-0.1402	-0.1499	0.9787	0.064	2.6067	-24.8615	0.0	16	1.0	0.0		5701	0	0
1701969692797	t	pond_test_cue_sauna_right	0.0	0	0	5.1339	738.1439999999999	708.96	1.0	4.0914	772.272	773.76	1.0	-0.1404	-0.152	0.9783	-0.0788	2.6	-24.8658	0.0	16	1.0	0.0		5701	0	0
1701969692806	t	pond_test_cue_sauna_right	0.0	0	0	5.1475	738.432	709.44	1.0	4.0952	772.128	775.04	1.0	-0.1385	-0.1529	0.9785	-0.1797	2.587	-24.8688	0.0	16	1.0	0.0		5701	0	0
1701969692814	t	pond_test_cue_sauna_right	0.0	0	0	5.1406	744.336	711.68	1.0	4.1566	774.576	775.04	1.0	-0.1453	-0.151	0.9778	-3.1813	2.5315	-24.9653	0.0	16	1.0	0.0		5701	0	0
1701969692822	t	pond_test_cue_sauna_right	0.0	0	0	5.3407	746.64	714.4	1.0	4.0907	775.584	774.88	1.0	-0.147	-0.152	0.9774	-10.3955	2.4254	-25.0652	0.0	16	1.0	0.0		5701	0	0
1701969692831	t	pond_test_cue_sauna_right	0.0	0	0	5.3295	746.64	715.36	1.0	4.1847	773.856	777.12	1.0	-0.1383	-0.1555	0.9781	-19.8762	2.2804	-25.1626	0.0	16	1.0	0.0		5701	0	0
1701969692839	t	pond_test_cue_sauna_right	0.0	0	0	5.3495	747.504	716.64	1.0	4.169	775.872	777.6	1.0	-0.1418	-0.1541	0.9778	-28.2533	2.1452	-25.2452	0.0	16	1.0	0.0		5701	0	0
1701969692847	t	pond_test_cue_sauna_right	0.0	0	0	5.2395	746.64	717.28	1.0	4.1268	777.744	779.04	1.0	-0.1476	-0.1565	0.9766	-30.609	2.1009	-25.2605	0.0	16	1.0	0.0		5701	0	0
1701969692855	t	pond_test_cue_sauna_right	0.0	0	0	5.3176	746.352	717.12	1.0	4.1655	776.1600000000001	779.04	1.0	-0.1424	-0.1566	0.9773	-31.3297	2.0859	-25.2581	0.0	16	1.0	0.0		5701	0	0
1701969692864	t	pond_test_cue_sauna_right	0.0	0	0	5.3323	747.072	717.76	1.0	4.2299	779.904	780.32	1.0	-0.1543	-0.1588	0.9752	-31.5053	2.0809	-25.266	0.0	16	1.0	0.0		5701	0	0
1701969692872	t	pond_test_cue_sauna_right	0.0	0	0	5.3372	746.9280000000001	717.76	1.0	4.1825	779.1840000000001	779.84	1.0	-0.1512	-0.1565	0.976	-31.5281	2.0739	-25.2684	0.0	16	1.0	0.0		5701	0	0
1701969692880	t	pond_test_cue_sauna_right	0.0	0	0	5.2948	747.792	718.24	1.0	4.2311	781.056	778.24	1.0	-0.1573	-0.1496	0.9761	-31.4852	2.0701	-25.2833	0.0	16	1.0	0.0		5701	0	0
1701969692889	t	pond_test_cue_sauna_right	0.0	0	0	5.2627	748.2239999999999	718.72	1.0	4.2385	780.912	781.12	1.0	-0.1565	-0.1583	0.9749	-30.8604	2.0764	-25.2799	0.0	16	1.0	0.0		5701	0	0
1701969692897	t	pond_test_cue_sauna_right	0.0	0	0	5.3218	749.232	719.2	1.0	4.1722	780.768	781.76	1.0	-0.1555	-0.1603	0.9747	-29.7414	2.0943	-25.2762	0.0	16	1.0	0.0		5701	0	0
1701969692905	t	pond_test_cue_sauna_right	0.0	0	0	5.293	749.8080000000001	719.68	1.0	4.2435	781.7760000000001	781.44	1.0	-0.1585	-0.1593	0.9744	-28.2165	2.1203	-25.2757	0.0	16	1.0	0.0		5701	0	0
1701969692914	t	pond_test_cue_sauna_right	0.0	0	0	5.3248	750.384	720.16	1.0	4.2346	783.0719999999999	781.44	1.0	-0.1632	-0.1587	0.9737	-25.0408	2.1693	-25.274	0.0	16	1.0	0.0		5701	0	0
1701969692922	t	pond_test_cue_sauna_right	0.0	0	0	5.2955	749.9520000000001	721.12	1.0	4.3069	782.784	783.36	1.0	-0.1613	-0.1639	0.9732	-21.5633	2.2215	-25.2613	0.0	16	1.0	0.0		5701	0	0
1701969692930	t	pond_test_cue_sauna_right	0.0	0	0	5.3252	749.8080000000001	722.24	1.0	4.2644	784.3679999999999	782.88	1.0	-0.1645	-0.1623	0.9729	-17.0447	2.2878	-25.2515	0.0	16	1.0	0.0		5701	0	0
1701969692939	t	pond_test_cue_sauna_right	0.0	0	0	5.3319	749.9520000000001	722.24	1.0	4.272	786.96	782.08	1.0	-0.1706	-0.1593	0.9724	-14.735	2.3206	-25.2506	0.0	16	1.0	0.0		5701	0	0
1701969692948	t	pond_test_cue_sauna_right	0.0	0	0	5.3379	749.8080000000001	722.24	1.0	4.3023	785.0880000000001	784.0	1.0	-0.1637	-0.1641	0.9728	-12.8856	2.3461	-25.2362	0.0	16	1.0	0.0		5701	0	0
1701969692955	t	pond_test_cue_sauna_right	0.0	0	0	5.332	749.9520000000001	722.56	1.0	4.2974	784.2239999999999	786.56	1.0	-0.1595	-0.1699	0.9725	-11.2095	2.3695	-25.2268	0.0	16	1.0	0.0		5701	0	0
1701969692964	t	pond_test_cue_sauna_right	0.0	0	0	5.3383	750.24	722.88	1.0	4.3384	786.24	782.56	1.0	-0.1629	-0.1612	0.9734	-10.0961	2.3886	-25.232	0.0	16	1.0	0.0		5701	0	0
1701969692972	t	pond_test_cue_sauna_right	0.0	0	0	5.338	750.24	723.0400000000001	1.0	4.3176	785.376	783.52	1.0	-0.1591	-0.1638	0.9736	-6.9142	2.4383	-25.2228	0.0	16	1.0	0.0		5701	0	0
1701969692980	t	pond_test_cue_sauna_right	0.0	0	0	5.3382	750.384	723.36	1.0	4.2649	787.5360000000001	787.04	1.0	-0.163	-0.1704	0.9718	-3.9894	2.4843	-25.2185	0.0	16	1.0	0.0		5701	0	0
1701969692989	t	pond_test_cue_sauna_right	0.0	0	0	5.3402	750.384	723.52	1.0	4.2782	788.4	787.84	1.0	-0.1637	-0.1717	0.9714	-1.588	2.5223	-25.2148	0.0	16	1.0	0.0		5701	0	0
1701969692997	t	pond_test_cue_sauna_right	0.0	0	0	5.3423	750.384	723.84	1.0	4.2849	789.552	784.8	1.0	-0.1651	-0.1664	0.9721	-0.4171	2.5401	-25.218	0.0	16	1.0	0.0		5701	0	0
1701969693006	t	pond_test_cue_sauna_right	0.0	0	0	5.3546	750.9599999999999	724.3199999999999	1.0	4.3926	789.9839999999999	784.0	1.0	-0.1663	-0.1653	0.9721	0.0572	2.5455	-25.2202	0.0	16	1.0	0.0		5701	0	0
1701969693014	t	pond_test_cue_sauna_right	0.0	0	0	5.3667	751.5360000000001	724.8000000000001	1.0	4.2419	786.384	785.76	1.0	-0.1601	-0.1691	0.9725	-0.1335	2.5381	-25.2158	0.0	16	1.0	0.0		5701	0	0
1701969693022	t	pond_test_cue_sauna_right	0.0	0	0	5.3684	752.544	725.28	1.0	4.3204	787.5360000000001	784.64	1.0	-0.1624	-0.167	0.9725	-0.2793	2.5332	-25.2194	0.0	16	1.0	0.0		5701	0	0
1701969693031	t	pond_test_cue_sauna_right	0.0	0	0	5.3711	752.8320000000001	725.6	1.0	4.295	788.688	784.0	1.0	-0.1637	-0.1664	0.9724	0.8833	2.5506	-25.2147	0.0	16	1.0	0.0		5701	0	0
1701969693039	t	pond_test_cue_sauna_right	0.0	0	0	5.3785	752.8320000000001	725.92	1.0	4.2696	788.688	784.64	1.0	-0.1633	-0.1674	0.9723	0.898	2.548	-25.2153	0.0	16	1.0	0.0		5701	0	0
1701969693047	t	pond_test_cue_sauna_right	0.0	0	0	5.3917	752.8320000000001	726.24	1.0	4.2947	789.264	785.6	1.0	-0.1639	-0.1693	0.9718	0.7889	2.5456	-25.2153	0.0	16	1.0	0.0		5701	0	0
1701969693056	t	pond_test_cue_sauna_right	0.0	0	0	5.3918	753.6959999999999	726.4	1.0	4.2671	788.688	786.72	1.0	-0.1642	-0.1711	0.9715	0.7524	2.5434	-25.2151	0.0	16	1.0	0.0		5701	0	0
1701969693064	t	pond_test_cue_sauna_right	0.0	0	0	5.3962	754.5600000000001	726.5600000000001	1.0	4.2946	789.1200000000001	785.6	1.0	-0.1663	-0.1694	0.9714	0.8515	2.5441	-25.215	0.0	16	1.0	0.0		5701	0	0
1701969693072	t	pond_test_cue_sauna_right	0.0	0	0	5.3821	754.848	726.4	1.0	4.3045	789.408	785.28	1.0	-0.1672	-0.1649	0.972	-0.4572	2.5072	-25.2383	0.0	16	1.0	0.0		5701	0	0
1701969693080	t	pond_test_cue_sauna_right	0.0	0	0	5.3946	755.136	726.88	1.0	4.3053	789.552	785.9200000000001	1.0	-0.1684	-0.1667	0.9715	1.4539	2.5321	-25.2194	0.0	16	1.0	0.0		5701	0	0
1701969693089	t	pond_test_cue_sauna_right	0.0	0	0	5.4013	754.848	727.52	1.0	4.3061	789.696	786.24	1.0	-0.1683	-0.1679	0.9713	-0.5549	2.501	-25.2202	0.0	16	1.0	0.0		5701	0	0
1701969693097	t	pond_test_cue_sauna_right	0.0	0	0	5.409	755.136	726.88	1.0	4.3053	789.696	786.24	1.0	-0.1688	-0.1672	0.9713	-0.8341	2.4961	-25.2168	0.0	16	1.0	0.0		5701	0	0
1701969693105	t	pond_test_cue_sauna_right	0.0	0	0	5.4464	755.5680000000001	727.0400000000001	1.0	4.304	789.696	786.24	1.0	-0.1692	-0.1676	0.9712	-1.1858	2.4885	-25.2041	0.0	16	1.0	0.0		5701	0	0
1701969693114	t	pond_test_cue_sauna_right	0.0	0	0	5.4644	755.136	727.0400000000001	1.0	4.305	789.696	786.24	1.0	-0.1685	-0.1677	0.9713	-2.6164	2.4649	-25.1955	0.0	16	1.0	0.0		5701	0	0
1701969693122	t	pond_test_cue_sauna_right	0.0	0	0	5.4743	755.5680000000001	727.0400000000001	1.0	4.3038	789.696	786.24	1.0	-0.1689	-0.168	0.9712	-4.9222	2.4303	-25.1952	0.0	16	1.0	0.0		5701	0	0
1701969693131	t	pond_test_cue_sauna_right	0.0	0	0	5.4645	755.424	727.2	1.0	4.2895	789.696	786.08	1.0	-0.1689	-0.1677	0.9713	-6.1333	2.4128	-25.2074	0.0	16	1.0	0.0		5701	0	0
1701969693139	t	pond_test_cue_sauna_right	0.0	0	0	5.4436	752.112	729.12	1.0	4.3691	788.8319999999999	787.5200000000001	1.0	-0.1648	-0.173	0.971	-6.3946	2.4175	-25.2366	0.0	16	1.0	0.0		5701	0	0
1701969693148	t	pond_test_cue_sauna_right	0.0	0	0	5.5034	755.136	726.88	1.0	4.1718	787.2479999999999	786.4	1.0	-0.1676	-0.1679	0.9714	-6.9416	2.4071	-25.2423	0.0	16	1.0	0.0		5701	0	0
1701969693156	t	pond_test_cue_sauna_right	0.0	0	0	5.4732	754.128	724.0	1.0	4.329	787.3919999999999	788.48	1.0	-0.1665	-0.1685	0.9715	-10.4682	2.3604	-25.2978	0.0	16	1.0	0.0		5701	0	0
1701969693164	t	pond_test_cue_sauna_right	0.0	0	0	5.5288	748.944	727.52	1.0	4.4081	783.936	788.0	1.0	-0.1627	-0.1696	0.972	-10.9724	2.3221	-25.2208	0.0	16	1.0	0.0		5701	0	0
1701969693173	t	pond_test_cue_sauna_right	0.0	0	0	5.4165	731.952	732.48	1.0	4.2933	767.088	793.12	1.0	-0.1314	-0.1808	0.9747	-23.154	2.0981	-25.2756	0.0	16	1.0	0.0		5701	0	0
1701969693181	t	pond_test_cue_sauna_right	0.0	0	0	5.4434	713.808	732.64	1.0	4.4646	746.064	793.76	1.0	-0.0938	-0.1808	0.979	-28.5341	1.9692	-25.2093	0.0	16	1.0	0.0		5701	0	0
1701969693189	t	pond_test_cue_sauna_right	0.0	0	0	5.42	688.464	735.68	1.0	4.4637	720.7199999999999	800.6399999999999	1.0	-0.0573	-0.198	0.9785	-31.1123	1.8496	-25.0787	0.0	16	1.0	0.0		5701	0	0
1701969693198	t	pond_test_cue_sauna_right	0.0	0	0	5.4734	665.856	746.88	1.0	4.3424	693.216	809.44	1.0	-0.0014	-0.2117	0.9773	-30.8628	2.1175	-26.4319	0.0	16	1.0	0.0		5701	0	0
1701969693206	t	pond_test_cue_sauna_right	0.0	0	0	5.4297	638.784	756.48	1.0	4.4463	664.7040000000001	820.8000000000001	1.0	0.0463	-0.2282	0.9725	-22.6903	2.1612	-26.5105	0.0	16	1.0	0.0		5701	0	0
1701969693214	t	pond_test_cue_sauna_right	0.0	0	0	5.3955	613.4399999999999	766.08	1.0	4.3294	639.216	828.16	1.0	0.0924	-0.2447	0.9652	8.761	2.4076	-25.6122	0.0	16	1.0	0.0		5701	0	0
1701969693223	t	pond_test_cue_sauna_right	0.0	0	0	5.684	587.232	771.04	1.0	4.4105	609.408	835.68	1.0	0.1382	-0.2526	0.9576	9.9293	2.3179	-25.4481	0.0	16	1.0	0.0		5701	0	0
1701969693231	t	pond_test_cue_sauna_right	0.0	0	0	5.6332	561.888	776.64	1.0	4.4739	583.776	846.24	1.0	0.183	-0.2702	0.9452	12.3753	2.3415	-25.4699	0.0	16	1.0	0.0		5701	0	0
1701969693239	t	pond_test_cue_sauna_right	0.0	0	0	5.5889	540.0	782.08	1.0	4.4693	561.312	852.6400000000001	1.0	0.2261	-0.279	0.9333	13.0109	2.3242	-25.5303	0.0	16	1.0	0.0		5701	0	0
1701969693247	t	pond_test_cue_sauna_right	0.0	0	0	5.7724	524.16	788.0	1.0	4.5271	545.76	864.64	1.0	0.2568	-0.2987	0.9191	12.601	2.3079	-25.5726	0.0	16	1.0	0.0		5701	0	0
1701969693255	t	pond_test_cue_sauna_right	0.0	0	0	5.7782	519.552	787.2	0.7225	4.517	546.192	864.64	1.0	0.2612	-0.2979	0.9182	11.2312	2.2885	-25.5889	0.0	16	1.0	0.0		5701	0	0
1701969693264	t	pond_test_cue_sauna_right	0.0	0	0	5.7545	521.136	790.24	0.7225	4.5737	548.3520000000001	864.64	1.0	0.2569	-0.3006	0.9185	-11.8479	1.7756	-25.5789	0.0	16	1.0	0.0		5701	0	0
1701969693272	t	pond_test_cue_sauna_right	0.0	0	0	5.6437	519.408	793.12	0.665	4.5443	551.232	864.1600000000001	0.9452	0.2552	-0.3058	0.9173	33.9663	2.7375	-25.6192	0.0	16	1.0	0.0		5701	0	0
1701969693281	t	pond_test_cue_sauna_right	0.0	0	0	5.7304	521.712	790.4	0.665	4.5161	550.512	864.9599999999999	0.9452	0.2464	-0.2969	0.9226	34.7459	2.7417	-25.6172	0.0	16	1.0	0.0		5701	0	0
1701969693289	t	pond_test_cue_sauna_right	0.0	0	0	5.7	521.136	792.9599999999999	0.656	4.4823	551.952	866.8799999999999	0.9276	0.2504	-0.3047	0.9189	4.0049	2.0936	-25.5969	0.0	16	1.0	0.0		5701	0	0
1701969693297	t	pond_test_cue_sauna_right	0.0	0	0	5.594	522.576	795.84	0.656	4.4904	553.3919999999999	866.08	0.9276	0.2467	-0.3056	0.9196	-8.6321	1.823	-25.5861	0.0	16	1.0	0.0		5701	0	0
1701969693306	t	pond_test_cue_sauna_right	0.0	0	0	5.6741	522.288	792.64	0.6715	4.4818	554.832	865.44	0.912	0.2439	-0.2996	0.9223	-2.4153	1.9424	-25.593	0.0	16	1.0	0.0		5701	0	0
1701969693314	t	pond_test_cue_sauna_right	0.0	0	0	5.6586	522.0	793.44	0.6715	4.4746	558.576	866.24	0.912	0.2408	-0.3012	0.9227	0.327	1.9925	-25.5933	0.0	16	1.0	0.0		5701	0	0
1701969693322	t	pond_test_cue_sauna_right	0.0	0	0	5.6456	522.288	794.4	0.6749	4.5027	559.1519999999999	864.0	0.904	0.2415	-0.2988	0.9232	1.3445	2.0133	-25.597	0.0	16	1.0	0.0		5701	0	0
1701969693331	t	pond_test_cue_sauna_right	0.0	0	0	5.643	522.72	796.48	0.6749	4.5268	558.144	864.32	0.904	0.2438	-0.302	0.9216	3.7054	2.0599	-25.6031	0.0	16	1.0	0.0		5701	0	0
1701969693339	t	pond_test_cue_sauna_right	0.0	0	0	5.7649	523.584	790.7199999999999	0.6708	4.4323	560.592	861.5999999999999	0.9166	0.2385	-0.2915	0.9263	3.7407	2.0704	-25.6033	0.0	16	1.0	0.0		5701	0	0
1701969693347	t	pond_test_cue_sauna_right	0.0	0	0	5.6173	521.136	800.3199999999999	0.6708	4.5412	549.7919999999999	868.16	0.9166	0.2528	-0.3074	0.9173	3.4725	2.0265	-25.6335	0.0	16	1.0	0.0		5701	0	0
1701969693356	t	pond_test_cue_sauna_right	0.0	0	0	5.6167	510.76800000000003	807.84	0.6717	4.5524	543.8879999999999	878.0799999999999	0.9212	0.2647	-0.3271	0.9072	3.4737	2.0008	-25.665	0.0	16	1.0	0.0		5701	0	0
1701969693364	t	pond_test_cue_sauna_right	0.0	0	0	5.5916	493.34400000000005	815.3600000000001	0.6732	4.5196	529.056	880.0000000000001	0.9217	0.2955	-0.3372	0.8938	0.8042	1.9474	-25.6983	0.0	16	1.0	0.0		5701	0	0
1701969693372	t	pond_test_cue_sauna_right	0.0	0	0	5.3495	482.832	826.72	0.6083	4.5527	514.5120000000001	886.2399999999999	0.9483	0.3106	-0.3567	0.8811	1.8081	1.9507	-25.7533	0.0	16	1.0	0.0		5701	0	0
1701969693381	t	pond_test_cue_sauna_right	0.0	0	0	5.6272	469.584	828.6400000000001	0.6083	4.4838	507.45599999999996	893.76	0.9483	0.3275	-0.3663	0.8709	-2.0944	1.8631	-25.7844	0.0	16	1.0	0.0		5701	0	0
1701969693389	t	pond_test_cue_sauna_right	0.0	0	0	-1.0	461.52	831.1999999999999	0.4567	4.5561	501.552	899.04	0.7955	0.3357	-0.3629	0.8692	-28.8729	1.2375	-25.7723	0.0	16	1.0	0.0		5701	0	0
1701969693398	t	pond_test_cue_sauna_right	0.0	0	0	-1.0	464.40000000000003	842.8800000000001	0.4567	4.3526	495.936	904.1600000000001	0.7955	0.338	-0.3704	0.8652	-28.7852	1.198	-25.7939	0.0	16	1.0	0.0		5701	0	0
1701969693406	t	pond_test_cue_sauna_right	0.0	0	0	-1.0	463.68	854.4000000000001	0.3811	4.5654	486.00000000000006	912.96	0.6245	0.3608	-0.3845	0.8497	-28.712	1.1471	-25.8352	0.0	16	1.0	0.0		5701	0	0
1701969693414	t	pond_test_cue_sauna_right	0.0	0	0	-1.0	450.576	856.8	0.3811	4.4302	478.368	918.8800000000001	0.6245	0.3734	-0.392	0.8408	-28.6453	1.108	-25.8776	0.0	16	1.0	0.0		5701	0	0
1701969693423	t	pond_test_cue_sauna_right	0.0	0	0	5.2894	450.576	864.64	0.3181	4.5857	478.224	919.0400000000001	0.5717	0.3809	-0.4096	0.8289	-7.7319	1.5754	-25.9213	0.0	16	1.0	0.0		5701	0	0
1701969693431	t	pond_test_cue_sauna_right	0.0	0	0	5.045	461.08799999999997	866.24	0.3181	4.4149	487.296	920.48	0.5717	0.3538	-0.4222	0.8346	-5.2252	1.6502	-25.8877	0.0	16	1.0	0.0		5701	0	0
1701969693439	t	pond_test_cue_sauna_right	0.0	0	0	5.2737	462.096	859.0400000000001	0.3318	4.5241	490.89599999999996	917.1200000000001	0.5589	0.3573	-0.4082	0.8401	-2.3626	1.6943	-25.8915	0.0	16	1.0	0.0		5701	0	0
1701969693447	t	pond_test_cue_sauna_right	0.0	0	0	5.3215	465.12	858.8800000000001	0.3318	4.6129	492.912	916.48	0.5589	0.3489	-0.4111	0.8421	0.7473	1.7672	-25.8851	0.0	16	1.0	0.0		5701	0	0
1701969693455	t	pond_test_cue_sauna_right	0.0	0	0	5.2796	465.12	857.6	0.3688	4.4893	494.78400000000005	915.1999999999999	0.6004	0.3483	-0.4016	0.847	-1.888	1.6821	-25.8853	0.0	16	1.0	0.0		5701	0	0
1701969693464	t	pond_test_cue_sauna_right	0.0	0	0	5.5109	465.40799999999996	850.7199999999999	0.3688	4.5166	494.496	914.88	0.6004	0.3457	-0.3919	0.8526	-2.2903	1.6629	-25.8848	0.0	16	1.0	0.0		5701	0	0
1701969693471	t	pond_test_cue_sauna_right	0.0	0	0	5.4274	467.568	851.52	0.3894	4.4494	497.376	915.04	0.6273	0.3368	-0.3942	0.8551	-0.4385	1.6987	-25.8846	0.0	16	1.0	0.0		5701	0	0
1701969693480	t	pond_test_cue_sauna_right	0.0	0	0	5.308	467.85600000000005	855.84	0.3894	4.4913	497.808	911.2	0.6273	0.339	-0.3941	0.8542	0.2215	1.7181	-25.883	0.0	16	1.0	0.0		5701	0	0
1701969693488	t	pond_test_cue_sauna_right	0.0	0	0	5.6813	466.128	845.76	0.4285	4.4521	500.54400000000004	911.52	0.6354	0.3373	-0.3828	0.86	0.6272	1.7254	-25.8796	0.0	16	1.0	0.0		5701	0	0
1701969693497	t	pond_test_cue_sauna_right	0.0	0	0	5.2508	466.704	855.1999999999999	0.4285	4.6113	500.54400000000004	913.5999999999999	0.6354	0.3382	-0.3974	0.853	0.8804	1.7331	-25.8862	0.0	16	1.0	0.0		5701	0	0
1701969693505	t	pond_test_cue_sauna_right	0.0	0	0	5.1752	465.84000000000003	860.3199999999999	0.4458	4.5074	501.69599999999997	911.36	0.6593	0.3385	-0.4	0.8517	1.2917	1.7381	-25.8917	0.0	16	1.0	0.0		5701	0	0
1701969693513	t	pond_test_cue_sauna_right	0.0	0	0	5.2243	468.0	858.4	0.4458	4.5308	502.704	912.8	0.6593	0.3342	-0.3994	0.8537	1.1681	1.7298	-25.8903	0.0	16	1.0	0.0		5701	0	0
1701969693521	t	pond_test_cue_sauna_right	0.0	0	0	5.1079	468.144	857.9200000000001	0.4795	4.3895	503.99999999999994	911.2	0.6962	0.3315	-0.393	0.8577	2.6749	1.7325	-25.9011	0.0	16	1.0	0.0		5701	0	0
1701969693530	t	pond_test_cue_sauna_right	0.0	0	0	5.2401	471.31199999999995	856.64	0.4795	4.3778	503.856	912.1600000000001	0.6962	0.3273	-0.3942	0.8587	2.8111	1.7393	-25.8932	0.0	16	1.0	0.0		5701	0	0
1701969693538	t	pond_test_cue_sauna_right	0.0	0	0	5.2678	474.768	856.32	0.4938	4.4067	506.88	913.7600000000001	0.726	0.3186	-0.3967	0.8609	2.5844	1.7331	-25.8847	0.0	16	1.0	0.0		5701	0	0
1701969693547	t	pond_test_cue_sauna_right	0.0	0	0	5.296	473.328	854.72	0.4938	4.3959	507.168	914.08	0.726	0.3207	-0.3939	0.8614	2.4942	1.7253	-25.889	0.0	16	1.0	0.0		5701	0	0
1701969693555	t	pond_test_cue_sauna_right	0.0	0	0	5.3232	473.472	856.1600000000001	0.5067	4.3876	508.032	912.1600000000001	0.7341	0.3254	-0.393	0.86	2.5241	1.7249	-25.8774	0.0	16	1.0	0.0		5701	0	0
1701969693563	t	pond_test_cue_sauna_right	0.0	0	0	5.3728	474.048	853.4399999999999	0.5067	4.3555	508.896	912.8	0.7341	0.3272	-0.3901	0.8607	0.5452	1.6889	-25.8682	0.0	16	1.0	0.0		5701	0	0
1701969693571	t	pond_test_cue_sauna_right	0.0	0	0	5.4944	471.6	851.52	0.5164	4.2715	510.47999999999996	914.24	0.7591	0.3276	-0.3893	0.8609	1.0833	1.6973	-25.8738	0.0	16	1.0	0.0		5701	0	0
1701969693580	t	pond_test_cue_sauna_right	0.0	0	0	5.5392	471.31199999999995	849.44	0.5164	4.3163	510.76800000000003	913.9200000000001	0.7591	0.3269	-0.3852	0.863	-1.0798	1.6494	-25.8709	0.0	16	1.0	0.0		5701	0	0
1701969693588	t	pond_test_cue_sauna_right	0.0	0	0	5.4599	471.6	851.8399999999999	0.5086	4.3497	511.056	913.4399999999999	0.7807	0.3259	-0.3876	0.8623	-0.5627	1.6591	-25.8725	0.0	16	1.0	0.0		5701	0	0
1701969693597	t	pond_test_cue_sauna_right	0.0	0	0	5.5185	472.75199999999995	851.2	0.5086	4.356	510.76800000000003	912.96	0.7807	0.3249	-0.3858	0.8635	-0.1971	1.6644	-25.8724	0.0	16	1.0	0.0		5701	0	0
1701969693605	t	pond_test_cue_sauna_right	0.0	0	0	5.4884	473.61600000000004	850.4	0.5061	4.3593	511.34400000000005	912.32	0.7852	0.3219	-0.3848	0.8651	2.5889	1.7186	-25.8761	0.0	16	1.0	0.0		5701	0	0
1701969693613	t	pond_test_cue_sauna_right	0.0	0	0	5.4952	473.76000000000005	849.1199999999999	0.5061	4.3134	512.0640000000001	911.9999999999999	0.7852	0.3193	-0.3821	0.8672	2.2251	1.7055	-25.8751	0.0	16	1.0	0.0		5701	0	0
1701969693621	t	pond_test_cue_sauna_right	0.0	0	0	5.5028	473.61600000000004	848.0	0.5087	4.299	512.352	913.4399999999999	0.8049	0.3158	-0.3814	0.8688	0.9347	1.6723	-25.8812	0.0	16	1.0	0.0		5701	0	0
1701969693630	t	pond_test_cue_sauna_right	0.0	0	0	5.5306	473.76000000000005	847.6800000000001	0.5105	4.2948	511.776	913.7600000000001	0.806	0.3154	-0.3811	0.8691	0.624	1.6665	-25.8921	0.0	16	1.0	0.0		5701	0	0
1701969693638	t	pond_test_cue_sauna_right	0.0	0	0	5.5164	473.904	848.0	0.5372	4.3693	513.648	912.8	0.8532	0.312	-0.3769	0.8721	2.782	1.6878	-25.9022	0.0	16	1.0	0.0		5701	0	0
1701969693647	t	pond_test_cue_sauna_right	0.0	0	0	5.5091	473.904	849.1199999999999	0.5372	4.3626	513.936	913.5999999999999	0.8532	0.3116	-0.3792	0.8712	3.5998	1.7011	-25.9047	0.0	16	1.0	0.0		5701	0	0
1701969693655	t	pond_test_cue_sauna_right	0.0	0	0	5.516	473.904	848.0	0.5309	4.3563	513.648	914.4	0.802	0.3126	-0.3786	0.8711	6.022	1.7473	-25.9091	0.0	16	1.0	0.0		5701	0	0
1701969693663	t	pond_test_cue_sauna_right	0.0	0	0	5.5377	474.048	847.6800000000001	0.5309	4.349	513.936	913.9200000000001	0.802	0.3125	-0.3772	0.8718	6.3256	1.7505	-25.9102	0.0	16	1.0	0.0		5701	0	0
1701969693671	t	pond_test_cue_sauna_right	0.0	0	0	5.5875	476.49600000000004	850.24	0.5264	4.2413	517.536	913.9200000000001	0.8167	0.3031	-0.3773	0.8751	5.6941	1.7105	-25.9151	0.0	16	1.0	0.0		5701	0	0
1701969693680	t	pond_test_cue_sauna_right	0.0	0	0	5.7011	479.808	847.3599999999999	0.5264	4.2468	516.672	914.08	0.8167	0.2986	-0.3736	0.8782	5.1215	1.6978	-25.9084	0.0	16	1.0	0.0		5701	0	0
1701969693688	t	pond_test_cue_sauna_right	0.0	0	0	5.6999	478.512	844.16	0.5452	4.2708	517.536	913.7600000000001	0.8226	0.3007	-0.3689	0.8795	4.235	1.6834	-25.9077	0.0	16	1.0	0.0		5701	0	0
1701969693696	t	pond_test_cue_sauna_right	0.0	0	0	5.5797	479.808	850.08	0.5452	4.298	518.976	915.6800000000001	0.8226	0.2965	-0.3804	0.876	2.6494	1.6547	-25.9045	0.0	16	1.0	0.0		5701	0	0
1701969693705	t	pond_test_cue_sauna_right	0.0	0	0	5.7591	477.072	845.12	0.5657	4.219	518.688	915.1999999999999	0.8371	0.3033	-0.3717	0.8774	2.7167	1.6517	-25.9116	0.0	16	1.0	0.0		5701	0	0
1701969693713	t	pond_test_cue_sauna_right	0.0	0	0	5.548	481.104	848.9599999999999	0.5657	4.2368	520.128	913.9200000000001	0.8371	0.2972	-0.3747	0.8782	2.6619	1.6445	-25.9083	0.0	16	1.0	0.0		5701	0	0
1701969693721	t	pond_test_cue_sauna_right	0.0	0	0	5.5747	482.256	849.92	0.559	4.2479	520.992	915.84	0.8457	0.296	-0.3775	0.8774	2.5498	1.6353	-25.9108	0.0	16	1.0	0.0		5701	0	0
1701969693730	t	pond_test_cue_sauna_right	0.0	0	0	5.747	482.11199999999997	843.68	0.559	4.3035	521.28	915.5200000000001	0.8457	0.2975	-0.3684	0.8808	2.6855	1.6358	-25.9096	0.0	16	1.0	0.0		5701	0	0
1701969693738	t	pond_test_cue_sauna_right	0.0	0	0	5.68	483.98400000000004	846.08	0.566	4.2012	523.584	914.88	0.8361	0.2917	-0.3705	0.8818	2.6326	1.6323	-25.9059	0.0	16	1.0	0.0		5701	0	0
1701969693746	t	pond_test_cue_sauna_right	0.0	0	0	5.5804	485.28000000000003	849.76	0.566	4.2921	520.704	914.56	0.8361	0.296	-0.3752	0.8784	2.1717	1.6272	-25.9093	0.0	16	1.0	0.0		5701	0	0
1701969693755	t	pond_test_cue_sauna_right	0.0	0	0	5.6169	485.42400000000004	850.24	0.5785	4.2607	524.016	915.5200000000001	0.8533	0.292	-0.38	0.8777	2.2584	1.6429	-25.9047	0.0	16	1.0	0.0		5701	0	0
1701969693763	t	pond_test_cue_sauna_right	0.0	0	0	5.7255	488.88000000000005	847.3599999999999	0.5802	4.2372	525.456	915.5200000000001	0.8541	0.287	-0.3779	0.8802	1.8934	1.6434	-25.8957	0.0	16	1.0	0.0		5701	0	0
1701969693771	t	pond_test_cue_sauna_right	0.0	0	0	5.6234	491.184	849.76	0.5773	4.234	526.032	915.3600000000001	0.8668	0.2865	-0.3816	0.8788	1.7581	1.6457	-25.8947	0.0	16	1.0	0.0		5701	0	0
1701969693780	t	pond_test_cue_sauna_right	0.0	0	0	5.6311	490.608	850.24	0.5773	4.2136	530.784	916.64	0.8668	0.2847	-0.3845	0.8781	1.9791	1.6548	-25.8966	0.0	16	1.0	0.0		5701	0	0
1701969693788	t	pond_test_cue_sauna_right	0.0	0	0	5.6344	494.496	848.64	0.5916	4.1866	530.352	915.5200000000001	0.8911	0.2831	-0.3808	0.8803	2.0925	1.655	-25.8928	0.0	16	1.0	0.0		5701	0	0
1701969693796	t	pond_test_cue_sauna_right	0.0	0	0	5.5319	494.78400000000005	847.1999999999999	0.5916	4.1329	532.8	916.16	0.8911	0.2819	-0.38	0.881	2.2373	1.6611	-25.895	0.0	16	1.0	0.0		5701	0	0
1701969693805	t	pond_test_cue_sauna_right	0.0	0	0	5.4685	498.096	850.24	0.5849	4.2364	532.8	915.04	0.8668	0.2792	-0.3836	0.8803	2.3072	1.6669	-25.8918	0.0	16	1.0	0.0		5701	0	0
1701969693813	t	pond_test_cue_sauna_right	0.0	0	0	5.5732	498.816	846.88	0.5849	4.0486	534.528	916.16	0.8668	0.2769	-0.3813	0.882	2.2759	1.6696	-25.8916	0.0	16	1.0	0.0		5701	0	0
1701969693821	t	pond_test_cue_sauna_right	0.0	0	0	5.5957	499.392	845.5999999999999	0.5987	4.0667	534.096	916.96	0.8619	0.2808	-0.3771	0.8826	2.3246	1.6484	-25.8915	0.0	16	1.0	0.0		5701	0	0
1701969693830	t	pond_test_cue_sauna_right	0.0	0	0	5.7038	497.952	845.12	0.5987	4.1398	534.816	911.2	0.8619	0.2792	-0.3733	0.8847	2.3324	1.6812	-25.887	0.0	16	1.0	0.0		5701	0	0
1701969693838	t	pond_test_cue_sauna_right	0.0	0	0	5.4882	501.84	845.4399999999999	0.6206	4.0226	535.5360000000001	915.04	0.8669	0.2747	-0.3762	0.8849	2.2225	1.6546	-25.8791	0.0	16	1.0	0.0		5701	0	0
1701969693846	t	pond_test_cue_sauna_right	0.0	0	0	5.3182	501.264	843.8399999999999	0.6206	4.1408	537.552	910.72	0.8669	0.2757	-0.368	0.888	2.2295	1.6588	-25.8761	0.0	16	1.0	0.0		5701	0	0
1701969693855	t	pond_test_cue_sauna_right	0.0	0	0	5.3749	502.704	843.0400000000001	0.6137	4.1547	540.72	912.48	0.883	0.2715	-0.37	0.8885	2.4603	1.6644	-25.8744	0.0	16	1.0	0.0		5701	0	0
1701969693864	t	pond_test_cue_sauna_right	0.0	0	0	5.3974	503.42400000000004	843.0400000000001	0.6137	4.0743	540.72	911.68	0.883	0.2726	-0.3703	0.888	2.6956	1.6795	-25.8757	0.0	16	1.0	0.0		5701	0	0
1701969693871	t	pond_test_cue_sauna_right	0.0	0	0	5.2451	503.856	840.64	0.6269	4.058	541.8720000000001	908.4799999999999	0.8799	0.2699	-0.3672	0.8901	3.5469	1.7285	-25.8745	0.0	16	1.0	0.0		5701	0	0
1701969693880	t	pond_test_cue_sauna_right	0.0	0	0	5.2793	506.44800000000004	844.3199999999999	0.6269	4.0565	542.592	907.5200000000001	0.8799	0.2641	-0.3721	0.8898	3.9482	1.7393	-25.8723	0.0	16	1.0	0.0		5701	0	0
1701969693888	t	pond_test_cue_sauna_right	0.0	0	0	5.3055	506.30400000000003	844.96	0.6201	3.9269	544.032	909.92	0.8727	0.2599	-0.3779	0.8886	4.1237	1.7495	-25.8689	0.0	16	1.0	0.0		5701	0	0
1701969693896	t	pond_test_cue_sauna_right	0.0	0	0	5.3316	506.44800000000004	844.3199999999999	0.6218	4.067	543.8879999999999	903.8399999999999	0.8735	0.2601	-0.3695	0.8921	4.1452	1.7552	-25.868	0.0	16	1.0	0.0		5701	0	0
1701969693905	t	pond_test_cue_sauna_right	0.0	0	0	5.422	506.88	843.0400000000001	0.6378	4.1572	544.4639999999999	903.36	0.899	0.2585	-0.3683	0.8931	3.9533	1.759	-25.8662	0.0	16	1.0	0.0		5701	0	0
1701969693913	t	pond_test_cue_sauna_right	0.0	0	0	5.4922	507.45599999999996	841.76	0.6378	4.0982	545.76	902.0799999999999	0.899	0.2575	-0.3617	0.896	3.9454	1.7382	-25.8648	0.0	16	1.0	0.0		5701	0	0
1701969693921	t	pond_test_cue_sauna_right	0.0	0	0	5.4914	507.744	841.6	0.6483	3.9927	546.624	902.88	0.8835	0.2552	-0.3635	0.896	3.612	1.7368	-25.8618	0.0	16	1.0	0.0		5701	0	0
1701969693930	t	pond_test_cue_sauna_right	0.0	0	0	5.4906	508.032	841.6	0.6483	4.144	547.056	902.5600000000001	0.8835	0.2543	-0.3627	0.8965	3.5623	1.7352	-25.8608	0.0	16	1.0	0.0		5701	0	0
1701969693938	t	pond_test_cue_sauna_right	0.0	0	0	5.528	511.488	840.0	0.6624	4.1058	546.624	902.0799999999999	0.8944	0.2512	-0.3617	0.8978	2.4449	1.7236	-25.8499	0.0	16	1.0	0.0		5701	0	0
1701969693947	t	pond_test_cue_sauna_right	0.0	0	0	5.524	511.056	839.6800000000001	0.6624	4.1379	549.216	900.4799999999999	0.8944	0.2494	-0.3601	0.8989	1.8453	1.7191	-25.8467	0.0	16	1.0	0.0		5701	0	0
1701969693955	t	pond_test_cue_sauna_right	0.0	0	0	5.5841	513.5039999999999	834.24	0.6801	4.1082	548.928	900.4799999999999	0.8887	0.2487	-0.3546	0.9013	0.9985	1.7136	-25.8398	0.0	16	1.0	0.0		5701	0	0
1701969693964	t	pond_test_cue_sauna_right	0.0	0	0	5.4618	514.5120000000001	839.04	0.6801	4.116	549.36	901.2800000000001	0.8887	0.2438	-0.3624	0.8996	0.3793	1.7021	-25.8404	0.0	16	1.0	0.0		5701	0	0
1701969693972	t	pond_test_cue_sauna_right	0.0	0	0	5.5862	505.152	840.9599999999999	0.6896	4.0923	540.72	898.56	0.8916	0.2563	-0.36	0.897	0.7651	1.7124	-25.8622	0.0	16	1.0	0.0		5701	0	0
1701969693980	t	pond_test_cue_sauna_right	0.0	0	0	5.5693	491.76000000000005	833.92	0.6896	4.1034	525.6	904.8	0.8916	0.2792	-0.3596	0.8904	2.1263	1.7551	-25.9104	0.0	16	1.0	0.0		5701	0	0
1701969693988	t	pond_test_cue_sauna_right	0.0	0	0	5.6844	478.08000000000004	835.2	0.6663	4.2226	510.624	902.2399999999999	0.8944	0.3061	-0.3539	0.8838	4.1701	1.7911	-25.9556	0.0	16	1.0	0.0		5701	0	0
1701969693997	t	pond_test_cue_sauna_right	0.0	0	0	5.5846	475.92	836.96	0.6663	4.2311	504.86400000000003	901.44	0.8944	0.3109	-0.3557	0.8814	5.7562	1.8275	-25.9659	0.0	16	1.0	0.0		5701	0	0
1701969694005	t	pond_test_cue_sauna_right	0.0	0	0	5.5221	474.912	837.7599999999999	0.6024	4.2036	508.032	900.0	0.8633	0.3088	-0.3554	0.8822	6.0195	1.8324	-25.9626	0.0	16	1.0	0.0		5701	0	0
1701969694013	t	pond_test_cue_sauna_right	0.0	0	0	5.5919	476.49600000000004	834.24	0.6024	4.1881	511.91999999999996	901.92	0.8633	0.3059	-0.3542	0.8837	5.8399	1.8366	-25.9524	0.0	16	1.0	0.0		5701	0	0
1701969694022	t	pond_test_cue_sauna_right	0.0	0	0	5.4929	478.512	836.32	0.5764	4.0374	512.784	901.2800000000001	0.8685	0.3052	-0.3577	0.8826	5.6422	1.8399	-25.947	0.0	16	1.0	0.0		5701	0	0
1701969694031	t	pond_test_cue_sauna_right	0.0	0	0	5.5412	480.96000000000004	835.2	0.5781	4.1062	517.68	903.36	0.8693	0.2941	-0.3614	0.8848	1.4406	1.7673	-25.9343	0.0	16	1.0	0.0		5701	0	0
1701969694039	t	pond_test_cue_sauna_right	0.0	0	0	5.5889	483.55199999999996	831.84	0.607	4.1671	515.808	900.0	0.8697	0.2959	-0.3519	0.888	2.0156	1.7807	-25.9362	0.0	16	1.0	0.0		5701	0	0
1701969694047	t	pond_test_cue_sauna_right	0.0	0	0	5.4716	483.264	832.0	0.607	4.091	519.12	899.84	0.8697	0.2948	-0.353	0.8879	3.7053	1.8202	-25.937	0.0	16	1.0	0.0		5701	0	0
1701969694055	t	pond_test_cue_sauna_right	0.0	0	0	5.4816	486.86400000000003	828.6400000000001	0.6287	4.0059	523.008	896.96	0.9206	0.2854	-0.3466	0.8935	3.894	1.834	-25.9264	0.0	16	1.0	0.0		5701	0	0
1701969694064	t	pond_test_cue_sauna_right	0.0	0	0	5.4259	489.6	825.92	0.6287	4.0943	528.336	896.48	0.9206	0.2771	-0.3426	0.8977	4.0954	1.8365	-25.9207	0.0	16	1.0	0.0		5701	0	0
1701969694072	t	pond_test_cue_sauna_right	0.0	0	0	5.4931	493.92	830.88	0.6273	4.1355	528.912	895.2	0.8889	0.2739	-0.3504	0.8956	4.1513	1.85	-25.9112	0.0	16	1.0	0.0		5701	0	0
1701969694080	t	pond_test_cue_sauna_right	0.0	0	0	5.5165	497.66400000000004	828.48	0.6273	4.0464	531.936	893.12	0.8889	0.2698	-0.342	0.9001	3.6965	1.8239	-25.8946	0.0	16	1.0	0.0		5701	0	0
1701969694089	t	pond_test_cue_sauna_right	0.0	0	0	5.4006	499.536	831.3599999999999	0.651	4.0482	533.088	892.16	0.8734	0.2674	-0.3435	0.9002	2.8631	1.8029	-25.8951	0.0	16	1.0	0.0		5701	0	0
1701969694097	t	pond_test_cue_sauna_right	0.0	0	0	5.4853	503.99999999999994	829.5999999999999	0.651	4.1598	535.824	890.08	0.8734	0.2616	-0.3375	0.9042	1.8491	1.7758	-25.8859	0.0	16	1.0	0.0		5701	0	0
1701969694105	t	pond_test_cue_sauna_right	0.0	0	0	5.4426	504.144	828.8000000000001	0.6921	4.1317	537.696	890.8799999999999	0.8914	0.2612	-0.3388	0.9039	1.253	1.7723	-25.8805	0.0	16	1.0	0.0		5701	0	0
1701969694113	t	pond_test_cue_sauna_right	0.0	0	0	5.5541	508.032	825.2800000000001	0.6921	4.2313	540.288	891.84	0.8914	0.254	-0.3369	0.9066	0.8516	1.7693	-25.8753	0.0	16	1.0	0.0		5701	0	0
1701969694122	t	pond_test_cue_sauna_right	0.0	0	0	5.4675	509.472	828.48	0.711	4.0694	542.592	891.84	0.8895	0.2536	-0.3445	0.9039	0.7432	1.789	-25.8688	0.0	16	1.0	0.0		5701	0	0
1701969694130	t	pond_test_cue_sauna_right	0.0	0	0	5.5113	512.208	824.9599999999999	0.711	4.0978	546.624	890.56	0.8895	0.2457	-0.3409	0.9074	1.5594	1.8189	-25.8561	0.0	16	1.0	0.0		5701	0	0
1701969694139	t	pond_test_cue_sauna_right	0.0	0	0	5.418	516.672	830.72	0.7433	4.1259	550.08	889.4399999999999	0.9122	0.2342	-0.3477	0.9079	2.0219	1.8255	-25.8506	0.0	16	1.0	0.0		5701	0	0
1701969694147	t	pond_test_cue_sauna_right	0.0	0	0	5.3885	520.8480000000001	822.72	0.7433	3.8793	553.968	888.32	0.9122	0.2271	-0.3384	0.9132	2.2708	1.846	-25.8335	0.0	16	1.0	0.0		5701	0	0
1701969694155	t	pond_test_cue_sauna_right	0.0	0	0	5.289	522.144	827.36	0.7315	3.9371	559.296	887.36	0.9161	0.2213	-0.3421	0.9132	3.2944	1.8537	-25.831	0.0	16	1.0	0.0		5701	0	0
1701969694163	t	pond_test_cue_sauna_right	0.0	0	0	5.4596	524.736	823.5200000000001	0.7329	4.0487	561.6	885.76	0.9166	0.2202	-0.3387	0.9147	3.6328	1.8867	-25.8256	0.0	16	1.0	0.0		5701	0	0
1701969694172	t	pond_test_cue_sauna_right	0.0	0	0	5.4078	531.792	828.16	0.744	3.8582	569.808	881.6	0.9101	0.2011	-0.3374	0.9196	4.2271	1.8741	-25.8076	0.0	16	1.0	0.0		5701	0	0
1701969694180	t	pond_test_cue_sauna_right	0.0	0	0	5.3804	533.808	825.6	0.744	4.0192	570.24	883.6800000000001	0.9101	0.2058	-0.3366	0.9189	0.9859	1.8241	-25.809	0.0	16	1.0	0.0		5701	0	0
1701969694188	t	pond_test_cue_sauna_right	0.0	0	0	5.6544	537.84	821.7599999999999	0.7637	3.8201	577.1519999999999	881.6	0.9202	0.1927	-0.3303	0.924	5.2572	1.9021	-25.7972	0.0	16	1.0	0.0		5701	0	0
1701969694197	t	pond_test_cue_sauna_right	0.0	0	0	5.5336	543.024	821.5999999999999	0.7637	3.9569	578.736	882.7199999999999	0.9202	0.187	-0.3365	0.9229	0.2025	1.8459	-25.7898	0.0	16	1.0	0.0		5701	0	0
1701969694205	t	pond_test_cue_sauna_right	0.0	0	0	5.5082	548.208	823.84	0.7682	4.0248	583.0559999999999	879.04	0.9256	0.1803	-0.3355	0.9246	-0.4586	1.8437	-25.7837	0.0	16	1.0	0.0		5701	0	0
1701969694214	t	pond_test_cue_sauna_right	0.0	0	0	5.4565	550.512	817.76	0.7682	4.0755	585.648	879.52	0.9256	0.179	-0.3322	0.9261	-0.1916	1.8712	-25.7741	0.0	16	1.0	0.0		5701	0	0
1701969694222	t	pond_test_cue_sauna_right	0.0	0	0	5.5081	553.6800000000001	817.6	0.7971	4.1347	588.9599999999999	877.76	0.9211	0.1727	-0.3319	0.9274	-0.1866	1.8884	-25.7744	0.0	16	1.0	0.0		5701	0	0
1701969694230	t	pond_test_cue_sauna_right	0.0	0	0	5.437	557.424	812.96	0.7971	4.218	593.136	876.8000000000001	0.9211	0.17	-0.3279	0.9293	-0.1835	1.9106	-25.7634	0.0	16	1.0	0.0		5701	0	0
1701969694239	t	pond_test_cue_sauna_right	0.0	0	0	5.4425	562.176	812.96	0.7837	4.13	596.3040000000001	873.9200000000001	0.9186	0.166	-0.3243	0.9312	0.2377	1.9219	-25.7539	0.0	16	1.0	0.0		5701	0	0
1701969694247	t	pond_test_cue_sauna_right	0.0	0	0	5.4042	568.224	811.8399999999999	0.7837	3.9488	603.36	872.64	0.9186	0.1462	-0.322	0.9354	0.1831	1.9271	-25.7563	0.0	16	1.0	0.0		5701	0	0
1701969694255	t	pond_test_cue_sauna_right	0.0	0	0	5.4411	565.4879999999999	812.32	0.7997	3.9958	599.328	875.84	0.9221	0.1534	-0.3269	0.9325	0.7904	1.9343	-25.7654	0.0	16	1.0	0.0		5701	0	0
1701969694263	t	pond_test_cue_sauna_right	0.0	0	0	5.5908	548.3520000000001	810.0799999999999	0.7997	3.9852	585.648	878.0799999999999	0.9221	0.176	-0.3247	0.9293	0.7063	1.9242	-25.793	0.0	16	1.0	0.0		5701	0	0
1701969694272	t	pond_test_cue_sauna_right	0.0	0	0	5.5804	531.072	818.2399999999999	0.7804	3.9949	561.744	877.92	0.9025	0.2079	-0.3278	0.9216	1.9384	1.908	-25.8274	0.0	16	1.0	0.0		5701	0	0
1701969694280	t	pond_test_cue_sauna_right	0.0	0	0	5.5934	503.712	816.3199999999999	0.7804	4.1388	533.664	885.6	0.9025	0.2621	-0.3271	0.9079	2.0561	1.8833	-25.9131	0.0	16	1.0	0.0		5701	0	0
1701969694289	t	pond_test_cue_sauna_right	0.0	0	0	5.5201	490.752	820.8000000000001	0.748	4.0985	516.816	892.8000000000001	0.8866	0.2838	-0.3319	0.8996	8.4834	1.9539	-25.9608	0.0	16	1.0	0.0		5701	0	0
1701969694297	t	pond_test_cue_sauna_right	0.0	0	0	5.6414	478.944	823.1999999999999	0.7493	4.0552	505.728	891.04	0.8873	0.3061	-0.3304	0.8928	10.6508	1.9923	-26.0032	0.0	16	1.0	0.0		5701	0	0
1701969694305	t	pond_test_cue_sauna_right	0.0	0	0	5.6291	482.256	824.48	0.6401	4.1487	509.472	892.8000000000001	0.8341	0.2986	-0.3361	0.8932	11.3809	2.011	-25.9922	0.0	16	1.0	0.0		5701	0	0
1701969694314	t	pond_test_cue_sauna_right	0.0	0	0	5.3735	485.568	824.0	0.6401	4.0291	519.696	888.32	0.8341	0.2844	-0.3377	0.8972	-4.2737	1.7599	-25.9569	0.0	16	1.0	0.0		5701	0	0
1701969694322	t	pond_test_cue_sauna_right	0.0	0	0	5.5338	495.936	823.04	0.6449	4.1509	528.192	885.28	0.8513	0.271	-0.3322	0.9034	-3.2849	1.7711	-25.9284	0.0	16	1.0	0.0		5701	0	0
1701969694331	t	pond_test_cue_sauna_right	0.0	0	0	5.6193	504.432	822.4	0.6449	4.2211	531.504	883.52	0.8513	0.2663	-0.3307	0.9054	-1.5891	1.813	-25.921	0.0	16	1.0	0.0		5701	0	0
1701969694339	t	pond_test_cue_sauna_right	0.0	0	0	5.5536	506.736	819.0400000000001	0.6923	4.1828	539.712	885.6	0.8679	0.2581	-0.3301	0.908	-0.7842	1.8226	-25.9051	0.0	16	1.0	0.0		5701	0	0
1701969694347	t	pond_test_cue_sauna_right	0.0	0	0	5.6469	515.808	815.04	0.6923	4.1556	550.8	884.4799999999999	0.8679	0.2394	-0.3289	0.9135	-0.6263	1.8489	-25.8748	0.0	16	1.0	0.0		5701	0	0
1701969694355	t	pond_test_cue_sauna_right	0.0	0	0	5.5352	522.576	817.6	0.7394	4.0699	555.696	884.6399999999999	0.8983	0.2285	-0.3331	0.9148	0.3595	1.8697	-25.8682	0.0	16	1.0	0.0		5701	0	0
1701969694364	t	pond_test_cue_sauna_right	0.0	0	0	5.4203	526.4639999999999	820.32	0.7394	4.1379	562.8960000000001	878.5600000000001	0.8983	0.2234	-0.3298	0.9172	6.5773	1.9849	-25.8524	0.0	16	1.0	0.0		5701	0	0
1701969694372	t	pond_test_cue_sauna_right	0.0	0	0	5.4953	535.5360000000001	821.12	0.7425	4.153	569.952	873.76	0.8935	0.2054	-0.3254	0.923	7.1723	1.9894	-25.8398	0.0	16	1.0	0.0		5701	0	0
1701969694380	t	pond_test_cue_sauna_right	0.0	0	0	5.5838	538.848	818.5600000000001	0.7425	4.0464	576.864	874.4	0.8935	0.1981	-0.3219	0.9258	7.1599	1.9853	-25.8332	0.0	16	1.0	0.0		5701	0	0
1701969694389	t	pond_test_cue_sauna_right	0.0	0	0	5.5726	547.3439999999999	818.72	0.7694	4.1032	582.192	875.52	0.9076	0.183	-0.3235	0.9283	-1.645	1.8403	-25.8208	0.0	16	1.0	0.0		5701	0	0
1701969694397	t	pond_test_cue_sauna_right	0.0	0	0	5.5754	551.088	812.96	0.7694	4.1418	587.52	875.0400000000001	0.9076	0.1796	-0.3199	0.9303	6.8107	2.0117	-25.811	0.0	16	1.0	0.0		5701	0	0
1701969694405	t	pond_test_cue_sauna_right	0.0	0	0	5.4928	555.984	811.0400000000001	0.7795	4.0965	590.688	875.2	0.9078	0.1763	-0.3259	0.9288	-1.0274	1.9268	-25.8	0.0	16	1.0	0.0		5701	0	0
1701969694414	t	pond_test_cue_sauna_right	0.0	0	0	5.477	561.312	806.56	0.7795	4.0302	599.328	866.7199999999999	0.9078	0.1638	-0.3141	0.9351	-1.1285	1.9699	-25.7789	0.0	16	1.0	0.0		5701	0	0
1701969694422	t	pond_test_cue_sauna_right	0.0	0	0	5.5028	569.088	801.2800000000001	0.7923	4.0549	605.952	858.7199999999999	0.925	0.1468	-0.3061	0.9406	0.6943	2.0684	-25.7553	0.0	16	1.0	0.0		5701	0	0
1701969694430	t	pond_test_cue_sauna_right	0.0	0	0	5.5327	574.4159999999999	799.84	0.7934	4.1251	613.8720000000001	855.3599999999999	0.9255	0.1386	-0.3135	0.9394	3.639	2.202	-25.7319	0.0	16	1.0	0.0		5701	0	0
1701969694438	t	pond_test_cue_sauna_right	0.0	0	0	5.4395	580.032	798.24	0.7933	4.1744	616.032	854.4000000000001	0.9042	0.1335	-0.313	0.9403	4.1631	2.2277	-25.716	0.0	16	1.0	0.0		5701	0	0
1701969694447	t	pond_test_cue_sauna_right	0.0	0	0	5.3674	585.36	794.88	0.7933	4.1837	621.216	852.16	0.9042	0.1249	-0.3067	0.9435	4.2092	2.242	-25.7144	0.0	16	1.0	0.0		5701	0	0
1701969694455	t	pond_test_cue_sauna_right	0.0	0	0	5.4456	590.688	792.8	0.8121	4.1684	625.68	849.92	0.9144	0.1168	-0.3003	0.9467	3.5788	2.2291	-25.7094	0.0	16	1.0	0.0		5701	0	0
1701969694463	t	pond_test_cue_sauna_right	0.0	0	0	5.4217	595.7280000000001	793.44	0.8121	4.1479	632.16	848.9599999999999	0.9144	0.105	-0.2986	0.9485	3.9104	2.229	-25.7184	0.0	16	1.0	0.0		5701	0	0
1701969694471	t	pond_test_cue_sauna_right	0.0	0	0	5.4686	601.344	790.4	0.8254	4.1638	639.072	848.1600000000001	0.901	0.0916	-0.2925	0.9519	-1.2543	2.1456	-25.7252	0.0	16	1.0	0.0		5701	0	0
1701969694480	t	pond_test_cue_sauna_right	0.0	0	0	5.25	609.9839999999999	791.84	0.8254	4.0763	645.552	851.2	0.901	0.0741	-0.3012	0.9507	-1.5174	2.1476	-25.7059	0.0	16	1.0	0.0		5701	0	0
1701969694488	t	pond_test_cue_sauna_right	0.0	0	0	5.4437	611.424	792.9599999999999	0.839	4.064	649.296	851.0400000000001	0.9015	0.0736	-0.3031	0.9501	-0.797	2.1644	-25.7067	0.0	16	1.0	0.0		5701	0	0
1701969694497	t	pond_test_cue_sauna_right	0.0	0	0	5.3053	619.2	789.28	0.839	4.1041	654.336	847.6800000000001	0.9015	0.0629	-0.2935	0.9539	-0.9431	2.1671	-25.6928	0.0	16	1.0	0.0		5701	0	0
1701969694505	t	pond_test_cue_sauna_right	0.0	0	0	5.3598	620.784	788.0	0.8285	4.0642	657.648	846.5600000000001	0.8853	0.0516	-0.2915	0.9552	-0.9602	2.1733	-25.6891	0.0	16	1.0	0.0		5701	0	0
1701969694513	t	pond_test_cue_sauna_right	0.0	0	0	5.3465	605.0880000000001	788.64	0.8285	4.0379	641.808	850.08	0.8853	0.0789	-0.2955	0.9521	0.4698	2.1867	-25.7239	0.0	16	1.0	0.0		5701	0	0
1701969694522	t	pond_test_cue_sauna_right	0.0	0	0	5.484	570.96	782.72	0.7883	4.1161	618.768	847.5199999999999	0.8758	0.1325	-0.2891	0.9481	0.4269	2.2287	-25.7469	0.0	16	1.0	0.0		5701	0	0
1701969694530	t	pond_test_cue_sauna_right	0.0	0	0	-1.0	535.392	786.72	0.7883	3.9562	595.5840000000001	851.8399999999999	0.8758	0.1601	-0.3196	0.9339	-29.7916	1.7956	-25.7409	0.0	16	1.0	0.0		5701	0	0
1701969694539	t	pond_test_cue_sauna_right	0.0	0	0	-1.0	510.048	810.3999999999999	0.5956	3.9998	559.44	845.4399999999999	0.8012	0.2308	-0.316	0.9202	-29.4579	1.9108	-25.7581	0.0	16	1.0	0.0		5701	0	0
1701969694546	t	pond_test_cue_sauna_right	0.0	0	0	-1.0	516.384	929.4399999999999	0.5956	-1.0	525.456	845.28	0.8012	-1.0	-1.0	-1.0	-1.0	-1.0	-1.0	0.0	16	1.0	0.0		5701	0	0
1701969694554	t	pond_test_cue_sauna_right	0.0	0	0	-1.0	281.808	1116.0	0.1294	-1.0	531.792	912.8	0.5203	-1.0	-1.0	-1.0	-1.0	-1.0	-1.0	0.0	16	1.0	0.0		5701	0	0
1701969694562	t	pond_test_cue_sauna_right	0.0	0	0	-1.0	354.528	1187.52	0.1294	-1.0	415.728	916.48	0.5203	-1.0	-1.0	-1.0	-1.0	-1.0	-1.0	0.0	16	1.0	0.0		5701	0	0
1701969694570	t	pond_test_cue_sauna_right	0.0	0	0	-1.0	371.37600000000003	1201.44	0.0	-1.0	412.704	940.8	0.17	-1.0	-1.0	-1.0	-1.0	-1.0	-1.0	0.0	16	1.0	0.0		5701	0	0
1701969694578	t	pond_test_cue_sauna_right	0.0	0	0	-1.0	362.736	1207.52	0.0	-1.0	988.272	1136.0	0.17	-1.0	-1.0	-1.0	-1.0	-1.0	-1.0	0.0	16	1.0	0.0		5701	0	0
1701969694586	t	pond_test_cue_sauna_right	0.0	0	0	-1.0	666.144	1071.04	0.0	-1.0	1003.536	1169.44	0.0684	-1.0	-1.0	-1.0	-1.0	-1.0	-1.0	0.0	16	1.0	0.0		5701	0	0
1701969694595	t	pond_test_cue_sauna_right	0.0	0	0	-1.0	618.192	1065.44	0.0	-1.0	1016.64	1147.8400000000001	0.0684	-1.0	-1.0	-1.0	-1.0	-1.0	-1.0	0.0	16	1.0	0.0		5701	0	0
1701969694604	t	pond_test_cue_sauna_right	0.0	0	0	-1.0	689.472	1014.72	0.0	-1.0	989.5680000000001	1099.04	0.0661	-1.0	-1.0	-1.0	-1.0	-1.0	-1.0	0.0	16	1.0	0.0		5701	0	0
1701969694613	t	pond_test_cue_sauna_right	0.0	0	0	-1.0	618.624	1091.04	0.0	-1.0	498.96	937.9200000000001	0.0661	-1.0	-1.0	-1.0	-1.0	-1.0	-1.0	0.0	16	1.0	0.0		5701	0	0
1701969694621	t	pond_test_cue_sauna_right	0.0	0	0	-1.0	539.424	970.4000000000001	0.0	-1.0	510.624	971.04	0.0622	-1.0	-1.0	-1.0	-1.0	-1.0	-1.0	0.0	16	1.0	0.0		5701	0	0
1701969694630	t	pond_test_cue_sauna_right	0.0	0	0	-1.0	604.5120000000001	944.3199999999999	0.0	-1.0	464.832	932.0	0.0622	-1.0	-1.0	-1.0	-1.0	-1.0	-1.0	0.0	16	1.0	0.0		5701	0	0
1701969694638	t	pond_test_cue_sauna_right	0.0	0	0	-1.0	265.968	1221.92	0.0	-1.0	486.72	858.4	0.1101	-1.0	-1.0	-1.0	-1.0	-1.0	-1.0	0.0	16	1.0	0.0		5701	0	0
1701969694646	t	pond_test_cue_sauna_right	0.0	0	0	-1.0	229.53599999999997	1252.64	0.0	-1.0	499.67999999999995	854.08	0.1101	-1.0	-1.0	-1.0	-1.0	-1.0	-1.0	0.0	16	1.0	0.0		5701	0	0
1701969694655	t	pond_test_cue_sauna_right	0.0	0	0	-1.0	553.2479999999999	905.9200000000001	0.0142	-1.0	502.416	863.3599999999999	0.2576	-1.0	-1.0	-1.0	-1.0	-1.0	-1.0	0.0	16	1.0	0.0		5701	200	MYKEYWORD 200
