Recording timestamp	type	Scene Name	scene_num	order	djv_reported	PupilDiam_Left	Gaze2d_Left.x	Gaze2d_Left.y	left_eye_openness	PupilDiam_Right	Gaze2d_Right.x	Gaze2d_Right.y	right_eye_openness	gaze_direction_x	gaze_direction_y	gaze_direction_z	gaze_origin_x	gaze_origin_y	gaze_origin_z	gaze_convergence_distance	participant	study_status	scene_familiarity	recall_status	Identifier	Event value	Event message
1701883115682	t	nursery_testcue_tearoom_right	0.0	0	0	3.6668	582.336	786.4	0.8574	3.6769	531.36	869.28	0.9671	-0.0034	-0.2242	0.9745	2.0981	4.5014	-35.7555	0.0	12	0.0	0.0		5643	100	MYKEYWORD 100
1701883115690	t	nursery_testcue_tearoom_right	0.0	0	0	3.6442	584.496	784.16	0.8574	3.6586	535.1039999999999	869.12	0.9671	-0.0112	-0.2223	0.9749	2.5117	4.5278	-35.7747	0.0	12	0.0	0.0		5643	0	0
1701883115698	t	nursery_testcue_tearoom_right	0.0	0	0	3.6858	584.928	783.04	0.8745	3.5857	535.392	870.2400000000001	0.9566	-0.0114	-0.2249	0.9743	1.8249	4.5314	-35.7984	0.0	12	0.0	0.0		5643	0	0
1701883115707	t	nursery_testcue_tearoom_right	0.0	0	0	3.6415	587.232	783.1999999999999	0.8745	3.6292	538.56	865.1199999999999	0.9566	-0.0181	-0.2172	0.9759	-0.385	4.4939	-35.7842	0.0	12	0.0	0.0		5643	0	0
1701883115715	t	nursery_testcue_tearoom_right	0.0	0	0	3.7471	588.816	782.08	0.8828	3.6979	538.9920000000001	867.36	0.9549	-0.0188	-0.2222	0.9748	-5.7253	4.3838	-35.7217	0.0	12	0.0	0.0		5643	0	0
1701883115723	t	nursery_testcue_tearoom_right	0.0	0	0	3.696	590.832	782.72	0.8828	3.6911	545.472	864.48	0.9549	-0.0369	-0.2213	0.9745	-12.1076	4.2675	-35.6249	0.0	12	0.0	0.0		5643	0	0
1701883115732	t	nursery_testcue_tearoom_right	0.0	0	0	3.6385	591.696	781.76	0.8877	3.6602	546.768	862.72	0.9599	-0.0391	-0.2163	0.9755	-19.3019	4.1055	-35.5085	0.0	12	0.0	0.0		5643	0	0
1701883115740	t	nursery_testcue_tearoom_right	0.0	0	0	3.6383	595.152	782.88	0.8884	3.6764	550.224	865.44	0.9602	-0.0495	-0.2245	0.9732	-23.2316	4.0099	-35.4285	0.0	12	0.0	0.0		5643	0	0
1701883115748	t	nursery_testcue_tearoom_right	0.0	0	0	3.7152	597.024	780.9599999999999	0.9013	3.6471	551.808	863.68	0.9585	-0.052	-0.2173	0.9747	-24.5419	3.9752	-35.4089	0.0	12	0.0	0.0		5643	0	0
1701883115757	t	nursery_testcue_tearoom_right	0.0	0	0	3.7236	601.056	782.24	0.9013	3.6539	555.264	862.0799999999999	0.9585	-0.0596	-0.2143	0.9749	-25.5294	3.9701	-35.4041	0.0	12	0.0	0.0		5643	0	0
1701883115765	t	nursery_testcue_tearoom_right	0.0	0	0	3.6536	601.344	778.4	0.8968	3.6563	553.5360000000001	863.3599999999999	0.9459	-0.0508	-0.2166	0.9749	-26.2662	3.94	-35.3834	0.0	12	0.0	0.0		5643	0	0
1701883115773	t	nursery_testcue_tearoom_right	0.0	0	0	3.6425	602.784	778.4	0.8968	3.6093	557.568	863.04	0.9459	-0.0589	-0.2192	0.9739	-25.3875	3.9835	-35.4064	0.0	12	0.0	0.0		5643	0	0
1701883115782	t	nursery_testcue_tearoom_right	0.0	0	0	3.6983	605.0880000000001	775.84	0.9082	3.6521	557.568	862.4000000000001	0.9534	-0.0526	-0.2189	0.9743	-26.1432	3.9766	-35.3956	0.0	12	0.0	0.0		5643	0	0
1701883115790	t	nursery_testcue_tearoom_right	0.0	0	0	3.5686	603.5039999999999	776.16	0.9082	3.6445	559.872	861.12	0.9534	-0.0546	-0.2173	0.9746	-25.2187	4.0149	-35.4176	0.0	12	0.0	0.0		5643	0	0
1701883115798	t	nursery_testcue_tearoom_right	0.0	0	0	3.7401	608.544	777.9200000000001	0.9105	3.7094	561.168	863.3599999999999	0.9583	-0.058	-0.228	0.9719	-23.8966	4.0652	-35.439	0.0	12	0.0	0.0		5643	0	0
1701883115807	t	nursery_testcue_tearoom_right	0.0	0	0	3.7627	610.8480000000001	777.44	0.9105	3.7014	562.608	859.2	0.9583	-0.0629	-0.2163	0.9743	-21.1157	4.1434	-35.5013	0.0	12	0.0	0.0		5643	0	0
1701883115815	t	nursery_testcue_tearoom_right	0.0	0	0	3.7979	611.424	776.0	0.9194	3.6913	561.6	859.84	0.9679	-0.06	-0.2181	0.9741	-18.5516	4.2086	-35.5587	0.0	12	0.0	0.0		5643	0	0
1701883115823	t	nursery_testcue_tearoom_right	0.0	0	0	3.6982	610.416	776.0	0.9194	3.6964	560.88	859.36	0.9679	-0.0552	-0.2183	0.9743	-16.2816	4.2746	-35.621	0.0	12	0.0	0.0		5643	0	0
1701883115832	t	nursery_testcue_tearoom_right	0.0	0	0	3.7382	611.712	773.9200000000001	0.933	3.6064	562.464	860.96	0.9577	-0.0613	-0.2201	0.9735	-12.5664	4.3673	-35.7103	0.0	12	0.0	0.0		5643	0	0
1701883115840	t	nursery_testcue_tearoom_right	0.0	0	0	3.7782	616.176	775.1999999999999	0.933	3.638	564.192	859.68	0.9577	-0.07	-0.2166	0.9738	-10.4816	4.4138	-35.7521	0.0	12	0.0	0.0		5643	0	0
1701883115848	t	nursery_testcue_tearoom_right	0.0	0	0	3.8086	614.304	777.12	0.9352	3.6525	565.632	858.56	0.9499	-0.0692	-0.2164	0.9738	-10.8329	4.4196	-35.7767	0.0	12	0.0	0.0		5643	0	0
1701883115857	t	nursery_testcue_tearoom_right	0.0	0	0	3.7866	615.7439999999999	774.56	0.9352	3.5797	566.784	859.0400000000001	0.9499	-0.0714	-0.2156	0.9739	-10.7707	4.412	-35.7349	0.0	12	0.0	0.0		5643	0	0
1701883115865	t	nursery_testcue_tearoom_right	0.0	0	0	3.6876	617.76	773.9200000000001	0.9361	3.6387	569.808	856.48	0.9328	-0.079	-0.2081	0.9749	-3.1495	4.6046	-35.9267	0.0	12	0.0	0.0		5643	0	0
1701883115875	t	nursery_testcue_tearoom_right	0.0	0	0	3.8292	619.6320000000001	769.28	0.9365	3.7126	572.4	853.28	0.9333	-0.0836	-0.198	0.9766	-3.593	4.6157	-35.9359	0.0	12	0.0	0.0		5643	0	0
1701883115882	t	nursery_testcue_tearoom_right	0.0	0	0	3.7586	620.064	769.28	0.9256	3.5639	569.952	853.4399999999999	0.9342	-0.0759	-0.1993	0.977	-3.0067	4.6303	-35.9361	0.0	12	0.0	0.0		5643	0	0
1701883115890	t	nursery_testcue_tearoom_right	0.0	0	0	3.8064	613.152	776.64	0.9256	3.6801	565.056	860.96	0.9342	-0.0712	-0.2084	0.9754	-3.6071	4.5399	-35.9643	0.0	12	0.0	0.0		5643	0	0
1701883115898	t	nursery_testcue_tearoom_right	0.0	0	0	3.7694	599.76	801.6	0.9305	3.7765	540.864	883.52	0.9337	-0.0266	-0.2524	0.9672	-6.7026	4.2468	-35.8099	0.0	12	0.0	0.0		5643	0	0
1701883115906	t	nursery_testcue_tearoom_right	0.0	0	0	3.598	593.712	817.1200000000001	0.9305	3.7679	521.856	899.3600000000001	0.9337	-0.0079	-0.2821	0.9594	-9.3605	4.0496	-35.7503	0.0	12	0.0	0.0		5643	0	0
1701883115915	t	nursery_testcue_tearoom_right	0.0	0	0	3.7102	577.44	836.32	0.869	3.7247	506.15999999999997	910.72	0.8965	0.0094	-0.2858	0.9582	-9.151	3.8513	-35.8165	0.0	12	0.0	0.0		5643	0	0
1701883115923	t	nursery_testcue_tearoom_right	0.0	0	0	3.7319	570.096	846.24	0.869	3.737	494.064	920.64	0.8965	0.0403	-0.311	0.9496	-8.4176	3.8218	-35.8312	0.0	12	0.0	0.0		5643	0	0
1701883115931	t	nursery_testcue_tearoom_right	0.0	0	0	3.8171	565.9200000000001	849.1199999999999	0.7457	3.8242	493.056	927.0400000000001	0.8382	0.0412	-0.3289	0.9435	15.2003	4.3853	-36.3397	0.0	12	0.0	0.0		5643	0	0
1701883115940	t	nursery_testcue_tearoom_right	0.0	0	0	3.7657	564.768	848.32	0.7457	3.7564	494.64000000000004	927.36	0.8382	0.0414	-0.3286	0.9436	15.2384	4.3923	-36.342	0.0	12	0.0	0.0		5643	0	0
1701883115948	t	nursery_testcue_tearoom_right	0.0	0	0	3.7941	564.624	845.4399999999999	0.7175	3.8288	495.504	926.56	0.7682	0.0425	-0.3252	0.9447	13.1937	4.3615	-36.2961	0.0	12	0.0	0.0		5643	0	0
1701883115956	t	nursery_testcue_tearoom_right	0.0	0	0	3.6609	567.648	841.2800000000001	0.7175	3.8229	498.096	922.72	0.7682	0.0327	-0.3165	0.948	10.3976	4.3145	-36.2293	0.0	12	0.0	0.0		5643	0	0
1701883115965	t	nursery_testcue_tearoom_right	0.0	0	0	3.7117	566.784	839.5200000000001	0.698	3.771	501.98400000000004	919.36	0.7674	0.0311	-0.3143	0.9488	7.7688	4.2793	-36.1679	0.0	12	0.0	0.0		5643	0	0
1701883115973	t	nursery_testcue_tearoom_right	0.0	0	0	3.5961	570.96	836.48	0.698	3.704	505.43999999999994	915.84	0.7674	0.0226	-0.3118	0.9498	2.8939	4.2018	-36.0503	0.0	12	0.0	0.0		5643	0	0
1701883115981	t	nursery_testcue_tearoom_right	0.0	0	0	3.675	569.088	836.16	0.6921	3.6916	509.616	913.7600000000001	0.787	0.0219	-0.3136	0.9493	4.8763	4.2779	-36.0852	0.0	12	0.0	0.0		5643	0	0
1701883115990	t	nursery_testcue_tearoom_right	0.0	0	0	3.7946	570.096	832.9599999999999	0.6921	3.7935	512.928	909.2800000000001	0.787	0.0169	-0.3062	0.9518	6.4793	4.343	-36.1127	0.0	12	0.0	0.0		5643	0	0
1701883115998	t	nursery_testcue_tearoom_right	0.0	0	0	3.7826	570.384	831.5200000000001	0.7006	3.6918	516.096	907.84	0.789	0.0147	-0.3067	0.9517	7.7474	4.3982	-36.1325	0.0	12	0.0	0.0		5643	0	0
1701883116007	t	nursery_testcue_tearoom_right	0.0	0	0	3.5125	577.1519999999999	828.8000000000001	0.702	3.6879	518.112	907.84	0.7901	0.0	-0.304	0.9527	8.3115	4.4214	-36.1377	0.0	12	0.0	0.0		5643	0	0
1701883116015	t	nursery_testcue_tearoom_right	0.0	0	0	3.6709	575.424	830.88	0.7068	3.7606	520.272	909.6	0.8031	0.0031	-0.311	0.9504	8.5603	4.4322	-36.144	0.0	12	0.0	0.0		5643	0	0
1701883116023	t	nursery_testcue_tearoom_right	0.0	0	0	3.6774	575.856	831.6800000000001	0.7068	3.8186	520.8480000000001	906.24	0.8031	0.0039	-0.3078	0.9514	8.3375	4.4273	-36.139	0.0	12	0.0	0.0		5643	0	0
1701883116031	t	nursery_testcue_tearoom_right	0.0	0	0	3.6708	576.288	830.88	0.7126	3.847	522.72	909.2800000000001	0.8046	0.0027	-0.3107	0.9505	7.2188	4.4019	-36.1162	0.0	12	0.0	0.0		5643	0	0
1701883116040	t	nursery_testcue_tearoom_right	0.0	0	0	3.6635	577.1519999999999	829.7599999999999	0.7126	3.6976	524.592	907.3600000000001	0.8046	-0.0014	-0.3057	0.9521	5.8509	4.3704	-36.0894	0.0	12	0.0	0.0		5643	0	0
1701883116048	t	nursery_testcue_tearoom_right	0.0	0	0	3.6599	577.872	828.8000000000001	0.7059	3.8239	527.184	906.24	0.7941	-0.0063	-0.304	0.9526	2.2945	4.2964	-36.0149	0.0	12	0.0	0.0		5643	0	0
1701883116056	t	nursery_testcue_tearoom_right	0.0	0	0	3.6578	578.016	828.6400000000001	0.7059	3.6095	525.7439999999999	903.9999999999999	0.7941	-0.0027	-0.3019	0.9533	2.7392	4.3155	-36.0215	0.0	12	0.0	0.0		5643	0	0
1701883116065	t	nursery_testcue_tearoom_right	0.0	0	0	3.6592	581.76	827.52	0.7071	3.6446	529.056	903.04	0.7932	-0.0135	-0.3054	0.9521	4.4504	4.389	-36.0472	0.0	12	0.0	0.0		5643	0	0
1701883116073	t	nursery_testcue_tearoom_right	0.0	0	0	3.5685	585.36	823.04	0.7071	3.5743	533.232	898.24	0.7932	-0.0242	-0.2948	0.9552	4.8117	4.4227	-36.0506	0.0	12	0.0	0.0		5643	0	0
1701883116081	t	nursery_testcue_tearoom_right	0.0	0	0	3.753	589.392	819.68	0.7251	3.6127	536.256	894.72	0.7899	-0.0335	-0.2864	0.9575	5.0263	4.4454	-36.0541	0.0	12	0.0	0.0		5643	0	0
1701883116090	t	nursery_testcue_tearoom_right	0.0	0	0	3.4829	590.4	815.1999999999999	0.7251	3.6253	537.264	894.2399999999999	0.7899	-0.032	-0.2771	0.9603	4.7017	4.4326	-36.0499	0.0	12	0.0	0.0		5643	0	0
1701883116098	t	nursery_testcue_tearoom_right	0.0	0	0	3.6135	591.408	817.92	0.7303	3.6248	538.56	895.68	0.812	-0.0329	-0.2844	0.9581	6.1699	4.4706	-36.0772	0.0	12	0.0	0.0		5643	0	0
1701883116106	t	nursery_testcue_tearoom_right	0.0	0	0	3.6366	592.992	816.48	0.7303	3.5975	540.0	896.96	0.812	-0.035	-0.2826	0.9586	6.1147	4.4644	-36.0803	0.0	12	0.0	0.0		5643	0	0
1701883116115	t	nursery_testcue_tearoom_right	0.0	0	0	3.6483	595.4399999999999	814.72	0.7199	3.7334	543.024	895.68	0.8026	-0.0429	-0.2777	0.9597	3.8588	4.4147	-36.0423	0.0	12	0.0	0.0		5643	0	0
1701883116123	t	nursery_testcue_tearoom_right	0.0	0	0	3.6854	595.008	816.8	0.7199	3.7325	546.048	892.6399999999999	0.8026	-0.0448	-0.2728	0.961	4.1864	4.4077	-36.0544	0.0	12	0.0	0.0		5643	0	0
1701883116131	t	nursery_testcue_tearoom_right	0.0	0	0	3.6876	596.88	816.3199999999999	0.7441	3.737	549.936	897.28	0.8074	-0.053	-0.2786	0.9589	4.7357	4.4191	-36.0721	0.0	12	0.0	0.0		5643	0	0
1701883116140	t	nursery_testcue_tearoom_right	0.0	0	0	3.6637	598.464	814.24	0.7454	3.8025	548.496	894.72	0.8084	-0.0493	-0.2718	0.9611	5.1768	4.4331	-36.0794	0.0	12	0.0	0.0		5643	0	0
1701883116148	t	nursery_testcue_tearoom_right	0.0	0	0	3.6771	601.776	814.56	0.7414	3.6887	545.904	892.8000000000001	0.8186	-0.0469	-0.2718	0.9612	5.1611	4.4441	-36.0705	0.0	12	0.0	0.0		5643	0	0
1701883116157	t	nursery_testcue_tearoom_right	0.0	0	0	3.6971	599.328	812.64	0.7414	3.7609	550.8	892.4799999999999	0.8186	-0.0567	-0.2764	0.9594	5.0132	4.4842	-36.0654	0.0	12	0.0	0.0		5643	0	0
1701883116165	t	nursery_testcue_tearoom_right	0.0	0	0	3.6494	585.216	792.0	0.7463	3.6649	533.52	875.52	0.8123	-0.0154	-0.241	0.9704	5.6146	4.6276	-36.0356	0.0	12	0.0	0.0		5643	0	0
1701883116174	t	nursery_testcue_tearoom_right	0.0	0	0	3.7124	582.912	771.52	0.7463	3.6328	526.7520000000001	856.1600000000001	0.8123	-0.0079	-0.201	0.9796	3.1511	4.7261	-36.0551	0.0	12	0.0	0.0		5643	0	0
1701883116182	t	nursery_testcue_tearoom_right	0.0	0	0	3.7598	582.48	759.36	0.7186	3.7716	527.04	844.3199999999999	0.8137	-0.0233	-0.2003	0.9794	-21.5622	4.2935	-35.4708	0.0	12	0.0	0.0		5643	0	0
1701883116191	t	nursery_testcue_tearoom_right	0.0	0	0	3.7257	579.024	747.2	0.7186	3.7864	520.272	835.0400000000001	0.8137	-0.0057	-0.1857	0.9826	-25.3016	4.288	-35.3963	0.0	12	0.0	0.0		5643	0	0
1701883116199	t	nursery_testcue_tearoom_right	0.0	0	0	3.856	578.448	751.1999999999999	0.7367	3.8278	524.016	831.1999999999999	0.842	-0.0202	-0.1654	0.986	-24.5022	4.3172	-35.5801	0.0	12	0.0	0.0		5643	0	0
1701883116207	t	nursery_testcue_tearoom_right	0.0	0	0	3.712	580.896	749.76	0.7367	3.8606	524.88	832.48	0.842	-0.0136	-0.1666	0.9859	-25.4037	4.2663	-35.5051	0.0	12	0.0	0.0		5643	0	0
1701883116215	t	nursery_testcue_tearoom_right	0.0	0	0	3.777	581.328	749.92	0.776	3.8656	527.76	834.24	0.9444	-0.0132	-0.1693	0.9855	-25.0188	4.2654	-35.5288	0.0	12	0.0	0.0		5643	0	0
1701883116223	t	nursery_testcue_tearoom_right	0.0	0	0	3.7804	581.472	750.4	0.776	3.8172	531.36	832.8	0.9444	-0.0227	-0.1617	0.9866	-23.0288	4.3043	-35.5839	0.0	12	0.0	0.0		5643	0	0
1701883116233	t	nursery_testcue_tearoom_right	0.0	0	0	3.7199	584.208	751.04	0.812	3.8897	530.784	834.8800000000001	0.9802	-0.0169	-0.1669	0.9858	-21.4405	4.3363	-35.6202	0.0	12	0.0	0.0		5643	0	0
1701883116241	t	nursery_testcue_tearoom_right	0.0	0	0	3.7652	583.344	751.04	0.812	3.8729	533.808	836.16	0.9802	-0.0199	-0.1704	0.9852	-20.7515	4.3446	-35.6074	0.0	12	0.0	0.0		5643	0	0
1701883116249	t	nursery_testcue_tearoom_right	0.0	0	0	3.7097	584.928	748.8000000000001	0.8403	3.7146	534.96	836.48	0.9874	-0.0173	-0.1706	0.9852	-15.956	4.4736	-35.7383	0.0	12	0.0	0.0		5643	0	0
1701883116257	t	nursery_testcue_tearoom_right	0.0	0	0	3.7149	587.376	747.8399999999999	0.8403	3.8361	537.984	833.6	0.9874	-0.0235	-0.1683	0.9854	-17.0629	4.4849	-35.7243	0.0	12	0.0	0.0		5643	0	0
1701883116266	t	nursery_testcue_tearoom_right	0.0	0	0	3.7521	588.9599999999999	748.0	0.8558	3.7279	539.856	833.92	0.9979	-0.0274	-0.1708	0.9849	-14.0337	4.5667	-35.7874	0.0	12	0.0	0.0		5643	0	0
1701883116276	t	nursery_testcue_tearoom_right	0.0	0	0	3.7455	591.984	744.8000000000001	0.8658	3.7292	541.8720000000001	833.2800000000001	0.9931	-0.0308	-0.1725	0.9845	-20.2264	4.4203	-35.5973	0.0	12	0.0	0.0		5643	0	0
1701883116282	t	nursery_testcue_tearoom_right	0.0	0	0	3.6874	593.712	744.64	0.8658	3.6779	544.32	828.32	0.9931	-0.0331	-0.159	0.9867	-15.5618	4.5663	-35.7671	0.0	12	0.0	0.0		5643	0	0
1701883116291	t	nursery_testcue_tearoom_right	0.0	0	0	3.6789	595.4399999999999	742.4000000000001	0.8658	3.7635	547.056	830.24	0.9931	-0.0337	-0.1721	0.9845	-23.696	4.3711	-35.4711	0.0	12	0.0	0.0		5643	0	0
1701883116299	t	nursery_testcue_tearoom_right	0.0	0	0	3.8046	596.736	742.72	0.8799	3.787	550.08	831.04	0.978	-0.0385	-0.1802	0.9829	-26.1588	4.3381	-35.4314	0.0	12	0.0	0.0		5643	0	0
1701883116307	t	nursery_testcue_tearoom_right	0.0	0	0	3.761	596.736	740.96	0.8799	3.7562	550.512	829.12	0.978	-0.0368	-0.174	0.984	-26.5504	4.336	-35.4398	0.0	12	0.0	0.0		5643	0	0
1701883116316	t	nursery_testcue_tearoom_right	0.0	0	0	3.7895	599.472	738.5600000000001	0.8986	3.7464	554.2560000000001	826.24	0.9791	-0.0497	-0.1627	0.9854	-26.6734	4.334	-35.453	0.0	12	0.0	0.0		5643	0	0
1701883116324	t	nursery_testcue_tearoom_right	0.0	0	0	3.8568	599.76	739.8399999999999	0.8986	3.7999	553.2479999999999	824.9599999999999	0.9791	-0.0417	-0.1576	0.9866	-26.0994	4.3438	-35.4683	0.0	12	0.0	0.0		5643	0	0
1701883116332	t	nursery_testcue_tearoom_right	0.0	0	0	3.8028	600.048	738.88	0.9119	3.7202	557.1360000000001	826.56	0.9801	-0.0543	-0.1625	0.9852	-25.7594	4.3508	-35.4626	0.0	12	0.0	0.0		5643	0	0
1701883116341	t	nursery_testcue_tearoom_right	0.0	0	0	3.8173	603.072	738.5600000000001	0.9119	3.7749	559.008	824.0	0.9801	-0.056	-0.153	0.9866	-26.0444	4.3476	-35.4872	0.0	12	0.0	0.0		5643	0	0
1701883116349	t	nursery_testcue_tearoom_right	0.0	0	0	3.8307	602.496	740.16	0.9123	3.7613	561.456	823.5200000000001	0.9807	-0.0617	-0.152	0.9864	-24.551	4.391	-35.5216	0.0	12	0.0	0.0		5643	0	0
1701883116357	t	nursery_testcue_tearoom_right	0.0	0	0	3.7903	603.792	739.2	0.9123	3.7364	560.304	822.4	0.9807	-0.0527	-0.1503	0.9872	-23.3214	4.4312	-35.5536	0.0	12	0.0	0.0		5643	0	0
1701883116366	t	nursery_testcue_tearoom_right	0.0	0	0	3.832	607.536	737.28	0.9323	3.778	561.888	822.08	0.9724	-0.0557	-0.1499	0.9871	-18.791	4.5531	-35.6552	0.0	12	0.0	0.0		5643	0	0
1701883116374	t	nursery_testcue_tearoom_right	0.0	0	0	3.8814	608.256	735.52	0.9323	3.7315	564.768	821.12	0.9724	-0.0628	-0.148	0.987	-17.0967	4.6046	-35.6839	0.0	12	0.0	0.0		5643	0	0
1701883116382	t	nursery_testcue_tearoom_right	0.0	0	0	3.8581	610.416	737.76	0.9576	3.8078	564.192	821.9200000000001	0.9717	-0.058	-0.1553	0.9861	-18.8446	4.577	-35.6424	0.0	12	0.0	0.0		5643	0	0
1701883116391	t	nursery_testcue_tearoom_right	0.0	0	0	3.8742	614.016	736.8000000000001	0.9576	3.7714	565.9200000000001	822.72	0.9717	-0.0634	-0.1584	0.9853	-19.0163	4.5737	-35.6169	0.0	12	0.0	0.0		5643	0	0
1701883116399	t	nursery_testcue_tearoom_right	0.0	0	0	3.8834	615.7439999999999	737.12	0.9575	3.7865	568.512	822.08	0.9711	-0.0681	-0.1549	0.9856	-16.9361	4.6184	-35.6572	0.0	12	0.0	0.0		5643	0	0
1701883116407	t	nursery_testcue_tearoom_right	0.0	0	0	3.768	616.896	736.48	0.9578	3.7533	569.52	822.56	0.9713	-0.0704	-0.1552	0.9854	-13.7527	4.6951	-35.7247	0.0	12	0.0	0.0		5643	0	0
1701883116416	t	nursery_testcue_tearoom_right	0.0	0	0	3.9299	607.824	733.4399999999999	0.9834	3.8233	560.448	818.72	0.9672	-0.0461	-0.1441	0.9885	-19.3404	4.5699	-35.6378	0.0	12	0.0	0.0		5643	0	0
1701883116424	t	nursery_testcue_tearoom_right	0.0	0	0	3.9778	592.8480000000001	726.24	0.9834	3.8062	546.048	815.1999999999999	0.9672	-0.0295	-0.1164	0.9928	17.6217	5.4455	-36.3606	0.0	12	0.0	0.0		5643	0	0
1701883116432	t	nursery_testcue_tearoom_right	0.0	0	0	3.9375	590.832	726.4	0.9657	3.7313	540.144	815.04	0.9731	-0.04	-0.1173	0.9923	14.8368	5.3071	-36.0565	0.0	12	0.0	0.0		5643	0	0
1701883116441	t	nursery_testcue_tearoom_right	0.0	0	0	3.8239	590.112	725.76	0.9657	3.7835	540.0	810.72	0.9731	-0.0361	-0.1162	0.9926	-0.51	4.9804	-35.849	0.0	12	0.0	0.0		5643	0	0
1701883116449	t	nursery_testcue_tearoom_right	0.0	0	0	3.9274	591.264	724.64	0.9513	3.8248	542.448	810.5600000000001	0.9837	-0.0404	-0.1112	0.993	1.4859	5.033	-35.9463	0.0	12	0.0	0.0		5643	0	0
1701883116457	t	nursery_testcue_tearoom_right	0.0	0	0	3.9143	590.832	726.24	0.9513	3.8483	540.576	811.0400000000001	0.9837	-0.0366	-0.1153	0.9926	4.7659	5.1095	-35.987	0.0	12	0.0	0.0		5643	0	0
1701883116466	t	nursery_testcue_tearoom_right	0.0	0	0	3.8876	592.7040000000001	727.2	0.9574	3.7746	542.736	811.68	0.9895	-0.0417	-0.1202	0.9919	4.8031	5.1102	-35.946	0.0	12	0.0	0.0		5643	0	0
1701883116474	t	nursery_testcue_tearoom_right	0.0	0	0	3.9333	592.56	725.76	0.9574	3.8341	543.456	810.3999999999999	0.9895	-0.0334	-0.1163	0.9926	1.2815	5.0323	-35.8868	0.0	12	0.0	0.0		5643	0	0
1701883116482	t	nursery_testcue_tearoom_right	0.0	0	0	3.9189	593.424	724.16	1.0	3.7184	547.2	812.8	1.0	-0.0384	-0.1262	0.9913	-2.7269	4.9777	-35.8439	0.0	12	0.0	0.0		5643	0	0
1701883116491	t	nursery_testcue_tearoom_right	0.0	0	0	3.8976	592.8480000000001	724.16	1.0	3.7981	548.784	810.72	1.0	-0.0392	-0.1213	0.9918	1.7085	5.07	-35.8579	0.0	12	0.0	0.0		5643	0	0
1701883116499	t	nursery_testcue_tearoom_right	0.0	0	0	3.882	594.288	727.2	1.0	3.7769	548.3520000000001	811.36	1.0	-0.038	-0.1306	0.9907	-1.0911	5.0407	-35.8968	0.0	12	0.0	0.0		5643	0	0
1701883116507	t	nursery_testcue_tearoom_right	0.0	0	0	3.9169	595.2959999999999	725.28	1.0	3.7821	549.936	809.92	1.0	-0.0413	-0.126	0.9912	-0.7362	5.0759	-35.9758	0.0	12	0.0	0.0		5643	0	0
1701883116516	t	nursery_testcue_tearoom_right	0.0	0	0	3.881	595.2959999999999	723.68	1.0	3.817	550.944	808.16	1.0	-0.0437	-0.1168	0.9922	13.4518	5.3605	-36.08	0.0	12	0.0	0.0		5643	0	0
1701883116524	t	nursery_testcue_tearoom_right	0.0	0	0	3.8895	595.2959999999999	722.88	1.0	3.8486	550.3679999999999	809.1200000000001	1.0	-0.0433	-0.1143	0.9925	17.0491	5.426	-36.0965	0.0	12	0.0	0.0		5643	0	0
1701883116532	t	nursery_testcue_tearoom_right	0.0	0	0	3.8942	595.152	723.36	1.0	3.8266	551.232	808.16	1.0	-0.0443	-0.1128	0.9926	20.4971	5.4819	-36.0918	0.0	12	0.0	0.0		5643	0	0
1701883116541	t	nursery_testcue_tearoom_right	0.0	0	0	3.8957	595.2959999999999	723.36	1.0	3.87	551.952	806.72	1.0	-0.0456	-0.1106	0.9928	23.6613	5.5442	-36.1167	0.0	12	0.0	0.0		5643	0	0
1701883116549	t	nursery_testcue_tearoom_right	0.0	0	0	3.8942	595.2959999999999	723.36	1.0	3.8486	551.808	808.16	1.0	-0.0458	-0.1113	0.9927	23.8856	5.5484	-36.1188	0.0	12	0.0	0.0		5643	0	0
1701883116557	t	nursery_testcue_tearoom_right	0.0	0	0	3.8956	595.5840000000001	723.2	1.0	3.8271	551.52	809.6	1.0	-0.0455	-0.1147	0.9923	17.2834	5.4296	-36.1032	0.0	12	0.0	0.0		5643	0	0
1701883116566	t	nursery_testcue_tearoom_right	0.0	0	0	3.8943	595.872	723.0400000000001	1.0	3.8463	551.664	808.96	1.0	-0.0451	-0.1165	0.9922	10.4186	5.3008	-36.0739	0.0	12	0.0	0.0		5643	0	0
1701883116573	t	nursery_testcue_tearoom_right	0.0	0	0	3.9035	599.1840000000001	721.28	1.0	3.8306	552.24	808.3199999999999	1.0	-0.0513	-0.1176	0.9917	2.446	5.1829	-36.1224	0.0	12	0.0	0.0		5643	0	0
1701883116582	t	nursery_testcue_tearoom_right	0.0	0	0	3.908	599.904	722.0799999999999	1.0	3.7871	553.2479999999999	809.92	1.0	-0.0507	-0.1273	0.9906	-4.087	5.0602	-36.0556	0.0	12	0.0	0.0		5643	0	0
1701883116590	t	nursery_testcue_tearoom_right	0.0	0	0	3.9305	600.336	720.8000000000001	1.0	3.8451	553.968	808.96	1.0	-0.0562	-0.1212	0.991	3.0635	5.1685	-35.9574	0.0	12	0.0	0.0		5643	0	0
1701883116598	t	nursery_testcue_tearoom_right	0.0	0	0	3.9152	600.192	720.64	1.0	3.6987	556.2719999999999	805.9200000000001	1.0	-0.0634	-0.1132	0.9915	16.1543	5.4378	-36.0602	0.0	12	0.0	0.0		5643	0	0
1701883116607	t	nursery_testcue_tearoom_right	0.0	0	0	3.8887	601.056	720.48	1.0	3.7773	555.264	803.04	1.0	-0.0676	-0.1111	0.9915	25.3329	5.6386	-36.1487	0.0	12	0.0	0.0		5643	0	0
1701883116615	t	nursery_testcue_tearoom_right	0.0	0	0	3.8763	600.624	720.0	1.0	3.717	556.992	803.36	1.0	-0.0697	-0.1059	0.9919	29.7527	5.7049	-36.1615	0.0	12	0.0	0.0		5643	0	0
1701883116624	t	nursery_testcue_tearoom_right	0.0	0	0	3.9328	601.1999999999999	717.92	1.0	3.8351	556.416	800.6399999999999	1.0	-0.0739	-0.1	0.9922	30.9997	5.7521	-36.2179	0.0	12	0.0	0.0		5643	0	0
1701883116632	t	nursery_testcue_tearoom_right	0.0	0	0	3.859	601.056	715.84	1.0	3.7328	557.424	802.5600000000001	1.0	-0.0742	-0.0947	0.9927	30.6867	5.7592	-36.2515	0.0	12	0.0	0.0		5643	0	0
1701883116640	t	nursery_testcue_tearoom_right	0.0	0	0	3.8815	600.192	717.76	1.0	3.5927	554.2560000000001	802.0799999999999	1.0	-0.071	-0.1024	0.9922	28.5304	5.7208	-36.2317	0.0	12	0.0	0.0		5643	0	0
1701883116648	t	nursery_testcue_tearoom_right	0.0	0	0	3.8668	602.0640000000001	717.44	1.0	3.5899	555.12	802.3999999999999	1.0	-0.0746	-0.1027	0.9919	23.9278	5.5983	-36.079	0.0	12	0.0	0.0		5643	0	0
1701883116657	t	nursery_testcue_tearoom_right	0.0	0	0	3.8578	602.352	717.6	1.0	3.6737	558.576	802.3999999999999	1.0	-0.0726	-0.1075	0.9915	13.6905	5.4015	-36.0007	0.0	12	0.0	0.0		5643	0	0
1701883116665	t	nursery_testcue_tearoom_right	0.0	0	0	3.7932	604.5120000000001	716.64	1.0	3.6632	558.864	801.44	1.0	-0.0732	-0.107	0.9916	7.8175	5.3045	-36.0047	0.0	12	0.0	0.0		5643	0	0
1701883116673	t	nursery_testcue_tearoom_right	0.0	0	0	3.8152	607.536	716.48	1.0	3.6448	560.16	798.24	1.0	-0.0778	-0.1006	0.9919	10.7275	5.3793	-36.1036	0.0	12	0.0	0.0		5643	0	0
1701883116682	t	nursery_testcue_tearoom_right	0.0	0	0	3.7689	610.272	716.64	1.0	3.5714	563.472	795.84	1.0	-0.0769	-0.1018	0.9918	6.7086	5.3424	-36.1575	0.0	12	0.0	0.0		5643	0	0
1701883116690	t	nursery_testcue_tearoom_right	0.0	0	0	3.7944	612.144	716.64	1.0	3.5434	566.64	796.96	1.0	-0.0787	-0.1028	0.9916	0.5552	5.2257	-36.1432	0.0	12	0.0	0.0		5643	0	0
1701883116698	t	nursery_testcue_tearoom_right	0.0	0	0	3.7765	612.288	715.0400000000001	1.0	3.4644	566.928	794.56	1.0	-0.0729	-0.0947	0.9928	-4.4244	5.1208	-36.093	0.0	12	0.0	0.0		5643	0	0
1701883116707	t	nursery_testcue_tearoom_right	0.0	0	0	3.7317	616.4639999999999	716.64	1.0	3.7234	571.104	798.08	1.0	-0.0833	-0.104	0.9911	-13.3352	4.9246	-35.9582	0.0	12	0.0	0.0		5643	0	0
1701883116715	t	nursery_testcue_tearoom_right	0.0	0	0	3.7396	617.3280000000001	714.4	1.0	3.4642	568.656	801.6	1.0	-0.074	-0.1196	0.9901	-18.5603	4.8166	-35.8196	0.0	12	0.0	0.0		5643	0	0
1701883116723	t	nursery_testcue_tearoom_right	0.0	0	0	3.77	617.472	713.6	1.0	3.5101	571.248	802.72	1.0	-0.076	-0.125	0.9892	-22.7615	4.7684	-35.8998	0.0	12	0.0	0.0		5643	0	0
1701883116732	t	nursery_testcue_tearoom_right	0.0	0	0	3.7758	617.616	716.16	1.0	3.5129	571.248	800.3199999999999	1.0	-0.0765	-0.1172	0.9902	-22.841	4.7755	-35.9463	0.0	12	0.0	0.0		5643	0	0
1701883116740	t	nursery_testcue_tearoom_right	0.0	0	0	3.7581	616.896	714.24	1.0	3.425	569.952	802.2399999999999	1.0	-0.0735	-0.1215	0.9899	-21.0257	4.8036	-35.9558	0.0	12	0.0	0.0		5643	0	0
1701883116748	t	nursery_testcue_tearoom_right	0.0	0	0	3.6845	616.4639999999999	712.96	1.0	3.5374	571.104	803.36	1.0	-0.0778	-0.1219	0.9895	-19.8162	4.8141	-35.9398	0.0	12	0.0	0.0		5643	0	0
1701883116757	t	nursery_testcue_tearoom_right	0.0	0	0	3.7619	618.048	714.24	1.0	3.6195	572.256	797.2800000000001	1.0	-0.0829	-0.1008	0.9914	-16.0185	4.8943	-36.0145	0.0	12	0.0	0.0		5643	0	0
1701883116765	t	nursery_testcue_tearoom_right	0.0	0	0	3.7962	617.616	713.28	1.0	3.5305	573.984	803.9999999999999	1.0	-0.0871	-0.1192	0.989	-15.3246	4.8911	-35.9623	0.0	12	0.0	0.0		5643	0	0
1701883116773	t	nursery_testcue_tearoom_right	0.0	0	0	3.7701	618.768	715.2	1.0	3.4609	574.848	800.0	1.0	-0.0894	-0.1097	0.9899	-13.2595	4.9443	-36.0051	0.0	12	0.0	0.0		5643	0	0
1701883116782	t	nursery_testcue_tearoom_right	0.0	0	0	3.8372	620.2080000000001	714.24	1.0	3.5332	576.576	800.4799999999999	1.0	-0.0951	-0.111	0.9893	-11.5268	4.9862	-36.0085	0.0	12	0.0	0.0		5643	0	0
1701883116790	t	nursery_testcue_tearoom_right	0.0	0	0	3.7444	621.6479999999999	714.0799999999999	1.0	3.6101	574.4159999999999	798.4	1.0	-0.0872	-0.1075	0.9904	-10.0162	5.0284	-36.0211	0.0	12	0.0	0.0		5643	0	0
1701883116798	t	nursery_testcue_tearoom_right	0.0	0	0	3.7977	624.96	711.68	1.0	3.5551	578.592	796.16	1.0	-0.1043	-0.0996	0.9895	-4.3883	5.1563	-36.0873	0.0	12	0.0	0.0		5643	0	0
1701883116807	t	nursery_testcue_tearoom_right	0.0	0	0	3.7154	624.528	714.0799999999999	1.0	3.5655	580.032	799.2	1.0	-0.1072	-0.1087	0.9883	1.3461	5.2707	-36.1181	0.0	12	0.0	0.0		5643	0	0
1701883116815	t	nursery_testcue_tearoom_right	0.0	0	0	3.6958	625.1039999999999	712.8	1.0	3.6019	577.872	793.6	1.0	-0.1026	-0.0975	0.9899	1.9847	5.2858	-36.1053	0.0	12	0.0	0.0		5643	0	0
1701883116823	t	nursery_testcue_tearoom_right	0.0	0	0	3.7052	625.5360000000001	712.64	1.0	3.6771	583.9200000000001	793.12	1.0	-0.115	-0.0962	0.9887	4.2225	5.3364	-36.1366	0.0	12	0.0	0.0		5643	0	0
1701883116832	t	nursery_testcue_tearoom_right	0.0	0	0	3.6972	626.4	714.0799999999999	1.0	3.6407	585.504	795.36	1.0	-0.1182	-0.1026	0.9877	4.4933	5.3476	-36.16	0.0	12	0.0	0.0		5643	0	0
1701883116840	t	nursery_testcue_tearoom_right	0.0	0	0	3.7167	628.56	710.88	1.0	3.671	583.776	792.64	1.0	-0.1187	-0.0914	0.9887	4.5677	5.3412	-36.1402	0.0	12	0.0	0.0		5643	0	0
1701883116848	t	nursery_testcue_tearoom_right	0.0	0	0	3.6812	628.848	713.12	1.0	3.652	583.488	792.64	1.0	-0.1169	-0.0961	0.9885	4.6134	5.3406	-36.1234	0.0	12	0.0	0.0		5643	0	0
1701883116857	t	nursery_testcue_tearoom_right	0.0	0	0	3.6954	630.432	713.44	1.0	3.4365	583.0559999999999	797.76	1.0	-0.1148	-0.1086	0.9874	1.0951	5.2749	-36.0777	0.0	12	0.0	0.0		5643	0	0
1701883116865	t	nursery_testcue_tearoom_right	0.0	0	0	3.721	630.144	713.12	1.0	3.5986	584.352	795.04	1.0	-0.1131	-0.1041	0.9881	-1.3063	5.2317	-36.0505	0.0	12	0.0	0.0		5643	0	0
1701883116873	t	nursery_testcue_tearoom_right	0.0	0	0	3.6515	631.152	712.64	1.0	3.5526	587.232	794.4	1.0	-0.1179	-0.1031	0.9876	-3.7736	5.1872	-36.0291	0.0	12	0.0	0.0		5643	0	0
1701883116882	t	nursery_testcue_tearoom_right	0.0	0	0	3.6213	625.1039999999999	713.6	1.0	3.4994	580.608	798.4	1.0	-0.1064	-0.1104	0.9882	-4.7829	5.161	-36.0764	0.0	12	0.0	0.0		5643	0	0
1701883116890	t	nursery_testcue_tearoom_right	0.0	0	0	3.7928	607.248	725.44	1.0	3.6021	555.408	809.1200000000001	1.0	-0.0646	-0.1272	0.9898	-3.2589	5.0716	-36.0896	0.0	12	0.0	0.0		5643	0	0
1701883116898	t	nursery_testcue_tearoom_right	0.0	0	0	3.6328	591.8399999999999	738.4000000000001	1.0	3.6242	535.5360000000001	823.5200000000001	1.0	-0.0429	-0.1512	0.9876	-10.8009	4.8245	-36.2059	0.0	12	0.0	0.0		5643	0	0
1701883116907	t	nursery_testcue_tearoom_right	0.0	0	0	3.6977	571.3919999999999	761.9200000000001	1.0	3.7744	512.928	844.48	1.0	-0.0106	-0.1826	0.9831	-13.7419	4.4959	-36.0345	0.0	12	0.0	0.0		5643	0	0
1701883116915	t	nursery_testcue_tearoom_right	0.0	0	0	3.6789	560.304	786.4	1.0	3.889	493.92	864.9599999999999	1.0	0.017	-0.2206	0.9752	-15.9069	4.2436	-35.9413	0.0	12	0.0	0.0		5643	0	0
1701883116923	t	nursery_testcue_tearoom_right	0.0	0	0	3.7162	542.592	807.5200000000001	1.0	3.6636	469.44	883.6800000000001	1.0	0.0702	-0.2542	0.9646	-17.6667	4.0487	-35.9632	0.0	12	0.0	0.0		5643	0	0
1701883116932	t	nursery_testcue_tearoom_right	0.0	0	0	3.7231	531.36	816.3199999999999	0.9249	3.7983	460.656	898.56	0.998	0.0774	-0.2764	0.9579	-17.5125	3.9294	-35.9981	0.0	12	0.0	0.0		5643	0	0
1701883116940	t	nursery_testcue_tearoom_right	0.0	0	0	3.7267	523.8720000000001	824.48	0.9254	3.6901	457.344	902.2399999999999	0.998	0.0848	-0.2888	0.9536	-15.7982	3.9551	-36.0197	0.0	12	0.0	0.0		5643	0	0
1701883116948	t	nursery_testcue_tearoom_right	0.0	0	0	3.6856	525.024	826.0799999999999	0.807	3.7716	461.664	899.5200000000001	0.919	0.0772	-0.2854	0.9553	-10.0732	4.083	-36.0787	0.0	12	0.0	0.0		5643	0	0
1701883116957	t	nursery_testcue_tearoom_right	0.0	0	0	3.6962	523.4399999999999	822.08	0.807	3.8078	462.384	900.6399999999999	0.919	0.0804	-0.2846	0.9553	-4.2108	4.2051	-36.1445	0.0	12	0.0	0.0		5643	0	0
1701883116965	t	nursery_testcue_tearoom_right	0.0	0	0	3.7535	522.8639999999999	821.4399999999999	0.7341	3.677	464.11199999999997	901.2800000000001	0.8866	0.0781	-0.2857	0.9551	-2.7858	4.2385	-36.1598	0.0	12	0.0	0.0		5643	0	0
1701883116975	t	nursery_testcue_tearoom_right	0.0	0	0	3.6632	523.008	821.9200000000001	0.7341	3.834	465.264	898.56	0.8866	0.0812	-0.2821	0.9559	2.0996	4.347	-36.2143	0.0	12	0.0	0.0		5643	0	0
1701883116982	t	nursery_testcue_tearoom_right	0.0	0	0	3.6589	524.736	821.9200000000001	0.7292	3.7621	464.832	900.16	0.8777	0.0875	-0.2894	0.9532	2.5389	4.3746	-36.212	0.0	12	0.0	0.0		5643	0	0
1701883116990	t	nursery_testcue_tearoom_right	0.0	0	0	3.6321	525.888	823.6800000000001	0.7292	3.8715	470.16	900.16	0.8777	0.0784	-0.2945	0.9524	2.5768	4.3889	-36.2084	0.0	12	0.0	0.0		5643	0	0
1701883116998	t	nursery_testcue_tearoom_right	0.0	0	0	3.5554	525.312	822.08	0.7081	3.9357	473.76000000000005	899.04	0.8727	0.0773	-0.2937	0.9528	4.9571	4.4541	-36.2279	0.0	12	0.0	0.0		5643	0	0
1701883117007	t	nursery_testcue_tearoom_right	0.0	0	0	3.5874	527.76	820.96	0.7081	3.8943	471.31199999999995	896.0000000000001	0.8727	0.0796	-0.2889	0.954	6.109	4.4865	-36.2358	0.0	12	0.0	0.0		5643	0	0
1701883117015	t	nursery_testcue_tearoom_right	0.0	0	0	3.5501	530.352	817.6	0.7048	3.8403	473.04	892.4799999999999	0.8678	0.0729	-0.2796	0.9573	6.5543	4.5041	-36.2358	0.0	12	0.0	0.0		5643	0	0
1701883117023	t	nursery_testcue_tearoom_right	0.0	0	0	3.6153	531.072	816.64	0.7048	3.657	475.20000000000005	888.9599999999999	0.8678	0.0691	-0.2754	0.9588	6.4019	4.5163	-36.23	0.0	12	0.0	0.0		5643	0	0
1701883117032	t	nursery_testcue_tearoom_right	0.0	0	0	3.634	530.64	813.7600000000001	0.7147	3.751	473.328	893.12	0.8707	0.0751	-0.2802	0.957	5.8263	4.5208	-36.2198	0.0	12	0.0	0.0		5643	0	0
1701883117040	t	nursery_testcue_tearoom_right	0.0	0	0	3.6383	532.8	815.1999999999999	0.7147	3.7055	479.23199999999997	890.7199999999999	0.8707	0.0617	-0.2818	0.9575	5.4287	4.5272	-36.2104	0.0	12	0.0	0.0		5643	0	0
1701883117048	t	nursery_testcue_tearoom_right	0.0	0	0	3.6703	530.928	814.4	0.7217	3.6986	478.65599999999995	889.28	0.8559	0.0693	-0.2807	0.9573	5.2939	4.5383	-36.2062	0.0	12	0.0	0.0		5643	0	0
1701883117056	t	nursery_testcue_tearoom_right	0.0	0	0	3.685	532.944	815.04	0.7217	3.6442	487.152	891.5200000000001	0.8559	0.0503	-0.2866	0.9567	6.0418	4.56	-36.2143	0.0	12	0.0	0.0		5643	0	0
1701883117064	t	nursery_testcue_tearoom_right	0.0	0	0	3.6235	532.5120000000001	813.28	0.7259	3.6811	487.87199999999996	885.92	0.8535	0.052	-0.2758	0.9598	6.6622	4.5766	-36.2196	0.0	12	0.0	0.0		5643	0	0
1701883117073	t	nursery_testcue_tearoom_right	0.0	0	0	3.7292	533.376	811.68	0.7273	3.7796	487.87199999999996	889.12	0.8544	0.0527	-0.2799	0.9586	7.135	4.5975	-36.2236	0.0	12	0.0	0.0		5643	0	0
1701883117081	t	nursery_testcue_tearoom_right	0.0	0	0	3.7082	535.1039999999999	810.3999999999999	0.7097	3.8274	490.464	887.52	0.854	0.0475	-0.2773	0.9596	7.8256	4.6216	-36.2293	0.0	12	0.0	0.0		5643	0	0
1701883117090	t	nursery_testcue_tearoom_right	0.0	0	0	3.562	539.712	807.5200000000001	0.7097	3.7254	493.92	885.92	0.854	0.0349	-0.2719	0.9617	7.9084	4.6337	-36.2281	0.0	12	0.0	0.0		5643	0	0
1701883117098	t	nursery_testcue_tearoom_right	0.0	0	0	3.7764	537.12	808.0	0.7138	3.725	495.072	882.24	0.8413	0.0413	-0.2683	0.9624	7.7451	4.6395	-36.2267	0.0	12	0.0	0.0		5643	0	0
1701883117107	t	nursery_testcue_tearoom_right	0.0	0	0	3.7343	537.696	808.4799999999999	0.7138	3.6452	496.512	883.04	0.8413	0.0409	-0.272	0.9614	7.3118	4.6386	-36.2194	0.0	12	0.0	0.0		5643	0	0
1701883117115	t	nursery_testcue_tearoom_right	0.0	0	0	3.7335	540.72	806.88	0.7155	3.6899	496.22400000000005	885.12	0.823	0.0389	-0.273	0.9612	6.0246	4.6151	-36.2008	0.0	12	0.0	0.0		5643	0	0
1701883117123	t	nursery_testcue_tearoom_right	0.0	0	0	3.693	540.576	807.5200000000001	0.7155	3.6779	497.808	883.52	0.823	0.0391	-0.2712	0.9617	5.5393	4.6037	-36.1951	0.0	12	0.0	0.0		5643	0	0
1701883117131	t	nursery_testcue_tearoom_right	0.0	0	0	3.6084	544.608	809.76	0.7204	3.675	500.112	882.08	0.8459	0.0293	-0.2717	0.9619	4.7914	4.5824	-36.1862	0.0	12	0.0	0.0		5643	0	0
1701883117140	t	nursery_testcue_tearoom_right	0.0	0	0	3.64	543.8879999999999	806.88	0.7204	3.7126	501.408	884.4799999999999	0.8459	0.0302	-0.2705	0.9622	4.6669	4.5807	-36.1867	0.0	12	0.0	0.0		5643	0	0
1701883117148	t	nursery_testcue_tearoom_right	0.0	0	0	3.7312	544.608	807.04	0.7045	3.7933	501.264	883.52	0.8433	0.0299	-0.269	0.9627	4.5173	4.5765	-36.1842	0.0	12	0.0	0.0		5643	0	0
1701883117156	t	nursery_testcue_tearoom_right	0.0	0	0	3.7688	545.472	806.4	0.7045	3.7819	501.11999999999995	882.4	0.8433	0.0303	-0.2642	0.964	4.1309	4.5601	-36.1797	0.0	12	0.0	0.0		5643	0	0
1701883117165	t	nursery_testcue_tearoom_right	0.0	0	0	3.6689	551.52	816.8	0.715	3.7607	500.832	894.0799999999999	0.8367	0.0253	-0.2854	0.9581	3.7164	4.4747	-36.1963	0.0	12	0.0	0.0		5643	0	0
1701883117173	t	nursery_testcue_tearoom_right	0.0	0	0	3.7286	559.728	834.56	0.715	3.7355	500.112	910.3999999999999	0.8367	0.0184	-0.3163	0.9485	2.7138	4.3316	-36.2172	0.0	12	0.0	0.0		5643	0	0
1701883117181	t	nursery_testcue_tearoom_right	0.0	0	0	3.7603	568.08	848.64	0.6872	3.7091	497.23199999999997	929.4399999999999	0.8014	0.0219	-0.3482	0.9372	1.8046	4.204	-36.2421	0.0	12	0.0	0.0		5643	0	0
1701883117190	t	nursery_testcue_tearoom_right	0.0	0	0	3.7797	576.432	858.7199999999999	0.6872	3.7117	499.248	938.08	0.8014	0.0063	-0.3603	0.9328	7.6573	4.2394	-36.3328	0.0	12	0.0	0.0		5643	0	0
1701883117198	t	nursery_testcue_tearoom_right	0.0	0	0	3.8299	574.992	857.44	0.6891	3.7299	500.4	938.88	0.761	0.0095	-0.3533	0.9355	8.6942	4.2317	-36.3495	0.0	12	0.0	0.0		5643	0	0
1701883117206	t	nursery_testcue_tearoom_right	0.0	0	0	3.81	575.136	857.1199999999999	0.6906	3.7681	503.13599999999997	935.2	0.7623	0.0051	-0.3508	0.9364	8.6515	4.2463	-36.3442	0.0	12	0.0	0.0		5643	0	0
1701883117215	t	nursery_testcue_tearoom_right	0.0	0	0	3.8242	574.848	856.8	0.6455	3.7376	510.336	936.0	0.7108	-0.0053	-0.352	0.936	8.7913	4.2549	-36.3488	0.0	12	0.0	0.0		5643	0	0
1701883117223	t	nursery_testcue_tearoom_right	0.0	0	0	3.8376	575.856	856.9599999999999	0.6455	3.7964	515.52	933.76	0.7108	-0.0168	-0.3496	0.9367	8.3958	4.2509	-36.3451	0.0	12	0.0	0.0		5643	0	0
1701883117231	t	nursery_testcue_tearoom_right	0.0	0	0	3.6401	580.32	857.9200000000001	0.6319	3.7634	510.336	939.6800000000001	0.7365	-0.0135	-0.3622	0.932	7.0194	4.2327	-36.3256	0.0	12	0.0	0.0		5643	0	0
1701883117241	t	nursery_testcue_tearoom_right	0.0	0	0	3.5616	577.5840000000001	858.8800000000001	0.6319	3.6927	511.91999999999996	933.1200000000001	0.7365	-0.0075	-0.3566	0.9342	5.4549	4.2127	-36.3048	0.0	12	0.0	0.0		5643	0	0
1701883117249	t	nursery_testcue_tearoom_right	0.0	0	0	3.8403	577.44	853.12	0.6421	3.6641	515.952	931.84	0.7115	-0.0141	-0.3461	0.9381	6.6402	4.2458	-36.3158	0.0	12	0.0	0.0		5643	0	0
1701883117257	t	nursery_testcue_tearoom_right	0.0	0	0	3.7154	577.872	853.5999999999999	0.6421	3.7086	518.256	930.88	0.7115	-0.0171	-0.3475	0.9375	7.6895	4.2769	-36.3267	0.0	12	0.0	0.0		5643	0	0
1701883117265	t	nursery_testcue_tearoom_right	0.0	0	0	3.8127	579.168	853.4399999999999	0.6271	3.5641	520.272	932.64	0.726	-0.0218	-0.3518	0.9358	9.2542	4.3213	-36.343	0.0	12	0.0	0.0		5643	0	0
1701883117274	t	nursery_testcue_tearoom_right	0.0	0	0	3.8147	580.464	853.4399999999999	0.6271	3.6391	523.152	930.5600000000001	0.726	-0.0292	-0.3489	0.9367	8.9717	4.3165	-36.3405	0.0	12	0.0	0.0		5643	0	0
1701883117281	t	nursery_testcue_tearoom_right	0.0	0	0	3.8128	581.904	853.28	0.6219	3.398	519.408	936.0	0.7239	-0.0248	-0.3574	0.9336	7.5987	4.2923	-36.3246	0.0	12	0.0	0.0		5643	0	0
1701883117290	t	nursery_testcue_tearoom_right	0.0	0	0	3.8149	581.184	852.0	0.6219	3.4466	521.424	933.6	0.7239	-0.0261	-0.3537	0.935	6.812	4.2861	-36.3152	0.0	12	0.0	0.0		5643	0	0
1701883117298	t	nursery_testcue_tearoom_right	0.0	0	0	3.8137	581.904	850.7199999999999	0.604	3.3848	521.568	929.5999999999999	0.7256	-0.0258	-0.3477	0.9372	6.3582	4.2887	-36.3073	0.0	12	0.0	0.0		5643	0	0
1701883117308	t	nursery_testcue_tearoom_right	0.0	0	0	3.7473	583.2	847.84	0.6071	3.2823	525.168	929.7599999999999	0.7268	-0.0324	-0.3462	0.9376	6.524	4.3093	-36.3064	0.0	12	0.0	0.0		5643	0	0
1701883117315	t	nursery_testcue_tearoom_right	0.0	0	0	3.7236	585.216	844.16	0.6071	3.699	524.88	924.9599999999999	0.7268	-0.0319	-0.3353	0.9416	5.8792	4.3083	-36.2915	0.0	12	0.0	0.0		5643	0	0
1701883117323	t	nursery_testcue_tearoom_right	0.0	0	0	3.8265	586.0799999999999	845.5999999999999	0.6071	3.6286	529.776	920.48	0.7268	-0.0406	-0.333	0.942	6.3701	4.3305	-36.2938	0.0	12	0.0	0.0		5643	0	0
1701883117331	t	nursery_testcue_tearoom_right	0.0	0	0	3.7936	587.088	842.4	0.614	3.6284	530.784	922.56	0.7173	-0.0415	-0.3322	0.9423	6.5938	4.3432	-36.2933	0.0	12	0.0	0.0		5643	0	0
1701883117340	t	nursery_testcue_tearoom_right	0.0	0	0	3.8123	589.104	840.48	0.6156	3.6956	531.792	922.72	0.7187	-0.0458	-0.3328	0.9419	6.7363	4.3643	-36.2944	0.0	12	0.0	0.0		5643	0	0
1701883117348	t	nursery_testcue_tearoom_right	0.0	0	0	3.7429	590.832	844.6400000000001	0.6116	3.5322	526.176	923.04	0.7314	-0.0387	-0.3429	0.9386	6.5225	4.369	-36.2877	0.0	12	0.0	0.0		5643	0	0
1701883117356	t	nursery_testcue_tearoom_right	0.0	0	0	3.7792	589.392	841.76	0.6116	3.6868	536.688	923.04	0.7314	-0.0553	-0.3374	0.9397	7.5755	4.3953	-36.3065	0.0	12	0.0	0.0		5643	0	0
1701883117365	t	nursery_testcue_tearoom_right	0.0	0	0	3.8247	586.656	840.16	0.6193	3.6504	532.944	921.7599999999999	0.726	-0.0423	-0.3303	0.9429	5.2488	4.3327	-36.2823	0.0	12	0.0	0.0		5643	0	0
1701883117373	t	nursery_testcue_tearoom_right	0.0	0	0	3.8271	587.808	839.5200000000001	0.6193	3.6574	531.792	920.32	0.726	-0.0426	-0.3302	0.943	4.9594	4.3425	-36.2773	0.0	12	0.0	0.0		5643	0	0
1701883117381	t	nursery_testcue_tearoom_right	0.0	0	0	3.7846	588.528	841.1199999999999	0.6055	3.6705	532.08	919.52	0.7166	-0.0446	-0.3319	0.9422	4.6625	4.338	-36.2738	0.0	12	0.0	0.0		5643	0	0
1701883117389	t	nursery_testcue_tearoom_right	0.0	0	0	3.827	587.808	839.5200000000001	0.6055	3.6833	532.2239999999999	919.68	0.7166	-0.0435	-0.3298	0.9431	4.5533	4.3372	-36.2721	0.0	12	0.0	0.0		5643	0	0
1701883117398	t	nursery_testcue_tearoom_right	0.0	0	0	3.7226	586.8	839.04	0.5993	3.6706	532.08	919.8399999999999	0.7126	-0.0406	-0.3309	0.9428	4.2186	4.3386	-36.2671	0.0	12	0.0	0.0		5643	0	0
1701883117406	t	nursery_testcue_tearoom_right	0.0	0	0	3.7299	587.376	839.04	0.5993	3.673	532.2239999999999	919.68	0.7126	-0.0417	-0.331	0.9427	4.6424	4.3496	-36.2706	0.0	12	0.0	0.0		5643	0	0
1701883117414	t	nursery_testcue_tearoom_right	0.0	0	0	3.8906	587.664	838.08	0.6075	3.5916	534.384	916.8	0.7029	-0.0449	-0.3275	0.9438	4.7937	4.3676	-36.2678	0.0	12	0.0	0.0		5643	0	0
1701883117423	t	nursery_testcue_tearoom_right	0.0	0	0	3.8805	588.9599999999999	838.4000000000001	0.6075	3.4596	535.2479999999999	925.1200000000001	0.7029	-0.0486	-0.3399	0.9392	5.0498	4.3651	-36.2703	0.0	12	0.0	0.0		5643	0	0
1701883117431	t	nursery_testcue_tearoom_right	0.0	0	0	3.9096	590.544	836.8000000000001	0.6184	3.6902	538.416	916.3199999999999	0.7157	-0.057	-0.326	0.9436	5.1047	4.3818	-36.2661	0.0	12	0.0	0.0		5643	0	0
1701883117439	t	nursery_testcue_tearoom_right	0.0	0	0	3.8673	589.968	837.5999999999999	0.6184	3.5638	537.12	920.8000000000001	0.7157	-0.0524	-0.3355	0.9406	4.9267	4.3819	-36.263	0.0	12	0.0	0.0		5643	0	0
1701883117448	t	nursery_testcue_tearoom_right	0.0	0	0	3.8817	590.544	836.8000000000001	0.6334	3.6083	537.12	917.92	0.7021	-0.0541	-0.3303	0.9423	4.6994	4.3794	-36.2595	0.0	12	0.0	0.0		5643	0	0
1701883117456	t	nursery_testcue_tearoom_right	0.0	0	0	3.8957	589.968	836.8000000000001	0.6334	3.5641	536.976	918.5600000000001	0.7021	-0.053	-0.3324	0.9417	4.5678	4.383	-36.2569	0.0	12	0.0	0.0		5643	0	0
1701883117464	t	nursery_testcue_tearoom_right	0.0	0	0	3.888	590.544	836.8000000000001	0.6229	3.5629	536.832	919.68	0.6972	-0.0546	-0.335	0.9406	4.7347	4.3917	-36.2586	0.0	12	0.0	0.0		5643	0	0
1701883117473	t	nursery_testcue_tearoom_right	0.0	0	0	3.8495	591.984	833.76	0.6246	3.5617	536.688	920.8000000000001	0.6987	-0.0577	-0.3315	0.9417	4.6195	4.3884	-36.2591	0.0	12	0.0	0.0		5643	0	0
1701883117481	t	nursery_testcue_tearoom_right	0.0	0	0	3.852	589.536	838.5600000000001	0.64	3.5631	536.832	919.68	0.7053	-0.0529	-0.3367	0.9401	4.8185	4.3869	-36.264	0.0	12	0.0	0.0		5643	0	0
1701883117489	t	nursery_testcue_tearoom_right	0.0	0	0	3.7676	590.688	835.52	0.64	3.5641	536.976	918.5600000000001	0.7053	-0.0529	-0.3287	0.943	5.0235	4.3869	-36.2676	0.0	12	0.0	0.0		5643	0	0
1701883117497	t	nursery_testcue_tearoom_right	0.0	0	0	3.8991	590.256	838.72	0.641	3.8023	544.7520000000001	917.76	0.7073	-0.0632	-0.329	0.9422	5.4229	4.3803	-36.2825	0.0	12	0.0	0.0		5643	0	0
1701883117506	t	nursery_testcue_tearoom_right	0.0	0	0	3.9067	604.5120000000001	836.6400000000001	0.641	3.6855	552.96	921.4399999999999	0.7073	-0.0853	-0.3318	0.9395	6.7592	4.4205	-36.3059	0.0	12	0.0	0.0		5643	0	0
1701883117515	t	nursery_testcue_tearoom_right	0.0	0	0	3.8492	620.352	837.12	0.6322	3.7087	567.072	915.04	0.7062	-0.115	-0.3275	0.9378	5.902	4.4395	-36.3055	0.0	12	0.0	0.0		5643	0	0
1701883117523	t	nursery_testcue_tearoom_right	0.0	0	0	3.7271	637.3439999999999	833.1200000000001	0.6322	3.6472	583.488	912.96	0.7062	-0.1513	-0.3198	0.9353	5.4463	4.4625	-36.3194	0.0	12	0.0	0.0		5643	0	0
1701883117531	t	nursery_testcue_tearoom_right	0.0	0	0	3.6606	645.12	822.24	0.643	3.8374	587.808	908.96	0.6677	-0.1597	-0.2979	0.9411	6.8643	4.5157	-36.3324	0.0	12	0.0	0.0		5643	0	0
1701883117540	t	nursery_testcue_tearoom_right	0.0	0	0	3.7417	641.52	823.6800000000001	0.643	3.733	586.9440000000001	909.6	0.6677	-0.1483	-0.3067	0.9402	7.9185	4.5619	-36.3348	0.0	12	0.0	0.0		5643	0	0
1701883117548	t	nursery_testcue_tearoom_right	0.0	0	0	3.731	643.5360000000001	828.32	0.667	3.7699	588.528	911.68	0.6669	-0.1561	-0.3181	0.9351	8.4881	4.5741	-36.3452	0.0	12	0.0	0.0		5643	0	0
1701883117557	t	nursery_testcue_tearoom_right	0.0	0	0	3.8225	643.6800000000001	826.0799999999999	0.667	3.6353	590.832	911.8399999999999	0.6669	-0.1627	-0.3195	0.9335	-2.5969	4.3639	-36.2509	0.0	12	0.0	0.0		5643	0	0
1701883117565	t	nursery_testcue_tearoom_right	0.0	0	0	3.7576	645.552	825.2800000000001	0.6888	3.7273	591.408	905.4399999999999	0.6907	-0.1629	-0.3034	0.9388	8.4841	4.5791	-36.3544	0.0	12	0.0	0.0		5643	0	0
1701883117573	t	nursery_testcue_tearoom_right	0.0	0	0	3.7875	644.112	824.9599999999999	0.6888	3.7188	594.144	910.5600000000001	0.6907	-0.1638	-0.3121	0.9358	7.2572	4.5642	-36.3452	0.0	12	0.0	0.0		5643	0	0
1701883117581	t	nursery_testcue_tearoom_right	0.0	0	0	3.7536	645.552	823.3599999999999	0.7159	3.8952	594.288	906.88	0.7032	-0.1656	-0.3048	0.9379	5.9202	4.5414	-36.3317	0.0	12	0.0	0.0		5643	0	0
1701883117590	t	nursery_testcue_tearoom_right	0.0	0	0	3.7294	647.1360000000001	824.9599999999999	0.7159	3.8496	593.28	908.4799999999999	0.7032	-0.1651	-0.3112	0.9359	5.0966	4.5279	-36.3222	0.0	12	0.0	0.0		5643	0	0
1701883117598	t	nursery_testcue_tearoom_right	0.0	0	0	3.7302	647.1360000000001	824.3199999999999	0.7291	3.8386	596.448	904.96	0.7033	-0.1698	-0.3049	0.9371	4.4887	4.5202	-36.3202	0.0	12	0.0	0.0		5643	0	0
1701883117606	t	nursery_testcue_tearoom_right	0.0	0	0	3.8136	647.712	826.4	0.7305	3.8802	596.592	906.08	0.7048	-0.1691	-0.3117	0.935	4.334	4.5255	-36.3189	0.0	12	0.0	0.0		5643	0	0
1701883117615	t	nursery_testcue_tearoom_right	0.0	0	0	3.7603	648.288	824.3199999999999	0.7277	3.7905	597.024	907.04	0.7176	-0.1686	-0.3111	0.9353	4.0435	4.5262	-36.3162	0.0	12	0.0	0.0		5643	0	0
1701883117623	t	nursery_testcue_tearoom_right	0.0	0	0	3.7643	648.72	825.1200000000001	0.7277	3.8419	596.88	903.52	0.7176	-0.1668	-0.3072	0.9369	3.8725	4.5251	-36.3144	0.0	12	0.0	0.0		5643	0	0
1701883117632	t	nursery_testcue_tearoom_right	0.0	0	0	3.6685	649.44	822.88	0.7571	3.9338	599.328	904.64	0.7038	-0.1695	-0.3054	0.937	3.7323	4.5257	-36.3187	0.0	12	0.0	0.0		5643	0	0
1701883117640	t	nursery_testcue_tearoom_right	0.0	0	0	3.8419	651.6	823.3599999999999	0.7571	3.8455	599.76	904.96	0.7038	-0.1744	-0.3066	0.9357	3.5045	4.5235	-36.3197	0.0	12	0.0	0.0		5643	0	0
1701883117648	t	nursery_testcue_tearoom_right	0.0	0	0	3.6749	650.304	822.56	0.7541	3.9301	601.6320000000001	904.96	0.721	-0.1752	-0.305	0.9361	2.8582	4.5091	-36.3153	0.0	12	0.0	0.0		5643	0	0
1701883117656	t	nursery_testcue_tearoom_right	0.0	0	0	3.7372	651.312	821.9200000000001	0.7541	3.9858	602.0640000000001	901.12	0.721	-0.1758	-0.2975	0.9384	3.6566	4.5265	-36.326	0.0	12	0.0	0.0		5643	0	0
1701883117665	t	nursery_testcue_tearoom_right	0.0	0	0	3.8664	650.88	822.88	0.7755	3.9446	602.0640000000001	902.2399999999999	0.7155	-0.1773	-0.3008	0.937	3.7311	4.5275	-36.3248	0.0	12	0.0	0.0		5643	0	0
1701883117673	t	nursery_testcue_tearoom_right	0.0	0	0	3.9925	647.424	811.68	0.7755	3.9374	596.592	897.7600000000001	0.7155	-0.1667	-0.2976	0.94	3.3294	4.6226	-36.2804	0.0	12	0.0	0.0		5643	0	0
1701883117681	t	nursery_testcue_tearoom_right	0.0	0	0	3.9794	643.2479999999999	782.08	0.8015	3.5806	585.792	879.8400000000001	0.7283	-0.1499	-0.2567	0.9548	5.9114	4.8697	-36.2582	0.0	12	0.0	0.0		5643	0	0
1701883117690	t	nursery_testcue_tearoom_right	0.0	0	0	3.958	642.528	744.64	0.8015	3.569	575.856	842.0799999999999	0.7283	-0.1332	-0.2249	0.9652	-27.5693	4.4711	-35.8189	0.0	12	0.0	0.0		5643	0	0
1701883117698	t	nursery_testcue_tearoom_right	0.0	0	0	3.7767	643.104	715.52	0.7925	3.5525	567.216	802.5600000000001	0.7324	-0.1094	-0.1442	0.9835	-27.5362	4.7313	-35.7552	0.0	12	0.0	0.0		5643	0	0
1701883117707	t	nursery_testcue_tearoom_right	0.0	0	0	3.5444	647.856	698.08	0.7925	3.5573	569.808	778.4	0.7324	-0.1221	-0.0982	0.9876	-27.5215	4.9309	-35.7633	0.0	12	0.0	0.0		5643	0	0
1701883117715	t	nursery_testcue_tearoom_right	0.0	0	0	3.6938	645.696	673.9200000000001	0.912	3.633	573.984	753.12	0.8448	-0.132	-0.0382	0.9905	-27.5493	5.0854	-35.7619	0.0	12	0.0	0.0		5643	0	0
1701883117724	t	nursery_testcue_tearoom_right	0.0	0	0	4.0063	653.04	646.88	0.912	3.5934	568.512	742.4000000000001	0.8448	-0.1111	-0.0145	0.9937	-27.5473	5.1403	-35.7178	0.0	12	0.0	0.0		5643	0	0
1701883117732	t	nursery_testcue_tearoom_right	0.0	0	0	4.082	656.928	641.6	1.0	3.6427	577.872	733.28	1.0	-0.1298	0.0097	0.9915	-27.643	5.2082	-35.7887	0.0	12	0.0	0.0		5643	0	0
1701883117741	t	nursery_testcue_tearoom_right	0.0	0	0	4.1007	658.3679999999999	641.12	1.0	3.5298	579.456	737.12	1.0	-0.1292	-0.0021	0.9916	-27.6807	5.1952	-35.7818	0.0	12	0.0	0.0		5643	0	0
1701883117749	t	nursery_testcue_tearoom_right	0.0	0	0	4.1014	655.344	645.76	1.0	3.4915	581.328	739.8399999999999	1.0	-0.1293	-0.007	0.9916	-27.7158	5.1701	-35.7814	0.0	12	0.0	0.0		5643	0	0
1701883117757	t	nursery_testcue_tearoom_right	0.0	0	0	4.1289	655.632	646.72	1.0	3.5379	580.896	740.96	1.0	-0.1226	-0.008	0.9924	-27.7399	5.1547	-35.7847	0.0	12	0.0	0.0		5643	0	0
1701883117766	t	nursery_testcue_tearoom_right	0.0	0	0	4.0301	653.904	646.24	1.0	3.7805	590.256	740.16	1.0	-0.1551	0.0006	0.9879	-27.7662	5.1483	-35.8132	0.0	12	0.0	0.0		5643	0	0
1701883117774	t	nursery_testcue_tearoom_right	0.0	0	0	4.0641	653.04	647.36	1.0	3.682	591.264	745.28	1.0	-0.1526	-0.0176	0.9881	-27.782	5.1428	-35.8032	0.0	12	0.0	0.0		5643	0	0
1701883117782	t	nursery_testcue_tearoom_right	0.0	0	0	3.9442	651.456	647.36	1.0	3.8545	597.888	741.76	1.0	-0.1746	-0.0032	0.9846	-27.2153	5.1658	-35.8307	0.0	12	0.0	0.0		5643	0	0
1701883117790	t	nursery_testcue_tearoom_right	0.0	0	0	4.0488	652.608	651.52	1.0	3.4826	586.0799999999999	746.24	1.0	-0.1257	-0.0222	0.9918	-25.4872	5.1837	-35.7918	0.0	12	0.0	0.0		5643	0	0
1701883117799	t	nursery_testcue_tearoom_right	0.0	0	0	4.1272	654.192	648.64	1.0	3.7203	597.456	740.48	1.0	-0.1678	0.0034	0.9858	-23.5218	5.2298	-35.834	0.0	12	0.0	0.0		5643	0	0
1701883117807	t	nursery_testcue_tearoom_right	0.0	0	0	3.9025	649.584	652.1600000000001	1.0	3.6007	596.3040000000001	747.8399999999999	1.0	-0.1596	-0.0241	0.9869	-25.1117	5.1915	-35.8114	0.0	12	0.0	0.0		5643	0	0
1701883117815	t	nursery_testcue_tearoom_right	0.0	0	0	4.0597	653.616	648.8000000000001	1.0	3.4537	592.272	749.4399999999999	1.0	-0.1447	-0.0258	0.9891	-21.9441	5.241	-35.7955	0.0	12	0.0	0.0		5643	0	0
1701883117824	t	nursery_testcue_tearoom_right	0.0	0	0	3.9898	651.024	652.8	1.0	3.4046	591.12	748.96	1.0	-0.1357	-0.0247	0.9904	-22.6191	5.2157	-35.7882	0.0	12	0.0	0.0		5643	0	0
1701883117832	t	nursery_testcue_tearoom_right	0.0	0	0	4.0607	653.328	653.5999999999999	1.0	3.6467	600.192	751.1999999999999	1.0	-0.1681	-0.0257	0.9854	-21.7021	5.2251	-35.807	0.0	12	0.0	0.0		5643	0	0
1701883117840	t	nursery_testcue_tearoom_right	0.0	0	0	3.9687	651.456	654.4	1.0	3.5623	591.12	756.64	1.0	-0.13	-0.0482	0.9903	-24.3749	5.162	-35.7795	0.0	12	0.0	0.0		5643	0	0
1701883117849	t	nursery_testcue_tearoom_right	0.0	0	0	3.899	649.584	656.8	1.0	3.6436	599.904	745.76	1.0	-0.1609	-0.0086	0.9869	-24.5432	5.1666	-35.8283	0.0	12	0.0	0.0		5643	0	0
1701883117857	t	nursery_testcue_tearoom_right	0.0	0	0	3.9938	653.04	659.1999999999999	1.0	3.5055	602.784	747.36	1.0	-0.1716	-0.01	0.9851	-18.5326	5.2671	-35.8311	0.0	12	0.0	0.0		5643	0	0
1701883117865	t	nursery_testcue_tearoom_right	0.0	0	0	3.8743	651.888	661.12	1.0	3.5542	602.496	750.5600000000001	1.0	-0.168	-0.0168	0.9856	-12.269	5.3727	-35.824	0.0	12	0.0	0.0		5643	0	0
1701883117874	t	nursery_testcue_tearoom_right	0.0	0	0	3.8372	651.744	661.4399999999999	1.0	3.456	600.336	755.04	1.0	-0.1599	-0.0256	0.9868	-9.4146	5.412	-35.8178	0.0	12	0.0	0.0		5643	0	0
1701883117882	t	nursery_testcue_tearoom_right	0.0	0	0	3.8703	652.608	662.88	1.0	3.6888	605.376	752.1600000000001	1.0	-0.1744	-0.0168	0.9845	-6.7098	5.4597	-35.8159	0.0	12	0.0	0.0		5643	0	0
1701883117890	t	nursery_testcue_tearoom_right	0.0	0	0	3.8453	652.8960000000001	662.4	1.0	3.5657	605.52	748.64	1.0	-0.1743	-0.008	0.9846	-6.4878	5.4563	-35.7877	0.0	12	0.0	0.0		5643	0	0
1701883117898	t	nursery_testcue_tearoom_right	0.0	0	0	3.8532	652.608	664.64	1.0	3.5119	601.056	752.0	1.0	-0.1616	-0.0189	0.9867	-6.7398	5.4438	-35.7724	0.0	12	0.0	0.0		5643	0	0
1701883117907	t	nursery_testcue_tearoom_right	0.0	0	0	3.8258	653.472	666.08	1.0	3.4121	600.48	754.4	1.0	-0.1608	-0.0266	0.9866	-7.018	5.4429	-35.7926	0.0	12	0.0	0.0		5643	0	0
1701883117915	t	nursery_testcue_tearoom_right	0.0	0	0	3.916	657.504	665.76	1.0	3.3472	598.752	757.4399999999999	1.0	-0.1572	-0.036	0.9869	-10.9684	5.3829	-35.8428	0.0	12	0.0	0.0		5643	0	0
1701883117923	t	nursery_testcue_tearoom_right	0.0	0	0	3.7937	653.328	666.08	1.0	3.4279	602.352	757.5999999999999	1.0	-0.1632	-0.0349	0.986	-10.9493	5.3738	-35.8266	0.0	12	0.0	0.0		5643	0	0
1701883117932	t	nursery_testcue_tearoom_right	0.0	0	0	3.8075	653.616	668.32	1.0	3.5228	602.784	757.12	1.0	-0.1651	-0.0337	0.9857	-9.0695	5.4031	-35.8263	0.0	12	0.0	0.0		5643	0	0
1701883117940	t	nursery_testcue_tearoom_right	0.0	0	0	3.7832	654.336	668.64	1.0	3.4371	601.056	758.5600000000001	1.0	-0.1584	-0.0404	0.9865	-12.8173	5.3434	-35.856	0.0	12	0.0	0.0		5643	0	0
1701883117949	t	nursery_testcue_tearoom_right	0.0	0	0	3.8046	650.16	669.28	1.0	3.472	600.192	759.1999999999999	1.0	-0.1622	-0.0476	0.9856	-18.32	5.2373	-35.7854	0.0	12	0.0	0.0		5643	0	0
1701883117957	t	nursery_testcue_tearoom_right	0.0	0	0	3.8072	633.6	660.0	1.0	3.5332	582.336	750.24	1.0	-0.1201	-0.03	0.9923	-20.732	5.2455	-35.7862	0.0	12	0.0	0.0		5643	0	0
1701883117965	t	nursery_testcue_tearoom_right	0.0	0	0	3.8283	630.432	657.9200000000001	1.0	3.6183	577.5840000000001	747.2	1.0	-0.1187	-0.0262	0.9926	-23.2871	5.226	-35.7922	0.0	12	0.0	0.0		5643	0	0
1701883117974	t	nursery_testcue_tearoom_right	0.0	0	0	3.8438	634.032	661.4399999999999	1.0	3.545	576.144	747.8399999999999	1.0	-0.1122	-0.0374	0.993	-24.2173	5.2422	-35.7871	0.0	12	0.0	0.0		5643	0	0
1701883117982	t	nursery_testcue_tearoom_right	0.0	0	0	3.7438	636.336	659.84	1.0	3.564	579.888	744.0	1.0	-0.1238	-0.0248	0.992	-24.4379	5.2483	-35.7982	0.0	12	0.0	0.0		5643	0	0
1701883117990	t	nursery_testcue_tearoom_right	0.0	0	0	3.841	633.312	662.5600000000001	1.0	3.4694	580.1759999999999	747.36	1.0	-0.1216	-0.0358	0.9919	-24.8972	5.2366	-35.8063	0.0	12	0.0	0.0		5643	0	0
1701883117999	t	nursery_testcue_tearoom_right	0.0	0	0	3.7543	636.912	663.04	1.0	3.5246	580.896	749.4399999999999	1.0	-0.1255	-0.0396	0.9913	-21.6663	5.2825	-35.7981	0.0	12	0.0	0.0		5643	0	0
1701883118007	t	nursery_testcue_tearoom_right	0.0	0	0	3.8406	637.2	662.4	1.0	3.4178	585.648	750.08	1.0	-0.1409	-0.0352	0.9894	-17.9739	5.3218	-35.776	0.0	12	0.0	0.0		5643	0	0
1701883118015	t	nursery_testcue_tearoom_right	0.0	0	0	3.767	636.048	667.36	1.0	3.6088	581.904	754.5600000000001	1.0	-0.1254	-0.0466	0.991	-12.4994	5.3999	-35.7486	0.0	12	0.0	0.0		5643	0	0
1701883118024	t	nursery_testcue_tearoom_right	0.0	0	0	3.7023	637.7760000000001	668.0	1.0	3.3859	584.352	756.32	1.0	-0.1359	-0.0462	0.9896	-4.9257	5.5282	-35.7708	0.0	12	0.0	0.0		5643	0	0
1701883118032	t	nursery_testcue_tearoom_right	0.0	0	0	3.777	640.3679999999999	668.8	1.0	3.425	585.36	761.5999999999999	1.0	-0.1368	-0.0612	0.9887	-10.1182	5.435	-35.7972	0.0	12	0.0	0.0		5643	0	0
1701883118040	t	nursery_testcue_tearoom_right	0.0	0	0	3.8026	638.784	669.76	1.0	3.3068	586.656	751.1999999999999	1.0	-0.1332	-0.0356	0.9904	-16.0889	5.3325	-35.826	0.0	12	0.0	0.0		5643	0	0
1701883118049	t	nursery_testcue_tearoom_right	0.0	0	0	3.6514	639.072	671.3599999999999	1.0	3.4357	585.9359999999999	759.68	1.0	-0.1267	-0.0627	0.9899	-19.531	5.2666	-35.818	0.0	12	0.0	0.0		5643	0	0
1701883118057	t	nursery_testcue_tearoom_right	0.0	0	0	3.844	639.216	671.3599999999999	1.0	3.412	586.224	755.68	1.0	-0.1271	-0.049	0.9907	-20.4833	5.246	-35.827	0.0	12	0.0	0.0		5643	0	0
1701883118065	t	nursery_testcue_tearoom_right	0.0	0	0	3.8428	639.648	673.6	1.0	3.497	588.24	759.52	1.0	-0.1344	-0.0593	0.9892	-19.9154	5.2435	-35.8167	0.0	12	0.0	0.0		5643	0	0
1701883118074	t	nursery_testcue_tearoom_right	0.0	0	0	3.5938	638.3520000000001	675.6800000000001	1.0	3.3843	584.496	756.48	1.0	-0.1212	-0.0491	0.9914	-17.49	5.274	-35.8151	0.0	12	0.0	0.0		5643	0	0
1701883118082	t	nursery_testcue_tearoom_right	0.0	0	0	3.7869	640.6560000000001	676.48	1.0	3.3221	587.808	763.36	1.0	-0.1359	-0.067	0.9884	-15.0607	5.3063	-35.8044	0.0	12	0.0	0.0		5643	0	0
1701883118090	t	nursery_testcue_tearoom_right	0.0	0	0	3.754	641.52	678.72	1.0	3.2632	585.504	764.8	1.0	-0.1327	-0.0694	0.9887	-10.9768	5.366	-35.7956	0.0	12	0.0	0.0		5643	0	0
1701883118099	t	nursery_testcue_tearoom_right	0.0	0	0	3.7102	642.384	678.72	1.0	3.447	590.4	764.96	1.0	-0.1495	-0.064	0.9867	-7.8749	5.4029	-35.7849	0.0	12	0.0	0.0		5643	0	0
1701883118107	t	nursery_testcue_tearoom_right	0.0	0	0	3.6357	639.504	678.88	1.0	3.3502	589.104	762.72	1.0	-0.1397	-0.0576	0.9885	-10.6786	5.3392	-35.7801	0.0	12	0.0	0.0		5643	0	0
1701883118115	t	nursery_testcue_tearoom_right	0.0	0	0	3.6081	640.944	681.28	1.0	3.3263	589.8240000000001	764.32	1.0	-0.1425	-0.0626	0.9878	-11.7605	5.3151	-35.7934	0.0	12	0.0	0.0		5643	0	0
1701883118124	t	nursery_testcue_tearoom_right	0.0	0	0	3.6664	640.8	682.72	1.0	3.3811	589.968	767.84	1.0	-0.1433	-0.0703	0.9872	-8.8027	5.3588	-35.7971	0.0	12	0.0	0.0		5643	0	0
1701883118132	t	nursery_testcue_tearoom_right	0.0	0	0	3.5943	646.992	684.0	1.0	3.3573	599.904	773.28	1.0	-0.161	-0.0772	0.9839	-8.8124	5.317	-35.7616	0.0	12	0.0	0.0		5643	0	0
1701883118140	t	nursery_testcue_tearoom_right	0.0	0	0	3.5893	678.24	693.6	1.0	2.7371	616.7520000000001	794.24	1.0	-0.2042	-0.1247	0.9709	-9.8671	5.268	-35.8903	0.0	12	0.0	0.0		5643	0	0
1701883118149	t	nursery_testcue_tearoom_right	0.0	0	0	3.2654	716.4	701.2800000000001	1.0	3.6021	657.36	787.6800000000001	1.0	-0.305	-0.0855	0.9485	-8.6139	5.2306	-36.0209	0.0	12	0.0	0.0		5643	0	0
1701883118157	t	nursery_testcue_tearoom_right	0.0	0	0	3.5638	758.7360000000001	709.12	1.0	3.5906	684.864	798.4	1.0	-0.3796	-0.0999	0.9197	-9.6069	5.1864	-36.14	0.0	12	0.0	0.0		5643	0	0
1701883118165	t	nursery_testcue_tearoom_right	0.0	0	0	3.686	767.3760000000001	711.68	1.0	3.6149	698.976	800.4799999999999	1.0	-0.4039	-0.0997	0.9093	-7.4214	5.2233	-36.1906	0.0	12	0.0	0.0		5643	0	0
1701883118173	t	nursery_testcue_tearoom_right	0.0	0	0	3.6109	774.144	714.4	1.0	3.5189	700.128	801.6	1.0	-0.4031	-0.1067	0.9089	-11.7414	5.1483	-36.2121	0.0	12	0.0	0.0		5643	0	0
1701883118182	t	nursery_testcue_tearoom_right	0.0	0	0	3.4847	770.832	718.72	1.0	3.437	702.288	800.8	1.0	-0.4008	-0.1068	0.9099	-13.0379	5.1163	-36.2244	0.0	12	0.0	0.0		5643	0	0
1701883118190	t	nursery_testcue_tearoom_right	0.0	0	0	3.5076	770.4000000000001	713.92	1.0	3.4216	703.584	797.44	1.0	-0.4017	-0.0911	0.9112	-12.4714	5.1157	-36.2359	0.0	12	0.0	0.0		5643	0	0
1701883118199	t	nursery_testcue_tearoom_right	0.0	0	0	3.6001	769.248	715.0400000000001	1.0	3.5521	706.032	802.88	1.0	-0.405	-0.105	0.9082	-11.6769	5.1311	-36.2321	0.0	12	0.0	0.0		5643	0	0
1701883118207	t	nursery_testcue_tearoom_right	0.0	0	0	3.6266	768.3839999999999	712.64	1.0	3.4032	707.3280000000001	798.08	1.0	-0.4016	-0.0905	0.9113	14.6765	5.6024	-36.1416	0.0	12	0.0	0.0		5643	0	0
1701883118215	t	nursery_testcue_tearoom_right	0.0	0	0	3.5593	767.3760000000001	716.8000000000001	1.0	3.5131	705.168	805.12	1.0	-0.3976	-0.1074	0.9113	20.0576	5.6924	-36.107	0.0	12	0.0	0.0		5643	0	0
1701883118224	t	nursery_testcue_tearoom_right	0.0	0	0	3.5918	764.784	714.56	1.0	3.5165	703.152	802.3999999999999	1.0	-0.3934	-0.1028	0.9136	8.3005	5.4873	-36.142	0.0	12	0.0	0.0		5643	0	0
1701883118232	t	nursery_testcue_tearoom_right	0.0	0	0	3.5771	763.776	715.2	1.0	3.5278	701.856	799.6800000000001	1.0	-0.3926	-0.1026	0.914	4.531	5.4301	-36.1512	0.0	12	0.0	0.0		5643	0	0
1701883118240	t	nursery_testcue_tearoom_right	0.0	0	0	3.6048	762.192	713.44	1.0	3.5137	702.576	802.3999999999999	1.0	-0.3945	-0.106	0.9128	2.9569	5.4106	-36.1538	0.0	12	0.0	0.0		5643	0	0
1701883118248	t	nursery_testcue_tearoom_right	0.0	0	0	3.4141	761.6160000000001	709.92	1.0	3.4705	699.696	800.0	1.0	-0.389	-0.0985	0.9159	1.2799	5.3865	-36.1547	0.0	12	0.0	0.0		5643	0	0
1701883118257	t	nursery_testcue_tearoom_right	0.0	0	0	3.5857	757.728	712.16	1.0	3.3437	699.552	798.4	1.0	-0.3851	-0.1008	0.9173	1.2686	5.3886	-36.1455	0.0	12	0.0	0.0		5643	0	0
1701883118265	t	nursery_testcue_tearoom_right	0.0	0	0	3.6082	757.44	714.0799999999999	1.0	3.5458	697.824	800.8	1.0	-0.3811	-0.1106	0.9179	3.1543	5.432	-36.1316	0.0	12	0.0	0.0		5643	0	0
1701883118273	t	nursery_testcue_tearoom_right	0.0	0	0	3.4493	758.7360000000001	708.16	1.0	3.5374	695.808	799.52	1.0	-0.383	-0.0974	0.9186	3.67	5.438	-36.1296	0.0	12	0.0	0.0		5643	0	0
1701883118285	t	nursery_testcue_tearoom_right	0.0	0	0	3.5735	752.6880000000001	709.2800000000001	1.0	3.3609	698.112	794.88	1.0	-0.3791	-0.0939	0.9206	3.1213	5.4374	-36.1278	0.0	12	0.0	0.0		5643	0	0
1701883118291	t	nursery_testcue_tearoom_right	0.0	0	0	3.6367	751.248	709.12	1.0	3.572	694.0799999999999	800.0	1.0	-0.3733	-0.1053	0.9217	1.0947	5.4045	-36.1179	0.0	12	0.0	0.0		5643	0	0
1701883118298	t	nursery_testcue_tearoom_right	0.0	0	0	3.4791	745.9200000000001	708.48	1.0	3.5962	693.072	799.04	1.0	-0.3648	-0.1044	0.9252	0.5916	5.3985	-36.1094	0.0	12	0.0	0.0		5643	0	0
1701883118307	t	nursery_testcue_tearoom_right	0.0	0	0	3.5074	747.36	712.8	1.0	3.5564	691.776	798.88	1.0	-0.3654	-0.1141	0.9238	0.338	5.4084	-36.1112	0.0	12	0.0	0.0		5643	0	0
1701883118315	t	nursery_testcue_tearoom_right	0.0	0	0	3.5107	742.4639999999999	708.96	1.0	3.3614	691.344	797.2800000000001	1.0	-0.3612	-0.1026	0.9268	0.0125	5.3846	-36.1066	0.0	12	0.0	0.0		5643	0	0
1701883118323	t	nursery_testcue_tearoom_right	0.0	0	0	3.5043	738.576	710.4	1.0	3.5682	686.448	798.56	1.0	-0.3473	-0.1079	0.9315	-0.272	5.3713	-36.0858	0.0	12	0.0	0.0		5643	0	0
1701883118331	t	nursery_testcue_tearoom_right	0.0	0	0	3.5058	736.8480000000001	708.0	1.0	3.417	690.624	798.08	1.0	-0.3599	-0.1023	0.9274	-0.7938	5.3656	-36.1006	0.0	12	0.0	0.0		5643	0	0
1701883118340	t	nursery_testcue_tearoom_right	0.0	0	0	3.5059	732.96	704.48	1.0	3.5563	684.864	799.2	1.0	-0.3455	-0.1017	0.9329	-1.2509	5.3563	-36.0824	0.0	12	0.0	0.0		5643	0	0
1701883118348	t	nursery_testcue_tearoom_right	0.0	0	0	3.5689	734.688	708.0	1.0	3.5221	680.112	798.88	1.0	-0.3433	-0.106	0.9332	-0.4463	5.3654	-36.0681	0.0	12	0.0	0.0		5643	0	0
1701883118357	t	nursery_testcue_tearoom_right	0.0	0	0	3.394	725.76	710.24	1.0	3.4133	677.952	792.16	1.0	-0.3256	-0.0987	0.9403	0.5877	5.3799	-36.0508	0.0	12	0.0	0.0		5643	0	0
1701883118365	t	nursery_testcue_tearoom_right	0.0	0	0	3.4849	727.2	708.48	1.0	3.4594	678.384	791.84	1.0	-0.3326	-0.0955	0.9382	1.0878	5.3937	-36.0544	0.0	12	0.0	0.0		5643	0	0
1701883118373	t	nursery_testcue_tearoom_right	0.0	0	0	3.5039	727.056	705.6	1.0	3.4806	675.648	798.24	1.0	-0.3307	-0.1016	0.9382	4.3688	5.4507	-36.034	0.0	12	0.0	0.0		5643	0	0
1701883118382	t	nursery_testcue_tearoom_right	0.0	0	0	3.199	715.968	714.72	1.0	3.5736	675.9359999999999	794.88	1.0	-0.3119	-0.1156	0.943	0.9066	5.3972	-36.0319	0.0	12	0.0	0.0		5643	0	0
1701883118390	t	nursery_testcue_tearoom_right	0.0	0	0	3.5278	721.584	704.64	1.0	3.5892	671.76	794.7199999999999	1.0	-0.3234	-0.0945	0.9415	4.0935	5.4415	-36.0236	0.0	12	0.0	0.0		5643	0	0
1701883118398	t	nursery_testcue_tearoom_right	0.0	0	0	3.3886	715.392	712.4799999999999	1.0	3.6119	670.1759999999999	796.16	1.0	-0.3133	-0.1123	0.943	1.3231	5.3884	-36.0147	0.0	12	0.0	0.0		5643	0	0
1701883118407	t	nursery_testcue_tearoom_right	0.0	0	0	3.5108	715.824	708.64	1.0	3.522	667.5840000000001	795.84	1.0	-0.3141	-0.1057	0.9435	1.3279	5.3891	-36.0119	0.0	12	0.0	0.0		5643	0	0
1701883118415	t	nursery_testcue_tearoom_right	0.0	0	0	3.43	712.3679999999999	708.48	1.0	3.5066	665.568	795.04	1.0	-0.3075	-0.1055	0.9457	0.6536	5.3786	-36.0051	0.0	12	0.0	0.0		5643	0	0
1701883118423	t	nursery_testcue_tearoom_right	0.0	0	0	3.4072	711.216	711.84	1.0	3.4957	664.7040000000001	794.7199999999999	1.0	-0.3084	-0.1112	0.9447	0.5114	5.378	-35.9988	0.0	12	0.0	0.0		5643	0	0
1701883118431	t	nursery_testcue_tearoom_right	0.0	0	0	3.5507	708.336	708.16	1.0	3.607	662.544	793.76	1.0	-0.3049	-0.1039	0.9467	1.2712	5.3923	-35.9924	0.0	12	0.0	0.0		5643	0	0
1701883118440	t	nursery_testcue_tearoom_right	0.0	0	0	3.3848	703.8720000000001	708.3199999999999	1.0	3.6097	659.808	792.3199999999999	1.0	-0.2938	-0.1027	0.9503	4.2101	5.4403	-35.9725	0.0	12	0.0	0.0		5643	0	0
1701883118448	t	nursery_testcue_tearoom_right	0.0	0	0	3.4108	700.704	707.36	1.0	3.6238	658.656	792.16	1.0	-0.2911	-0.1002	0.9514	4.1845	5.4373	-35.97	0.0	12	0.0	0.0		5643	0	0
1701883118456	t	nursery_testcue_tearoom_right	0.0	0	0	3.1667	693.648	710.4	1.0	3.6774	656.352	793.12	1.0	-0.2766	-0.1097	0.9547	0.7393	5.3788	-35.9676	0.0	12	0.0	0.0		5643	0	0
1701883118464	t	nursery_testcue_tearoom_right	0.0	0	0	3.4073	697.1039999999999	705.44	1.0	3.5961	652.32	792.0	1.0	-0.2791	-0.1012	0.9549	0.2603	5.3757	-35.9643	0.0	12	0.0	0.0		5643	0	0
1701883118473	t	nursery_testcue_tearoom_right	0.0	0	0	3.4619	706.7520000000001	711.36	1.0	3.658	660.8159999999999	794.24	1.0	-0.3014	-0.108	0.9474	0.6967	5.3681	-35.9913	0.0	12	0.0	0.0		5643	0	0
1701883118481	t	nursery_testcue_tearoom_right	0.0	0	0	3.6536	732.96	720.8000000000001	1.0	3.5988	674.784	797.6	1.0	-0.3484	-0.1164	0.9301	-1.1095	5.3196	-36.069	0.0	12	0.0	0.0		5643	0	0
1701883118489	t	nursery_testcue_tearoom_right	0.0	0	0	3.5327	734.4	720.0	1.0	3.5546	674.496	802.0799999999999	1.0	-0.3462	-0.1228	0.9301	-3.1313	5.2753	-36.0757	0.0	12	0.0	0.0		5643	0	0
1701883118498	t	nursery_testcue_tearoom_right	0.0	0	0	3.181	713.664	728.3199999999999	1.0	3.7143	668.448	802.3999999999999	1.0	-0.309	-0.1381	0.941	-4.3352	5.2442	-36.0345	0.0	12	0.0	0.0		5643	0	0
1701883118506	t	nursery_testcue_tearoom_right	0.0	0	0	3.0239	712.5120000000001	739.8399999999999	1.0	3.585	664.992	801.12	1.0	-0.3094	-0.1478	0.9394	-7.4664	5.1876	-36.0322	0.0	12	0.0	0.0		5643	0	0
1701883118514	t	nursery_testcue_tearoom_right	0.0	0	0	3.4193	717.408	729.44	1.0	3.7055	668.016	798.24	1.0	-0.3277	-0.128	0.9361	-8.2695	5.1862	-36.0546	0.0	12	0.0	0.0		5643	0	0
1701883118523	t	nursery_testcue_tearoom_right	0.0	0	0	3.3789	709.776	724.48	1.0	3.6231	664.2719999999999	800.0	1.0	-0.3088	-0.1311	0.942	-7.573	5.2055	-36.0325	0.0	12	0.0	0.0		5643	0	0
1701883118531	t	nursery_testcue_tearoom_right	0.0	0	0	3.6796	712.08	721.12	1.0	3.6334	661.3919999999999	802.3999999999999	1.0	-0.3082	-0.1345	0.9418	-5.5766	5.2456	-36.0188	0.0	12	0.0	0.0		5643	0	0
1701883118539	t	nursery_testcue_tearoom_right	0.0	0	0	3.4552	707.616	724.8000000000001	1.0	3.6934	662.4	800.6399999999999	1.0	-0.3071	-0.1352	0.942	-4.2281	5.2655	-36.017	0.0	12	0.0	0.0		5643	0	0
1701883118548	t	nursery_testcue_tearoom_right	0.0	0	0	3.4362	705.312	723.52	1.0	3.5662	659.952	800.3199999999999	1.0	-0.3013	-0.1328	0.9442	-3.1612	5.2766	-36.0082	0.0	12	0.0	0.0		5643	0	0
1701883118556	t	nursery_testcue_tearoom_right	0.0	0	0	3.5597	705.312	726.72	1.0	3.425	654.9119999999999	801.2800000000001	1.0	-0.2939	-0.1407	0.9454	-2.1339	5.2904	-35.9894	0.0	12	0.0	0.0		5643	0	0
1701883118564	t	nursery_testcue_tearoom_right	0.0	0	0	3.5726	704.88	721.76	1.0	3.6467	655.9200000000001	798.88	1.0	-0.2987	-0.1277	0.9458	-0.3939	5.3213	-35.9948	0.0	12	0.0	0.0		5643	0	0
1701883118573	t	nursery_testcue_tearoom_right	0.0	0	0	3.6618	701.856	720.64	1.0	3.5184	653.472	797.12	1.0	-0.2892	-0.1245	0.9491	5.2433	5.4133	-35.9743	0.0	12	0.0	0.0		5643	0	0
1701883118582	t	nursery_testcue_tearoom_right	0.0	0	0	3.5524	699.84	722.88	1.0	3.6732	653.904	796.0	1.0	-0.2878	-0.1279	0.9491	4.8605	5.4123	-35.9708	0.0	12	0.0	0.0		5643	0	0
1701883118589	t	nursery_testcue_tearoom_right	0.0	0	0	3.6262	699.9839999999999	722.0799999999999	1.0	3.646	654.048	793.28	1.0	-0.2924	-0.124	0.9482	4.7315	5.4209	-35.972	0.0	12	0.0	0.0		5643	0	0
1701883118598	t	nursery_testcue_tearoom_right	0.0	0	0	3.6054	698.4	717.76	1.0	3.5846	653.328	794.08	1.0	-0.2926	-0.1176	0.9489	3.9299	5.406	-35.9638	0.0	12	0.0	0.0		5643	0	0
1701883118606	t	nursery_testcue_tearoom_right	0.0	0	0	3.6035	696.672	716.48	1.0	3.7556	652.176	794.7199999999999	1.0	-0.2898	-0.118	0.9498	2.4217	5.3886	-35.9634	0.0	12	0.0	0.0		5643	0	0
1701883118614	t	nursery_testcue_tearoom_right	0.0	0	0	3.5103	694.944	713.12	1.0	3.677	649.872	795.84	1.0	-0.2845	-0.1162	0.9516	2.1187	5.389	-35.9601	0.0	12	0.0	0.0		5643	0	0
1701883118623	t	nursery_testcue_tearoom_right	0.0	0	0	3.3466	690.192	721.44	1.0	3.7071	648.864	791.52	1.0	-0.2738	-0.1253	0.9536	1.3757	5.3889	-35.9687	0.0	12	0.0	0.0		5643	0	0
1701883118631	t	nursery_testcue_tearoom_right	0.0	0	0	3.5134	694.0799999999999	717.6	1.0	3.6366	648.72	789.44	1.0	-0.2862	-0.1133	0.9514	1.3265	5.3819	-35.9631	0.0	12	0.0	0.0		5643	0	0
1701883118639	t	nursery_testcue_tearoom_right	0.0	0	0	3.4256	685.2959999999999	716.16	1.0	3.7294	644.832	791.04	1.0	-0.264	-0.1154	0.9576	1.2337	5.375	-35.9449	0.0	12	0.0	0.0		5643	0	0
1701883118648	t	nursery_testcue_tearoom_right	0.0	0	0	3.3723	681.552	716.48	1.0	3.731	645.12	792.0	1.0	-0.2604	-0.1176	0.9583	0.7185	5.3616	-35.9354	0.0	12	0.0	0.0		5643	0	0
1701883118656	t	nursery_testcue_tearoom_right	0.0	0	0	3.4774	682.8480000000001	715.68	1.0	3.5689	643.5360000000001	789.44	1.0	-0.2615	-0.1107	0.9588	0.4397	5.3529	-35.9346	0.0	12	0.0	0.0		5643	0	0
1701883118664	t	nursery_testcue_tearoom_right	0.0	0	0	3.3489	678.24	724.3199999999999	1.0	3.5986	641.952	789.28	1.0	-0.2489	-0.1256	0.9603	-0.2309	5.3564	-35.9735	0.0	12	0.0	0.0		5643	0	0
1701883118673	t	nursery_testcue_tearoom_right	0.0	0	0	3.3832	682.4159999999999	717.28	1.0	3.6383	642.6719999999999	789.12	1.0	-0.2612	-0.1114	0.9588	0.1093	5.3412	-35.9328	0.0	12	0.0	0.0		5643	200	MYKEYWORD 200
