Recording timestamp	type	Scene Name	scene_num	order	djv_reported	PupilDiam_Left	Gaze2d_Left.x	Gaze2d_Left.y	left_eye_openness	PupilDiam_Right	Gaze2d_Right.x	Gaze2d_Right.y	right_eye_openness	gaze_direction_x	gaze_direction_y	gaze_direction_z	gaze_origin_x	gaze_origin_y	gaze_origin_z	gaze_convergence_distance	participant	study_status	scene_familiarity	recall_status	Identifier	Event value	Event message
1701718275840	t	officespace_test_cue_diner_left	0.0	0	0	5.7146	694.944	939.5200000000001	0.8633	5.9005	814.608	1018.5600000000001	0.9696	0.0019	-0.3405	0.9402	-0.9631	2.5706	-35.6413	0.0	3	1.0	0.0		3784	100	MYKEYWORD 100
1701718275848	t	officespace_test_cue_diner_left	0.0	0	0	5.7838	695.952	938.4000000000001	0.8573	5.8964	814.608	1018.2399999999999	0.976	-0.0012	-0.3385	0.941	-0.8128	2.5753	-35.6414	0.0	3	1.0	0.0		3784	0	0
1701718275856	t	officespace_test_cue_diner_left	0.0	0	0	5.7858	696.096	938.72	0.8573	5.8921	814.4639999999999	1018.2399999999999	0.976	-0.0026	-0.3392	0.9407	-0.9242	2.5748	-35.6399	0.0	3	1.0	0.0		3784	0	0
1701718275865	t	officespace_test_cue_diner_left	0.0	0	0	5.7674	695.808	938.5600000000001	0.8731	5.8964	814.4639999999999	1018.0799999999999	0.9698	-0.0023	-0.3386	0.9409	-0.6441	2.5805	-35.6422	0.0	3	1.0	0.0		3784	0	0
1701718275873	t	officespace_test_cue_diner_left	0.0	0	0	5.7483	695.52	938.72	0.8731	5.9046	814.176	1018.0799999999999	0.9698	-0.0015	-0.3392	0.9407	-0.4231	2.5849	-35.6442	0.0	3	1.0	0.0		3784	0	0
1701718275881	t	officespace_test_cue_diner_left	0.0	0	0	5.7264	695.232	940.0	0.8619	5.9073	814.032	1018.0799999999999	0.9684	-0.0008	-0.3413	0.9399	-0.6399	2.5815	-35.6421	0.0	3	1.0	0.0		3784	0	0
1701718275890	t	officespace_test_cue_diner_left	0.0	0	0	5.7177	694.944	941.1199999999999	0.8619	5.9085	813.888	1017.92	0.9684	-0.0004	-0.3432	0.9393	-0.5636	2.5835	-35.6424	0.0	3	1.0	0.0		3784	0	0
1701718275898	t	officespace_test_cue_diner_left	0.0	0	0	5.7331	694.5120000000001	940.0	0.8646	5.9101	813.888	1017.76	0.9815	-0.0001	-0.3409	0.9401	-0.4886	2.5855	-35.643	0.0	3	1.0	0.0		3784	0	0
1701718275906	t	officespace_test_cue_diner_left	0.0	0	0	5.7179	694.2239999999999	941.1199999999999	0.8646	5.9106	813.5999999999999	1017.6	0.9815	0.0004	-0.3433	0.9392	-0.4589	2.5882	-35.6421	0.0	3	1.0	0.0		3784	0	0
1701718275915	t	officespace_test_cue_diner_left	0.0	0	0	5.7115	694.2239999999999	941.2800000000001	0.8608	5.9103	812.736	1017.44	0.975	0.0013	-0.344	0.939	-0.3799	2.5932	-35.6417	0.0	3	1.0	0.0		3784	0	0
1701718275923	t	officespace_test_cue_diner_left	0.0	0	0	5.7179	694.0799999999999	941.1199999999999	0.8608	5.9485	812.016	1014.88	0.975	-0.0001	-0.3414	0.9399	-0.6364	2.5983	-35.6359	0.0	3	1.0	0.0		3784	0	0
1701718275931	t	officespace_test_cue_diner_left	0.0	0	0	5.7113	693.936	941.2800000000001	0.8622	5.9533	812.16	1012.96	0.9782	0.0005	-0.338	0.9411	0.5376	2.6185	-35.6461	0.0	3	1.0	0.0		3784	0	0
1701718275940	t	officespace_test_cue_diner_left	0.0	0	0	5.7179	693.792	941.1199999999999	0.8622	5.9953	810.7199999999999	1013.4399999999999	0.9782	0.0035	-0.3387	0.9409	0.6864	2.6212	-35.6471	0.0	3	1.0	0.0		3784	0	0
1701718275948	t	officespace_test_cue_diner_left	0.0	0	0	5.727	693.5039999999999	940.0	0.8636	5.9714	811.44	1013.9200000000001	0.9756	0.0024	-0.3375	0.9413	0.7763	2.6239	-35.648	0.0	3	1.0	0.0		3784	0	0
1701718275956	t	officespace_test_cue_diner_left	0.0	0	0	5.7181	693.36	940.9599999999999	0.8636	5.9037	811.152	1012.64	0.9756	0.0027	-0.3382	0.9411	0.8646	2.6304	-35.6466	0.0	3	1.0	0.0		3784	0	0
1701718275965	t	officespace_test_cue_diner_left	0.0	0	0	5.7674	686.448	932.3199999999999	0.8648	5.8965	809.712	1003.04	0.9724	0.01	-0.3262	0.9452	0.8264	2.717	-35.6196	0.0	3	1.0	0.0		3784	0	0
1701718275973	t	officespace_test_cue_diner_left	0.0	0	0	5.6968	681.552	913.28	0.8648	5.9241	801.36	985.92	0.9724	0.0232	-0.2944	0.9554	1.6218	2.8677	-35.5808	0.0	3	1.0	0.0		3784	0	0
1701718275981	t	officespace_test_cue_diner_left	0.0	0	0	5.6149	671.184	896.48	0.8257	5.9094	794.448	964.0	0.9671	0.0413	-0.2699	0.962	3.181	3.0903	-35.5422	0.0	3	1.0	0.0		3784	0	0
1701718275990	t	officespace_test_cue_diner_left	0.0	0	0	5.4712	661.6800000000001	876.8000000000001	0.8257	6.0159	779.1840000000001	942.7199999999999	0.9671	0.0703	-0.248	0.9662	5.3118	3.3549	-35.5088	0.0	3	1.0	0.0		3784	0	0
1701718275998	t	officespace_test_cue_diner_left	0.0	0	0	5.2571	651.168	860.8000000000001	0.7661	5.9695	776.448	921.7599999999999	0.9069	0.0856	-0.2241	0.9708	4.9204	3.5371	-35.474	0.0	3	1.0	0.0		3784	0	0
1701718276006	t	officespace_test_cue_diner_left	0.0	0	0	5.2084	640.944	844.0	0.7661	5.8501	772.9920000000001	900.6399999999999	0.9069	0.1123	-0.206	0.9721	10.0914	3.8954	-35.6812	0.0	3	1.0	0.0		3784	0	0
1701718276015	t	officespace_test_cue_diner_left	0.0	0	0	-1.0	635.904	826.72	0.6388	5.7955	771.984	890.24	0.8446	0.0443	-0.1741	0.9837	-31.6702	3.3812	-35.5825	0.0	3	1.0	0.0		3784	0	0
1701718276023	t	officespace_test_cue_diner_left	0.0	0	0	-1.0	590.4	841.2800000000001	0.6388	5.747	770.1120000000001	868.4799999999999	0.8446	0.0529	-0.1277	0.9904	-31.6743	3.5383	-35.573	0.0	3	1.0	0.0		3784	0	0
1701718276031	t	officespace_test_cue_diner_left	0.0	0	0	-1.0	591.984	896.0000000000001	0.3963	5.7062	767.952	862.0799999999999	0.7404	0.0556	-0.1416	0.9883	-31.6482	3.6385	-35.3014	0.0	3	1.0	0.0		3784	0	0
1701718276039	t	officespace_test_cue_diner_left	0.0	0	0	-1.0	502.992	909.1200000000001	0.3963	5.5825	769.392	848.64	0.7404	0.0539	-0.1114	0.9923	-31.6737	3.6374	-34.9751	0.0	3	1.0	0.0		3784	0	0
1701718276048	t	officespace_test_cue_diner_left	0.0	0	0	-1.0	498.67199999999997	869.76	0.1916	5.6599	774.144	833.76	0.6006	0.0346	-0.0651	0.9973	-31.6803	3.61	-34.699	0.0	3	1.0	0.0		3784	0	0
1701718276056	t	officespace_test_cue_diner_left	0.0	0	0	-1.0	562.608	821.9200000000001	0.1916	5.7049	771.12	832.3199999999999	0.6006	0.0517	-0.0644	0.9966	-31.696	3.6852	-34.8946	0.0	3	1.0	0.0		3784	0	0
1701718276065	t	officespace_test_cue_diner_left	0.0	0	0	-1.0	630.864	787.6800000000001	0.1831	5.9738	771.696	822.24	0.6524	0.0541	-0.0199	0.9983	-31.7104	3.6743	-34.9333	0.0	3	1.0	0.0		3784	0	0
1701718276074	t	officespace_test_cue_diner_left	0.0	0	0	-1.0	631.728	760.64	0.1831	5.7618	775.584	826.24	0.6524	0.0331	-0.031	0.999	-31.7004	3.5654	-34.6218	0.0	3	1.0	0.0		3784	0	0
1701718276082	t	officespace_test_cue_diner_left	0.0	0	0	-1.0	636.912	760.1600000000001	0.3518	5.8237	776.592	825.76	0.769	0.0318	-0.0175	0.9993	-31.7133	3.4889	-34.5385	0.0	3	1.0	0.0		3784	0	0
1701718276091	t	officespace_test_cue_diner_left	0.0	0	0	-1.0	649.296	752.96	0.3518	5.8175	776.1600000000001	825.44	0.769	0.035	-0.0104	0.9993	-31.7203	3.4258	-34.4035	0.0	3	1.0	0.0		3784	0	0
1701718276099	t	officespace_test_cue_diner_left	0.0	0	0	-1.0	650.592	753.12	0.6105	6.0338	774.72	825.76	0.8683	0.046	-0.0034	0.9989	-31.7352	3.4213	-34.5104	0.0	3	1.0	0.0		3784	0	0
1701718276108	t	officespace_test_cue_diner_left	0.0	0	0	-1.0	653.472	748.96	0.6105	5.922	773.424	825.6	0.8683	0.052	-0.0025	0.9986	-31.7376	3.4898	-34.7766	0.0	3	1.0	0.0		3784	0	0
1701718276116	t	officespace_test_cue_diner_left	0.0	0	0	5.7841	653.76	748.32	0.8197	5.966	774.864	828.96	0.9405	0.0429	-0.0068	0.9991	-31.6961	3.3803	-34.5126	0.0	3	1.0	0.0		3784	0	0
1701718276124	t	officespace_test_cue_diner_left	0.0	0	0	5.8567	653.904	748.64	0.8197	5.9695	773.712	829.7599999999999	0.9405	0.0488	-0.0056	0.9988	-31.278	3.3654	-34.4966	0.0	3	1.0	0.0		3784	0	0
1701718276132	t	officespace_test_cue_diner_left	0.0	0	0	5.8967	654.768	749.28	1.0	5.958	773.2800000000001	829.7599999999999	1.0	0.057	-0.0014	0.9984	-23.8505	3.516	-34.6232	0.0	3	1.0	0.0		3784	0	0
1701718276140	t	officespace_test_cue_diner_left	0.0	0	0	5.9248	655.4879999999999	750.88	1.0	5.9393	773.424	831.3599999999999	1.0	0.0536	-0.0051	0.9985	-28.1696	3.4216	-34.6077	0.0	3	1.0	0.0		3784	0	0
1701718276148	t	officespace_test_cue_diner_left	0.0	0	0	5.958	656.4960000000001	751.04	1.0	5.9504	772.56	835.52	1.0	0.0547	-0.0176	0.9983	-31.6454	3.3216	-34.532	0.0	3	1.0	0.0		3784	0	0
1701718276156	t	officespace_test_cue_diner_left	0.0	0	0	5.956	654.9119999999999	748.48	1.0	5.9401	775.008	835.8399999999999	1.0	0.0436	-0.0151	0.9989	-31.7083	3.2824	-34.4565	0.0	3	1.0	0.0		3784	0	0
1701718276165	t	officespace_test_cue_diner_left	0.0	0	0	5.8351	654.336	749.12	1.0	6.009	773.2800000000001	834.72	1.0	0.0522	-0.0097	0.9986	-31.7197	3.273	-34.435	0.0	3	1.0	0.0		3784	0	0
1701718276173	t	officespace_test_cue_diner_left	0.0	0	0	5.9182	655.056	748.1600000000001	1.0	5.9693	774.144	832.64	1.0	0.0476	-0.0018	0.9989	-31.7249	3.277	-34.4532	0.0	3	1.0	0.0		3784	0	0
1701718276182	t	officespace_test_cue_diner_left	0.0	0	0	5.9003	656.064	749.6	1.0	5.9839	773.856	832.9599999999999	1.0	0.0486	-0.0026	0.9988	-31.6721	3.2804	-34.4654	0.0	3	1.0	0.0		3784	0	0
1701718276190	t	officespace_test_cue_diner_left	0.0	0	0	6.0039	654.624	746.5600000000001	1.0	5.9683	774.144	832.64	1.0	0.0475	-0.0011	0.9989	-31.3792	3.2875	-34.4835	0.0	3	1.0	0.0		3784	0	0
1701718276198	t	officespace_test_cue_diner_left	0.0	0	0	5.9406	655.4879999999999	748.32	1.0	5.679	779.0400000000001	831.5200000000001	1.0	0.0268	0.0049	0.9996	-30.2232	3.2753	-34.4111	0.0	3	1.0	0.0		3784	0	0
1701718276206	t	officespace_test_cue_diner_left	0.0	0	0	5.9493	655.056	748.96	1.0	5.8529	775.872	832.3199999999999	1.0	0.0454	0.0058	0.9989	-24.7287	3.3675	-34.4129	0.0	3	1.0	0.0		3784	0	0
1701718276215	t	officespace_test_cue_diner_left	0.0	0	0	5.9309	654.336	747.8399999999999	1.0	5.9224	774.72	832.0	1.0	0.0511	0.0087	0.9986	-23.8898	3.3714	-34.3861	0.0	3	1.0	0.0		3784	0	0
1701718276223	t	officespace_test_cue_diner_left	0.0	0	0	5.9352	654.9119999999999	747.68	1.0	5.9664	773.712	832.64	1.0	0.0609	0.0116	0.9981	-14.3808	3.5675	-34.5016	0.0	3	1.0	0.0		3784	0	0
1701718276231	t	officespace_test_cue_diner_left	0.0	0	0	5.9909	654.9119999999999	748.32	1.0	5.9769	774.144	833.1200000000001	1.0	0.0621	0.0096	0.998	-12.9698	3.6059	-34.5419	0.0	3	1.0	0.0		3784	0	0
1701718276241	t	officespace_test_cue_diner_left	0.0	0	0	5.8935	655.344	747.36	1.0	5.9891	773.424	832.64	1.0	0.0687	0.0152	0.9975	-6.1456	3.7394	-34.5971	0.0	3	1.0	0.0		3784	0	0
1701718276251	t	officespace_test_cue_diner_left	0.0	0	0	5.9008	655.056	747.04	1.0	5.9793	772.848	833.1200000000001	1.0	0.0612	0.0078	0.9981	-20.0383	3.4602	-34.4739	0.0	3	1.0	0.0		3784	0	0
1701718276257	t	officespace_test_cue_diner_left	0.0	0	0	5.909	655.344	746.5600000000001	1.0	5.9735	773.424	832.64	1.0	0.0523	0.0046	0.9986	-30.9567	3.2105	-34.2585	0.0	3	1.0	0.0		3784	0	0
1701718276265	t	officespace_test_cue_diner_left	0.0	0	0	5.9019	655.056	746.72	1.0	5.9663	773.1360000000001	832.3199999999999	1.0	0.0536	0.0052	0.9985	-31.538	3.1967	-34.247	0.0	3	1.0	0.0		3784	0	0
1701718276273	t	officespace_test_cue_diner_left	0.0	0	0	5.9124	654.768	746.5600000000001	1.0	5.9649	773.568	832.16	1.0	0.0512	0.0057	0.9987	-31.5901	3.1944	-34.2401	0.0	3	1.0	0.0		3784	0	0
1701718276281	t	officespace_test_cue_diner_left	0.0	0	0	5.9405	654.48	746.72	1.0	5.9629	773.424	832.0	1.0	0.0517	0.0064	0.9986	-31.6265	3.1943	-34.2441	0.0	3	1.0	0.0		3784	0	0
1701718276290	t	officespace_test_cue_diner_left	0.0	0	0	5.9679	654.768	747.04	1.0	5.9647	773.856	832.16	1.0	0.0501	0.0063	0.9987	-31.6849	3.1922	-34.248	0.0	3	1.0	0.0		3784	0	0
1701718276298	t	officespace_test_cue_diner_left	0.0	0	0	5.9711	654.9119999999999	747.2	1.0	5.9663	773.712	832.3199999999999	1.0	0.0507	0.006	0.9987	-31.715	3.1908	-34.2524	0.0	3	1.0	0.0		3784	0	0
1701718276307	t	officespace_test_cue_diner_left	0.0	0	0	5.9741	654.768	747.36	1.0	5.9671	773.856	832.8	1.0	0.0497	0.0048	0.9987	-31.7309	3.1885	-34.2481	0.0	3	1.0	0.0		3784	0	0
1701718276315	t	officespace_test_cue_diner_left	0.0	0	0	5.9751	654.48	747.52	1.0	5.9673	773.712	833.1200000000001	1.0	0.0507	0.0035	0.9987	-31.7368	3.1864	-34.2438	0.0	3	1.0	0.0		3784	0	0
1701718276323	t	officespace_test_cue_diner_left	0.0	0	0	5.9767	654.336	747.36	1.0	5.9709	773.568	833.44	1.0	0.0511	0.0026	0.9987	-31.7395	3.1855	-34.243	0.0	3	1.0	0.0		3784	0	0
1701718276331	t	officespace_test_cue_diner_left	0.0	0	0	5.9716	654.336	747.52	1.0	5.9705	773.568	833.6	1.0	0.0513	0.0015	0.9987	-31.7326	3.185	-34.2333	0.0	3	1.0	0.0		3784	0	0
1701718276340	t	officespace_test_cue_diner_left	0.0	0	0	5.9673	654.336	747.36	1.0	5.9787	773.568	834.0799999999999	1.0	0.0521	0.0006	0.9986	-30.752	3.2026	-34.2394	0.0	3	1.0	0.0		3784	0	0
1701718276348	t	officespace_test_cue_diner_left	0.0	0	0	5.9678	654.48	747.36	1.0	5.979	773.568	834.0799999999999	1.0	0.0569	0.0061	0.9984	-22.7934	3.3573	-34.315	0.0	3	1.0	0.0		3784	0	0
1701718276357	t	officespace_test_cue_diner_left	0.0	0	0	5.9686	654.336	747.36	1.0	5.9983	773.424	834.24	1.0	0.0611	0.0096	0.9981	-16.9512	3.4721	-34.3749	0.0	3	1.0	0.0		3784	0	0
1701718276365	t	officespace_test_cue_diner_left	0.0	0	0	5.971	654.336	747.2	1.0	5.9989	773.424	834.4	1.0	0.0611	0.0106	0.9981	-16.872	3.4687	-34.3796	0.0	3	1.0	0.0		3784	0	0
1701718276373	t	officespace_test_cue_diner_left	0.0	0	0	5.9812	654.336	747.8399999999999	1.0	6.0016	773.424	834.56	1.0	0.0624	0.0138	0.9979	-14.5471	3.5051	-34.4104	0.0	3	1.0	0.0		3784	0	0
1701718276381	t	officespace_test_cue_diner_left	0.0	0	0	5.9812	654.048	747.8399999999999	1.0	6.0018	773.424	834.56	1.0	0.0643	0.0159	0.9978	-11.7585	3.56	-34.4411	0.0	3	1.0	0.0		3784	0	0
1701718276390	t	officespace_test_cue_diner_left	0.0	0	0	5.9768	654.048	748.1600000000001	1.0	6.006	773.424	834.56	1.0	0.0654	0.017	0.9977	-9.4105	3.6118	-34.4871	0.0	3	1.0	0.0		3784	0	0
1701718276399	t	officespace_test_cue_diner_left	0.0	0	0	6.0011	654.048	748.1600000000001	1.0	6.008	773.424	834.8800000000001	1.0	0.0672	0.0187	0.9976	-5.5474	3.6905	-34.5329	0.0	3	1.0	0.0		3784	0	0
1701718276407	t	officespace_test_cue_diner_left	0.0	0	0	6.0017	654.048	747.8399999999999	1.0	6.0076	773.424	835.0400000000001	1.0	0.0673	0.0187	0.9976	-5.443	3.6926	-34.5344	0.0	3	1.0	0.0		3784	0	0
1701718276415	t	officespace_test_cue_diner_left	0.0	0	0	6.0043	653.904	747.2	1.0	6.0076	773.424	835.0400000000001	1.0	0.0672	0.0193	0.9975	-5.8239	3.6857	-34.5315	0.0	3	1.0	0.0		3784	0	0
1701718276424	t	officespace_test_cue_diner_left	0.0	0	0	6.0021	653.904	747.2	1.0	6.0076	773.2800000000001	835.0400000000001	1.0	0.0672	0.0187	0.9976	-6.8674	3.6657	-34.5271	0.0	3	1.0	0.0		3784	0	0
1701718276432	t	officespace_test_cue_diner_left	0.0	0	0	6.0013	653.904	747.2	1.0	6.0099	772.848	834.8800000000001	1.0	0.0681	0.0188	0.9975	-7.0403	3.664	-34.5264	0.0	3	1.0	0.0		3784	0	0
1701718276440	t	officespace_test_cue_diner_left	0.0	0	0	5.963	653.76	747.2	1.0	6.014	772.848	834.72	1.0	0.0684	0.0194	0.9975	-6.4526	3.6773	-34.5365	0.0	3	1.0	0.0		3784	0	0
1701718276449	t	officespace_test_cue_diner_left	0.0	0	0	5.9623	653.76	747.04	1.0	6.0136	772.848	834.8800000000001	1.0	0.0689	0.0199	0.9974	-5.0775	3.7074	-34.5582	0.0	3	1.0	0.0		3784	0	0
1701718276456	t	officespace_test_cue_diner_left	0.0	0	0	5.9672	653.616	747.04	1.0	6.0132	772.848	834.8800000000001	1.0	0.0694	0.0204	0.9974	-4.0739	3.7316	-34.5813	0.0	3	1.0	0.0		3784	0	0
1701718276465	t	officespace_test_cue_diner_left	0.0	0	0	5.9996	653.616	747.2	1.0	6.0131	772.848	834.8800000000001	1.0	0.0698	0.021	0.9973	-2.7874	3.7601	-34.6025	0.0	3	1.0	0.0		3784	0	0
1701718276473	t	officespace_test_cue_diner_left	0.0	0	0	5.9997	653.472	747.2	1.0	6.016	772.848	834.72	1.0	0.0698	0.0211	0.9973	-3.1631	3.753	-34.6007	0.0	3	1.0	0.0		3784	0	0
1701718276481	t	officespace_test_cue_diner_left	0.0	0	0	5.9994	653.472	747.2	1.0	6.0133	772.848	834.56	1.0	0.0693	0.021	0.9974	-3.2372	3.7528	-34.6001	0.0	3	1.0	0.0		3784	0	0
1701718276490	t	officespace_test_cue_diner_left	0.0	0	0	6.0019	653.328	747.52	1.0	6.0134	772.848	834.56	1.0	0.0691	0.0208	0.9974	-3.1021	3.7555	-34.6017	0.0	3	1.0	0.0		3784	0	0
1701718276498	t	officespace_test_cue_diner_left	0.0	0	0	6.0018	653.184	747.52	1.0	6.0134	772.848	834.56	1.0	0.0689	0.0211	0.9974	-2.5019	3.7679	-34.6089	0.0	3	1.0	0.0		3784	0	0
1701718276506	t	officespace_test_cue_diner_left	0.0	0	0	5.9881	652.8960000000001	747.68	1.0	6.0154	772.128	834.56	1.0	0.0708	0.021	0.9973	-2.0547	3.777	-34.6142	0.0	3	1.0	0.0		3784	0	0
1701718276515	t	officespace_test_cue_diner_left	0.0	0	0	5.9884	652.32	747.68	1.0	6.0155	771.84	834.56	1.0	0.072	0.0213	0.9972	-1.3086	3.7921	-34.6203	0.0	3	1.0	0.0		3784	0	0
1701718276523	t	officespace_test_cue_diner_left	0.0	0	0	5.9882	652.176	747.8399999999999	1.0	6.0237	771.696	834.56	1.0	0.0731	0.0215	0.9971	-0.5725	3.8061	-34.629	0.0	3	1.0	0.0		3784	0	0
1701718276531	t	officespace_test_cue_diner_left	0.0	0	0	6.0018	652.176	748.1600000000001	1.0	6.0238	771.4079999999999	834.56	1.0	0.0733	0.0214	0.9971	-0.3569	3.8077	-34.6256	0.0	3	1.0	0.0		3784	0	0
1701718276540	t	officespace_test_cue_diner_left	0.0	0	0	6.0019	651.888	748.32	1.0	6.024	771.4079999999999	834.72	1.0	0.0733	0.0206	0.9971	-0.7061	3.7985	-34.6111	0.0	3	1.0	0.0		3784	0	0
1701718276548	t	officespace_test_cue_diner_left	0.0	0	0	6.0106	651.312	749.12	1.0	6.0247	771.4079999999999	834.72	1.0	0.0737	0.0188	0.9971	-1.5741	3.7767	-34.5872	0.0	3	1.0	0.0		3784	0	0
1701718276556	t	officespace_test_cue_diner_left	0.0	0	0	6.0122	651.312	749.28	1.0	6.0177	771.2639999999999	834.8800000000001	1.0	0.0738	0.0195	0.9971	-1.3074	3.771	-34.5698	0.0	3	1.0	0.0		3784	0	0
1701718276565	t	officespace_test_cue_diner_left	0.0	0	0	6.0133	651.168	749.28	1.0	6.0159	770.976	835.0400000000001	1.0	0.0743	0.0191	0.997	-1.352	3.7675	-34.5616	0.0	3	1.0	0.0		3784	0	0
1701718276573	t	officespace_test_cue_diner_left	0.0	0	0	6.0235	651.168	749.4399999999999	1.0	6.0162	770.832	835.0400000000001	1.0	0.0737	0.0189	0.9971	-2.3238	3.7397	-34.527	0.0	3	1.0	0.0		3784	0	0
1701718276581	t	officespace_test_cue_diner_left	0.0	0	0	6.0179	650.88	749.4399999999999	1.0	6.0123	770.544	835.2	1.0	0.0729	0.0175	0.9972	-4.185	3.6968	-34.4889	0.0	3	1.0	0.0		3784	0	0
1701718276590	t	officespace_test_cue_diner_left	0.0	0	0	6.0303	650.88	749.6	1.0	6.0163	770.544	835.2	1.0	0.0688	0.014	0.9975	-10.6646	3.5573	-34.3883	0.0	3	1.0	0.0		3784	0	0
1701718276598	t	officespace_test_cue_diner_left	0.0	0	0	6.0373	650.736	749.76	1.0	6.0162	770.4000000000001	835.52	1.0	0.0649	0.0094	0.9978	-17.1101	3.426	-34.3138	0.0	3	1.0	0.0		3784	0	0
1701718276606	t	officespace_test_cue_diner_left	0.0	0	0	6.0477	649.872	749.76	1.0	6.0178	770.2560000000001	835.52	1.0	0.0616	0.0075	0.9981	-22.5916	3.3079	-34.246	0.0	3	1.0	0.0		3784	0	0
1701718276615	t	officespace_test_cue_diner_left	0.0	0	0	6.0621	649.728	749.76	1.0	6.0169	769.968	836.0	1.0	0.0605	0.0041	0.9982	-25.9262	3.2402	-34.2125	0.0	3	1.0	0.0		3784	0	0
1701718276623	t	officespace_test_cue_diner_left	0.0	0	0	6.065	649.584	749.76	1.0	6.0133	769.536	836.32	1.0	0.0606	0.0024	0.9982	-26.9222	3.2181	-34.1889	0.0	3	1.0	0.0		3784	0	0
1701718276631	t	officespace_test_cue_diner_left	0.0	0	0	6.0654	649.584	749.76	1.0	6.0145	769.392	836.32	1.0	0.061	0.0049	0.9981	-26.2509	3.2188	-34.1936	0.0	3	1.0	0.0		3784	0	0
1701718276640	t	officespace_test_cue_diner_left	0.0	0	0	6.0649	649.296	749.92	1.0	6.0096	769.392	836.6400000000001	1.0	0.0623	0.0063	0.998	-23.934	3.2593	-34.2089	0.0	3	1.0	0.0		3784	0	0
1701718276648	t	officespace_test_cue_diner_left	0.0	0	0	6.0654	648.864	750.4	1.0	6.0106	768.5279999999999	836.6400000000001	1.0	0.0672	0.0103	0.9977	-19.9471	3.3273	-34.2372	0.0	3	1.0	0.0		3784	0	0
1701718276656	t	officespace_test_cue_diner_left	0.0	0	0	6.0642	648.288	750.72	1.0	6.0155	768.5279999999999	836.96	1.0	0.071	0.0136	0.9974	-13.6457	3.4437	-34.2802	0.0	3	1.0	0.0		3784	0	0
1701718276665	t	officespace_test_cue_diner_left	0.0	0	0	6.0842	647.856	751.52	1.0	6.0157	768.5279999999999	837.12	1.0	0.0759	0.0171	0.997	-6.6148	3.5748	-34.3267	0.0	3	1.0	0.0		3784	0	0
1701718276673	t	officespace_test_cue_diner_left	0.0	0	0	6.086	647.712	751.52	1.0	6.017	768.5279999999999	837.12	1.0	0.0779	0.0202	0.9967	-3.6989	3.619	-34.3327	0.0	3	1.0	0.0		3784	0	0
1701718276681	t	officespace_test_cue_diner_left	0.0	0	0	6.0864	647.424	751.68	1.0	6.02	768.3839999999999	837.4399999999999	1.0	0.0791	0.0203	0.9966	-2.7624	3.6351	-34.3387	0.0	3	1.0	0.0		3784	0	0
1701718276690	t	officespace_test_cue_diner_left	0.0	0	0	6.0866	647.28	751.68	1.0	6.0161	768.3839999999999	837.5999999999999	1.0	0.0786	0.0196	0.9967	-3.6257	3.6167	-34.331	0.0	3	1.0	0.0		3784	0	0
1701718276698	t	officespace_test_cue_diner_left	0.0	0	0	6.0865	647.28	751.68	1.0	6.0204	768.096	838.08	1.0	0.0786	0.0187	0.9967	-4.3579	3.6019	-34.3271	0.0	3	1.0	0.0		3784	0	0
1701718276706	t	officespace_test_cue_diner_left	0.0	0	0	6.0871	647.1360000000001	751.68	1.0	6.0204	767.808	838.08	1.0	0.0794	0.0188	0.9967	-4.3699	3.6015	-34.3279	0.0	3	1.0	0.0		3784	0	0
1701718276715	t	officespace_test_cue_diner_left	0.0	0	0	6.087	647.1360000000001	751.68	1.0	6.0204	767.664	838.08	1.0	0.0798	0.0195	0.9966	-3.6288	3.6155	-34.3383	0.0	3	1.0	0.0		3784	0	0
1701718276723	t	officespace_test_cue_diner_left	0.0	0	0	6.0573	645.408	751.36	1.0	6.0038	767.2320000000001	838.08	1.0	0.0816	0.0199	0.9965	-6.0146	3.5434	-34.2537	0.0	3	1.0	0.0		3784	0	0
1701718276731	t	officespace_test_cue_diner_left	0.0	0	0	6.0438	645.552	752.96	1.0	6.0202	767.088	838.08	1.0	0.0801	0.0175	0.9966	-7.8337	3.5208	-34.3003	0.0	3	1.0	0.0		3784	0	0
1701718276740	t	officespace_test_cue_diner_left	0.0	0	0	6.1232	646.2719999999999	751.68	1.0	6.0034	767.088	838.08	1.0	0.0779	0.0196	0.9968	-7.3362	3.5435	-34.3528	0.0	3	1.0	0.0		3784	0	0
1701718276748	t	officespace_test_cue_diner_left	0.0	0	0	6.0734	645.408	751.1999999999999	1.0	6.0197	766.8	838.08	1.0	0.0659	0.0061	0.9978	-31.199	3.0881	-34.2062	0.0	3	1.0	0.0		3784	0	0
1701718276756	t	officespace_test_cue_diner_left	0.0	0	0	6.0326	643.6800000000001	751.04	1.0	6.0489	767.808	837.4399999999999	1.0	0.0626	0.0055	0.998	-31.6784	3.1103	-34.275	0.0	3	1.0	0.0		3784	0	0
1701718276764	t	officespace_test_cue_diner_left	0.0	0	0	5.9668	641.232	751.8399999999999	1.0	5.9727	768.096	837.28	1.0	0.061	0.0035	0.9981	-31.6798	3.1221	-34.2788	0.0	3	1.0	0.0		3784	0	0
1701718276773	t	officespace_test_cue_diner_left	0.0	0	0	5.9539	641.52	753.12	1.0	6.0533	767.088	837.12	1.0	0.0664	0.0035	0.9978	-31.6811	3.1209	-34.2542	0.0	3	1.0	0.0		3784	0	0
1701718276781	t	officespace_test_cue_diner_left	0.0	0	0	6.0273	644.976	756.1600000000001	1.0	6.0508	769.968	844.8000000000001	1.0	0.0588	-0.0098	0.9982	-31.7042	3.0606	-34.3017	0.0	3	1.0	0.0		3784	0	0
1701718276789	t	officespace_test_cue_diner_left	0.0	0	0	5.9392	657.072	774.72	1.0	6.0443	780.48	862.2400000000001	1.0	0.0267	-0.0447	0.9986	-31.7593	2.9782	-34.5301	0.0	3	1.0	0.0		3784	0	0
1701718276798	t	officespace_test_cue_diner_left	0.0	0	0	5.9978	680.976	794.4	1.0	6.0387	794.016	884.96	1.0	-0.0103	-0.0922	0.9957	-31.8473	2.9607	-35.0918	0.0	3	1.0	0.0		3784	0	0
1701718276807	t	officespace_test_cue_diner_left	0.0	0	0	5.9937	703.152	819.2	1.0	6.0109	807.408	901.2800000000001	1.0	-0.0418	-0.1192	0.992	-31.9617	2.8579	-35.2784	0.0	3	1.0	0.0		3784	0	0
1701718276815	t	officespace_test_cue_diner_left	0.0	0	0	5.8163	713.088	836.96	1.0	6.0424	817.92	923.1999999999999	1.0	-0.0705	-0.169	0.9831	-32.0451	2.4707	-34.4253	0.0	3	1.0	0.0		3784	0	0
1701718276823	t	officespace_test_cue_diner_left	0.0	0	0	5.9371	717.696	847.6800000000001	1.0	5.9741	823.104	931.5200000000001	1.0	-0.0858	-0.1895	0.9781	-32.0759	2.4254	-34.4285	0.0	3	1.0	0.0		3784	0	0
1701718276832	t	officespace_test_cue_diner_left	0.0	0	0	5.9188	713.088	849.6	1.0	6.0907	823.8240000000001	929.4399999999999	1.0	-0.0808	-0.1858	0.9792	-32.1104	2.445	-34.4221	0.0	3	1.0	0.0		3784	0	0
1701718276840	t	officespace_test_cue_diner_left	0.0	0	0	5.871	711.6479999999999	848.9599999999999	1.0	6.0221	827.424	929.12	1.0	-0.0941	-0.1872	0.9778	-32.0967	2.4578	-34.4219	0.0	3	1.0	0.0		3784	0	0
1701718276848	t	officespace_test_cue_diner_left	0.0	0	0	5.804	709.3439999999999	846.88	1.0	6.0171	829.1519999999999	928.48	1.0	-0.097	-0.1871	0.9775	-30.2426	2.5151	-34.4553	0.0	3	1.0	0.0		3784	0	0
1701718276857	t	officespace_test_cue_diner_left	0.0	0	0	5.6614	708.48	848.8	1.0	5.994	830.304	925.6	1.0	-0.0663	-0.1747	0.9824	-8.5498	3.0	-34.88	0.0	3	1.0	0.0		3784	0	0
1701718276865	t	officespace_test_cue_diner_left	0.0	0	0	5.7737	710.064	842.7199999999999	1.0	5.953	829.1519999999999	926.0799999999999	1.0	-0.0247	-0.1492	0.9885	20.0719	3.583	-35.306	0.0	3	1.0	0.0		3784	0	0
1701718276874	t	officespace_test_cue_diner_left	0.0	0	0	5.6584	708.768	846.24	1.0	5.9256	828.288	924.9599999999999	1.0	-0.0074	-0.1559	0.9877	28.7103	3.7645	-35.4516	0.0	3	1.0	0.0		3784	0	0
1701718276882	t	officespace_test_cue_diner_left	0.0	0	0	5.6698	708.624	842.8800000000001	1.0	5.9587	828.576	923.6800000000001	1.0	-0.0228	-0.1505	0.9883	19.4487	3.6006	-35.3788	0.0	3	1.0	0.0		3784	0	0
1701718276890	t	officespace_test_cue_diner_left	0.0	0	0	5.6716	708.624	843.68	1.0	5.8645	827.856	923.84	1.0	-0.0771	-0.1773	0.9811	-23.8468	2.6981	-34.5909	0.0	3	1.0	0.0		3784	0	0
1701718276899	t	officespace_test_cue_diner_left	0.0	0	0	5.5029	708.912	844.6400000000001	1.0	5.7915	827.9999999999999	922.56	1.0	-0.0731	-0.1739	0.982	-20.8199	2.7686	-34.646	0.0	3	1.0	0.0		3784	0	0
1701718276907	t	officespace_test_cue_diner_left	0.0	0	0	5.4969	708.624	846.4000000000001	1.0	5.8872	829.1519999999999	922.4	1.0	-0.0745	-0.1741	0.9819	-19.3062	2.8027	-34.6748	0.0	3	1.0	0.0		3784	0	0
1701718276915	t	officespace_test_cue_diner_left	0.0	0	0	5.5033	708.48	844.6400000000001	1.0	5.8518	827.9999999999999	923.1999999999999	1.0	-0.0686	-0.1752	0.9821	-18.1052	2.828	-34.6965	0.0	3	1.0	0.0		3784	0	0
1701718276924	t	officespace_test_cue_diner_left	0.0	0	0	5.5101	708.048	843.52	1.0	5.8181	826.8480000000001	922.56	1.0	-0.056	-0.1697	0.9839	-11.0683	2.9758	-34.8247	0.0	3	1.0	0.0		3784	0	0
1701718276932	t	officespace_test_cue_diner_left	0.0	0	0	5.5146	707.76	844.48	1.0	5.8112	827.1360000000001	922.72	1.0	-0.0556	-0.1707	0.9837	-10.5463	2.9855	-34.8288	0.0	3	1.0	0.0		3784	0	0
1701718276940	t	officespace_test_cue_diner_left	0.0	0	0	5.5099	708.048	844.48	1.0	5.8071	827.1360000000001	922.72	1.0	-0.055	-0.1706	0.9838	-9.7967	3.0006	-34.8409	0.0	3	1.0	0.0		3784	0	0
1701718276949	t	officespace_test_cue_diner_left	0.0	0	0	5.5052	708.336	844.6400000000001	1.0	5.8055	827.1360000000001	922.72	1.0	-0.0512	-0.1694	0.9842	-6.4856	3.0696	-34.9001	0.0	3	1.0	0.0		3784	0	0
1701718276957	t	officespace_test_cue_diner_left	0.0	0	0	5.501	708.048	844.8000000000001	1.0	5.8043	827.1360000000001	922.72	1.0	-0.0481	-0.1686	0.9845	-4.0377	3.1201	-34.9444	0.0	3	1.0	0.0		3784	0	0
1701718276965	t	officespace_test_cue_diner_left	0.0	0	0	5.4964	707.76	845.12	1.0	5.778	827.1360000000001	922.72	1.0	-0.0477	-0.1689	0.9845	-4.156	3.1154	-34.9411	0.0	3	1.0	0.0		3784	0	0
1701718276974	t	officespace_test_cue_diner_left	0.0	0	0	5.4663	708.048	845.5999999999999	1.0	5.7521	826.9920000000001	922.72	1.0	-0.0473	-0.1691	0.9845	-3.4296	3.1288	-34.9535	0.0	3	1.0	0.0		3784	0	0
1701718276982	t	officespace_test_cue_diner_left	0.0	0	0	5.4367	708.336	846.08	1.0	5.735	826.9920000000001	922.72	1.0	-0.0473	-0.1699	0.9843	-3.0097	3.1373	-34.9603	0.0	3	1.0	0.0		3784	0	0
1701718276990	t	officespace_test_cue_diner_left	0.0	0	0	5.4206	708.336	846.08	1.0	5.7182	826.9920000000001	922.72	1.0	-0.0469	-0.1697	0.9844	-2.313	3.1523	-34.974	0.0	3	1.0	0.0		3784	0	0
1701718276999	t	officespace_test_cue_diner_left	0.0	0	0	5.4048	708.336	846.08	1.0	5.7139	826.9920000000001	922.72	1.0	-0.0457	-0.1695	0.9845	-1.4449	3.171	-34.9909	0.0	3	1.0	0.0		3784	0	0
1701718277006	t	officespace_test_cue_diner_left	0.0	0	0	5.3949	708.336	846.08	1.0	5.7099	826.9920000000001	922.88	1.0	-0.045	-0.1695	0.9845	-0.8071	3.1853	-35.0039	0.0	3	1.0	0.0		3784	0	0
1701718277015	t	officespace_test_cue_diner_left	0.0	0	0	5.2753	704.16	847.3599999999999	1.0	5.5267	820.9440000000001	923.3599999999999	1.0	-0.045	-0.1696	0.9845	-5.3554	3.0458	-34.8539	0.0	3	1.0	0.0		3784	0	0
1701718277023	t	officespace_test_cue_diner_left	0.0	0	0	5.2904	684.576	845.92	1.0	5.4317	801.216	925.92	1.0	-0.0246	-0.1832	0.9828	-19.4421	2.8082	-34.7992	0.0	3	1.0	0.0		3784	0	0
1701718277031	t	officespace_test_cue_diner_left	0.0	0	0	5.3016	659.232	843.68	1.0	5.4221	770.976	924.9599999999999	1.0	0.0613	-0.1679	0.9839	5.088	3.5424	-35.9904	0.0	3	1.0	0.0		3784	0	0
1701718277040	t	officespace_test_cue_diner_left	0.0	0	0	5.36	629.856	840.9599999999999	1.0	5.2358	737.1360000000001	920.48	1.0	0.148	-0.1476	0.9779	32.5464	3.9184	-35.6578	0.0	3	1.0	0.0		3784	0	0
1701718277048	t	officespace_test_cue_diner_left	0.0	0	0	5.3252	604.8	833.2800000000001	1.0	5.2918	709.6320000000001	909.92	1.0	0.1941	-0.1292	0.9724	32.9785	3.9722	-35.667	0.0	3	1.0	0.0		3784	0	0
1701718277056	t	officespace_test_cue_diner_left	0.0	0	0	5.2712	588.384	827.8399999999999	1.0	5.2231	694.368	899.6800000000001	1.0	0.2243	-0.1224	0.9668	33.1544	4.0426	-35.6968	0.0	3	1.0	0.0		3784	0	0
1701718277065	t	officespace_test_cue_diner_left	0.0	0	0	5.3055	581.616	822.88	1.0	5.2012	688.752	894.0799999999999	1.0	0.2391	-0.1077	0.965	33.212	4.0664	-35.7174	0.0	3	1.0	0.0		3784	0	0
1701718277073	t	officespace_test_cue_diner_left	0.0	0	0	5.3438	581.76	819.52	1.0	5.1428	686.736	892.0	1.0	0.2363	-0.097	0.9668	33.2218	4.0722	-35.7212	0.0	3	1.0	0.0		3784	0	0
1701718277081	t	officespace_test_cue_diner_left	0.0	0	0	5.311	583.2	820.32	1.0	5.1344	690.336	892.4799999999999	1.0	0.2318	-0.0996	0.9676	33.2186	4.0683	-35.7178	0.0	3	1.0	0.0		3784	0	0
1701718277090	t	officespace_test_cue_diner_left	0.0	0	0	5.2742	583.488	820.8000000000001	1.0	5.1474	692.784	893.92	1.0	0.2299	-0.1017	0.9679	33.2215	4.0683	-35.7171	0.0	3	1.0	0.0		3784	0	0
1701718277098	t	officespace_test_cue_diner_left	0.0	0	0	5.3291	583.9200000000001	818.4	1.0	5.1028	693.072	892.0	1.0	0.2251	-0.0933	0.9699	33.2352	4.0709	-35.7196	0.0	3	1.0	0.0		3784	0	0
1701718277107	t	officespace_test_cue_diner_left	0.0	0	0	5.228	583.2	822.24	1.0	5.0958	693.072	890.8799999999999	1.0	0.2265	-0.1076	0.968	33.2054	4.0717	-35.7152	0.0	3	1.0	0.0		3784	0	0
1701718277115	t	officespace_test_cue_diner_left	0.0	0	0	5.2362	583.632	821.28	1.0	5.0961	692.64	893.6	1.0	0.2244	-0.1044	0.9689	33.2192	4.0715	-35.7157	0.0	3	1.0	0.0		3784	0	0
1701718277123	t	officespace_test_cue_diner_left	0.0	0	0	5.2293	583.2	820.96	1.0	5.0547	694.8	893.6	1.0	0.2253	-0.1034	0.9688	33.0722	4.0695	-35.718	0.0	3	1.0	0.0		3784	0	0
1701718277131	t	officespace_test_cue_diner_left	0.0	0	0	5.233	583.2	820.64	1.0	5.0005	694.0799999999999	893.6	1.0	0.2234	-0.103	0.9693	31.2476	4.0494	-35.7434	0.0	3	1.0	0.0		3784	0	0
1701718277140	t	officespace_test_cue_diner_left	0.0	0	0	5.2297	583.2	820.32	1.0	5.0168	694.944	892.4799999999999	1.0	0.2209	-0.1027	0.9699	28.9724	4.0254	-35.7759	0.0	3	1.0	0.0		3784	0	0
1701718277148	t	officespace_test_cue_diner_left	0.0	0	0	5.1927	582.48	820.32	1.0	5.0294	694.656	891.6800000000001	1.0	0.2195	-0.1041	0.97	25.338	3.9867	-35.8174	0.0	3	1.0	0.0		3784	0	0
1701718277156	t	officespace_test_cue_diner_left	0.0	0	0	5.1554	582.048	820.1599999999999	1.0	4.9967	695.376	891.36	1.0	0.2142	-0.1067	0.9709	19.7148	3.9215	-35.8604	0.0	3	1.0	0.0		3784	0	0
1701718277165	t	officespace_test_cue_diner_left	0.0	0	0	5.1441	581.904	819.9999999999999	1.0	5.003	696.24	892.3199999999999	1.0	0.2163	-0.1057	0.9706	21.6448	3.9355	-35.8155	0.0	3	1.0	0.0		3784	0	0
1701718277173	t	officespace_test_cue_diner_left	0.0	0	0	5.1318	582.048	819.68	1.0	5.0424	696.24	889.7600000000001	1.0	0.2284	-0.0984	0.9686	32.7207	4.0601	-35.7196	0.0	3	1.0	0.0		3784	0	0
1701718277181	t	officespace_test_cue_diner_left	0.0	0	0	5.1216	582.048	819.9999999999999	1.0	5.0516	695.52	888.8	1.0	0.2282	-0.0989	0.9686	33.2421	4.0674	-35.7229	0.0	3	1.0	0.0		3784	0	0
1701718277190	t	officespace_test_cue_diner_left	0.0	0	0	5.1123	582.192	819.68	1.0	5.036	695.952	888.48	1.0	0.2275	-0.0981	0.9688	33.2614	4.0674	-35.7245	0.0	3	1.0	0.0		3784	0	0
1701718277198	t	officespace_test_cue_diner_left	0.0	0	0	5.1077	582.624	819.9999999999999	1.0	4.9901	695.232	887.8399999999999	1.0	0.2251	-0.0988	0.9693	33.2641	4.0671	-35.726	0.0	3	1.0	0.0		3784	0	0
1701718277207	t	officespace_test_cue_diner_left	0.0	0	0	5.1042	582.768	819.68	1.0	4.9681	695.52	888.32	1.0	0.224	-0.098	0.9696	33.2664	4.0669	-35.7276	0.0	3	1.0	0.0		3784	0	0
1701718277215	t	officespace_test_cue_diner_left	0.0	0	0	5.0815	583.0559999999999	819.9999999999999	1.0	5.0064	694.368	887.2	1.0	0.2229	-0.0989	0.9698	33.2693	4.0667	-35.7281	0.0	3	1.0	0.0		3784	0	0
1701718277223	t	officespace_test_cue_diner_left	0.0	0	0	5.0591	583.2	819.68	1.0	4.9025	696.528	886.0799999999999	1.0	0.2226	-0.0982	0.9699	33.2679	4.0665	-35.7286	0.0	3	1.0	0.0		3784	0	0
1701718277232	t	officespace_test_cue_diner_left	0.0	0	0	5.0363	583.2	819.52	1.0	4.9283	696.96	885.6	1.0	0.2227	-0.0974	0.97	33.2572	4.0656	-35.7305	0.0	3	1.0	0.0		3784	0	0
1701718277240	t	officespace_test_cue_diner_left	0.0	0	0	5.0037	583.2	819.36	1.0	4.8693	696.816	884.8000000000001	1.0	0.2227	-0.0963	0.9701	33.1728	4.061	-35.7303	0.0	3	1.0	0.0		3784	0	0
1701718277248	t	officespace_test_cue_diner_left	0.0	0	0	4.9829	583.632	818.5600000000001	1.0	4.8565	696.96	883.04	1.0	0.2207	-0.0931	0.9709	33.0617	4.0565	-35.731	0.0	3	1.0	0.0		3784	0	0
1701718277256	t	officespace_test_cue_diner_left	0.0	0	0	4.9673	583.632	818.5600000000001	1.0	4.8627	697.1039999999999	881.6	1.0	0.2207	-0.0928	0.9709	33.0978	4.0571	-35.7315	0.0	3	1.0	0.0		3784	0	0
1701718277265	t	officespace_test_cue_diner_left	0.0	0	0	4.6376	586.8	818.4	1.0	4.877	695.808	884.96	1.0	0.2113	-0.0849	0.9737	33.0381	4.0099	-35.7333	0.0	3	1.0	0.0		3784	0	0
1701718277273	t	officespace_test_cue_diner_left	0.0	0	0	4.8218	582.912	835.2	1.0	4.8129	682.272	905.28	1.0	0.2148	-0.1072	0.9707	33.293	3.8444	-35.7705	0.0	3	1.0	0.0		3784	0	0
1701718277281	t	officespace_test_cue_diner_left	0.0	0	0	4.7444	576.288	856.1600000000001	1.0	4.8624	667.5840000000001	929.5999999999999	1.0	0.235	-0.1419	0.9616	33.3175	3.6672	-35.8183	0.0	3	1.0	0.0		3784	0	0
1701718277289	t	officespace_test_cue_diner_left	0.0	0	0	4.6936	567.9359999999999	877.76	1.0	4.7506	655.4879999999999	948.0	1.0	0.2598	-0.1813	0.9485	33.3546	3.5106	-35.8678	0.0	3	1.0	0.0		3784	0	0
1701718277298	t	officespace_test_cue_diner_left	0.0	0	0	4.6313	563.328	892.16	1.0	4.7982	651.6	959.0400000000001	1.0	0.2744	-0.2087	0.9387	33.3633	3.4134	-35.9033	0.0	3	1.0	0.0		3784	0	0
1701718277306	t	officespace_test_cue_diner_left	0.0	0	0	4.6167	560.736	892.4799999999999	1.0	4.787	653.904	956.32	1.0	0.273	-0.2092	0.939	33.414	3.4108	-35.9095	0.0	3	1.0	0.0		3784	0	0
1701718277314	t	officespace_test_cue_diner_left	0.0	0	0	4.5944	560.448	889.9200000000001	1.0	4.6243	658.3679999999999	953.12	1.0	0.2676	-0.202	0.9421	33.4175	3.4177	-35.9119	0.0	3	1.0	0.0		3784	0	0
1701718277323	t	officespace_test_cue_diner_left	0.0	0	0	4.5685	561.6	885.28	1.0	4.7031	661.104	950.8800000000001	1.0	0.2629	-0.1951	0.9449	33.299	3.4534	-35.9011	0.0	3	1.0	0.0		3784	0	0
1701718277331	t	officespace_test_cue_diner_left	0.0	0	0	4.5548	563.04	882.56	1.0	4.6433	661.3919999999999	947.3599999999999	1.0	0.2579	-0.1913	0.947	32.619	3.4662	-35.8901	0.0	3	1.0	0.0		3784	0	0
1701718277339	t	officespace_test_cue_diner_left	0.0	0	0	4.6315	563.328	880.0000000000001	1.0	4.6494	662.976	947.1999999999999	1.0	0.2522	-0.1882	0.9492	26.8754	3.3967	-35.8532	0.0	3	1.0	0.0		3784	0	0
1701718277348	t	officespace_test_cue_diner_left	0.0	0	0	4.6367	565.056	879.68	1.0	4.6159	663.408	944.6400000000001	1.0	0.2431	-0.1908	0.951	21.3561	3.3264	-35.8138	0.0	3	1.0	0.0		3784	0	0
1701718277357	t	officespace_test_cue_diner_left	0.0	0	0	4.5678	566.064	878.88	1.0	4.7011	664.2719999999999	943.2	1.0	0.2282	-0.2018	0.9525	0.0862	3.0487	-35.6821	0.0	3	1.0	0.0		3784	0	0
1701718277365	t	officespace_test_cue_diner_left	0.0	0	0	4.4665	564.48	876.8000000000001	1.0	4.5881	665.712	941.76	1.0	0.2307	-0.1988	0.9525	2.2404	3.0983	-35.6927	0.0	3	1.0	0.0		3784	0	0
1701718277373	t	officespace_test_cue_diner_left	0.0	0	0	4.6143	566.928	875.84	1.0	4.5813	667.008	939.3599999999999	1.0	0.225	-0.1965	0.9543	2.5045	3.1177	-35.6867	0.0	3	1.0	0.0		3784	0	0
1701718277382	t	officespace_test_cue_diner_left	0.0	0	0	4.5501	567.504	872.1600000000001	1.0	4.6167	667.872	938.72	1.0	0.2229	-0.193	0.9555	0.879	3.1102	-35.6743	0.0	3	1.0	0.0		3784	0	0
1701718277390	t	officespace_test_cue_diner_left	0.0	0	0	4.4652	566.352	873.9200000000001	1.0	4.5976	668.88	937.9200000000001	1.0	0.2262	-0.1975	0.9538	0.8923	3.1254	-35.6715	0.0	3	1.0	0.0		3784	0	0
1701718277398	t	officespace_test_cue_diner_left	0.0	0	0	4.5194	569.808	871.52	1.0	4.5739	671.0400000000001	935.8399999999999	1.0	0.2183	-0.1927	0.9567	2.0995	3.1562	-35.6705	0.0	3	1.0	0.0		3784	0	0
1701718277406	t	officespace_test_cue_diner_left	0.0	0	0	4.5193	569.232	869.4399999999999	1.0	4.5349	671.616	935.0400000000001	1.0	0.2184	-0.1909	0.957	0.8764	3.152	-35.6649	0.0	3	1.0	0.0		3784	0	0
1701718277415	t	officespace_test_cue_diner_left	0.0	0	0	4.4254	570.24	868.16	1.0	4.5764	672.624	932.9599999999999	1.0	0.2165	-0.1876	0.9581	0.7936	3.1637	-35.6643	0.0	3	1.0	0.0		3784	0	0
1701718277423	t	officespace_test_cue_diner_left	0.0	0	0	4.4637	569.808	866.4	1.0	4.6111	673.632	929.28	1.0	0.2173	-0.1797	0.9594	0.8082	3.1735	-35.6675	0.0	3	1.0	0.0		3784	0	0
1701718277431	t	officespace_test_cue_diner_left	0.0	0	0	4.4102	570.528	865.28	1.0	4.5533	673.488	930.24	1.0	0.218	-0.181	0.959	0.7201	3.1789	-35.665	0.0	3	1.0	0.0		3784	0	0
1701718277439	t	officespace_test_cue_diner_left	0.0	0	0	4.4074	571.248	864.32	1.0	4.6081	673.9200000000001	927.0400000000001	1.0	0.2176	-0.1745	0.9603	0.7435	3.1842	-35.6679	0.0	3	1.0	0.0		3784	0	0
1701718277448	t	officespace_test_cue_diner_left	0.0	0	0	4.411	571.968	863.3599999999999	1.0	4.5681	675.9359999999999	927.2	1.0	0.2167	-0.175	0.9604	2.1521	3.2059	-35.6467	0.0	3	1.0	0.0		3784	0	0
1701718277456	t	officespace_test_cue_diner_left	0.0	0	0	4.4077	572.544	863.04	1.0	4.5498	677.232	925.1200000000001	1.0	0.215	-0.1699	0.9617	4.0543	3.231	-35.6565	0.0	3	1.0	0.0		3784	0	0
1701718277464	t	officespace_test_cue_diner_left	0.0	0	0	4.4046	573.12	862.5600000000001	1.0	4.6113	676.8	922.56	1.0	0.2171	-0.165	0.9621	5.7455	3.2567	-35.666	0.0	3	1.0	0.0		3784	0	0
1701718277473	t	officespace_test_cue_diner_left	0.0	0	0	4.4076	573.408	862.5600000000001	1.0	4.5501	677.952	923.04	1.0	0.2163	-0.1658	0.9621	7.268	3.2784	-35.6714	0.0	3	1.0	0.0		3784	0	0
1701718277481	t	officespace_test_cue_diner_left	0.0	0	0	4.455	577.5840000000001	860.0	1.0	4.4895	679.392	922.4	1.0	0.2097	-0.1607	0.9645	8.2932	3.2948	-35.6622	0.0	3	1.0	0.0		3784	0	0
1701718277489	t	officespace_test_cue_diner_left	0.0	0	0	4.4104	578.592	858.08	1.0	4.458	680.112	920.96	1.0	0.2081	-0.1566	0.9655	8.427	3.3166	-35.703	0.0	3	1.0	0.0		3784	0	0
1701718277498	t	officespace_test_cue_diner_left	0.0	0	0	4.3741	579.456	858.08	1.0	4.4207	682.56	921.12	1.0	0.2032	-0.1556	0.9667	9.2211	3.324	-35.7177	0.0	3	1.0	0.0		3784	0	0
1701718277506	t	officespace_test_cue_diner_left	0.0	0	0	4.3443	581.328	856.32	1.0	4.443	685.4399999999999	919.8399999999999	1.0	0.1982	-0.1511	0.9684	10.622	3.3512	-35.7296	0.0	3	1.0	0.0		3784	0	0
1701718277516	t	officespace_test_cue_diner_left	0.0	0	0	4.4108	583.9200000000001	855.52	1.0	4.4942	684.7199999999999	918.0799999999999	1.0	0.1961	-0.147	0.9695	12.5996	3.3816	-35.7381	0.0	3	1.0	0.0		3784	0	0
1701718277523	t	officespace_test_cue_diner_left	0.0	0	0	4.3597	583.9200000000001	856.48	1.0	4.5186	685.4399999999999	917.1200000000001	1.0	0.1992	-0.1482	0.9687	14.9466	3.4167	-35.7499	0.0	3	1.0	0.0		3784	0	0
1701718277531	t	officespace_test_cue_diner_left	0.0	0	0	4.3332	584.352	855.6800000000001	1.0	4.5264	686.016	916.8	1.0	0.2019	-0.146	0.9684	16.3729	3.4409	-35.7653	0.0	3	1.0	0.0		3784	0	0
1701718277539	t	officespace_test_cue_diner_left	0.0	0	0	4.3529	586.9440000000001	855.3599999999999	1.0	4.4819	686.736	916.64	1.0	0.1974	-0.1443	0.9697	18.5257	3.4738	-35.7953	0.0	3	1.0	0.0		3784	0	0
1701718277548	t	officespace_test_cue_diner_left	0.0	0	0	4.3144	586.368	856.48	1.0	4.5139	686.3040000000001	916.3199999999999	1.0	0.2047	-0.1454	0.968	22.4	3.5237	-35.8163	0.0	3	1.0	0.0		3784	0	0
1701718277556	t	officespace_test_cue_diner_left	0.0	0	0	4.3871	587.232	854.24	1.0	4.5379	688.1759999999999	916.3199999999999	1.0	0.2098	-0.1341	0.9685	31.9426	3.6268	-35.8027	0.0	3	1.0	0.0		3784	0	0
1701718277564	t	officespace_test_cue_diner_left	0.0	0	0	4.3257	587.664	856.64	1.0	4.4252	691.056	916.3199999999999	1.0	0.2105	-0.1414	0.9673	32.1559	3.6309	-35.8232	0.0	3	1.0	0.0		3784	0	0
1701718277573	t	officespace_test_cue_diner_left	0.0	0	0	4.3617	590.256	854.72	1.0	4.5176	691.056	914.08	1.0	0.2026	-0.1337	0.9701	32.6054	3.6277	-35.8186	0.0	3	1.0	0.0		3784	0	0
1701718277581	t	officespace_test_cue_diner_left	0.0	0	0	4.3111	591.696	856.48	1.0	4.4875	692.496	915.6800000000001	1.0	0.1996	-0.1385	0.97	32.7148	3.6191	-35.8123	0.0	3	1.0	0.0		3784	0	0
1701718277589	t	officespace_test_cue_diner_left	0.0	0	0	4.3767	592.128	853.28	1.0	4.4766	692.496	915.3600000000001	1.0	0.1997	-0.1259	0.9717	32.7092	3.6152	-35.8179	0.0	3	1.0	0.0		3784	0	0
1701718277598	t	officespace_test_cue_diner_left	0.0	0	0	4.3647	592.992	851.2	1.0	4.4758	692.496	914.88	1.0	0.1976	-0.1181	0.9731	32.8371	3.6134	-35.8211	0.0	3	1.0	0.0		3784	0	0
1701718277606	t	officespace_test_cue_diner_left	0.0	0	0	4.3508	593.856	852.0	1.0	4.4622	693.936	912.48	1.0	0.1947	-0.121	0.9734	32.8026	3.6116	-35.819	0.0	3	1.0	0.0		3784	0	0
1701718277614	t	officespace_test_cue_diner_left	0.0	0	0	4.3394	594.144	851.2	1.0	4.4325	695.232	911.52	1.0	0.1944	-0.1184	0.9737	32.9222	3.6142	-35.8173	0.0	3	1.0	0.0		3784	0	0
1701718277623	t	officespace_test_cue_diner_left	0.0	0	0	4.3329	594.432	850.8800000000001	1.0	4.445	696.096	912.8	1.0	0.194	-0.1176	0.9739	32.9721	3.6155	-35.8173	0.0	3	1.0	0.0		3784	0	0
1701718277631	t	officespace_test_cue_diner_left	0.0	0	0	4.3267	594.7199999999999	850.7199999999999	1.0	4.4336	696.96	912.32	1.0	0.1935	-0.1168	0.9741	32.8412	3.6146	-35.8167	0.0	3	1.0	0.0		3784	0	0
1701718277639	t	officespace_test_cue_diner_left	0.0	0	0	4.3088	595.2959999999999	850.24	1.0	4.4566	698.256	908.8	1.0	0.1905	-0.1168	0.9747	30.8919	3.5925	-35.8032	0.0	3	1.0	0.0		3784	0	0
1701718277648	t	officespace_test_cue_diner_left	0.0	0	0	4.2904	595.872	849.92	1.0	4.4675	699.12	908.64	1.0	0.1872	-0.1171	0.9753	28.599	3.5676	-35.7922	0.0	3	1.0	0.0		3784	0	0
1701718277656	t	officespace_test_cue_diner_left	0.0	0	0	4.2568	596.16	849.76	1.0	4.437	697.1039999999999	908.3199999999999	1.0	0.1834	-0.1144	0.9763	24.3637	3.4951	-35.7695	0.0	3	1.0	0.0		3784	0	0
1701718277664	t	officespace_test_cue_diner_left	0.0	0	0	4.3071	586.0799999999999	857.2800000000001	1.0	4.3796	683.28	916.8	1.0	0.2119	-0.1261	0.9691	31.7017	3.5452	-35.8597	0.0	3	1.0	0.0		3784	0	0
1701718277672	t	officespace_test_cue_diner_left	0.0	0	0	4.1963	569.664	859.52	1.0	4.4039	662.688	923.04	1.0	0.2469	-0.13	0.9603	31.5338	3.5311	-35.8845	0.0	3	1.0	0.0		3784	0	0
1701718277681	t	officespace_test_cue_diner_left	0.0	0	0	4.1515	547.4879999999999	863.84	1.0	4.3344	642.24	922.24	1.0	0.2864	-0.1402	0.9478	29.1371	3.4991	-35.9396	0.0	3	1.0	0.0		3784	0	0
1701718277689	t	officespace_test_cue_diner_left	0.0	0	0	4.2457	531.792	861.4399999999999	1.0	4.3426	627.696	919.2	1.0	0.3098	-0.126	0.9424	26.9325	3.4626	-35.989	0.0	3	1.0	0.0		3784	0	0
1701718277697	t	officespace_test_cue_diner_left	0.0	0	0	4.2924	527.904	861.76	1.0	4.3909	624.672	916.0	1.0	0.3114	-0.129	0.9415	24.5756	3.4509	-35.9836	0.0	3	1.0	0.0		3784	0	0
1701718277706	t	officespace_test_cue_diner_left	0.0	0	0	4.2946	528.048	857.44	1.0	4.4008	625.392	915.1999999999999	1.0	0.3092	-0.1198	0.9434	19.4472	3.3973	-35.9545	0.0	3	1.0	0.0		3784	0	0
1701718277714	t	officespace_test_cue_diner_left	0.0	0	0	4.2929	528.48	858.08	1.0	4.3792	628.272	916.0	1.0	0.3077	-0.1229	0.9435	15.5489	3.3457	-35.9289	0.0	3	1.0	0.0		3784	0	0
1701718277722	t	officespace_test_cue_diner_left	0.0	0	0	4.2287	531.504	859.2	1.0	4.4142	629.28	916.0	1.0	0.2948	-0.1292	0.9468	7.4639	3.2446	-35.8722	0.0	3	1.0	0.0		3784	0	0
1701718277731	t	officespace_test_cue_diner_left	0.0	0	0	4.2439	530.064	858.56	1.0	4.3855	631.584	913.12	1.0	0.294	-0.1243	0.9477	8.3752	3.2594	-35.8785	0.0	3	1.0	0.0		3784	0	0
1701718277739	t	officespace_test_cue_diner_left	0.0	0	0	4.2502	531.072	858.7199999999999	1.0	4.3448	631.8720000000001	914.56	1.0	0.2942	-0.1255	0.9474	13.0165	3.3157	-35.9025	0.0	3	1.0	0.0		3784	0	0
1701718277747	t	officespace_test_cue_diner_left	0.0	0	0	4.2327	532.08	859.0400000000001	1.0	4.4145	633.024	914.24	1.0	0.28	-0.1319	0.9509	-2.4515	3.1345	-35.8029	0.0	3	1.0	0.0		3784	0	0
1701718277756	t	officespace_test_cue_diner_left	0.0	0	0	4.2158	532.944	858.7199999999999	1.0	4.3468	632.304	910.88	1.0	0.2841	-0.1241	0.9507	2.3319	3.1927	-35.8347	0.0	3	1.0	0.0		3784	0	0
1701718277764	t	officespace_test_cue_diner_left	0.0	0	0	4.2263	532.944	857.6	1.0	4.3395	633.168	912.1600000000001	1.0	0.2832	-0.125	0.9509	3.0172	3.2028	-35.8369	0.0	3	1.0	0.0		3784	0	0
1701718277772	t	officespace_test_cue_diner_left	0.0	0	0	4.2364	532.944	856.48	1.0	4.421	635.04	912.32	1.0	0.2803	-0.1237	0.9519	3.018	3.2045	-35.8338	0.0	3	1.0	0.0		3784	0	0
1701718277781	t	officespace_test_cue_diner_left	0.0	0	0	4.2254	533.808	857.2800000000001	1.0	4.3737	636.192	910.3999999999999	1.0	0.277	-0.1226	0.953	2.7392	3.2045	-35.8324	0.0	3	1.0	0.0		3784	0	0
1701718277789	t	officespace_test_cue_diner_left	0.0	0	0	4.2161	534.672	856.48	1.0	4.3714	636.48	911.36	1.0	0.2763	-0.1244	0.953	2.4866	3.2075	-35.83	0.0	3	1.0	0.0		3784	0	0
1701718277797	t	officespace_test_cue_diner_left	0.0	0	0	4.2016	534.672	856.1600000000001	1.0	4.3938	637.4879999999999	909.44	1.0	0.2763	-0.1212	0.9534	2.4004	3.2104	-35.8292	0.0	3	1.0	0.0		3784	0	0
1701718277806	t	officespace_test_cue_diner_left	0.0	0	0	4.187	534.672	855.84	1.0	4.3013	636.768	910.88	1.0	0.2781	-0.1245	0.9524	1.4286	3.2037	-35.8214	0.0	3	1.0	0.0		3784	0	0
1701718277814	t	officespace_test_cue_diner_left	0.0	0	0	4.1809	534.816	855.1999999999999	1.0	4.3306	637.056	907.04	1.0	0.2787	-0.1173	0.9532	1.4151	3.2079	-35.8222	0.0	3	1.0	0.0		3784	0	0
1701718277823	t	officespace_test_cue_diner_left	0.0	0	0	4.1749	534.816	854.5600000000001	1.0	4.3411	638.784	906.88	1.0	0.2759	-0.1167	0.9541	1.3135	3.2087	-35.8186	0.0	3	1.0	0.0		3784	0	0
1701718277831	t	officespace_test_cue_diner_left	0.0	0	0	4.1657	535.2479999999999	854.08	1.0	4.3306	640.6560000000001	907.1999999999999	1.0	0.2724	-0.1171	0.955	1.1387	3.2085	-35.8123	0.0	3	1.0	0.0		3784	200	MYKEYWORD 200
