Recording timestamp	type	Scene Name	scene_num	order	djv_reported	PupilDiam_Left	Gaze2d_Left.x	Gaze2d_Left.y	left_eye_openness	PupilDiam_Right	Gaze2d_Right.x	Gaze2d_Right.y	right_eye_openness	gaze_direction_x	gaze_direction_y	gaze_direction_z	gaze_origin_x	gaze_origin_y	gaze_origin_z	gaze_convergence_distance	participant	study_status	scene_familiarity	recall_status	Identifier	Event value	Event message
1701994918677	t	terrace_testcue_cocktaillounge_right	0.0	2	0	5.4488	763.344	554.72	1.0	4.7308	756.432	823.1999999999999	1.0	-0.0469	0.0085	0.9989	24.4963	7.6607	-36.0734	0.0	23	0.0	0.0		5747	100	MYKEYWORD 100
1701994918685	t	terrace_testcue_cocktaillounge_right	0.0	2	0	5.4506	763.488	554.72	1.0	4.7284	756.432	822.88	1.0	-0.046	0.0042	0.9989	19.8565	7.4416	-36.3959	0.0	23	0.0	0.0		5747	0	0
1701994918693	t	terrace_testcue_cocktaillounge_right	0.0	2	0	5.4372	767.2320000000001	553.12	1.0	4.7156	756.576	821.28	1.0	-0.0611	0.0107	0.9981	28.1246	7.8944	-35.933	0.0	23	0.0	0.0		5747	0	0
1701994918701	t	terrace_testcue_cocktaillounge_right	0.0	2	0	5.4124	764.064	550.88	1.0	4.705	756.432	819.52	1.0	-0.0494	0.0186	0.9986	30.842	8.0368	-35.7587	0.0	23	0.0	0.0		5747	0	0
1701994918710	t	terrace_testcue_cocktaillounge_right	0.0	2	0	5.3732	763.488	552.96	1.0	4.7202	757.296	818.72	1.0	-0.0478	0.0084	0.9988	31.3597	8.0885	-35.7918	0.0	23	0.0	0.0		5747	0	0
1701994918718	t	terrace_testcue_cocktaillounge_right	0.0	2	0	5.3913	762.912	551.8399999999999	1.0	4.7157	755.5680000000001	817.44	1.0	-0.047	0.012	0.9988	31.3327	8.093	-35.8036	0.0	23	0.0	0.0		5747	0	0
1701994918727	t	terrace_testcue_cocktaillounge_right	0.0	2	0	5.3866	764.064	551.52	1.0	4.6748	754.992	816.48	1.0	-0.0528	0.0127	0.9985	30.8663	8.0768	-35.8579	0.0	23	0.0	0.0		5747	0	0
1701994918734	t	terrace_testcue_cocktaillounge_right	0.0	2	0	5.3827	762.912	551.1999999999999	1.0	4.7255	755.28	818.72	1.0	-0.0488	0.0121	0.9987	29.3748	8.0103	-35.978	0.0	23	0.0	0.0		5747	0	0
1701994918743	t	terrace_testcue_cocktaillounge_right	0.0	2	0	5.4231	760.608	548.8000000000001	1.0	4.7238	753.9839999999999	818.0799999999999	1.0	-0.0417	0.0177	0.999	26.642	7.8861	-36.1872	0.0	23	0.0	0.0		5747	0	0
1701994918751	t	terrace_testcue_cocktaillounge_right	0.0	2	0	5.4057	760.176	547.04	1.0	4.7413	755.28	819.8399999999999	1.0	-0.0422	0.0201	0.9989	24.0385	7.7615	-36.3622	0.0	23	0.0	0.0		5747	0	0
1701994918759	t	terrace_testcue_cocktaillounge_right	0.0	2	0	5.3532	759.312	543.52	1.0	4.6712	754.5600000000001	817.6	1.0	-0.0403	0.0272	0.9988	20.6928	7.6203	-36.6443	0.0	23	0.0	0.0		5747	0	0
1701994918768	t	terrace_testcue_cocktaillounge_right	0.0	2	0	5.2778	761.328	549.4399999999999	1.0	4.652	752.8320000000001	819.9999999999999	1.0	-0.0478	0.0044	0.9988	19.1208	7.5328	-36.6896	0.0	23	0.0	0.0		5747	0	0
1701994918776	t	terrace_testcue_cocktaillounge_right	0.0	2	0	5.3268	760.896	549.12	1.0	4.6805	752.8320000000001	819.2	1.0	-0.0462	0.0	0.9989	13.2939	7.2587	-37.1014	0.0	23	0.0	0.0		5747	0	0
1701994918784	t	terrace_testcue_cocktaillounge_right	0.0	2	0	5.3074	760.32	549.4399999999999	1.0	4.7058	752.8320000000001	819.9999999999999	1.0	-0.0452	-0.0033	0.999	11.9388	7.1935	-37.1945	0.0	23	0.0	0.0		5747	0	0
1701994918793	t	terrace_testcue_cocktaillounge_right	0.0	2	0	5.3323	760.032	549.12	1.0	4.6812	752.8320000000001	819.2	1.0	-0.0448	-0.0032	0.999	10.1694	7.1089	-37.3138	0.0	23	0.0	0.0		5747	0	0
1701994918801	t	terrace_testcue_cocktaillounge_right	0.0	2	0	5.3159	759.7439999999999	548.8000000000001	1.0	4.6768	752.8320000000001	819.9999999999999	1.0	-0.0443	-0.0037	0.999	9.7762	7.0883	-37.337	0.0	23	0.0	0.0		5747	0	0
1701994918810	t	terrace_testcue_cocktaillounge_right	0.0	2	0	5.312	758.7360000000001	549.12	1.0	4.6671	752.6880000000001	819.2	1.0	-0.0423	-0.0042	0.9991	9.3741	7.0681	-37.356	0.0	23	0.0	0.0		5747	0	0
1701994918818	t	terrace_testcue_cocktaillounge_right	0.0	2	0	5.308	757.728	549.4399999999999	1.0	4.6569	752.6880000000001	818.4	1.0	-0.0405	-0.0089	0.9991	4.6412	6.8421	-37.6746	0.0	23	0.0	0.0		5747	0	0
1701994918826	t	terrace_testcue_cocktaillounge_right	0.0	2	0	5.3032	757.44	549.92	1.0	4.6544	752.4	818.2399999999999	1.0	-0.0399	-0.0121	0.9991	2.238	6.7277	-37.8398	0.0	23	0.0	0.0		5747	0	0
1701994918834	t	terrace_testcue_cocktaillounge_right	0.0	2	0	5.2984	757.0079999999999	550.4	1.0	4.6519	752.112	818.2399999999999	1.0	-0.0392	-0.0162	0.9991	-1.2928	6.5597	-38.0844	0.0	23	0.0	0.0		5747	0	0
1701994918843	t	terrace_testcue_cocktaillounge_right	0.0	2	0	5.2886	756.8639999999999	550.88	1.0	4.6446	752.112	817.92	1.0	-0.0386	-0.0134	0.9992	1.5926	6.697	-37.8888	0.0	23	0.0	0.0		5747	0	0
1701994918851	t	terrace_testcue_cocktaillounge_right	0.0	2	0	5.2788	756.7199999999999	551.36	1.0	4.6373	751.968	817.44	1.0	-0.0382	-0.0134	0.9992	1.398	6.6878	-37.9066	0.0	23	0.0	0.0		5747	0	0
1701994918860	t	terrace_testcue_cocktaillounge_right	0.0	2	0	5.242	756.7199999999999	551.36	1.0	4.6351	751.968	817.2800000000001	1.0	-0.038	-0.0141	0.9992	1.0701	6.6725	-37.9223	0.0	23	0.0	0.0		5747	0	0
1701994918868	t	terrace_testcue_cocktaillounge_right	0.0	2	0	5.2057	756.576	551.36	1.0	4.6336	751.968	817.2800000000001	1.0	-0.0378	-0.0145	0.9992	-0.0083	6.6181	-37.9907	0.0	23	0.0	0.0		5747	0	0
1701994918877	t	terrace_testcue_cocktaillounge_right	0.0	2	0	5.1827	756.432	552.0	1.0	4.6222	751.8240000000001	816.8	1.0	-0.0373	-0.0154	0.9992	-0.5193	6.593	-38.0194	0.0	23	0.0	0.0		5747	0	0
1701994918885	t	terrace_testcue_cocktaillounge_right	0.0	2	0	5.1601	756.432	552.64	1.0	4.6112	751.8240000000001	816.3199999999999	1.0	-0.0368	-0.0159	0.9992	-0.6873	6.5841	-38.024	0.0	23	0.0	0.0		5747	0	0
1701994918893	t	terrace_testcue_cocktaillounge_right	0.0	2	0	5.1091	756.432	552.8	1.0	4.6093	751.6800000000001	816.0	1.0	-0.0366	-0.0156	0.9992	-0.6737	6.584	-38.0214	0.0	23	0.0	0.0		5747	0	0
1701994918902	t	terrace_testcue_cocktaillounge_right	0.0	2	0	4.7162	753.9839999999999	555.1999999999999	1.0	4.5865	750.8159999999999	816.0	1.0	-0.0312	-0.0195	0.9993	-7.0089	6.2493	-38.3829	0.0	23	0.0	0.0		5747	0	0
1701994918910	t	terrace_testcue_cocktaillounge_right	0.0	2	0	4.5953	754.272	559.1999999999999	1.0	4.4975	750.672	816.0	1.0	-0.0326	-0.0302	0.999	-19.7902	5.6557	-39.3056	0.0	23	0.0	0.0		5747	0	0
1701994918918	t	terrace_testcue_cocktaillounge_right	0.0	2	0	4.5613	751.6800000000001	557.76	1.0	4.0238	745.488	818.4	1.0	-0.0109	-0.0403	0.9991	-26.9415	5.2941	-39.7962	0.0	23	0.0	0.0		5747	0	0
1701994918927	t	terrace_testcue_cocktaillounge_right	0.0	2	0	4.4897	749.9520000000001	559.84	1.0	3.8904	744.0480000000001	815.5200000000001	1.0	-0.0105	-0.0362	0.9993	-27.5013	5.3323	-40.0078	0.0	23	0.0	0.0		5747	0	0
1701994918935	t	terrace_testcue_cocktaillounge_right	0.0	2	0	4.5049	746.64	560.1600000000001	1.0	3.8961	742.6080000000001	815.5200000000001	1.0	-0.0148	-0.0335	0.9993	-22.2608	5.4732	-39.2775	0.0	23	0.0	0.0		5747	0	0
1701994918943	t	terrace_testcue_cocktaillounge_right	0.0	2	0	4.3546	732.2399999999999	561.9200000000001	1.0	3.9172	732.2399999999999	813.5999999999999	1.0	-0.0065	-0.0162	0.9998	27.0272	7.8009	-36.074	0.0	23	0.0	0.0		5747	0	0
1701994918952	t	terrace_testcue_cocktaillounge_right	0.0	2	0	4.3821	697.536	554.88	1.0	3.8661	706.3199999999999	811.68	1.0	0.0539	-0.0089	0.9985	17.6806	7.5184	-37.2381	0.0	23	0.0	0.0		5747	0	0
1701994918960	t	terrace_testcue_cocktaillounge_right	0.0	2	0	4.3804	666.432	547.68	1.0	3.7663	682.8480000000001	800.8	1.0	0.0802	0.0021	0.9968	-10.4964	6.1303	-38.7373	0.0	23	0.0	0.0		5747	0	0
1701994918968	t	terrace_testcue_cocktaillounge_right	0.0	2	0	4.4145	631.584	539.68	1.0	3.6782	653.904	795.52	1.0	0.1317	0.0102	0.9912	-15.5461	5.8993	-38.9594	0.0	23	0.0	0.0		5747	0	0
1701994918976	t	terrace_testcue_cocktaillounge_right	0.0	2	0	4.3527	608.544	532.8000000000001	1.0	3.7857	625.968	790.08	1.0	0.1987	0.0535	0.9786	26.6876	7.8898	-36.3034	0.0	23	0.0	0.0		5747	0	0
1701994918984	t	terrace_testcue_cocktaillounge_right	0.0	2	0	4.3629	581.904	530.0799999999999	1.0	3.8538	598.464	786.4	1.0	0.2595	0.0617	0.9638	26.3744	7.9165	-36.513	0.0	23	0.0	0.0		5747	0	0
1701994918993	t	terrace_testcue_cocktaillounge_right	0.0	2	0	4.1777	564.336	525.28	1.0	3.7397	580.32	784.9599999999999	1.0	0.2858	0.0752	0.9553	29.6977	8.094	-36.3855	0.0	23	0.0	0.0		5747	0	0
1701994919001	t	terrace_testcue_cocktaillounge_right	0.0	2	0	4.1706	546.624	523.52	1.0	3.7274	564.048	782.24	1.0	0.321	0.0779	0.9438	33.1199	8.2822	-36.2427	0.0	23	0.0	0.0		5747	0	0
1701994919009	t	terrace_testcue_cocktaillounge_right	0.0	2	0	4.1357	534.672	521.28	1.0	3.6906	549.7919999999999	780.0	1.0	0.3438	0.0838	0.9353	33.8619	8.3344	-36.263	0.0	23	0.0	0.0		5747	0	0
1701994919018	t	terrace_testcue_cocktaillounge_right	0.0	2	0	4.1116	538.56	519.0400000000001	1.0	3.7232	550.6560000000001	781.12	1.0	0.339	0.0863	0.9368	34.1523	8.3733	-36.2257	0.0	23	0.0	0.0		5747	0	0
1701994919026	t	terrace_testcue_cocktaillounge_right	0.0	2	0	4.0204	545.904	522.24	1.0	3.5766	560.16	779.52	1.0	0.3313	0.0786	0.9402	33.5993	8.327	-36.2163	0.0	23	0.0	0.0		5747	0	0
1701994919034	t	terrace_testcue_cocktaillounge_right	0.0	2	0	4.0585	554.688	524.48	1.0	3.6011	566.208	780.8	1.0	0.3154	0.0735	0.9461	33.4429	8.306	-36.1823	0.0	23	0.0	0.0		5747	0	0
1701994919043	t	terrace_testcue_cocktaillounge_right	0.0	2	0	4.0254	563.04	519.36	1.0	3.5641	571.536	780.32	1.0	0.2932	0.0899	0.9518	33.1212	8.2995	-36.1844	0.0	23	0.0	0.0		5747	0	0
1701994919051	t	terrace_testcue_cocktaillounge_right	0.0	2	0	4.0267	566.784	525.12	1.0	3.5373	576.864	778.88	1.0	0.2938	0.0669	0.9535	32.5614	8.2784	-36.182	0.0	23	0.0	0.0		5747	0	0
1701994919059	t	terrace_testcue_cocktaillounge_right	0.0	2	0	3.8935	573.984	525.76	1.0	3.4784	581.472	777.28	1.0	0.2737	0.0556	0.9602	-1.8797	6.6866	-38.3908	0.0	23	0.0	0.0		5747	0	0
1701994919068	t	terrace_testcue_cocktaillounge_right	0.0	2	0	3.8891	578.016	528.3199999999999	1.0	3.422	588.24	773.12	1.0	0.2593	0.0589	0.964	-3.642	6.6139	-38.4932	0.0	23	0.0	0.0		5747	0	0
1701994919077	t	terrace_testcue_cocktaillounge_right	0.0	2	0	3.8959	581.328	525.44	1.0	3.4371	591.984	773.9200000000001	1.0	0.2519	0.0574	0.966	-5.3451	6.5493	-38.5891	0.0	23	0.0	0.0		5747	0	0
1701994919085	t	terrace_testcue_cocktaillounge_right	0.0	2	0	3.8785	587.088	525.6	1.0	3.386	598.032	773.4399999999999	1.0	0.2361	0.0547	0.9702	-5.974	6.5287	-38.6073	0.0	23	0.0	0.0		5747	0	0
1701994919093	t	terrace_testcue_cocktaillounge_right	0.0	2	0	3.8627	592.128	525.12	1.0	3.3332	601.6320000000001	774.88	1.0	0.2317	0.0488	0.9716	-4.4002	6.6125	-38.4829	0.0	23	0.0	0.0		5747	0	0
1701994919102	t	terrace_testcue_cocktaillounge_right	0.0	2	0	3.8017	600.048	524.8000000000001	1.0	3.3344	609.12	772.0	1.0	0.2107	0.055	0.976	-3.2873	6.6701	-38.402	0.0	23	0.0	0.0		5747	0	0
1701994919110	t	terrace_testcue_cocktaillounge_right	0.0	2	0	3.6926	605.664	527.52	1.0	3.2863	614.736	771.52	1.0	0.2006	0.0482	0.9785	-2.6933	6.7133	-38.3629	0.0	23	0.0	0.0		5747	0	0
1701994919119	t	terrace_testcue_cocktaillounge_right	0.0	2	0	3.7405	610.272	527.2	1.0	3.2557	622.2239999999999	769.9200000000001	1.0	0.1868	0.0522	0.981	0.6807	6.8453	-38.0468	0.0	23	0.0	0.0		5747	0	0
1701994919127	t	terrace_testcue_cocktaillounge_right	0.0	2	0	3.7109	616.6080000000001	525.92	1.0	3.2593	625.2479999999999	770.24	1.0	0.1801	0.0513	0.9823	12.2949	7.3819	-37.2555	0.0	23	0.0	0.0		5747	0	0
1701994919135	t	terrace_testcue_cocktaillounge_right	0.0	2	0	3.6831	620.352	524.16	1.0	3.2042	629.568	770.4	1.0	0.1703	0.0543	0.9839	25.9062	8.0244	-36.3967	0.0	23	0.0	0.0		5747	0	0
1701994919143	t	terrace_testcue_cocktaillounge_right	0.0	2	0	3.6537	618.912	522.24	1.0	3.1833	630.864	767.36	1.0	0.1657	0.0599	0.9843	31.9553	8.313	-36.0307	0.0	23	0.0	0.0		5747	0	0
1701994919151	t	terrace_testcue_cocktaillounge_right	0.0	2	0	3.7229	599.04	522.88	1.0	3.1461	616.896	764.32	1.0	0.1916	0.0576	0.9798	31.7804	8.3036	-36.1124	0.0	23	0.0	0.0		5747	0	0
1701994919160	t	terrace_testcue_cocktaillounge_right	0.0	2	0	3.5569	566.4960000000001	516.96	1.0	3.2819	587.088	761.12	1.0	0.2545	0.0638	0.965	31.6714	8.3637	-36.2368	0.0	23	0.0	0.0		5747	0	0
1701994919168	t	terrace_testcue_cocktaillounge_right	0.0	2	0	3.5988	538.848	513.92	1.0	3.1521	564.336	756.32	1.0	0.2907	0.0621	0.9548	30.9524	8.3856	-36.397	0.0	23	0.0	0.0		5747	0	0
1701994919177	t	terrace_testcue_cocktaillounge_right	0.0	2	0	3.6448	518.832	507.84000000000003	1.0	3.1929	539.136	751.68	1.0	0.3073	0.0693	0.9491	28.4438	8.333	-36.6555	0.0	23	0.0	0.0		5747	0	0
1701994919185	t	terrace_testcue_cocktaillounge_right	0.0	2	0	3.5505	502.272	503.04	1.0	3.1848	527.04	752.48	1.0	0.3329	0.0771	0.9398	23.3116	8.1326	-37.0656	0.0	23	0.0	0.0		5747	0	0
1701994919193	t	terrace_testcue_cocktaillounge_right	0.0	2	0	3.4968	494.496	504.32	1.0	3.1539	516.96	753.92	1.0	0.3436	0.0673	0.9367	19.2341	7.9617	-37.3468	0.0	23	0.0	0.0		5747	0	0
1701994919202	t	terrace_testcue_cocktaillounge_right	0.0	2	0	3.447	499.968	501.6	1.0	3.1538	520.128	755.52	1.0	0.3449	0.0734	0.9357	20.529	8.0274	-37.2466	0.0	23	0.0	0.0		5747	0	0
1701994919210	t	terrace_testcue_cocktaillounge_right	0.0	2	0	3.5853	518.4	508.32	1.0	3.1611	536.4	757.76	1.0	0.3147	0.0659	0.9469	19.9678	7.9398	-37.1886	0.0	23	0.0	0.0		5747	0	0
1701994919218	t	terrace_testcue_cocktaillounge_right	0.0	2	0	3.4184	534.384	511.2	1.0	3.2016	548.064	761.4399999999999	1.0	0.295	0.0666	0.9532	13.6167	7.5911	-37.5248	0.0	23	0.0	0.0		5747	0	0
1701994919226	t	terrace_testcue_cocktaillounge_right	0.0	2	0	3.51	552.24	516.8000000000001	1.0	3.1488	567.648	766.24	1.0	0.2447	0.0515	0.9682	-9.3408	6.4825	-38.9013	0.0	23	0.0	0.0		5747	0	0
1701994919235	t	terrace_testcue_cocktaillounge_right	0.0	2	0	3.5376	567.648	521.76	1.0	3.0777	580.608	771.3599999999999	1.0	0.2267	0.0494	0.9727	-8.6077	6.4403	-38.8034	0.0	23	0.0	0.0		5747	0	0
1701994919243	t	terrace_testcue_cocktaillounge_right	0.0	2	0	3.4868	585.504	525.92	1.0	3.0517	595.008	779.52	1.0	0.2184	0.0507	0.9745	28.5772	8.1031	-36.3112	0.0	23	0.0	0.0		5747	0	0
1701994919252	t	terrace_testcue_cocktaillounge_right	0.0	2	0	3.3816	600.336	529.28	1.0	3.038	609.12	784.8	1.0	0.1931	0.0475	0.98	33.6998	8.3324	-36.0137	0.0	23	0.0	0.0		5747	0	0
1701994919260	t	terrace_testcue_cocktaillounge_right	0.0	2	0	3.4333	599.04	533.28	1.0	3.0375	613.7280000000001	784.16	1.0	0.1891	0.0406	0.9811	33.7823	8.2966	-36.0138	0.0	23	0.0	0.0		5747	0	0
1701994919268	t	terrace_testcue_cocktaillounge_right	0.0	2	0	3.5263	574.992	532.0	1.0	3.1116	596.88	785.6	1.0	0.2424	0.0454	0.9691	33.9973	8.307	-36.0629	0.0	23	0.0	0.0		5747	0	0
1701994919276	t	terrace_testcue_cocktaillounge_right	0.0	2	0	3.385	553.5360000000001	530.72	1.0	2.9564	579.024	779.04	1.0	0.2711	0.0424	0.9616	34.2741	8.345	-36.1202	0.0	23	0.0	0.0		5747	0	0
1701994919285	t	terrace_testcue_cocktaillounge_right	0.0	2	0	3.3512	534.528	528.96	1.0	3.0106	558.576	779.52	1.0	0.3049	0.0481	0.9511	34.475	8.3587	-36.1911	0.0	23	0.0	0.0		5747	0	0
1701994919293	t	terrace_testcue_cocktaillounge_right	0.0	2	0	3.3571	524.448	523.2	1.0	3.1246	546.624	778.88	1.0	0.319	0.0679	0.9453	34.5954	8.3731	-36.2446	0.0	23	0.0	0.0		5747	0	0
1701994919301	t	terrace_testcue_cocktaillounge_right	0.0	2	0	3.4569	513.216	523.36	1.0	3.0071	538.704	773.28	1.0	0.3386	0.0617	0.9389	34.712	8.4038	-36.2801	0.0	23	0.0	0.0		5747	0	0
1701994919310	t	terrace_testcue_cocktaillounge_right	0.0	2	0	3.4334	510.192	520.64	1.0	2.9409	533.664	770.4	1.0	0.3447	0.063	0.9366	34.7368	8.4429	-36.2881	0.0	23	0.0	0.0		5747	0	0
1701994919319	t	terrace_testcue_cocktaillounge_right	0.0	2	0	3.4986	511.488	517.44	1.0	3.0846	534.24	768.48	1.0	0.3439	0.068	0.9366	34.7152	8.4744	-36.289	0.0	23	0.0	0.0		5747	0	0
1701994919326	t	terrace_testcue_cocktaillounge_right	0.0	2	0	3.3629	509.32800000000003	517.76	1.0	3.0595	530.64	766.08	1.0	0.3553	0.0587	0.9329	34.702	8.5097	-36.2893	0.0	23	0.0	0.0		5747	0	0
1701994919335	t	terrace_testcue_cocktaillounge_right	0.0	2	0	3.375	507.744	513.6	1.0	2.9872	528.624	767.1999999999999	1.0	0.3659	0.0613	0.9286	34.6059	8.5677	-36.3015	0.0	23	0.0	0.0		5747	0	0
1701994919343	t	terrace_testcue_cocktaillounge_right	0.0	2	0	3.3956	512.496	512.64	1.0	3.0137	533.376	764.48	1.0	0.3714	0.0593	0.9266	32.693	8.5054	-36.387	0.0	23	0.0	0.0		5747	0	0
1701994919351	t	terrace_testcue_cocktaillounge_right	0.0	2	0	3.3669	535.968	509.28000000000003	1.0	3.0741	546.912	762.5600000000001	1.0	0.322	0.0591	0.9449	-1.5488	6.8962	-38.3596	0.0	23	0.0	0.0		5747	0	0
1701994919360	t	terrace_testcue_cocktaillounge_right	0.0	2	0	3.3299	558.144	510.87999999999994	1.0	3.0523	567.648	761.5999999999999	1.0	0.2904	0.0545	0.9553	-3.4854	6.8196	-38.3969	0.0	23	0.0	0.0		5747	0	0
1701994919368	t	terrace_testcue_cocktaillounge_right	0.0	2	0	3.3886	577.008	511.67999999999995	1.0	2.96	587.664	765.9200000000001	1.0	0.2642	0.0434	0.9635	-6.6405	6.6547	-38.5035	0.0	23	0.0	0.0		5747	0	0
1701994919377	t	terrace_testcue_cocktaillounge_right	0.0	2	0	3.3443	601.6320000000001	510.40000000000003	1.0	2.8916	610.128	764.1600000000001	1.0	0.2146	0.0425	0.9758	-15.1644	6.3185	-39.1859	0.0	23	0.0	0.0		5747	0	0
1701994919385	t	terrace_testcue_cocktaillounge_right	0.0	2	0	3.2506	622.08	517.28	1.0	2.9677	627.12	765.4399999999999	1.0	0.1973	0.0364	0.9797	-11.5201	6.3825	-38.5203	0.0	23	0.0	0.0		5747	0	0
1701994919393	t	terrace_testcue_cocktaillounge_right	0.0	2	0	3.3256	636.624	515.0400000000001	1.0	2.8721	645.408	768.32	1.0	0.1644	0.0289	0.986	-23.7795	5.8246	-39.4023	0.0	23	0.0	0.0		5747	0	0
1701994919402	t	terrace_testcue_cocktaillounge_right	0.0	2	0	3.2448	658.224	517.28	1.0	2.945	661.536	769.12	1.0	0.1361	0.0318	0.9902	-23.4427	5.729	-38.9977	0.0	23	0.0	0.0		5747	0	0
1701994919410	t	terrace_testcue_cocktaillounge_right	0.0	2	0	3.3141	669.744	512.96	1.0	2.7995	675.792	768.0	1.0	0.1131	0.0323	0.9931	-24.9766	5.8594	-39.7789	0.0	23	0.0	0.0		5747	0	0
1701994919418	t	terrace_testcue_cocktaillounge_right	0.0	2	0	3.2428	687.744	518.72	1.0	2.7683	689.472	767.84	1.0	0.093	0.0323	0.9951	-17.2133	6.2824	-39.443	0.0	23	0.0	0.0		5747	0	0
1701994919427	t	terrace_testcue_cocktaillounge_right	0.0	2	0	3.3454	699.84	519.52	1.0	2.8345	702.432	767.84	1.0	0.0797	0.0399	0.996	-4.9519	6.7626	-38.3175	0.0	23	0.0	0.0		5747	0	0
1701994919435	t	terrace_testcue_cocktaillounge_right	0.0	2	0	3.1128	714.096	519.2	1.0	2.8434	714.96	768.64	1.0	0.067	0.0436	0.9968	30.0885	8.4034	-35.9549	0.0	23	0.0	0.0		5747	0	0
1701994919443	t	terrace_testcue_cocktaillounge_right	0.0	2	0	3.2626	726.624	516.64	1.0	2.7738	724.752	766.08	1.0	0.0432	0.0488	0.9979	31.4448	8.4568	-35.678	0.0	23	0.0	0.0		5747	0	0
1701994919451	t	terrace_testcue_cocktaillounge_right	0.0	2	0	3.2854	736.1279999999999	515.68	1.0	2.7238	734.688	764.96	1.0	0.0305	0.047	0.9984	31.6057	8.459	-35.5025	0.0	23	0.0	0.0		5747	0	0
1701994919460	t	terrace_testcue_cocktaillounge_right	0.0	2	0	3.2674	745.3439999999999	515.36	1.0	2.7725	744.0480000000001	762.72	1.0	0.0068	0.0396	0.9992	31.7085	8.5647	-35.7422	0.0	23	0.0	0.0		5747	0	0
1701994919468	t	terrace_testcue_cocktaillounge_right	0.0	2	0	3.1352	752.544	512.4799999999999	1.0	2.7942	751.248	762.5600000000001	1.0	-0.0054	0.0468	0.9989	31.3669	8.5135	-35.5235	0.0	23	0.0	0.0		5747	0	0
1701994919476	t	terrace_testcue_cocktaillounge_right	0.0	2	0	3.2122	742.7520000000001	513.92	1.0	2.7649	744.768	762.88	1.0	0.0079	0.0481	0.9988	31.077	8.4813	-35.6359	0.0	23	0.0	0.0		5747	0	0
1701994919485	t	terrace_testcue_cocktaillounge_right	0.0	2	0	3.2184	705.024	529.12	1.0	2.8961	713.952	771.1999999999999	1.0	0.0907	0.0193	0.9957	23.2721	7.9734	-36.1106	0.0	23	0.0	0.0		5747	0	0
1701994919493	t	terrace_testcue_cocktaillounge_right	0.0	2	0	3.2097	678.816	538.88	1.0	2.7676	682.56	786.56	1.0	0.1476	0.0049	0.989	27.3992	7.9926	-35.663	0.0	23	0.0	0.0		5747	0	0
1701994919501	t	terrace_testcue_cocktaillounge_right	0.0	2	0	3.2485	660.096	549.6	1.0	2.7184	659.52	795.6800000000001	1.0	0.181	-0.0185	0.9833	28.0648	8.0317	-36.0325	0.0	23	0.0	0.0		5747	0	0
1701994919510	t	terrace_testcue_cocktaillounge_right	0.0	2	0	3.2411	664.128	557.28	1.0	2.6563	656.064	802.2399999999999	1.0	0.1689	-0.0391	0.9849	26.113	7.9356	-36.3037	0.0	23	0.0	0.0		5747	0	0
1701994919518	t	terrace_testcue_cocktaillounge_right	0.0	2	0	3.3005	669.024	551.36	1.0	2.7036	661.8240000000001	798.7199999999999	1.0	0.1579	-0.0164	0.9873	25.6149	7.8598	-36.1164	0.0	23	0.0	0.0		5747	0	0
1701994919526	t	terrace_testcue_cocktaillounge_right	0.0	2	0	3.2619	670.752	553.5999999999999	1.0	2.6875	666.72	795.52	1.0	0.1609	-0.0164	0.9868	32.2473	8.1293	-35.6312	0.0	23	0.0	0.0		5747	0	0
1701994919534	t	terrace_testcue_cocktaillounge_right	0.0	2	0	3.2765	675.648	553.4399999999999	1.0	2.7352	671.328	795.6800000000001	1.0	0.148	-0.0158	0.9888	32.4607	8.1349	-35.5878	0.0	23	0.0	0.0		5747	0	0
1701994919543	t	terrace_testcue_cocktaillounge_right	0.0	2	0	3.2282	680.256	555.84	1.0	2.7401	675.792	792.48	1.0	0.1349	-0.0238	0.9906	32.4603	8.1472	-35.6552	0.0	23	0.0	0.0		5747	0	0
1701994919551	t	terrace_testcue_cocktaillounge_right	0.0	2	0	3.2254	680.688	552.48	1.0	2.931	678.24	792.16	1.0	0.1364	-0.0095	0.9906	32.4591	8.1361	-35.6385	0.0	23	0.0	0.0		5747	0	0
1701994919559	t	terrace_testcue_cocktaillounge_right	0.0	2	0	3.2243	682.56	552.32	1.0	2.8082	680.544	791.84	1.0	0.1304	-0.0088	0.9914	32.4472	8.1302	-35.6096	0.0	23	0.0	0.0		5747	0	0
1701994919568	t	terrace_testcue_cocktaillounge_right	0.0	2	0	3.206	682.8480000000001	551.36	1.0	2.8094	681.696	791.2	1.0	0.1297	-0.007	0.9915	32.4272	8.1262	-35.5602	0.0	23	0.0	0.0		5747	0	0
1701994919576	t	terrace_testcue_cocktaillounge_right	0.0	2	0	3.2343	683.28	550.72	1.0	2.8992	682.7040000000001	790.24	1.0	0.1262	-0.0065	0.992	32.4506	8.1351	-35.5636	0.0	23	0.0	0.0		5747	0	0
1701994919585	t	terrace_testcue_cocktaillounge_right	0.0	2	0	3.2157	682.128	550.24	1.0	2.8022	681.984	789.76	1.0	0.1267	-0.0062	0.9919	32.3521	8.1648	-35.6983	0.0	23	0.0	0.0		5747	0	0
1701994919593	t	terrace_testcue_cocktaillounge_right	0.0	2	0	3.2249	682.4159999999999	548.64	1.0	2.8353	681.408	790.7199999999999	1.0	0.1175	0.0007	0.9931	31.613	8.1744	-35.9719	0.0	23	0.0	0.0		5747	0	0
1701994919601	t	terrace_testcue_cocktaillounge_right	0.0	2	0	3.2192	681.12	550.5600000000001	1.0	2.9064	680.4	790.56	1.0	0.1137	-0.0042	0.9935	21.03	7.6111	-36.3743	0.0	23	0.0	0.0		5747	0	0
1701994919609	t	terrace_testcue_cocktaillounge_right	0.0	2	0	3.2269	678.9599999999999	552.96	1.0	2.7764	678.528	788.16	1.0	0.1136	-0.0028	0.9935	23.0993	7.6401	-36.1034	0.0	23	0.0	0.0		5747	0	0
1701994919618	t	terrace_testcue_cocktaillounge_right	0.0	2	0	3.126	675.792	552.64	1.0	2.8071	674.928	789.28	1.0	0.1151	0.0023	0.9933	21.1921	7.5606	-36.3851	0.0	23	0.0	0.0		5747	0	0
1701994919626	t	terrace_testcue_cocktaillounge_right	0.0	2	0	3.1994	672.768	554.72	1.0	2.7537	672.768	789.44	1.0	0.1133	-0.0018	0.9935	11.8766	7.1806	-37.1874	0.0	23	0.0	0.0		5747	0	0
1701994919634	t	terrace_testcue_cocktaillounge_right	0.0	2	0	3.1515	671.328	556.48	1.0	2.8201	671.904	788.0	1.0	0.1074	-0.0013	0.9942	6.8895	6.914	-37.3847	0.0	23	0.0	0.0		5747	0	0
1701994919643	t	terrace_testcue_cocktaillounge_right	0.0	2	0	3.2628	667.872	555.1999999999999	1.0	2.8343	669.888	787.04	1.0	0.1115	0.0008	0.9938	17.1127	7.5183	-37.3357	0.0	23	0.0	0.0		5747	0	0
1701994919651	t	terrace_testcue_cocktaillounge_right	0.0	2	0	3.1972	666.144	554.24	1.0	2.7604	669.024	787.36	1.0	0.1174	0.0086	0.993	29.3881	7.9577	-36.2448	0.0	23	0.0	0.0		5747	0	0
1701994919659	t	terrace_testcue_cocktaillounge_right	0.0	2	0	3.0971	665.424	555.36	1.0	2.8259	666.576	786.24	1.0	0.1153	0.0056	0.9933	30.4127	7.9373	-35.9299	0.0	23	0.0	0.0		5747	0	0
1701994919668	t	terrace_testcue_cocktaillounge_right	0.0	2	0	3.2427	664.2719999999999	552.32	1.0	2.8302	665.2800000000001	784.32	1.0	0.114	0.0163	0.9933	32.0119	8.0153	-35.8495	0.0	23	0.0	0.0		5747	0	0
1701994919676	t	terrace_testcue_cocktaillounge_right	0.0	2	0	3.2202	662.832	552.1600000000001	1.0	2.8091	665.424	784.9599999999999	1.0	0.117	0.0143	0.993	31.2882	8.0215	-36.0186	0.0	23	0.0	0.0		5747	0	0
1701994919684	t	terrace_testcue_cocktaillounge_right	0.0	2	0	3.1741	663.6959999999999	552.1600000000001	1.0	2.8167	663.84	783.84	1.0	0.1136	0.0141	0.9934	32.7658	8.0756	-35.8814	0.0	23	0.0	0.0		5747	0	0
1701994919693	t	terrace_testcue_cocktaillounge_right	0.0	2	0	3.2196	662.832	551.68	1.0	2.8561	664.4159999999999	784.16	1.0	0.1182	0.0162	0.9928	32.8809	8.075	-35.8482	0.0	23	0.0	0.0		5747	0	0
1701994919701	t	terrace_testcue_cocktaillounge_right	0.0	2	0	3.226	663.408	550.88	1.0	2.8622	665.712	785.28	1.0	0.1208	0.0198	0.9925	32.8645	8.0421	-35.7156	0.0	23	0.0	0.0		5747	0	0
1701994919709	t	terrace_testcue_cocktaillounge_right	0.0	2	0	3.2176	664.4159999999999	551.52	1.0	2.8458	666.432	784.48	1.0	0.1199	0.0176	0.9926	32.8506	8.0705	-35.835	0.0	23	0.0	0.0		5747	0	0
1701994919718	t	terrace_testcue_cocktaillounge_right	0.0	2	0	3.2504	665.712	552.64	1.0	2.9025	667.5840000000001	784.64	1.0	0.1171	0.0129	0.993	32.8372	8.1003	-35.9622	0.0	23	0.0	0.0		5747	0	0
1701994919726	t	terrace_testcue_cocktaillounge_right	0.0	2	0	3.2033	664.992	551.52	1.0	2.8828	668.592	785.12	1.0	0.1218	0.0172	0.9924	32.816	8.0998	-35.9626	0.0	23	0.0	0.0		5747	0	0
1701994919734	t	terrace_testcue_cocktaillounge_right	0.0	2	0	3.1998	665.136	551.68	1.0	2.8623	667.872	785.12	1.0	0.1205	0.0156	0.9926	31.9708	8.0616	-35.9982	0.0	23	0.0	0.0		5747	0	0
1701994919743	t	terrace_testcue_cocktaillounge_right	0.0	2	0	3.2141	664.2719999999999	549.28	1.0	2.8866	667.728	782.4	1.0	0.1164	0.0176	0.993	19.7999	7.5052	-36.5705	0.0	23	0.0	0.0		5747	0	0
1701994919751	t	terrace_testcue_cocktaillounge_right	0.0	2	0	3.2167	662.976	548.8000000000001	1.0	2.8588	666.576	780.32	1.0	0.1192	0.0188	0.9927	19.8049	7.5025	-36.523	0.0	23	0.0	0.0		5747	0	0
1701994919759	t	terrace_testcue_cocktaillounge_right	0.0	2	0	3.2737	661.248	549.12	1.0	2.8642	664.992	780.9599999999999	1.0	0.1161	0.0076	0.9932	-2.3546	6.5379	-37.7914	0.0	23	0.0	0.0		5747	0	0
1701994919768	t	terrace_testcue_cocktaillounge_right	0.0	2	0	3.2504	661.248	548.48	1.0	2.8088	664.4159999999999	779.1999999999999	1.0	0.1157	0.011	0.9932	-2.083	6.5745	-37.8521	0.0	23	0.0	0.0		5747	0	0
1701994919776	t	terrace_testcue_cocktaillounge_right	0.0	2	0	3.2591	661.248	548.0	1.0	2.8143	664.4159999999999	778.72	1.0	0.1138	0.0113	0.9934	-5.6337	6.4265	-38.0825	0.0	23	0.0	0.0		5747	0	0
1701994919784	t	terrace_testcue_cocktaillounge_right	0.0	2	0	3.2631	661.248	548.0	1.0	2.8187	664.4159999999999	779.1999999999999	1.0	0.115	0.0115	0.9933	-0.9384	6.6392	-37.8348	0.0	23	0.0	0.0		5747	0	0
1701994919793	t	terrace_testcue_cocktaillounge_right	0.0	2	0	3.2566	661.248	548.0	1.0	2.8506	664.128	779.52	1.0	0.1158	0.011	0.9932	-0.0947	6.6754	-37.7875	0.0	23	0.0	0.0		5747	0	0
1701994919801	t	terrace_testcue_cocktaillounge_right	0.0	2	0	3.2075	658.08	547.2	1.0	2.9427	662.688	781.28	1.0	0.1167	0.0021	0.9931	-10.9819	6.1985	-38.3967	0.0	23	0.0	0.0		5747	0	0
1701994919810	t	terrace_testcue_cocktaillounge_right	0.0	2	0	3.1973	657.504	547.68	1.0	2.8862	659.952	777.9200000000001	1.0	0.1197	0.0063	0.9928	-27.384	5.4505	-39.2041	0.0	23	0.0	0.0		5747	0	0
1701994919818	t	terrace_testcue_cocktaillounge_right	0.0	2	0	3.2267	656.64	547.2	1.0	2.8997	658.8000000000001	779.6800000000001	1.0	0.1197	-0.003	0.9928	-30.0146	5.3088	-39.2385	0.0	23	0.0	0.0		5747	0	0
1701994919826	t	terrace_testcue_cocktaillounge_right	0.0	2	0	3.1962	654.48	546.4000000000001	1.0	2.8672	658.656	778.4	1.0	0.1166	0.0035	0.9932	-30.1761	5.2332	-39.0134	0.0	23	0.0	0.0		5747	0	0
1701994919835	t	terrace_testcue_cocktaillounge_right	0.0	2	0	3.2361	657.504	544.8000000000001	1.0	2.9131	658.8000000000001	778.72	1.0	0.1247	0.0016	0.9922	-30.2378	5.2873	-39.2038	0.0	23	0.0	0.0		5747	0	0
1701994919843	t	terrace_testcue_cocktaillounge_right	0.0	2	0	3.2175	672.048	542.5600000000001	1.0	2.873	678.672	779.04	1.0	0.0821	0.0004	0.9966	-30.3202	5.3648	-39.4815	0.0	23	0.0	0.0		5747	0	0
1701994919851	t	terrace_testcue_cocktaillounge_right	0.0	2	0	3.1673	701.856	538.0799999999999	1.0	2.7956	709.2	776.48	1.0	0.0343	0.0064	0.9994	-29.2431	5.524	-39.6757	0.0	23	0.0	0.0		5747	0	0
1701994919860	t	terrace_testcue_cocktaillounge_right	0.0	2	0	3.076	737.9999999999999	539.52	1.0	2.7553	743.328	773.76	1.0	-0.0273	0.0139	0.9995	-8.9315	6.5186	-38.6218	0.0	23	0.0	0.0		5747	0	0
1701994919868	t	terrace_testcue_cocktaillounge_right	0.0	2	0	3.1463	772.9920000000001	528.96	1.0	2.8609	774.4319999999999	771.84	1.0	-0.0731	0.0377	0.9966	8.2993	7.3047	-37.3997	0.0	23	0.0	0.0		5747	0	0
1701994919876	t	terrace_testcue_cocktaillounge_right	0.0	2	0	3.2012	804.8159999999999	521.6	1.0	2.843	803.088	770.56	1.0	-0.1134	0.0679	0.9912	27.4554	8.2949	-36.5706	0.0	23	0.0	0.0		5747	0	0
1701994919884	t	terrace_testcue_cocktaillounge_right	0.0	2	0	3.2565	835.0559999999999	523.52	1.0	2.9526	833.184	768.0	1.0	-0.1562	0.0624	0.9857	27.2652	8.2695	-36.4039	0.0	23	0.0	0.0		5747	0	0
1701994919892	t	terrace_testcue_cocktaillounge_right	0.0	2	0	3.2075	868.1759999999999	524.0	1.0	2.9283	863.1360000000001	771.3599999999999	1.0	-0.2124	0.0603	0.9753	26.7237	8.2817	-36.4956	0.0	23	0.0	0.0		5747	0	0
1701994919901	t	terrace_testcue_cocktaillounge_right	0.0	2	0	3.2885	897.6959999999999	520.16	1.0	3.0228	892.368	772.8	1.0	-0.2592	0.0729	0.963	25.825	8.2785	-36.6352	0.0	23	0.0	0.0		5747	0	0
1701994919909	t	terrace_testcue_cocktaillounge_right	0.0	2	0	3.4726	915.408	522.24	1.0	3.084	903.3119999999999	772.64	1.0	-0.2997	0.0576	0.9523	14.8635	7.8019	-37.3125	0.0	23	0.0	0.0		5747	0	0
1701994919917	t	terrace_testcue_cocktaillounge_right	0.0	2	0	3.349	911.52	520.16	1.0	3.0827	900.288	770.88	1.0	-0.3031	0.0495	0.9517	-13.6945	6.4669	-38.9557	0.0	23	0.0	0.0		5747	0	0
1701994919926	t	terrace_testcue_cocktaillounge_right	0.0	2	0	3.3592	905.3280000000001	518.72	1.0	2.9947	898.128	769.76	1.0	-0.2707	0.0629	0.9606	14.715	7.8143	-37.2941	0.0	23	0.0	0.0		5747	0	0
1701994919934	t	terrace_testcue_cocktaillounge_right	0.0	2	0	3.3154	897.5519999999999	519.52	1.0	3.0118	894.24	772.32	1.0	-0.2471	0.057	0.9673	18.0781	7.9733	-37.0696	0.0	23	0.0	0.0		5747	0	0
1701994919942	t	terrace_testcue_cocktaillounge_right	0.0	2	0	3.3563	893.376	517.12	1.0	3.0185	888.192	770.4	1.0	-0.2374	0.0626	0.9694	17.7995	7.9685	-37.0762	0.0	23	0.0	0.0		5747	0	0
1701994919950	t	terrace_testcue_cocktaillounge_right	0.0	2	0	3.4267	888.9119999999999	517.92	1.0	3.1739	880.7040000000001	769.28	1.0	-0.2332	0.0583	0.9707	16.3861	7.9033	-37.1396	0.0	23	0.0	0.0		5747	0	0
1701994919959	t	terrace_testcue_cocktaillounge_right	0.0	2	0	3.3593	880.5600000000001	515.0400000000001	1.0	3.1021	873.504	769.28	1.0	-0.2276	0.062	0.9718	2.9651	7.2403	-37.8998	0.0	23	0.0	0.0		5747	0	0
1701994919967	t	terrace_testcue_cocktaillounge_right	0.0	2	0	3.3548	870.336	515.68	1.0	3.1096	865.872	771.1999999999999	1.0	-0.2101	0.0552	0.9761	1.4854	7.1593	-37.9539	0.0	23	0.0	0.0		5747	0	0
1701994919976	t	terrace_testcue_cocktaillounge_right	0.0	2	0	3.3013	860.976	517.12	1.0	3.1577	857.808	769.28	1.0	-0.1904	0.0557	0.9801	1.2821	7.1386	-37.948	0.0	23	0.0	0.0		5747	0	0
1701994919984	t	terrace_testcue_cocktaillounge_right	0.0	2	0	3.2931	853.92	513.28	1.0	3.139	852.192	770.88	1.0	-0.1797	0.0637	0.9816	2.8969	7.1974	-37.8444	0.0	23	0.0	0.0		5747	0	0
1701994919992	t	terrace_testcue_cocktaillounge_right	0.0	2	0	3.377	845.7120000000001	516.64	1.0	3.1196	845.424	769.4399999999999	1.0	-0.1661	0.0606	0.9842	3.7422	7.2246	-37.7758	0.0	23	0.0	0.0		5747	0	0
1701994920001	t	terrace_testcue_cocktaillounge_right	0.0	2	0	3.2588	832.6080000000001	517.76	1.0	3.0502	839.8080000000001	770.24	1.0	-0.147	0.0511	0.9878	-6.1219	6.7409	-38.3209	0.0	23	0.0	0.0		5747	0	0
1701994920009	t	terrace_testcue_cocktaillounge_right	0.0	2	0	-1.0	836.7839999999999	524.64	0.9909	-1.0	850.464	767.36	0.9629	-1.0	-1.0	-1.0	-1.0	-1.0	-1.0	0.0	23	0.0	0.0		5747	0	0
1701994920017	t	terrace_testcue_cocktaillounge_right	0.0	2	0	-1.0	856.512	543.68	0.9909	-1.0	861.5520000000001	789.6	0.9629	-1.0	-1.0	-1.0	-1.0	-1.0	-1.0	0.0	23	0.0	0.0		5747	0	0
1701994920025	t	terrace_testcue_cocktaillounge_right	0.0	2	0	-1.0	883.44	651.8399999999999	0.8144	-1.0	870.624	816.8	0.7677	-1.0	-1.0	-1.0	-1.0	-1.0	-1.0	0.0	23	0.0	0.0		5747	0	0
1701994920032	t	terrace_testcue_cocktaillounge_right	0.0	2	0	-1.0	864.2879999999999	660.1600000000001	0.8144	-1.0	-1440.0	-1600.0	0.7677	-1.0	-1.0	-1.0	-1.0	-1.0	-1.0	0.0	23	0.0	0.0		5747	0	0
1701994920040	t	terrace_testcue_cocktaillounge_right	0.0	2	0	-1.0	893.6640000000001	685.12	0.4879	-1.0	-1440.0	-1600.0	0.5335	-1.0	-1.0	-1.0	-1.0	-1.0	-1.0	0.0	23	0.0	0.0		5747	0	0
1701994920048	t	terrace_testcue_cocktaillounge_right	0.0	2	0	-1.0	894.96	775.84	0.4879	-1.0	-1440.0	-1600.0	0.5335	-1.0	-1.0	-1.0	-1.0	-1.0	-1.0	0.0	23	0.0	0.0		5747	0	0
1701994920056	t	terrace_testcue_cocktaillounge_right	0.0	2	0	-1.0	-1440.0	-1600.0	0.0416	-1.0	-1440.0	-1600.0	0.2542	-1.0	-1.0	-1.0	-1.0	-1.0	-1.0	0.0	23	0.0	0.0		5747	0	0
1701994920064	t	terrace_testcue_cocktaillounge_right	0.0	2	0	-1.0	-1440.0	-1600.0	0.0416	-1.0	-1440.0	-1600.0	0.2542	-1.0	-1.0	-1.0	-1.0	-1.0	-1.0	0.0	23	0.0	0.0		5747	0	0
1701994920073	t	terrace_testcue_cocktaillounge_right	0.0	2	0	-1.0	-1440.0	-1600.0	0.0	-1.0	-1440.0	-1600.0	0.1789	-1.0	-1.0	-1.0	-1.0	-1.0	-1.0	0.0	23	0.0	0.0		5747	0	0
1701994920081	t	terrace_testcue_cocktaillounge_right	0.0	2	0	-1.0	-1440.0	-1600.0	0.0	-1.0	-1440.0	-1600.0	0.1789	-1.0	-1.0	-1.0	-1.0	-1.0	-1.0	0.0	23	0.0	0.0		5747	0	0
1701994920089	t	terrace_testcue_cocktaillounge_right	0.0	2	0	-1.0	-1440.0	-1600.0	0.0	-1.0	-1440.0	-1600.0	0.043	-1.0	-1.0	-1.0	-1.0	-1.0	-1.0	0.0	23	0.0	0.0		5747	0	0
1701994920098	t	terrace_testcue_cocktaillounge_right	0.0	2	0	-1.0	-1440.0	-1600.0	0.0	-1.0	-1440.0	-1600.0	0.043	-1.0	-1.0	-1.0	-1.0	-1.0	-1.0	0.0	23	0.0	0.0		5747	0	0
1701994920106	t	terrace_testcue_cocktaillounge_right	0.0	2	0	-1.0	-1440.0	-1600.0	0.0	-1.0	-1440.0	-1600.0	0.0329	-1.0	-1.0	-1.0	-1.0	-1.0	-1.0	0.0	23	0.0	0.0		5747	0	0
1701994920115	t	terrace_testcue_cocktaillounge_right	0.0	2	0	-1.0	-1440.0	-1600.0	0.0	-1.0	-1440.0	-1600.0	0.0329	-1.0	-1.0	-1.0	-1.0	-1.0	-1.0	0.0	23	0.0	0.0		5747	0	0
1701994920123	t	terrace_testcue_cocktaillounge_right	0.0	2	0	-1.0	-1440.0	-1600.0	0.0	-1.0	-1440.0	-1600.0	0.0354	-1.0	-1.0	-1.0	-1.0	-1.0	-1.0	0.0	23	0.0	0.0		5747	0	0
1701994920131	t	terrace_testcue_cocktaillounge_right	0.0	2	0	-1.0	-1440.0	-1600.0	0.0	-1.0	-1440.0	-1600.0	0.0354	-1.0	-1.0	-1.0	-1.0	-1.0	-1.0	0.0	23	0.0	0.0		5747	0	0
1701994920139	t	terrace_testcue_cocktaillounge_right	0.0	2	0	-1.0	-1440.0	-1600.0	0.0	-1.0	-1440.0	-1600.0	0.0209	-1.0	-1.0	-1.0	-1.0	-1.0	-1.0	0.0	23	0.0	0.0		5747	0	0
1701994920148	t	terrace_testcue_cocktaillounge_right	0.0	2	0	-1.0	-1440.0	-1600.0	0.0	-1.0	-1440.0	-1600.0	0.0209	-1.0	-1.0	-1.0	-1.0	-1.0	-1.0	0.0	23	0.0	0.0		5747	0	0
1701994920156	t	terrace_testcue_cocktaillounge_right	0.0	2	0	-1.0	-1440.0	-1600.0	0.0	-1.0	-1440.0	-1600.0	0.0199	-1.0	-1.0	-1.0	-1.0	-1.0	-1.0	0.0	23	0.0	0.0		5747	0	0
1701994920164	t	terrace_testcue_cocktaillounge_right	0.0	2	0	-1.0	-1440.0	-1600.0	0.0	-1.0	-1440.0	-1600.0	0.0199	-1.0	-1.0	-1.0	-1.0	-1.0	-1.0	0.0	23	0.0	0.0		5747	0	0
1701994920173	t	terrace_testcue_cocktaillounge_right	0.0	2	0	-1.0	-1440.0	-1600.0	0.0	-1.0	-1440.0	-1600.0	0.1282	-1.0	-1.0	-1.0	-1.0	-1.0	-1.0	0.0	23	0.0	0.0		5747	0	0
1701994920181	t	terrace_testcue_cocktaillounge_right	0.0	2	0	-1.0	-1440.0	-1600.0	0.0	-1.0	1099.728	1138.56	0.1282	-1.0	-1.0	-1.0	-1.0	-1.0	-1.0	0.0	23	0.0	0.0		5747	0	0
1701994920190	t	terrace_testcue_cocktaillounge_right	0.0	2	0	-1.0	-1440.0	-1600.0	0.0	-1.0	1102.32	1142.24	0.2861	-1.0	-1.0	-1.0	-1.0	-1.0	-1.0	0.0	23	0.0	0.0		5747	0	0
1701994920199	t	terrace_testcue_cocktaillounge_right	0.0	2	0	-1.0	-1440.0	-1600.0	0.0	-1.0	1060.272	1111.2	0.2861	-1.0	-1.0	-1.0	-1.0	-1.0	-1.0	0.0	23	0.0	0.0		5747	0	0
1701994920209	t	terrace_testcue_cocktaillounge_right	0.0	2	0	-1.0	-1440.0	-1600.0	0.0	-1.0	1080.432	1062.88	0.2944	-1.0	-1.0	-1.0	-1.0	-1.0	-1.0	0.0	23	0.0	0.0		5747	0	0
1701994920215	t	terrace_testcue_cocktaillounge_right	0.0	2	0	-1.0	-1440.0	-1600.0	0.0	-1.0	988.848	993.12	0.2944	-1.0	-1.0	-1.0	-1.0	-1.0	-1.0	0.0	23	0.0	0.0		5747	0	0
1701994920224	t	terrace_testcue_cocktaillounge_right	0.0	2	0	-1.0	1118.88	710.56	0.1377	-1.0	964.6560000000001	986.4000000000001	0.3553	-1.0	-1.0	-1.0	-1.0	-1.0	-1.0	0.0	23	0.0	0.0		5747	0	0
1701994920232	t	terrace_testcue_cocktaillounge_right	0.0	2	0	-1.0	1134.144	716.96	0.1377	-1.0	970.992	985.92	0.3553	-1.0	-1.0	-1.0	-1.0	-1.0	-1.0	0.0	23	0.0	0.0		5747	0	0
1701994920241	t	terrace_testcue_cocktaillounge_right	0.0	2	0	-1.0	1038.528	620.64	0.3362	-1.0	969.84	965.1199999999999	0.4398	-1.0	-1.0	-1.0	-1.0	-1.0	-1.0	0.0	23	0.0	0.0		5747	0	0
1701994920250	t	terrace_testcue_cocktaillounge_right	0.0	2	0	-1.0	1028.736	612.8	0.3362	-1.0	985.5360000000001	959.68	0.4398	-1.0	-1.0	-1.0	-1.0	-1.0	-1.0	0.0	23	0.0	0.0		5747	0	0
1701994920259	t	terrace_testcue_cocktaillounge_right	0.0	2	0	-1.0	1030.608	603.04	0.5164	-1.0	984.96	967.84	0.5129	-1.0	-1.0	-1.0	-1.0	-1.0	-1.0	0.0	23	0.0	0.0		5747	0	0
1701994920267	t	terrace_testcue_cocktaillounge_right	0.0	2	0	-1.0	1035.648	610.4	0.5164	-1.0	1030.752	905.9200000000001	0.5129	-1.0	-1.0	-1.0	-1.0	-1.0	-1.0	0.0	23	0.0	0.0		5747	0	0
1701994920275	t	terrace_testcue_cocktaillounge_right	0.0	2	0	-1.0	1033.056	603.52	0.6459	-1.0	1038.528	901.2800000000001	0.5872	-1.0	-1.0	-1.0	-1.0	-1.0	-1.0	0.0	23	0.0	0.0		5747	0	0
1701994920283	t	terrace_testcue_cocktaillounge_right	0.0	2	0	-1.0	1033.92	610.56	0.6459	-1.0	1044.288	927.68	0.5872	-1.0	-1.0	-1.0	-1.0	-1.0	-1.0	0.0	23	0.0	0.0		5747	0	0
1701994920292	t	terrace_testcue_cocktaillounge_right	0.0	2	0	-1.0	1036.224	625.92	0.6981	-1.0	1040.256	932.9599999999999	0.6503	-1.0	-1.0	-1.0	-1.0	-1.0	-1.0	0.0	23	0.0	0.0		5747	0	0
1701994920300	t	terrace_testcue_cocktaillounge_right	0.0	2	0	-1.0	1032.192	629.6	0.6981	-1.0	1027.296	921.7599999999999	0.6503	-1.0	-1.0	-1.0	-1.0	-1.0	-1.0	0.0	23	0.0	0.0		5747	0	0
1701994920309	t	terrace_testcue_cocktaillounge_right	0.0	2	0	-1.0	1027.296	635.36	0.7576	-1.0	1030.896	933.92	0.7098	-1.0	-1.0	-1.0	-1.0	-1.0	-1.0	0.0	23	0.0	0.0		5747	0	0
1701994920318	t	terrace_testcue_cocktaillounge_right	0.0	2	0	-1.0	1003.9680000000001	632.64	0.7576	-1.0	1008.864	905.7600000000001	0.7098	-1.0	-1.0	-1.0	-1.0	-1.0	-1.0	0.0	23	0.0	0.0		5747	0	0
1701994920326	t	terrace_testcue_cocktaillounge_right	0.0	2	0	-1.0	980.496	628.6400000000001	0.7817	-1.0	978.048	898.7199999999999	0.6691	-1.0	-1.0	-1.0	-1.0	-1.0	-1.0	0.0	23	0.0	0.0		5747	0	0
1701994920335	t	terrace_testcue_cocktaillounge_right	0.0	2	0	-1.0	965.808	622.88	0.7817	3.6096	958.4639999999999	896.48	0.6691	-0.4603	-0.1941	0.8663	-33.4634	4.5921	-40.2759	0.0	23	0.0	0.0		5747	0	0
1701994920343	t	terrace_testcue_cocktaillounge_right	0.0	2	0	-1.0	940.752	606.72	0.8092	3.5504	938.4479999999999	888.48	0.6428	-0.4245	-0.1814	0.887	-33.2575	4.6153	-40.1688	0.0	23	0.0	0.0		5747	0	0
1701994920352	t	terrace_testcue_cocktaillounge_right	0.0	2	0	-1.0	923.184	624.3199999999999	0.8092	3.6411	919.584	874.7199999999999	0.6428	-0.4065	-0.1689	0.8979	-32.9987	4.7474	-40.0463	0.0	23	0.0	0.0		5747	0	0
1701994920360	t	terrace_testcue_cocktaillounge_right	0.0	2	0	-1.0	905.3280000000001	604.8	0.842	3.595	906.192	868.0	0.6481	-0.3653	-0.1613	0.9168	-32.9307	4.7881	-39.9945	0.0	23	0.0	0.0		5747	0	0
1701994920368	t	terrace_testcue_cocktaillounge_right	0.0	2	0	-1.0	886.6080000000001	597.76	0.842	3.4306	888.192	857.1199999999999	0.6481	-0.3203	-0.1446	0.9362	-32.7914	4.8538	-39.9199	0.0	23	0.0	0.0		5747	0	0
1701994920376	t	terrace_testcue_cocktaillounge_right	0.0	2	0	-1.0	877.1039999999999	587.6800000000001	0.8551	3.5654	873.504	850.4	0.6824	-0.2903	-0.1361	0.9472	-32.6464	4.9045	-39.861	0.0	23	0.0	0.0		5747	0	0
1701994920385	t	terrace_testcue_cocktaillounge_right	0.0	2	0	-1.0	860.976	588.32	0.8551	3.5187	858.96	839.84	0.6824	-0.2536	-0.1075	0.9613	-32.5336	4.9394	-39.8253	0.0	23	0.0	0.0		5747	0	0
1701994920393	t	terrace_testcue_cocktaillounge_right	0.0	2	0	-1.0	854.208	585.76	0.8572	3.5048	850.464	840.48	0.6711	-0.222	-0.1067	0.9692	-32.5069	4.9066	-39.8003	0.0	23	0.0	0.0		5747	0	0
1701994920402	t	terrace_testcue_cocktaillounge_right	0.0	2	0	-1.0	873.504	586.56	0.8572	3.6859	867.744	855.6800000000001	0.6711	-0.2566	-0.1335	0.9572	-32.6798	4.7966	-39.8604	0.0	23	0.0	0.0		5747	0	0
1701994920410	t	terrace_testcue_cocktaillounge_right	0.0	2	0	-1.0	906.624	601.44	0.8775	3.8606	903.4559999999999	871.68	0.7669	-0.3472	-0.1421	0.927	-32.9537	4.6532	-40.02	0.0	23	0.0	0.0		5747	0	0
1701994920418	t	terrace_testcue_cocktaillounge_right	0.0	2	0	-1.0	928.6560000000001	618.56	0.8775	3.7742	925.6320000000001	888.8	0.7669	-0.3821	-0.1686	0.9086	-33.2077	4.5257	-40.132	0.0	23	0.0	0.0		5747	0	0
1701994920427	t	terrace_testcue_cocktaillounge_right	0.0	2	0	-1.0	943.2	623.52	0.8478	3.6812	938.016	898.88	0.6525	-0.3865	-0.1801	0.9045	-33.4072	4.4296	-40.2073	0.0	23	0.0	0.0		5747	0	0
1701994920435	t	terrace_testcue_cocktaillounge_right	0.0	2	0	-1.0	962.0640000000001	621.28	0.8478	3.6511	956.88	902.5600000000001	0.6525	-0.4397	-0.183	0.8793	-33.5211	4.4418	-40.3099	0.0	23	0.0	0.0		5747	0	0
1701994920443	t	terrace_testcue_cocktaillounge_right	0.0	2	0	-1.0	968.9760000000001	619.52	0.8611	3.785	966.96	902.2399999999999	0.7102	-0.4684	-0.1835	0.8643	-33.5778	4.4848	-40.3596	0.0	23	0.0	0.0		5747	0	0
1701994920451	t	terrace_testcue_cocktaillounge_right	0.0	2	0	-1.0	976.32	625.28	0.8611	3.6758	973.44	904.48	0.7102	-0.4684	-0.1881	0.8633	-33.6926	4.4781	-40.4043	0.0	23	0.0	0.0		5747	0	0
1701994920460	t	terrace_testcue_cocktaillounge_right	0.0	2	0	4.2933	989.2800000000001	617.12	0.8943	3.8952	983.952	909.2800000000001	0.7278	-0.4603	-0.1262	0.8787	23.4045	7.5397	-37.0082	0.0	23	0.0	0.0		5747	0	0
1701994920468	t	terrace_testcue_cocktaillounge_right	0.0	2	0	4.2363	999.504	613.44	0.8943	4.1562	997.776	900.16	0.7278	-0.4812	-0.1057	0.8702	23.7175	7.5621	-37.0499	0.0	23	0.0	0.0		5747	0	0
1701994920476	t	terrace_testcue_cocktaillounge_right	0.0	2	0	4.1034	1003.2479999999999	624.16	0.8745	4.0581	1000.9440000000001	908.3199999999999	0.6617	-0.4863	-0.1447	0.8617	22.4152	7.5012	-37.1254	0.0	23	0.0	0.0		5747	0	0
1701994920484	t	terrace_testcue_cocktaillounge_right	0.0	2	0	4.1024	999.792	625.92	0.8745	3.8865	992.16	913.7600000000001	0.6617	-0.4959	-0.1537	0.8547	18.8529	7.293	-37.3284	0.0	23	0.0	0.0		5747	0	0
1701994920493	t	terrace_testcue_cocktaillounge_right	0.0	2	0	4.2201	980.352	616.64	0.8902	3.9305	970.7040000000001	905.5999999999999	0.6793	-0.462	-0.1407	0.8756	12.1792	6.9408	-37.6401	0.0	23	0.0	0.0		5747	0	0
1701994920501	t	terrace_testcue_cocktaillounge_right	0.0	2	0	4.2148	964.9440000000001	611.68	0.8902	3.9845	955.008	896.96	0.6793	-0.4372	-0.1331	0.8895	10.3238	6.8596	-37.6837	0.0	23	0.0	0.0		5747	0	0
1701994920509	t	terrace_testcue_cocktaillounge_right	0.0	2	0	4.1813	950.976	608.48	0.9187	3.8913	940.896	890.8799999999999	0.7197	-0.4044	-0.1292	0.9054	11.9643	6.9686	-37.5188	0.0	23	0.0	0.0		5747	0	0
1701994920518	t	terrace_testcue_cocktaillounge_right	0.0	2	0	4.0978	936.576	605.6	0.9187	3.9415	931.248	882.08	0.7197	-0.3822	-0.1278	0.9152	13.788	7.1129	-37.3561	0.0	23	0.0	0.0		5747	0	0
1701994920526	t	terrace_testcue_cocktaillounge_right	0.0	2	0	4.0893	926.208	601.6	0.9534	3.8664	916.9920000000001	876.96	0.774	-0.3578	-0.123	0.9256	16.381	7.2822	-37.1592	0.0	23	0.0	0.0		5747	0	0
1701994920534	t	terrace_testcue_cocktaillounge_right	0.0	2	0	4.1794	913.104	593.76	0.9534	3.9321	905.616	869.92	0.774	-0.3295	-0.1115	0.9375	18.736	7.465	-36.9763	0.0	23	0.0	0.0		5747	0	0
1701994920543	t	terrace_testcue_cocktaillounge_right	0.0	2	0	4.2089	904.608	588.16	0.9798	3.9045	897.84	863.68	0.785	-0.3284	-0.0982	0.9394	19.0983	7.5094	-36.9437	0.0	23	0.0	0.0		5747	0	0
1701994920551	t	terrace_testcue_cocktaillounge_right	0.0	2	0	4.21	893.6640000000001	584.16	0.9798	3.8291	884.592	864.48	0.785	-0.3029	-0.0996	0.9478	18.1062	7.4852	-36.9551	0.0	23	0.0	0.0		5747	0	0
1701994920559	t	terrace_testcue_cocktaillounge_right	0.0	2	0	4.1767	881.28	576.0	1.0	3.8557	872.496	857.2800000000001	1.0	-0.277	-0.0821	0.9573	15.3105	7.3591	-37.092	0.0	23	0.0	0.0		5747	0	0
1701994920568	t	terrace_testcue_cocktaillounge_right	0.0	2	0	4.2269	872.208	573.6	1.0	3.7698	864.0	855.04	1.0	-0.2684	-0.0824	0.9598	14.1937	7.3143	-37.1253	0.0	23	0.0	0.0		5747	0	0
1701994920576	t	terrace_testcue_cocktaillounge_right	0.0	2	0	4.3675	863.2800000000001	569.28	1.0	3.8647	855.216	850.08	1.0	-0.2479	-0.0741	0.9659	13.6587	7.3104	-37.1447	0.0	23	0.0	0.0		5747	0	0
1701994920584	t	terrace_testcue_cocktaillounge_right	0.0	2	0	4.2688	855.5039999999999	568.0	1.0	3.865	846.576	847.6800000000001	1.0	-0.2375	-0.0751	0.9685	12.3673	7.2468	-37.1731	0.0	23	0.0	0.0		5747	0	0
1701994920593	t	terrace_testcue_cocktaillounge_right	0.0	2	0	4.31	846.8639999999999	565.12	1.0	3.8181	837.648	844.0	1.0	-0.2187	-0.0722	0.9731	8.7672	7.0605	-37.347	0.0	23	0.0	0.0		5747	0	0
1701994920601	t	terrace_testcue_cocktaillounge_right	0.0	2	0	4.3271	839.232	562.5600000000001	1.0	3.8876	831.456	841.44	1.0	-0.2062	-0.0761	0.9755	0.696	6.6372	-37.7727	0.0	23	0.0	0.0		5747	0	0
1701994920609	t	terrace_testcue_cocktaillounge_right	0.0	2	0	4.2271	833.76	557.12	1.0	3.7229	826.2719999999999	838.72	1.0	-0.2032	-0.0838	0.9755	-14.7127	5.8705	-38.851	0.0	23	0.0	0.0		5747	0	0
1701994920618	t	terrace_testcue_cocktaillounge_right	0.0	2	0	4.2839	826.7040000000001	555.04	1.0	3.7973	818.496	835.2	1.0	-0.1817	-0.0914	0.9791	-25.9029	5.2707	-39.3801	0.0	23	0.0	0.0		5747	0	0
1701994920626	t	terrace_testcue_cocktaillounge_right	0.0	2	0	4.2969	819.936	556.1600000000001	1.0	3.8166	811.152	831.1999999999999	1.0	-0.1716	-0.0914	0.9809	-30.0866	5.0644	-39.5438	0.0	23	0.0	0.0		5747	0	0
1701994920634	t	terrace_testcue_cocktaillounge_right	0.0	2	0	4.3369	811.584	549.4399999999999	1.0	3.8624	805.968	828.16	1.0	-0.1592	-0.0833	0.9837	-31.684	4.9914	-39.6486	0.0	23	0.0	0.0		5747	0	0
1701994920643	t	terrace_testcue_cocktaillounge_right	0.0	2	0	4.3718	809.4240000000001	548.32	1.0	3.7901	799.2	828.32	1.0	-0.1356	-0.0899	0.9867	-31.8874	4.9925	-39.6604	0.0	23	0.0	0.0		5747	0	0
1701994920652	t	terrace_testcue_cocktaillounge_right	0.0	2	0	4.3733	802.5120000000001	542.88	1.0	3.8069	793.7280000000001	825.1200000000001	1.0	-0.1323	-0.0721	0.9886	-31.8194	4.9652	-39.6272	0.0	23	0.0	0.0		5747	0	0
1701994920660	t	terrace_testcue_cocktaillounge_right	0.0	2	0	4.3814	799.488	545.4399999999999	1.0	3.7624	788.688	824.64	1.0	-0.1167	-0.0698	0.9907	-31.7914	4.9644	-39.6532	0.0	23	0.0	0.0		5747	0	0
1701994920668	t	terrace_testcue_cocktaillounge_right	0.0	2	0	4.3556	795.6	545.28	1.0	3.7622	784.2239999999999	827.8399999999999	1.0	-0.1015	-0.0823	0.9914	-31.7676	4.987	-39.747	0.0	23	0.0	0.0		5747	0	0
1701994920676	t	terrace_testcue_cocktaillounge_right	0.0	2	0	4.4036	791.28	544.16	1.0	3.8201	779.472	823.3599999999999	1.0	-0.0883	-0.0679	0.9938	-31.7119	5.1306	-40.2167	0.0	23	0.0	0.0		5747	0	0
1701994920685	t	terrace_testcue_cocktaillounge_right	0.0	2	0	4.3851	785.232	542.5600000000001	1.0	3.8112	775.2959999999999	820.96	1.0	-0.0765	-0.0591	0.9953	-30.3031	5.2943	-40.4321	0.0	23	0.0	0.0		5747	0	0
1701994920693	t	terrace_testcue_cocktaillounge_right	0.0	2	0	4.4949	790.8480000000001	538.5600000000001	1.0	3.7987	781.056	821.5999999999999	1.0	-0.0914	-0.0276	0.9954	25.0035	8.0547	-35.8001	0.0	23	0.0	0.0		5747	0	0
1701994920701	t	terrace_testcue_cocktaillounge_right	0.0	2	0	4.5207	820.8	532.8000000000001	1.0	3.8745	815.904	825.44	1.0	-0.1543	-0.0103	0.988	30.6641	8.3675	-35.2026	0.0	23	0.0	0.0		5747	0	0
1701994920709	t	terrace_testcue_cocktaillounge_right	0.0	2	0	4.4119	856.368	529.92	1.0	3.8877	849.5999999999999	823.3599999999999	1.0	-0.2146	-0.0087	0.9766	29.3926	8.5312	-36.0341	0.0	23	0.0	0.0		5747	0	0
1701994920717	t	terrace_testcue_cocktaillounge_right	0.0	2	0	4.4358	881.136	524.96	1.0	3.9644	872.64	825.1200000000001	1.0	-0.2484	-0.002	0.9686	22.8413	8.2089	-36.4765	0.0	23	0.0	0.0		5747	0	0
1701994920726	t	terrace_testcue_cocktaillounge_right	0.0	2	0	4.3504	894.384	528.16	1.0	3.964	886.1759999999999	827.8399999999999	1.0	-0.287	-0.0376	0.9572	0.5109	6.9682	-37.9153	0.0	23	0.0	0.0		5747	0	0
1701994920734	t	terrace_testcue_cocktaillounge_right	0.0	2	0	4.4135	890.064	524.8000000000001	1.0	4.0324	881.136	825.2800000000001	1.0	-0.2934	-0.046	0.9549	-26.2664	5.4124	-39.6167	0.0	23	0.0	0.0		5747	0	0
1701994920742	t	terrace_testcue_cocktaillounge_right	0.0	2	0	4.3269	884.592	521.76	1.0	4.0123	875.0880000000001	825.1200000000001	1.0	-0.2851	-0.0493	0.9572	-31.3978	5.1021	-39.926	0.0	23	0.0	0.0		5747	0	0
1701994920751	t	terrace_testcue_cocktaillounge_right	0.0	2	0	4.4092	882.432	523.36	1.0	3.9564	874.0799999999999	824.9599999999999	1.0	-0.2942	-0.0461	0.9546	-31.969	5.0538	-39.9648	0.0	23	0.0	0.0		5747	0	0
1701994920759	t	terrace_testcue_cocktaillounge_right	0.0	2	0	4.4238	879.1200000000001	524.16	1.0	3.8507	866.3040000000001	823.5200000000001	1.0	-0.2638	-0.0418	0.9637	-32.0396	5.0344	-39.9433	0.0	23	0.0	0.0		5747	0	0
1701994920767	t	terrace_testcue_cocktaillounge_right	0.0	2	0	4.4176	876.0960000000001	523.68	1.0	3.8409	862.9920000000001	823.5200000000001	1.0	-0.2581	-0.0428	0.9651	-32.2601	5.0188	-39.9494	0.0	23	0.0	0.0		5747	0	0
1701994920776	t	terrace_testcue_cocktaillounge_right	0.0	2	0	4.3392	869.1840000000001	527.68	1.0	3.9292	860.688	824.16	1.0	-0.2556	-0.0468	0.9656	-28.7125	5.2338	-39.7176	0.0	23	0.0	0.0		5747	0	0
1701994920784	t	terrace_testcue_cocktaillounge_right	0.0	2	0	4.2728	865.2959999999999	525.92	1.0	3.8383	857.5200000000001	822.72	1.0	-0.233	-0.0179	0.9723	2.1498	6.9936	-37.7553	0.0	23	0.0	0.0		5747	0	0
1701994920792	t	terrace_testcue_cocktaillounge_right	0.0	2	0	4.2818	863.712	525.76	1.0	3.8128	856.368	821.7599999999999	1.0	-0.2342	-0.0177	0.972	1.2695	6.9472	-37.81	0.0	23	0.0	0.0		5747	0	0
1701994920801	t	terrace_testcue_cocktaillounge_right	0.0	2	0	4.3212	860.1120000000001	526.0799999999999	1.0	3.7447	855.216	818.5600000000001	1.0	-0.233	-0.0143	0.9724	0.3538	6.8954	-37.8591	0.0	23	0.0	0.0		5747	0	0
1701994920809	t	terrace_testcue_cocktaillounge_right	0.0	2	0	4.1862	861.12	522.88	1.0	3.7278	855.216	819.36	1.0	-0.2378	-0.0166	0.9712	-2.7139	6.7382	-38.0563	0.0	23	0.0	0.0		5747	0	0
1701994920818	t	terrace_testcue_cocktaillounge_right	0.0	2	0	4.2858	859.68	530.24	1.0	3.7343	851.04	822.24	1.0	-0.2294	-0.0356	0.9727	-3.0008	6.7117	-38.0503	0.0	23	0.0	0.0		5747	0	0
1701994920826	t	terrace_testcue_cocktaillounge_right	0.0	2	0	4.2604	859.248	529.28	1.0	3.6065	850.896	815.3600000000001	1.0	-0.2311	-0.019	0.9727	-3.131	6.705	-38.0691	0.0	23	0.0	0.0		5747	0	0
1701994920834	t	terrace_testcue_cocktaillounge_right	0.0	2	0	4.2347	858.672	528.16	1.0	3.6927	849.312	818.4	1.0	-0.2279	-0.0231	0.9734	-4.1125	6.643	-38.1252	0.0	23	0.0	0.0		5747	0	0
1701994920843	t	terrace_testcue_cocktaillounge_right	0.0	2	0	4.2362	859.104	528.16	1.0	3.6411	849.312	817.44	1.0	-0.229	-0.0199	0.9732	-3.8595	6.6541	-38.1108	0.0	23	0.0	0.0		5747	0	0
1701994920851	t	terrace_testcue_cocktaillounge_right	0.0	2	0	4.2352	859.536	528.16	1.0	3.586	849.312	818.4	1.0	-0.2295	-0.0214	0.9731	-3.2887	6.6833	-38.0759	0.0	23	0.0	0.0		5747	0	0
1701994920859	t	terrace_testcue_cocktaillounge_right	0.0	2	0	4.2251	859.68	528.16	1.0	3.6077	850.608	817.44	1.0	-0.2357	-0.0118	0.9717	-2.8246	6.6846	-38.0554	0.0	23	0.0	0.0		5747	0	0
1701994920868	t	terrace_testcue_cocktaillounge_right	0.0	2	0	4.215	859.68	528.16	1.0	3.554	850.032	818.4	1.0	-0.232	-0.0134	0.9726	-2.0438	6.7261	-38.0032	0.0	23	0.0	0.0		5747	0	0
1701994920876	t	terrace_testcue_cocktaillounge_right	0.0	2	0	4.0344	864.4319999999999	532.64	1.0	3.5484	850.176	819.0400000000001	1.0	-0.2323	-0.0214	0.9724	-1.3454	6.7634	-37.9632	0.0	23	0.0	0.0		5747	0	0
1701994920884	t	terrace_testcue_cocktaillounge_right	0.0	2	0	4.067	861.4079999999999	526.0799999999999	1.0	3.5817	851.904	815.84	1.0	-0.2237	-0.0047	0.9746	-1.3519	6.7736	-37.9699	0.0	23	0.0	0.0		5747	0	0
1701994920893	t	terrace_testcue_cocktaillounge_right	0.0	2	0	3.9525	867.888	525.44	1.0	3.5318	852.4799999999999	818.0799999999999	1.0	-0.2332	-0.0056	0.9724	-1.9621	6.7307	-38.0197	0.0	23	0.0	0.0		5747	0	0
1701994920901	t	terrace_testcue_cocktaillounge_right	0.0	2	0	3.9971	866.448	525.12	1.0	3.5071	855.36	816.96	1.0	-0.2319	-0.0034	0.9727	-2.337	6.7158	-38.0546	0.0	23	0.0	0.0		5747	0	0
1701994920909	t	terrace_testcue_cocktaillounge_right	0.0	2	0	3.95	867.888	529.12	1.0	3.4689	855.5039999999999	817.1200000000001	1.0	-0.2319	-0.0095	0.9727	-2.4932	6.7013	-38.0614	0.0	23	0.0	0.0		5747	0	0
1701994920918	t	terrace_testcue_cocktaillounge_right	0.0	2	0	3.9099	869.328	526.24	1.0	3.4941	856.08	817.92	1.0	-0.2358	-0.0027	0.9718	-3.0092	6.6573	-38.0964	0.0	23	0.0	0.0		5747	0	0
1701994920926	t	terrace_testcue_cocktaillounge_right	0.0	2	0	3.9368	868.752	530.4	1.0	3.5159	856.512	818.2399999999999	1.0	-0.2313	-0.0094	0.9728	-3.2333	6.6392	-38.1083	0.0	23	0.0	0.0		5747	0	0
1701994920934	t	terrace_testcue_cocktaillounge_right	0.0	2	0	3.9189	870.48	531.04	1.0	3.4715	859.248	817.92	1.0	-0.2354	-0.0081	0.9718	-2.7997	6.6606	-38.09	0.0	23	0.0	0.0		5747	0	0
1701994920943	t	terrace_testcue_cocktaillounge_right	0.0	2	0	3.9593	870.624	532.64	1.0	3.4431	861.12	817.92	1.0	-0.2358	-0.0095	0.9717	-1.8291	6.7124	-38.0296	0.0	23	0.0	0.0		5747	0	0
1701994920951	t	terrace_testcue_cocktaillounge_right	0.0	2	0	3.9006	874.6560000000001	532.48	1.0	3.3245	862.128	814.56	1.0	-0.2398	-0.0057	0.9708	-1.6319	6.7394	-38.0243	0.0	23	0.0	0.0		5747	0	0
1701994920959	t	terrace_testcue_cocktaillounge_right	0.0	2	0	3.9092	876.24	531.04	1.0	3.3946	864.2879999999999	815.6800000000001	1.0	-0.2417	-0.0042	0.9703	0.1313	6.84	-37.9164	0.0	23	0.0	0.0		5747	0	0
1701994920967	t	terrace_testcue_cocktaillounge_right	0.0	2	0	3.8851	877.8240000000001	531.04	1.0	3.3955	865.4399999999999	817.92	1.0	-0.2409	-0.0102	0.9705	0.55	6.8709	-37.8844	0.0	23	0.0	0.0		5747	0	0
1701994920976	t	terrace_testcue_cocktaillounge_right	0.0	2	0	3.7507	880.5600000000001	532.48	1.0	3.4218	867.744	819.0400000000001	1.0	-0.2436	-0.0144	0.9698	0.077	6.8445	-37.9181	0.0	23	0.0	0.0		5747	0	0
1701994920984	t	terrace_testcue_cocktaillounge_right	0.0	2	0	3.7516	883.0079999999999	532.48	1.0	3.4464	869.904	817.1200000000001	1.0	-0.2447	-0.0085	0.9696	-0.2271	6.8233	-37.9465	0.0	23	0.0	0.0		5747	0	0
1701994920993	t	terrace_testcue_cocktaillounge_right	0.0	2	0	3.8025	885.6	532.64	1.0	3.397	872.784	819.8399999999999	1.0	-0.2483	-0.0094	0.9686	-0.4989	6.7911	-37.9738	0.0	23	0.0	0.0		5747	0	0
1701994921001	t	terrace_testcue_cocktaillounge_right	0.0	2	0	3.7789	888.192	535.8399999999999	1.0	3.3912	875.376	819.9999999999999	1.0	-0.253	-0.0089	0.9674	-1.8192	6.6932	-38.069	0.0	23	0.0	0.0		5747	0	0
1701994921009	t	terrace_testcue_cocktaillounge_right	0.0	2	0	3.7193	890.496	537.12	1.0	3.3465	878.112	821.4399999999999	1.0	-0.2553	-0.0075	0.9668	-0.5754	6.7386	-37.9967	0.0	23	0.0	0.0		5747	0	0
1701994921017	t	terrace_testcue_cocktaillounge_right	0.0	2	0	3.7209	892.08	538.0799999999999	1.0	3.3338	878.8319999999999	821.28	1.0	-0.2529	-0.0042	0.9675	-0.2591	6.7376	-37.9827	0.0	23	0.0	0.0		5747	0	0
1701994921026	t	terrace_testcue_cocktaillounge_right	0.0	2	0	3.6464	893.952	537.4399999999999	1.0	3.3838	879.9839999999999	822.72	1.0	-0.2522	-0.0013	0.9677	0.0377	6.7396	-37.9702	0.0	23	0.0	0.0		5747	0	0
1701994921034	t	terrace_testcue_cocktaillounge_right	0.0	2	0	3.7055	893.6640000000001	541.6	1.0	3.3302	880.5600000000001	822.72	1.0	-0.2636	-0.0104	0.9646	0.5375	6.7706	-37.9349	0.0	23	0.0	0.0		5747	0	0
1701994921043	t	terrace_testcue_cocktaillounge_right	0.0	2	0	3.7882	873.0719999999999	537.12	1.0	3.3911	863.2800000000001	818.2399999999999	1.0	-0.2367	-0.0003	0.9716	0.9757	6.7962	-37.8685	0.0	23	0.0	0.0		5747	0	0
1701994921051	t	terrace_testcue_cocktaillounge_right	0.0	2	0	3.8804	833.616	529.28	1.0	3.4818	834.768	811.8399999999999	1.0	-0.1873	0.0058	0.9823	-29.0443	5.1351	-39.6898	0.0	23	0.0	0.0		5747	0	0
1701994921059	t	terrace_testcue_cocktaillounge_right	0.0	2	0	3.8277	802.224	520.64	1.0	3.2372	799.776	801.12	1.0	-0.1148	0.0328	0.9928	-31.8339	4.9973	-39.8682	0.0	23	0.0	0.0		5747	0	0
1701994921067	t	terrace_testcue_cocktaillounge_right	0.0	2	0	3.7502	768.3839999999999	514.56	1.0	3.2361	770.688	800.8	1.0	-0.0529	0.0116	0.9985	-17.455	6.183	-40.0592	0.0	23	0.0	0.0		5747	0	0
1701994921076	t	terrace_testcue_cocktaillounge_right	0.0	2	0	3.7183	740.736	505.91999999999996	1.0	3.2553	743.616	788.64	1.0	0.0227	0.064	0.9977	23.2656	8.1949	-36.5269	0.0	23	0.0	0.0		5747	0	0
1701994921084	t	terrace_testcue_cocktaillounge_right	0.0	2	0	3.7856	714.96	495.68	1.0	3.2519	716.256	784.0	1.0	0.0626	0.0735	0.9953	13.956	7.8368	-37.5511	0.0	23	0.0	0.0		5747	0	0
1701994921092	t	terrace_testcue_cocktaillounge_right	0.0	2	0	3.7339	686.3040000000001	493.6	1.0	3.2621	690.192	778.08	1.0	0.1283	0.0853	0.9881	32.2247	8.928	-36.7074	0.0	23	0.0	0.0		5747	0	0
1701994921100	t	terrace_testcue_cocktaillounge_right	0.0	2	0	3.7735	664.848	489.12000000000006	1.0	3.2552	664.848	774.88	1.0	0.1568	0.0986	0.9827	32.645	8.8017	-36.0447	0.0	23	0.0	0.0		5747	0	0
1701994921109	t	terrace_testcue_cocktaillounge_right	0.0	2	0	3.826	642.24	481.44	0.9729	3.2502	642.96	770.4	0.9906	0.1949	0.1285	0.9724	32.906	8.7976	-36.0747	0.0	23	0.0	0.0		5747	0	0
1701994921117	t	terrace_testcue_cocktaillounge_right	0.0	2	0	3.8212	636.192	484.15999999999997	0.9729	3.249	633.8879999999999	775.52	0.9906	0.1969	0.1319	0.9715	32.9664	8.7372	-36.0945	0.0	23	0.0	0.0		5747	0	0
1701994921125	t	terrace_testcue_cocktaillounge_right	0.0	2	0	3.8565	637.3439999999999	492.15999999999997	1.0	3.4135	632.88	782.08	1.0	0.1867	0.1333	0.9733	32.5813	8.5798	-36.1285	0.0	23	0.0	0.0		5747	0	0
1701994921134	t	terrace_testcue_cocktaillounge_right	0.0	2	0	3.8126	636.048	503.52	1.0	3.2969	632.592	792.0	1.0	0.1878	0.1271	0.9739	32.9704	8.4437	-36.11	0.0	23	0.0	0.0		5747	0	0
1701994921142	t	terrace_testcue_cocktaillounge_right	0.0	2	0	3.8825	635.04	508.8	1.0	3.3067	634.608	799.04	1.0	0.1801	0.1379	0.9739	33.041	8.3154	-36.1283	0.0	23	0.0	0.0		5747	0	0
1701994921150	t	terrace_testcue_cocktaillounge_right	0.0	2	0	3.901	633.168	519.2	1.0	3.3396	633.312	811.36	1.0	0.1713	0.1323	0.9763	33.1549	8.1693	-36.1351	0.0	23	0.0	0.0		5747	0	0
1701994921159	t	terrace_testcue_cocktaillounge_right	0.0	2	0	3.7208	633.024	534.4	1.0	3.2718	632.592	818.5600000000001	1.0	0.1584	0.1131	0.9809	33.2186	7.9993	-36.137	0.0	23	0.0	0.0		5747	0	0
1701994921167	t	terrace_testcue_cocktaillounge_right	0.0	2	0	3.7767	632.88	541.6	1.0	3.3224	632.016	827.68	1.0	0.1449	0.1246	0.9816	33.249	7.832	-36.1755	0.0	23	0.0	0.0		5747	0	0
1701994921175	t	terrace_testcue_cocktaillounge_right	0.0	2	0	3.7603	631.44	554.88	1.0	3.1886	631.296	836.6400000000001	1.0	0.1392	0.1128	0.9838	33.3238	7.666	-36.188	0.0	23	0.0	0.0		5747	0	0
1701994921184	t	terrace_testcue_cocktaillounge_right	0.0	2	0	3.8522	629.136	565.28	1.0	3.2021	630.72	848.0	1.0	0.1397	0.112	0.9838	33.3659	7.5017	-36.2104	0.0	23	0.0	0.0		5747	0	0
1701994921192	t	terrace_testcue_cocktaillounge_right	0.0	2	0	3.8764	632.736	573.28	1.0	3.3299	632.736	859.84	1.0	0.1186	0.1188	0.9858	33.3875	7.355	-36.2905	0.0	23	0.0	0.0		5747	0	0
1701994921201	t	terrace_testcue_cocktaillounge_right	0.0	2	0	3.8403	633.024	584.16	1.0	3.2601	636.912	866.7199999999999	1.0	0.1168	0.1125	0.9868	33.1661	7.2091	-36.4083	0.0	23	0.0	0.0		5747	0	0
1701994921210	t	terrace_testcue_cocktaillounge_right	0.0	2	0	3.8547	627.696	595.6800000000001	1.0	3.1586	631.584	877.6	1.0	0.1179	0.1021	0.9877	32.1163	6.987	-36.4559	0.0	23	0.0	0.0		5747	0	0
1701994921218	t	terrace_testcue_cocktaillounge_right	0.0	2	0	3.8552	599.76	604.64	1.0	3.2407	611.712	883.52	1.0	0.1854	0.0978	0.9778	32.9542	6.8738	-36.3638	0.0	23	0.0	0.0		5747	0	0
1701994921226	t	terrace_testcue_cocktaillounge_right	0.0	2	0	3.8549	569.232	606.08	1.0	3.3931	583.632	885.28	1.0	0.2347	0.115	0.9652	33.6461	6.8122	-36.4605	0.0	23	0.0	0.0		5747	0	0
1701994921235	t	terrace_testcue_cocktaillounge_right	0.0	2	0	3.868	541.44	613.28	1.0	3.4272	559.728	891.04	1.0	0.2871	0.1084	0.9517	32.4901	6.6626	-36.6376	0.0	23	0.0	0.0		5747	0	0
1701994921243	t	terrace_testcue_cocktaillounge_right	0.0	2	0	3.6672	515.0880000000001	619.36	0.9337	3.5059	534.24	889.28	0.937	0.3327	0.1126	0.9363	31.759	6.5137	-36.8148	0.0	23	0.0	0.0		5747	0	0
1701994921251	t	terrace_testcue_cocktaillounge_right	0.0	2	0	3.745	489.6	618.24	0.9337	3.4326	504.57599999999996	892.4799999999999	0.937	0.3618	0.1235	0.924	28.7412	6.3368	-37.1723	0.0	23	0.0	0.0		5747	0	0
1701994921259	t	terrace_testcue_cocktaillounge_right	0.0	2	0	3.896	464.25600000000003	621.12	0.8745	3.519	481.392	895.36	0.924	0.357	0.1136	0.9272	-9.4536	4.3844	-39.83	0.0	23	0.0	0.0		5747	0	0
1701994921267	t	terrace_testcue_cocktaillounge_right	0.0	2	0	3.9688	443.80799999999994	623.36	0.8745	3.495	456.768	899.2	0.924	0.3916	0.1134	0.9131	-7.0407	4.4731	-39.7962	0.0	23	0.0	0.0		5747	0	0
1701994921276	t	terrace_testcue_cocktaillounge_right	0.0	2	0	3.9534	424.656	623.84	0.851	3.7343	439.632	900.0	0.868	0.4092	0.1167	0.9049	-17.4737	3.9395	-40.577	0.0	23	0.0	0.0		5747	0	0
1701994921284	t	terrace_testcue_cocktaillounge_right	0.0	2	0	4.0244	405.648	620.3199999999999	0.851	3.7642	424.08	902.0799999999999	0.868	0.4307	0.1046	0.8964	-21.766	3.7589	-40.9318	0.0	23	0.0	0.0		5747	0	0
1701994921292	t	terrace_testcue_cocktaillounge_right	0.0	2	0	4.0341	399.6	616.48	0.8718	3.6848	419.32800000000003	897.28	0.8937	0.4253	0.1209	0.8969	-19.9959	3.8612	-40.8621	0.0	23	0.0	0.0		5747	0	0
1701994921301	t	terrace_testcue_cocktaillounge_right	0.0	2	0	4.1577	391.968	613.92	0.8718	3.5953	404.78400000000005	900.16	0.8937	0.4643	0.1113	0.8786	-18.9485	3.9415	-40.8582	0.0	23	0.0	0.0		5747	0	0
1701994921308	t	terrace_testcue_cocktaillounge_right	0.0	2	0	4.0758	383.04	613.12	0.8647	3.6375	399.168	899.84	0.8603	0.4779	0.1121	0.8712	-22.0574	3.7912	-41.0917	0.0	23	0.0	0.0		5747	0	0
1701994921317	t	terrace_testcue_cocktaillounge_right	0.0	2	0	4.0096	385.488	612.0	0.8647	3.6796	400.464	897.9200000000001	0.8603	0.4792	0.119	0.8696	-20.4992	3.878	-40.9829	0.0	23	0.0	0.0		5747	0	0
1701994921325	t	terrace_testcue_cocktaillounge_right	0.0	2	0	4.0465	379.44	610.72	0.8607	3.6551	397.87199999999996	899.84	0.8531	0.487	0.1188	0.8653	-18.3622	3.9742	-40.8657	0.0	23	0.0	0.0		5747	0	0
1701994921333	t	terrace_testcue_cocktaillounge_right	0.0	2	0	4.0154	378.864	609.92	0.8607	3.7357	398.592	900.8	0.8531	0.4926	0.1187	0.8621	-13.4813	4.2318	-40.5508	0.0	23	0.0	0.0		5747	0	0
1701994921342	t	terrace_testcue_cocktaillounge_right	0.0	2	0	3.9872	381.168	609.12	0.8815	3.6747	400.032	897.6000000000001	0.8688	0.4941	0.129	0.8598	-9.3065	4.4589	-40.281	0.0	23	0.0	0.0		5747	0	0
1701994921350	t	terrace_testcue_cocktaillounge_right	0.0	2	0	4.0537	378.144	608.0	0.8815	3.6932	400.752	898.88	0.8688	0.5019	0.1292	0.8552	-5.2079	4.6748	-40.0236	0.0	23	0.0	0.0		5747	0	0
1701994921358	t	terrace_testcue_cocktaillounge_right	0.0	2	0	4.1757	380.016	606.88	0.8742	3.7629	401.616	903.2	0.864	0.5031	0.1242	0.8553	-2.0445	4.8301	-39.8074	0.0	23	0.0	0.0		5747	0	0
1701994921367	t	terrace_testcue_cocktaillounge_right	0.0	2	0	4.133	387.64799999999997	605.92	0.8742	3.6749	408.816	904.1600000000001	0.864	0.4907	0.1275	0.8619	1.9836	5.0294	-39.5086	0.0	23	0.0	0.0		5747	0	0
1701994921375	t	terrace_testcue_cocktaillounge_right	0.0	2	0	4.1176	397.584	606.4	0.8392	3.6626	420.048	906.56	0.8515	0.4696	0.1312	0.873	0.5193	4.8903	-39.5369	0.0	23	0.0	0.0		5747	0	0
1701994921384	t	terrace_testcue_cocktaillounge_right	0.0	2	0	4.052	399.45599999999996	614.24	0.8392	3.7194	424.512	911.68	0.8515	0.4753	0.1253	0.8709	6.0761	5.1283	-39.1607	0.0	23	0.0	0.0		5747	0	0
1701994921392	t	terrace_testcue_cocktaillounge_right	0.0	2	0	3.9826	405.072	620.96	0.8347	3.6551	433.15200000000004	917.92	0.858	0.4702	0.1245	0.8737	7.4478	5.098	-39.0345	0.0	23	0.0	0.0		5747	0	0
1701994921401	t	terrace_testcue_cocktaillounge_right	0.0	2	0	3.9536	422.064	632.64	0.8347	3.6651	443.232	922.56	0.858	0.4424	0.1146	0.8894	-2.6108	4.4346	-39.5921	0.0	23	0.0	0.0		5747	0	0
1701994921408	t	terrace_testcue_cocktaillounge_right	0.0	2	0	3.9747	430.416	645.12	0.8154	3.6877	450.72	931.84	0.8577	0.4382	0.0971	0.8936	-5.5309	4.1728	-39.7274	0.0	23	0.0	0.0		5747	0	0
1701994921417	t	terrace_testcue_cocktaillounge_right	0.0	2	0	3.9463	439.056	655.84	0.8154	3.597	454.896	933.1200000000001	0.8577	0.4344	0.0984	0.8953	-9.2725	3.8971	-39.9414	0.0	23	0.0	0.0		5747	0	0
1701994921425	t	terrace_testcue_cocktaillounge_right	0.0	2	0	3.9097	455.18399999999997	664.0	0.7984	3.6557	468.72	942.24	0.8212	0.4181	0.0805	0.9048	-15.2109	3.505	-40.2423	0.0	23	0.0	0.0		5747	0	0
1701994921434	t	terrace_testcue_cocktaillounge_right	0.0	2	0	3.9136	482.832	671.6800000000001	0.7984	3.565	498.528	945.28	0.8212	0.3507	0.0672	0.9341	-18.1435	3.3037	-40.3092	0.0	23	0.0	0.0		5747	0	0
1701994921442	t	terrace_testcue_cocktaillounge_right	0.0	2	0	3.9742	507.02400000000006	672.16	0.7708	3.4108	518.256	946.4000000000001	0.82	0.3239	0.0638	0.9439	-18.3819	3.2723	-40.2459	0.0	23	0.0	0.0		5747	0	0
1701994921450	t	terrace_testcue_cocktaillounge_right	0.0	2	0	3.8214	527.76	678.88	0.7708	3.3547	539.424	942.24	0.82	0.2963	0.0706	0.9525	-16.4206	3.3609	-40.0097	0.0	23	0.0	0.0		5747	0	0
1701994921459	t	terrace_testcue_cocktaillounge_right	0.0	2	0	3.8626	552.096	677.28	0.7858	3.3958	560.448	939.84	0.8529	0.2635	0.0814	0.9612	-11.6114	3.5057	-39.3636	0.0	23	0.0	0.0		5747	0	0
1701994921468	t	terrace_testcue_cocktaillounge_right	0.0	2	0	3.8523	575.712	681.76	0.7858	3.2773	582.48	942.8800000000001	0.8529	0.2174	0.0616	0.9741	-11.0385	3.6901	-39.7633	0.0	23	0.0	0.0		5747	0	0
1701994921476	t	terrace_testcue_cocktaillounge_right	0.0	2	0	3.8947	595.2959999999999	682.08	0.8016	3.237	606.24	937.4399999999999	0.8105	0.1719	0.0747	0.9823	-7.9243	3.8091	-39.421	0.0	23	0.0	0.0		5747	0	0
1701994921484	t	terrace_testcue_cocktaillounge_right	0.0	2	0	3.7841	607.248	685.9200000000001	0.8016	3.2289	618.192	937.28	0.8105	0.1298	0.0659	0.9893	-29.6566	2.8959	-41.063	0.0	23	0.0	0.0		5747	0	0
1701994921492	t	terrace_testcue_cocktaillounge_right	0.0	2	0	3.9181	585.36	691.2	0.8709	3.2874	603.648	943.2	0.825	0.1699	0.0619	0.9835	-29.5255	2.6463	-40.4643	0.0	23	0.0	0.0		5747	0	0
1701994921501	t	terrace_testcue_cocktaillounge_right	0.0	2	0	3.83	561.456	699.04	0.8709	3.4018	581.616	950.4	0.825	0.2324	0.0473	0.9715	-29.3517	2.5719	-40.3654	0.0	23	0.0	0.0		5747	0	0
1701994921509	t	terrace_testcue_cocktaillounge_right	0.0	2	0	3.8341	556.992	703.04	0.8406	3.4025	573.6959999999999	951.36	0.8254	0.24	0.0596	0.9689	-29.237	2.5194	-40.4037	0.0	23	0.0	0.0		5747	0	0
1701994921517	t	terrace_testcue_cocktaillounge_right	0.0	2	0	3.8445	553.5360000000001	712.16	0.8406	3.3696	563.184	952.6400000000001	0.8254	0.2753	0.0537	0.9598	-29.1838	2.7361	-41.1203	0.0	23	0.0	0.0		5747	0	0
1701994921525	t	terrace_testcue_cocktaillounge_right	0.0	2	0	3.7231	547.6320000000001	715.68	0.7884	3.3632	558.144	961.12	0.8609	0.2955	0.0273	0.955	-29.1932	2.5592	-40.6255	0.0	23	0.0	0.0		5747	0	0
1701994921534	t	terrace_testcue_cocktaillounge_right	0.0	2	0	3.8002	547.056	718.72	0.7884	3.4949	556.848	965.44	0.8609	0.3037	0.0215	0.9525	-29.214	2.5313	-40.6744	0.0	23	0.0	0.0		5747	0	0
1701994921542	t	terrace_testcue_cocktaillounge_right	0.0	2	0	3.6887	559.44	722.56	0.7846	3.436	566.784	970.2400000000001	0.8968	0.289	0.0024	0.9573	-29.3489	2.5323	-40.6992	0.0	23	0.0	0.0		5747	0	0
1701994921550	t	terrace_testcue_cocktaillounge_right	0.0	2	0	3.8248	583.0559999999999	720.96	0.7846	3.3725	592.128	961.28	0.8968	0.2268	0.038	0.9732	-29.5675	2.5916	-40.9387	0.0	23	0.0	0.0		5747	0	0
1701994921559	t	terrace_testcue_cocktaillounge_right	0.0	2	0	3.7975	599.76	721.28	0.8028	3.3542	607.248	963.1999999999999	0.8653	0.2096	0.0241	0.9775	-29.5967	2.7501	-41.3664	0.0	23	0.0	0.0		5747	0	0
1701994921567	t	terrace_testcue_cocktaillounge_right	0.0	2	0	3.6047	616.7520000000001	721.6	0.8028	3.2555	622.944	963.3599999999999	0.8653	0.1899	0.0287	0.9814	-29.9969	2.5444	-40.8015	0.0	23	0.0	0.0		5747	0	0
1701994921575	t	terrace_testcue_cocktaillounge_right	0.0	2	0	3.559	637.6320000000001	721.28	0.9478	3.1682	643.5360000000001	963.84	0.8899	0.139	0.0028	0.9903	-30.1769	2.8811	-41.6514	0.0	23	0.0	0.0		5747	0	0
1701994921584	t	terrace_testcue_cocktaillounge_right	0.0	2	0	3.5558	650.88	721.44	0.9478	3.1433	657.648	962.4000000000001	0.8899	0.1269	-0.0055	0.9919	-30.3851	2.9569	-41.7215	0.0	23	0.0	0.0		5747	0	0
1701994921592	t	terrace_testcue_cocktaillounge_right	0.0	2	0	3.6196	662.4	719.2	0.8783	3.0866	670.32	959.2	0.8618	0.1122	-0.0059	0.9937	-30.5572	3.1016	-42.0424	0.0	23	0.0	0.0		5747	0	0
1701994921601	t	terrace_testcue_cocktaillounge_right	0.0	2	0	3.6183	677.232	719.84	0.8783	3.0061	684.864	957.1199999999999	0.8618	0.0857	-0.019	0.9961	-30.7208	3.5883	-43.423	0.0	23	0.0	0.0		5747	0	0
1701994921609	t	terrace_testcue_cocktaillounge_right	0.0	2	0	3.3055	689.328	722.56	0.8798	3.2053	697.68	954.24	0.8875	0.07	-0.0052	0.9975	-30.8801	3.5645	-43.3391	0.0	23	0.0	0.0		5747	0	0
1701994921617	t	terrace_testcue_cocktaillounge_right	0.0	2	0	3.5435	700.8480000000001	724.3199999999999	0.8798	3.3249	708.48	961.28	0.8875	0.0613	-0.0134	0.998	-31.035	3.4602	-43.2457	0.0	23	0.0	0.0		5747	0	0
1701994921626	t	terrace_testcue_cocktaillounge_right	0.0	2	0	3.5986	712.08	726.4	0.8789	3.2253	717.984	970.2400000000001	0.8993	0.0479	-0.0291	0.9984	-30.9941	3.2285	-42.7065	0.0	23	0.0	0.0		5747	0	0
1701994921634	t	terrace_testcue_cocktaillounge_right	0.0	2	0	3.6127	717.552	733.12	0.8789	3.2749	724.752	977.92	0.8993	0.0434	-0.0146	0.9989	23.575	5.5687	-39.723	0.0	23	0.0	0.0		5747	0	0
1701994921643	t	terrace_testcue_cocktaillounge_right	0.0	2	0	3.5419	724.896	739.04	0.8899	3.2468	733.8240000000001	983.52	0.8985	0.0287	-0.0178	0.9994	32.1002	5.9433	-39.5022	0.0	23	0.0	0.0		5747	0	0
1701994921651	t	terrace_testcue_cocktaillounge_right	0.0	2	0	3.569	731.2320000000001	744.64	0.8899	3.2734	740.592	983.6800000000001	0.8985	0.0112	-0.0188	0.9998	32.0427	5.9066	-39.7073	0.0	23	0.0	0.0		5747	0	0
1701994921659	t	terrace_testcue_cocktaillounge_right	0.0	2	0	3.6649	734.976	751.1999999999999	0.8832	3.3156	745.7760000000001	988.9599999999999	0.916	0.0065	-0.0333	0.9994	32.0076	5.9219	-39.9323	0.0	23	0.0	0.0		5747	0	0
1701994921668	t	terrace_testcue_cocktaillounge_right	0.0	2	0	3.6586	739.2959999999999	753.76	0.8832	3.3746	751.1039999999999	995.52	0.916	-0.002	-0.0242	0.9997	31.8988	5.8094	-39.8387	0.0	23	0.0	0.0		5747	200	MYKEYWORD 200
