Recording timestamp	type	Scene Name	scene_num	order	djv_reported	PupilDiam_Left	Gaze2d_Left.x	Gaze2d_Left.y	left_eye_openness	PupilDiam_Right	Gaze2d_Right.x	Gaze2d_Right.y	right_eye_openness	gaze_direction_x	gaze_direction_y	gaze_direction_z	gaze_origin_x	gaze_origin_y	gaze_origin_z	gaze_convergence_distance	participant	study_status	scene_familiarity	recall_status	Identifier	Event value	Event message
1701804733887	t	clothingstore_testcue_lobby_left	0.0	1	0	5.498	908.3520000000001	864.9599999999999	1.0	5.4098	965.52	1033.1200000000001	1.0	-0.1286	-0.0468	0.9906	-33.9087	1.2522	-38.6113	0.0	8	1.0	0.0		5802	100	MYKEYWORD 100
1701804733896	t	clothingstore_testcue_lobby_left	0.0	1	0	5.3617	901.872	867.36	1.0	5.4744	957.888	1026.88	1.0	-0.1185	-0.0273	0.9926	-32.953	1.2786	-38.5501	0.0	8	1.0	0.0		5802	0	0
1701804733904	t	clothingstore_testcue_lobby_left	0.0	1	0	5.3367	893.5200000000001	865.44	1.0	5.5056	950.1120000000001	1026.24	1.0	-0.1071	-0.024	0.9939	-32.9648	1.2596	-38.5332	0.0	8	1.0	0.0		5802	0	0
1701804733913	t	clothingstore_testcue_lobby_left	0.0	1	0	5.3584	887.04	865.9200000000001	1.0	5.5304	941.04	1025.44	1.0	-0.0921	-0.0268	0.9954	-33.658	1.2534	-38.5523	0.0	8	1.0	0.0		5802	0	0
1701804733921	t	clothingstore_testcue_lobby_left	0.0	1	0	5.4052	878.256	866.8799999999999	1.0	5.4289	930.528	1027.36	1.0	-0.0745	-0.0324	0.9967	-33.5683	1.1761	-38.3464	0.0	8	1.0	0.0		5802	0	0
1701804733929	t	clothingstore_testcue_lobby_left	0.0	1	0	5.3366	870.768	865.9200000000001	1.0	5.4671	926.208	1029.76	1.0	-0.0762	-0.0408	0.9962	-33.4959	1.0332	-37.8689	0.0	8	1.0	0.0		5802	0	0
1701804733938	t	clothingstore_testcue_lobby_left	0.0	1	0	5.2928	862.704	867.84	1.0	5.4004	920.0160000000001	1027.04	1.0	-0.0638	-0.0399	0.9972	-33.4215	1.2523	-38.4692	0.0	8	1.0	0.0		5802	0	0
1701804733946	t	clothingstore_testcue_lobby_left	0.0	1	0	5.0894	861.84	867.52	1.0	5.4453	913.68	1028.3200000000002	1.0	-0.0512	-0.0448	0.9977	-33.3685	1.1983	-38.2928	0.0	8	1.0	0.0		5802	0	0
1701804733955	t	clothingstore_testcue_lobby_left	0.0	1	0	5.3151	853.056	867.2	1.0	5.3589	910.8	1026.24	1.0	-0.0486	-0.0373	0.9981	-33.3085	1.1736	-38.2193	0.0	8	1.0	0.0		5802	0	0
1701804733963	t	clothingstore_testcue_lobby_left	0.0	1	0	5.3374	847.5840000000001	865.44	1.0	5.2818	904.176	1025.76	1.0	-0.0336	-0.0365	0.9988	-30.7965	1.1609	-37.8263	0.0	8	1.0	0.0		5802	0	0
1701804733971	t	clothingstore_testcue_lobby_left	0.0	1	0	5.2692	842.976	866.56	1.0	5.2849	901.728	1027.04	1.0	-0.0153	-0.0311	0.9994	5.4609	2.3609	-36.6768	0.0	8	1.0	0.0		5802	0	0
1701804733980	t	clothingstore_testcue_lobby_left	0.0	1	0	5.2203	835.3439999999999	860.3199999999999	1.0	5.335	892.08	1026.08	1.0	0.0078	-0.0076	0.9999	15.755	2.6193	-36.1272	0.0	8	1.0	0.0		5802	0	0
1701804733988	t	clothingstore_testcue_lobby_left	0.0	1	0	5.1283	830.16	862.2400000000001	1.0	5.2383	888.9119999999999	1027.68	1.0	0.0204	-0.0062	0.9998	26.1932	2.8819	-35.5774	0.0	8	1.0	0.0		5802	0	0
1701804733996	t	clothingstore_testcue_lobby_left	0.0	1	0	5.2189	824.544	863.68	1.0	5.3146	882.144	1026.88	1.0	0.0298	-0.0102	0.9995	28.8541	2.9697	-35.4914	0.0	8	1.0	0.0		5802	0	0
1701804734005	t	clothingstore_testcue_lobby_left	0.0	1	0	5.2369	819.504	861.5999999999999	1.0	5.2635	878.256	1029.44	1.0	0.0427	-0.0098	0.999	29.1011	3.1073	-35.8316	0.0	8	1.0	0.0		5802	0	0
1701804734013	t	clothingstore_testcue_lobby_left	0.0	1	0	5.1017	812.88	864.1600000000001	1.0	5.3108	873.648	1030.4	1.0	0.0604	-0.0263	0.9978	29.1128	3.2227	-36.1523	0.0	8	1.0	0.0		5802	0	0
1701804734021	t	clothingstore_testcue_lobby_left	0.0	1	0	5.1568	811.44	863.3599999999999	1.0	5.372	872.928	1028.0	1.0	0.0633	-0.0253	0.9977	29.1174	3.2159	-36.0965	0.0	8	1.0	0.0		5802	0	0
1701804734030	t	clothingstore_testcue_lobby_left	0.0	1	0	5.2057	812.016	862.2400000000001	1.0	5.3301	867.456	1026.56	1.0	0.0562	-0.0225	0.9982	29.1906	3.2473	-36.1711	0.0	8	1.0	0.0		5802	0	0
1701804734038	t	clothingstore_testcue_lobby_left	0.0	1	0	5.2776	809.2800000000001	862.72	1.0	5.1219	863.2800000000001	1024.0	1.0	0.0658	-0.0217	0.9976	29.1968	3.1877	-35.9952	0.0	8	1.0	0.0		5802	0	0
1701804734046	t	clothingstore_testcue_lobby_left	0.0	1	0	5.2123	805.248	867.0400000000001	1.0	5.2751	857.808	1025.44	1.0	0.0717	-0.04	0.9966	25.4436	3.2392	-36.7177	0.0	8	1.0	0.0		5802	0	0
1701804734055	t	clothingstore_testcue_lobby_left	0.0	1	0	5.2606	804.384	867.36	1.0	5.0473	856.944	1025.1200000000001	1.0	0.0654	-0.0365	0.9972	26.58	3.2429	-36.645	0.0	8	1.0	0.0		5802	0	0
1701804734063	t	clothingstore_testcue_lobby_left	0.0	1	0	5.2695	796.0319999999999	866.56	1.0	5.2685	851.4720000000001	1033.76	1.0	0.0918	-0.041	0.9949	12.2041	2.8368	-37.3599	0.0	8	1.0	0.0		5802	0	0
1701804734071	t	clothingstore_testcue_lobby_left	0.0	1	0	5.2208	806.112	869.76	1.0	5.1587	866.736	1033.76	1.0	0.0652	-0.0459	0.9968	1.4725	2.4775	-37.7929	0.0	8	1.0	0.0		5802	0	0
1701804734079	t	clothingstore_testcue_lobby_left	0.0	1	0	5.3031	831.888	880.8	1.0	5.2731	893.808	1036.48	1.0	0.0201	-0.06	0.998	28.1494	2.8949	-35.5376	0.0	8	1.0	0.0		5802	0	0
1701804734087	t	clothingstore_testcue_lobby_left	0.0	1	0	5.2476	852.6239999999999	881.4399999999999	1.0	5.3609	909.2159999999999	1038.0800000000002	1.0	-0.0117	-0.0531	0.9985	28.3442	2.8343	-35.3961	0.0	8	1.0	0.0		5802	0	0
1701804734096	t	clothingstore_testcue_lobby_left	0.0	1	0	5.3306	864.144	877.6	1.0	5.448	916.56	1037.12	1.0	-0.0346	-0.0341	0.9988	28.5711	2.7697	-35.1878	0.0	8	1.0	0.0		5802	0	0
1701804734104	t	clothingstore_testcue_lobby_left	0.0	1	0	5.2432	869.904	879.1999999999999	1.0	5.4951	917.856	1038.4	1.0	-0.0476	-0.0329	0.9983	28.5714	2.6939	-35.0288	0.0	8	1.0	0.0		5802	0	0
1701804734113	t	clothingstore_testcue_lobby_left	0.0	1	0	5.3319	873.2160000000001	883.84	1.0	5.454	920.304	1039.04	1.0	-0.0563	-0.0409	0.9976	28.5329	2.7154	-35.2558	0.0	8	1.0	0.0		5802	0	0
1701804734121	t	clothingstore_testcue_lobby_left	0.0	1	0	5.4555	868.608	885.12	1.0	5.4405	919.008	1039.52	1.0	-0.0456	-0.0384	0.9982	28.5359	2.6742	-35.2212	0.0	8	1.0	0.0		5802	0	0
1701804734129	t	clothingstore_testcue_lobby_left	0.0	1	0	5.2193	864.4319999999999	890.7199999999999	1.0	5.4632	913.2479999999999	1044.8	1.0	-0.0437	-0.0655	0.9969	28.6778	2.8369	-35.7228	0.0	8	1.0	0.0		5802	0	0
1701804734138	t	clothingstore_testcue_lobby_left	0.0	1	0	5.1484	862.128	892.96	1.0	5.4035	909.3599999999999	1050.24	1.0	-0.05	-0.0632	0.9967	28.7326	2.7325	-35.5348	0.0	8	1.0	0.0		5802	0	0
1701804734146	t	clothingstore_testcue_lobby_left	0.0	1	0	5.011	859.104	893.12	1.0	5.2959	908.0640000000001	1055.8400000000001	1.0	-0.048	-0.058	0.9972	28.1493	2.8444	-36.1478	0.0	8	1.0	0.0		5802	0	0
1701804734154	t	clothingstore_testcue_lobby_left	0.0	1	0	5.3003	844.272	894.88	1.0	5.3154	903.168	1055.2	1.0	-0.0079	-0.0588	0.9982	19.3996	2.4383	-36.1062	0.0	8	1.0	0.0		5802	0	0
1701804734163	t	clothingstore_testcue_lobby_left	0.0	1	0	5.3546	838.944	893.6	1.0	5.4161	898.56	1055.04	1.0	0.0054	-0.0508	0.9987	16.7934	2.33	-36.1896	0.0	8	1.0	0.0		5802	0	0
1701804734171	t	clothingstore_testcue_lobby_left	0.0	1	0	5.2739	837.36	892.8000000000001	1.0	5.27	895.68	1054.56	1.0	0.0062	-0.0491	0.9988	20.3223	2.5188	-36.311	0.0	8	1.0	0.0		5802	0	0
1701804734179	t	clothingstore_testcue_lobby_left	0.0	1	0	5.2816	836.496	893.92	1.0	5.2514	894.8159999999999	1054.0800000000002	1.0	0.0027	-0.049	0.9988	28.2799	2.6675	-35.7084	0.0	8	1.0	0.0		5802	0	0
1701804734187	t	clothingstore_testcue_lobby_left	0.0	1	0	5.3952	831.888	895.8399999999999	1.0	5.309	891.6479999999999	1056.96	1.0	0.0149	-0.0485	0.9987	28.8657	2.6594	-35.7073	0.0	8	1.0	0.0		5802	0	0
1701804734196	t	clothingstore_testcue_lobby_left	0.0	1	0	5.4354	827.712	898.24	1.0	5.244	890.928	1061.1200000000001	1.0	0.0282	-0.0555	0.998	29.0117	2.5919	-35.4765	0.0	8	1.0	0.0		5802	0	0
1701804734204	t	clothingstore_testcue_lobby_left	0.0	1	0	5.1864	824.1120000000001	898.7199999999999	1.0	5.2317	887.04	1061.76	1.0	0.0406	-0.0663	0.997	29.053	2.6667	-35.6134	0.0	8	1.0	0.0		5802	0	0
1701804734212	t	clothingstore_testcue_lobby_left	0.0	1	0	5.1853	821.2320000000001	896.8	1.0	5.2585	886.6080000000001	1060.0	1.0	0.0457	-0.0598	0.9972	29.0922	2.6999	-35.7269	0.0	8	1.0	0.0		5802	0	0
1701804734220	t	clothingstore_testcue_lobby_left	0.0	1	0	5.1675	820.656	896.8	1.0	5.2087	884.016	1065.28	1.0	0.0362	-0.055	0.9978	29.1528	2.7108	-35.8472	0.0	8	1.0	0.0		5802	0	0
1701804734229	t	clothingstore_testcue_lobby_left	0.0	1	0	5.0711	822.2399999999999	898.88	1.0	5.356	881.568	1063.2	1.0	0.0229	-0.0639	0.9977	29.1892	2.6161	-35.5002	0.0	8	1.0	0.0		5802	0	0
1701804734237	t	clothingstore_testcue_lobby_left	0.0	1	0	5.1033	816.3359999999999	896.96	1.0	5.2524	878.544	1065.12	1.0	0.0444	-0.0671	0.9967	29.1818	2.7501	-35.8005	0.0	8	1.0	0.0		5802	0	0
1701804734245	t	clothingstore_testcue_lobby_left	0.0	1	0	5.3386	815.616	897.6000000000001	1.0	5.3239	879.408	1061.9199999999998	1.0	0.0402	-0.0756	0.9963	27.9689	2.8005	-36.0529	0.0	8	1.0	0.0		5802	0	0
1701804734254	t	clothingstore_testcue_lobby_left	0.0	1	0	5.084	816.4799999999999	895.36	1.0	5.2591	877.9680000000001	1065.12	1.0	0.0353	-0.0708	0.9969	26.9925	2.7189	-35.8879	0.0	8	1.0	0.0		5802	0	0
1701804734262	t	clothingstore_testcue_lobby_left	0.0	1	0	5.2805	812.3040000000001	888.32	1.0	5.1579	876.528	1060.8	1.0	0.0478	-0.0466	0.9978	25.8451	2.7318	-36.0838	0.0	8	1.0	0.0		5802	0	0
1701804734271	t	clothingstore_testcue_lobby_left	0.0	1	0	5.3152	813.4559999999999	896.0000000000001	1.0	5.258	878.112	1059.52	1.0	0.0366	-0.0877	0.9955	17.3508	2.5688	-36.5585	0.0	8	1.0	0.0		5802	0	0
1701804734279	t	clothingstore_testcue_lobby_left	0.0	1	0	5.2772	812.16	891.5200000000001	1.0	5.3566	872.0640000000001	1051.2	1.0	0.0455	-0.077	0.996	10.0929	2.4214	-36.9791	0.0	8	1.0	0.0		5802	0	0
1701804734288	t	clothingstore_testcue_lobby_left	0.0	1	0	5.3601	815.1840000000001	887.68	1.0	5.206	879.84	1050.72	1.0	0.0304	-0.0752	0.9967	8.5714	2.4119	-37.0261	0.0	8	1.0	0.0		5802	0	0
1701804734296	t	clothingstore_testcue_lobby_left	0.0	1	0	5.2078	809.2800000000001	888.0000000000001	1.0	5.1505	880.7040000000001	1050.3999999999999	1.0	0.0289	-0.0809	0.9963	-10.1107	1.9325	-38.105	0.0	8	1.0	0.0		5802	0	0
1701804734304	t	clothingstore_testcue_lobby_left	0.0	1	0	5.4001	813.024	885.28	1.0	5.2405	878.544	1050.88	1.0	0.0284	-0.0841	0.996	-20.0125	1.6124	-38.3953	0.0	8	1.0	0.0		5802	0	0
1701804734313	t	clothingstore_testcue_lobby_left	0.0	1	0	5.4452	813.3119999999999	882.8799999999999	1.0	5.2068	874.2239999999999	1055.36	1.0	0.043	-0.0977	0.9943	-20.3874	1.5797	-38.2974	0.0	8	1.0	0.0		5802	0	0
1701804734321	t	clothingstore_testcue_lobby_left	0.0	1	0	5.3302	811.728	884.3199999999999	1.0	5.1694	877.6800000000001	1040.96	1.0	0.028	-0.0653	0.9975	-27.5936	1.4642	-38.8489	0.0	8	1.0	0.0		5802	0	0
1701804734330	t	clothingstore_testcue_lobby_left	0.0	1	0	5.422	812.4480000000001	881.7600000000001	1.0	5.39	875.376	1044.96	1.0	0.0367	-0.0776	0.9963	-29.6631	1.3808	-38.8471	0.0	8	1.0	0.0		5802	0	0
1701804734338	t	clothingstore_testcue_lobby_left	0.0	1	0	5.4147	812.4480000000001	879.52	1.0	5.2762	878.112	1044.48	1.0	0.0239	-0.0813	0.9964	-31.1275	1.3783	-38.9779	0.0	8	1.0	0.0		5802	0	0
1701804734346	t	clothingstore_testcue_lobby_left	0.0	1	0	5.4994	812.88	875.52	1.0	5.2861	877.5360000000001	1045.6	1.0	0.0266	-0.0894	0.9956	-31.7543	1.4072	-39.0866	0.0	8	1.0	0.0		5802	0	0
1701804734355	t	clothingstore_testcue_lobby_left	0.0	1	0	5.4627	815.1840000000001	878.72	1.0	5.3521	882.288	1044.8	1.0	0.0243	-0.082	0.9963	-26.8965	1.4374	-38.5203	0.0	8	1.0	0.0		5802	0	0
1701804734363	t	clothingstore_testcue_lobby_left	0.0	1	0	5.4214	834.192	878.4000000000001	1.0	5.5246	900.7199999999999	1040.48	1.0	0.0085	-0.0585	0.9982	5.8799	2.2167	-36.398	0.0	8	1.0	0.0		5802	0	0
1701804734371	t	clothingstore_testcue_lobby_left	0.0	1	0	5.2422	861.12	877.12	1.0	5.4696	920.448	1039.04	1.0	-0.0424	-0.0484	0.9979	18.8386	2.4956	-35.4483	0.0	8	1.0	0.0		5802	0	0
1701804734380	t	clothingstore_testcue_lobby_left	0.0	1	0	5.2186	884.16	868.96	1.0	5.4846	944.064	1044.0	1.0	-0.0804	-0.033	0.9962	17.2401	2.5362	-35.6653	0.0	8	1.0	0.0		5802	0	0
1701804734388	t	clothingstore_testcue_lobby_left	0.0	1	0	5.5828	905.3280000000001	870.88	1.0	5.3665	966.24	1042.3999999999999	1.0	-0.1288	-0.0528	0.9903	-32.9489	1.2995	-39.0348	0.0	8	1.0	0.0		5802	0	0
1701804734396	t	clothingstore_testcue_lobby_left	0.0	1	0	5.6246	925.488	871.1999999999999	1.0	5.4331	989.712	1048.16	1.0	-0.1737	-0.064	0.9827	-34.1045	1.2759	-39.1701	0.0	8	1.0	0.0		5802	0	0
1701804734405	t	clothingstore_testcue_lobby_left	0.0	1	0	5.7672	943.92	871.1999999999999	1.0	5.4686	1006.9920000000001	1047.2	1.0	-0.2055	-0.0537	0.9772	-34.2738	1.2787	-39.2335	0.0	8	1.0	0.0		5802	0	0
1701804734413	t	clothingstore_testcue_lobby_left	0.0	1	0	5.792	950.688	868.6400000000001	1.0	5.6181	1010.448	1047.8400000000001	1.0	-0.2022	-0.0532	0.9779	-34.3485	1.2751	-39.2448	0.0	8	1.0	0.0		5802	0	0
1701804734421	t	clothingstore_testcue_lobby_left	0.0	1	0	5.825	951.4079999999999	867.52	1.0	5.3831	1015.1999999999999	1050.72	1.0	-0.2207	-0.0638	0.9733	-34.354	1.2807	-39.252	0.0	8	1.0	0.0		5802	0	0
1701804734430	t	clothingstore_testcue_lobby_left	0.0	1	0	5.8638	949.392	868.96	1.0	5.6307	1011.744	1047.8400000000001	1.0	-0.2058	-0.0558	0.977	-34.3534	1.2888	-39.2443	0.0	8	1.0	0.0		5802	0	0
1701804734438	t	clothingstore_testcue_lobby_left	0.0	1	0	5.7594	949.68	868.16	1.0	5.5098	1016.208	1048.16	1.0	-0.2225	-0.0578	0.9732	-34.3028	1.3032	-39.2505	0.0	8	1.0	0.0		5802	0	0
1701804734447	t	clothingstore_testcue_lobby_left	0.0	1	0	5.7604	947.664	866.4	1.0	5.5752	1013.04	1043.68	1.0	-0.208	-0.0458	0.977	-34.2197	1.3135	-39.2398	0.0	8	1.0	0.0		5802	0	0
1701804734455	t	clothingstore_testcue_lobby_left	0.0	1	0	5.7326	948.672	867.6800000000001	1.0	5.6176	1013.184	1044.8	1.0	-0.2053	-0.0505	0.9774	-34.2895	1.3165	-39.2411	0.0	8	1.0	0.0		5802	0	0
1701804734463	t	clothingstore_testcue_lobby_left	0.0	1	0	5.8106	949.392	866.7199999999999	1.0	5.539	1015.1999999999999	1042.7199999999998	1.0	-0.2107	-0.0436	0.9766	-33.8991	1.3295	-39.2197	0.0	8	1.0	0.0		5802	0	0
1701804734471	t	clothingstore_testcue_lobby_left	0.0	1	0	5.745	948.816	867.36	1.0	5.4989	1012.7520000000001	1047.68	1.0	-0.1988	-0.0612	0.9781	-34.2605	1.3128	-39.229	0.0	8	1.0	0.0		5802	0	0
1701804734479	t	clothingstore_testcue_lobby_left	0.0	1	0	5.7592	947.5200000000001	866.4	1.0	5.5294	1013.328	1045.9199999999998	1.0	-0.2004	-0.0544	0.9782	-34.3723	1.3095	-39.2408	0.0	8	1.0	0.0		5802	0	0
1701804734488	t	clothingstore_testcue_lobby_left	0.0	1	0	5.7821	946.8	866.7199999999999	1.0	5.5551	1013.328	1045.9199999999998	1.0	-0.1998	-0.054	0.9783	-34.3999	1.308	-39.2461	0.0	8	1.0	0.0		5802	0	0
1701804734496	t	clothingstore_testcue_lobby_left	0.0	1	0	5.7009	947.3760000000001	866.7199999999999	1.0	5.4392	1012.8960000000001	1046.4	1.0	-0.2019	-0.0546	0.9779	-34.3872	1.2993	-39.2448	0.0	8	1.0	0.0		5802	0	0
1701804734504	t	clothingstore_testcue_lobby_left	0.0	1	0	5.7296	945.792	868.8000000000001	1.0	5.605	1012.7520000000001	1048.6399999999999	1.0	-0.2022	-0.0597	0.9775	-34.3127	1.2938	-39.2359	0.0	8	1.0	0.0		5802	0	0
1701804734512	t	clothingstore_testcue_lobby_left	0.0	1	0	5.6662	943.92	866.08	1.0	5.4742	1015.0559999999999	1047.04	1.0	-0.2147	-0.0535	0.9752	-34.0339	1.3012	-39.2249	0.0	8	1.0	0.0		5802	0	0
1701804734521	t	clothingstore_testcue_lobby_left	0.0	1	0	5.6331	944.208	867.52	1.0	5.4351	1015.1999999999999	1048.32	1.0	-0.2173	-0.0567	0.9744	-33.8841	1.2978	-39.2095	0.0	8	1.0	0.0		5802	0	0
1701804734529	t	clothingstore_testcue_lobby_left	0.0	1	0	5.7378	945.36	868.16	1.0	5.5562	1008.864	1045.9199999999998	1.0	-0.1938	-0.0489	0.9798	-34.1529	1.2813	-39.2182	0.0	8	1.0	0.0		5802	0	0
1701804734537	t	clothingstore_testcue_lobby_left	0.0	1	0	5.7475	942.192	867.0400000000001	1.0	5.536	1011.312	1044.48	1.0	-0.2043	-0.0433	0.9779	-34.3137	1.2824	-39.2433	0.0	8	1.0	0.0		5802	0	0
1701804734545	t	clothingstore_testcue_lobby_left	0.0	1	0	5.8311	943.776	866.7199999999999	1.0	5.4457	1013.9039999999999	1047.52	1.0	-0.2148	-0.0538	0.9752	-34.3502	1.2832	-39.2462	0.0	8	1.0	0.0		5802	0	0
1701804734554	t	clothingstore_testcue_lobby_left	0.0	1	0	5.702	944.4960000000001	866.4	1.0	5.5274	1011.312	1047.8400000000001	1.0	-0.2045	-0.0551	0.9773	-34.3547	1.283	-39.246	0.0	8	1.0	0.0		5802	0	0
1701804734562	t	clothingstore_testcue_lobby_left	0.0	1	0	5.8099	942.912	866.24	1.0	5.5571	1011.312	1046.72	1.0	-0.2043	-0.0517	0.9775	-34.3539	1.2824	-39.243	0.0	8	1.0	0.0		5802	0	0
1701804734570	t	clothingstore_testcue_lobby_left	0.0	1	0	5.7438	944.928	866.7199999999999	1.0	5.6107	1009.8720000000001	1044.8	1.0	-0.1961	-0.0426	0.9796	-34.328	1.2711	-39.2395	0.0	8	1.0	0.0		5802	0	0
1701804734579	t	clothingstore_testcue_lobby_left	0.0	1	0	5.7507	944.784	866.8799999999999	1.0	5.5503	1010.16	1045.6	1.0	-0.1966	-0.0445	0.9795	-33.9743	1.2738	-39.2096	0.0	8	1.0	0.0		5802	0	0
1701804734587	t	clothingstore_testcue_lobby_left	0.0	1	0	5.7592	944.4960000000001	866.7199999999999	1.0	5.4886	1013.328	1047.68	1.0	-0.2083	-0.05	0.9768	-33.0239	1.2934	-39.1328	0.0	8	1.0	0.0		5802	0	0
1701804734595	t	clothingstore_testcue_lobby_left	0.0	1	0	5.7661	944.208	866.8799999999999	1.0	5.5462	1011.456	1047.04	1.0	-0.2007	-0.048	0.9785	-32.2925	1.3088	-39.0719	0.0	8	1.0	0.0		5802	0	0
1701804734604	t	clothingstore_testcue_lobby_left	0.0	1	0	5.7543	944.208	866.7199999999999	1.0	5.2887	1020.384	1051.2	1.0	-0.2329	-0.0591	0.9707	-33.0257	1.2923	-39.1509	0.0	8	1.0	0.0		5802	0	0
1701804734613	t	clothingstore_testcue_lobby_left	0.0	1	0	5.7445	944.3520000000001	866.8799999999999	1.0	5.6473	1012.0319999999999	1047.52	1.0	-0.1976	-0.0474	0.9791	-33.4182	1.2749	-39.1661	0.0	8	1.0	0.0		5802	0	0
1701804734621	t	clothingstore_testcue_lobby_left	0.0	1	0	5.7532	944.4960000000001	867.0400000000001	1.0	5.3743	1016.7839999999999	1047.52	1.0	-0.2138	-0.0466	0.9758	-32.381	1.2996	-39.0944	0.0	8	1.0	0.0		5802	0	0
1701804734629	t	clothingstore_testcue_lobby_left	0.0	1	0	5.7884	945.792	868.8000000000001	1.0	5.6497	1011.6	1048.96	1.0	-0.1903	-0.0494	0.9805	-30.2837	1.3372	-38.9075	0.0	8	1.0	0.0		5802	0	0
1701804734638	t	clothingstore_testcue_lobby_left	0.0	1	0	5.7087	947.3760000000001	866.8799999999999	1.0	5.5228	1017.072	1047.68	1.0	-0.2079	-0.0406	0.9773	-25.1755	1.4523	-38.5088	0.0	8	1.0	0.0		5802	0	0
1701804734646	t	clothingstore_testcue_lobby_left	0.0	1	0	5.7676	946.512	868.4799999999999	1.0	5.5664	1015.9200000000001	1048.32	1.0	-0.2016	-0.0408	0.9786	-19.4375	1.5798	-38.0477	0.0	8	1.0	0.0		5802	0	0
1701804734654	t	clothingstore_testcue_lobby_left	0.0	1	0	5.7533	946.8	867.36	1.0	5.5188	1017.072	1049.12	1.0	-0.2042	-0.0395	0.9781	-15.9068	1.6582	-37.7652	0.0	8	1.0	0.0		5802	0	0
1701804734663	t	clothingstore_testcue_lobby_left	0.0	1	0	5.7674	946.944	868.4799999999999	1.0	5.5463	1017.36	1048.48	1.0	-0.2041	-0.0369	0.9782	-12.4711	1.7326	-37.4839	0.0	8	1.0	0.0		5802	0	0
1701804734671	t	clothingstore_testcue_lobby_left	0.0	1	0	5.7836	947.088	867.52	1.0	5.5703	1017.072	1049.12	1.0	-0.2027	-0.0349	0.9786	-9.4651	1.7967	-37.2368	0.0	8	1.0	0.0		5802	0	0
1701804734679	t	clothingstore_testcue_lobby_left	0.0	1	0	5.7725	947.088	866.56	1.0	5.5918	1015.9200000000001	1048.48	1.0	-0.1996	-0.0308	0.9794	-7.4566	1.8391	-37.0699	0.0	8	1.0	0.0		5802	0	0
1701804734688	t	clothingstore_testcue_lobby_left	0.0	1	0	5.8358	946.368	866.4	1.0	5.5332	1015.9200000000001	1045.28	1.0	-0.1987	-0.0287	0.9796	-6.8132	1.8774	-37.031	0.0	8	1.0	0.0		5802	0	0
1701804734696	t	clothingstore_testcue_lobby_left	0.0	1	0	5.7629	946.8	865.44	1.0	5.6243	1013.04	1047.36	1.0	-0.192	-0.0348	0.9808	-8.1054	1.8713	-37.1687	0.0	8	1.0	0.0		5802	0	0
1701804734704	t	clothingstore_testcue_lobby_left	0.0	1	0	5.8074	946.8	864.1600000000001	1.0	5.5728	1013.472	1048.0	1.0	-0.1925	-0.038	0.9806	-11.2412	1.8077	-37.4201	0.0	8	1.0	0.0		5802	0	0
1701804734712	t	clothingstore_testcue_lobby_left	0.0	1	0	5.7784	947.3760000000001	864.32	1.0	5.4957	1017.072	1047.04	1.0	-0.2033	-0.039	0.9783	-15.2527	1.7205	-37.7399	0.0	8	1.0	0.0		5802	0	0
1701804734721	t	clothingstore_testcue_lobby_left	0.0	1	0	5.7681	946.8	864.48	1.0	5.5777	1013.472	1046.0800000000002	1.0	-0.1931	-0.039	0.9804	-17.1991	1.6769	-37.8917	0.0	8	1.0	0.0		5802	0	0
1701804734729	t	clothingstore_testcue_lobby_left	0.0	1	0	5.7853	946.944	864.64	1.0	5.4993	1016.208	1046.0800000000002	1.0	-0.2016	-0.0401	0.9786	-18.9999	1.6391	-38.042	0.0	8	1.0	0.0		5802	0	0
1701804734737	t	clothingstore_testcue_lobby_left	0.0	1	0	5.7811	947.088	864.8	1.0	5.559	1013.76	1046.0800000000002	1.0	-0.1945	-0.0414	0.98	-19.9149	1.62	-38.1163	0.0	8	1.0	0.0		5802	0	0
1701804734746	t	clothingstore_testcue_lobby_left	0.0	1	0	5.7747	946.944	864.64	1.0	5.5691	1013.76	1046.0800000000002	1.0	-0.195	-0.04	0.98	-18.4909	1.6523	-38.0088	0.0	8	1.0	0.0		5802	0	0
1701804734754	t	clothingstore_testcue_lobby_left	0.0	1	0	5.7804	946.944	864.8	1.0	5.579	1013.76	1046.0800000000002	1.0	-0.1951	-0.0377	0.9801	-15.1562	1.7285	-37.7543	0.0	8	1.0	0.0		5802	0	0
1701804734763	t	clothingstore_testcue_lobby_left	0.0	1	0	5.7735	946.944	864.64	1.0	5.5819	1013.616	1046.0800000000002	1.0	-0.1951	-0.0357	0.9801	-12.6336	1.7874	-37.5653	0.0	8	1.0	0.0		5802	0	0
1701804734771	t	clothingstore_testcue_lobby_left	0.0	1	0	5.7795	946.8	864.48	1.0	5.5848	1013.472	1045.9199999999998	1.0	-0.1954	-0.0342	0.9801	-10.8416	1.8299	-37.4336	0.0	8	1.0	0.0		5802	0	0
1701804734779	t	clothingstore_testcue_lobby_left	0.0	1	0	5.7732	946.656	864.64	1.0	5.5921	1013.472	1045.9199999999998	1.0	-0.1959	-0.0334	0.98	-10.465	1.8369	-37.407	0.0	8	1.0	0.0		5802	0	0
1701804734787	t	clothingstore_testcue_lobby_left	0.0	1	0	5.7801	946.368	864.48	1.0	5.5867	1013.472	1045.76	1.0	-0.1963	-0.0324	0.98	-9.985	1.8472	-37.3725	0.0	8	1.0	0.0		5802	0	0
1701804734796	t	clothingstore_testcue_lobby_left	0.0	1	0	5.7822	946.08	864.64	1.0	5.5856	1013.472	1045.44	1.0	-0.1963	-0.0316	0.98	-9.2226	1.8658	-37.3144	0.0	8	1.0	0.0		5802	0	0
1701804734804	t	clothingstore_testcue_lobby_left	0.0	1	0	5.7853	945.792	864.64	1.0	5.5894	1013.472	1044.96	1.0	-0.1959	-0.0299	0.9802	-7.9037	1.8962	-37.2135	0.0	8	1.0	0.0		5802	0	0
1701804734812	t	clothingstore_testcue_lobby_left	0.0	1	0	5.786	945.6479999999999	864.64	1.0	5.5959	1012.8960000000001	1044.96	1.0	-0.1942	-0.0291	0.9805	-6.7366	1.9229	-37.1219	0.0	8	1.0	0.0		5802	0	0
1701804734821	t	clothingstore_testcue_lobby_left	0.0	1	0	5.7862	945.5039999999999	864.48	1.0	5.5898	1012.3199999999999	1044.8	1.0	-0.1927	-0.0284	0.9808	-5.6965	1.9467	-37.0398	0.0	8	1.0	0.0		5802	0	0
1701804734829	t	clothingstore_testcue_lobby_left	0.0	1	0	5.7863	945.36	864.48	1.0	5.6042	1011.888	1044.1599999999999	1.0	-0.1921	-0.0266	0.981	-4.6768	1.9701	-36.9618	0.0	8	1.0	0.0		5802	0	0
1701804734838	t	clothingstore_testcue_lobby_left	0.0	1	0	5.7866	945.072	864.48	1.0	5.6051	1011.888	1044.0	1.0	-0.1918	-0.0259	0.9811	-4.0889	1.9835	-36.9163	0.0	8	1.0	0.0		5802	0	0
1701804734846	t	clothingstore_testcue_lobby_left	0.0	1	0	5.7928	944.784	864.48	1.0	5.593	1011.312	1044.0	1.0	-0.1904	-0.025	0.9814	-2.3462	2.0235	-36.7823	0.0	8	1.0	0.0		5802	0	0
1701804734854	t	clothingstore_testcue_lobby_left	0.0	1	0	5.7933	944.784	864.32	1.0	5.606	1011.312	1043.84	1.0	-0.1908	-0.0244	0.9813	-2.4391	2.0213	-36.7894	0.0	8	1.0	0.0		5802	0	0
1701804734863	t	clothingstore_testcue_lobby_left	0.0	1	0	5.7972	944.784	864.0	1.0	5.6087	1010.736	1043.84	1.0	-0.1907	-0.0262	0.9813	-4.2225	1.9798	-36.9076	0.0	8	1.0	0.0		5802	0	0
1701804734871	t	clothingstore_testcue_lobby_left	0.0	1	0	5.8068	944.784	864.0	1.0	5.6096	1010.736	1043.68	1.0	-0.1922	-0.0289	0.9809	-6.9091	1.9189	-37.0882	0.0	8	1.0	0.0		5802	0	0
1701804734879	t	clothingstore_testcue_lobby_left	0.0	1	0	5.8632	944.784	864.32	1.0	5.6076	1010.736	1043.52	1.0	-0.1928	-0.0304	0.9808	-6.7178	1.9411	-37.1136	0.0	8	1.0	0.0		5802	0	0
1701804734888	t	clothingstore_testcue_lobby_left	0.0	1	0	5.7824	945.936	863.3599999999999	1.0	5.6074	1010.304	1043.52	1.0	-0.1937	-0.0298	0.9806	-6.817	1.9459	-37.1356	0.0	8	1.0	0.0		5802	0	0
1701804734896	t	clothingstore_testcue_lobby_left	0.0	1	0	5.7621	945.216	862.4000000000001	1.0	5.5854	1010.304	1043.3600000000001	1.0	-0.1924	-0.028	0.9809	-6.93	1.9422	-37.1407	0.0	8	1.0	0.0		5802	0	0
1701804734904	t	clothingstore_testcue_lobby_left	0.0	1	0	5.7735	944.64	861.5999999999999	1.0	5.5859	1010.16	1043.2	1.0	-0.191	-0.0265	0.9812	-7.1634	1.9374	-37.1606	0.0	8	1.0	0.0		5802	0	0
1701804734913	t	clothingstore_testcue_lobby_left	0.0	1	0	5.7802	944.64	861.76	1.0	5.5859	1010.304	1043.04	1.0	-0.1912	-0.0269	0.9812	-7.3857	1.9321	-37.1735	0.0	8	1.0	0.0		5802	0	0
1701804734921	t	clothingstore_testcue_lobby_left	0.0	1	0	5.7872	944.64	861.5999999999999	1.0	5.5911	1010.304	1043.04	1.0	-0.1915	-0.0268	0.9811	-7.5624	1.928	-37.1819	0.0	8	1.0	0.0		5802	0	0
1701804734929	t	clothingstore_testcue_lobby_left	0.0	1	0	5.796	944.64	861.4399999999999	1.0	5.5906	1010.448	1042.88	1.0	-0.1919	-0.0267	0.981	-7.7253	1.9245	-37.1922	0.0	8	1.0	0.0		5802	0	0
1701804734938	t	clothingstore_testcue_lobby_left	0.0	1	0	5.8043	944.4960000000001	861.5999999999999	1.0	5.5903	1010.304	1042.88	1.0	-0.1913	-0.0272	0.9811	-7.807	1.9229	-37.1957	0.0	8	1.0	0.0		5802	0	0
1701804734946	t	clothingstore_testcue_lobby_left	0.0	1	0	5.7969	944.64	861.4399999999999	1.0	5.599	1010.304	1042.7199999999998	1.0	-0.191	-0.0257	0.9812	-6.4919	1.9526	-37.0936	0.0	8	1.0	0.0		5802	0	0
1701804734954	t	clothingstore_testcue_lobby_left	0.0	1	0	5.8049	944.64	861.4399999999999	1.0	5.5998	1010.304	1042.3999999999999	1.0	-0.1904	-0.0235	0.9814	-4.2818	2.0031	-36.9232	0.0	8	1.0	0.0		5802	0	0
1701804734963	t	clothingstore_testcue_lobby_left	0.0	1	0	5.9014	946.944	863.68	1.0	5.6105	1010.304	1042.3999999999999	1.0	-0.1963	-0.0303	0.9801	-12.7772	1.7776	-37.4872	0.0	8	1.0	0.0		5802	0	0
1701804734971	t	clothingstore_testcue_lobby_left	0.0	1	0	5.7685	935.856	861.12	1.0	5.6125	1002.2399999999999	1041.6000000000001	1.0	-0.1825	-0.0457	0.9821	-30.4311	1.4049	-38.8601	0.0	8	1.0	0.0		5802	0	0
1701804734979	t	clothingstore_testcue_lobby_left	0.0	1	0	5.8313	923.184	853.5999999999999	1.0	5.5368	989.712	1033.92	1.0	-0.1711	-0.0336	0.9847	-33.6452	1.3726	-39.112	0.0	8	1.0	0.0		5802	0	0
1701804734988	t	clothingstore_testcue_lobby_left	0.0	1	0	5.748	909.2159999999999	853.28	1.0	5.6427	972.8639999999999	1028.48	1.0	-0.1391	-0.0285	0.9899	-33.8976	1.4036	-39.0991	0.0	8	1.0	0.0		5802	0	0
1701804734996	t	clothingstore_testcue_lobby_left	0.0	1	0	5.7397	900.5759999999999	843.52	1.0	5.6514	958.608	1021.4399999999999	1.0	-0.112	-0.0214	0.9935	-33.759	1.4682	-39.073	0.0	8	1.0	0.0		5802	0	0
1701804735004	t	clothingstore_testcue_lobby_left	0.0	1	0	5.7158	897.264	844.96	1.0	5.6681	957.888	1020.64	1.0	-0.1161	-0.0206	0.993	-33.7338	1.4731	-39.055	0.0	8	1.0	0.0		5802	0	0
1701804735013	t	clothingstore_testcue_lobby_left	0.0	1	0	5.6921	898.416	846.88	1.0	5.6694	955.872	1019.52	1.0	-0.1075	-0.0178	0.994	-33.7472	1.4749	-39.0494	0.0	8	1.0	0.0		5802	0	0
1701804735021	t	clothingstore_testcue_lobby_left	0.0	1	0	5.7111	899.712	845.76	1.0	5.6407	958.4639999999999	1019.52	1.0	-0.1155	-0.0159	0.9932	-33.7672	1.4695	-39.0587	0.0	8	1.0	0.0		5802	0	0
1701804735029	t	clothingstore_testcue_lobby_left	0.0	1	0	5.691	898.992	845.5999999999999	1.0	5.7016	959.0400000000001	1018.0799999999999	1.0	-0.1155	-0.0098	0.9932	-33.7962	1.4679	-39.0656	0.0	8	1.0	0.0		5802	0	0
1701804735038	t	clothingstore_testcue_lobby_left	0.0	1	0	5.7132	898.56	845.5999999999999	1.0	5.657	958.032	1018.5600000000001	1.0	-0.1112	-0.012	0.9937	-33.82	1.4671	-39.0635	0.0	8	1.0	0.0		5802	0	0
1701804735046	t	clothingstore_testcue_lobby_left	0.0	1	0	5.6915	898.848	845.76	1.0	5.621	957.024	1018.8800000000001	1.0	-0.1067	-0.0142	0.9942	-33.8342	1.4664	-39.0607	0.0	8	1.0	0.0		5802	0	0
1701804735054	t	clothingstore_testcue_lobby_left	0.0	1	0	5.6971	898.704	845.5999999999999	1.0	5.6592	958.032	1019.0400000000001	1.0	-0.1094	-0.0142	0.9939	-33.7291	1.468	-39.051	0.0	8	1.0	0.0		5802	0	0
1701804735063	t	clothingstore_testcue_lobby_left	0.0	1	0	5.692	898.848	845.5999999999999	1.0	5.6922	958.3199999999999	1018.8800000000001	1.0	-0.1091	-0.0118	0.994	-31.5232	1.5178	-38.8884	0.0	8	1.0	0.0		5802	0	0
1701804735071	t	clothingstore_testcue_lobby_left	0.0	1	0	5.6976	898.848	845.5999999999999	1.0	5.685	958.4639999999999	1019.0400000000001	1.0	-0.104	0.0053	0.9946	-4.8482	2.1278	-36.9463	0.0	8	1.0	0.0		5802	0	0
1701804735079	t	clothingstore_testcue_lobby_left	0.0	1	0	5.7035	898.992	845.5999999999999	1.0	5.6775	958.3199999999999	1019.36	1.0	-0.1036	0.0049	0.9946	-5.0	2.1246	-36.9577	0.0	8	1.0	0.0		5802	0	0
1701804735088	t	clothingstore_testcue_lobby_left	0.0	1	0	5.7097	899.136	845.5999999999999	1.0	5.6688	958.4639999999999	1019.36	1.0	-0.1037	0.0057	0.9946	-3.5671	2.1576	-36.8543	0.0	8	1.0	0.0		5802	0	0
1701804735096	t	clothingstore_testcue_lobby_left	0.0	1	0	5.7035	899.136	845.5999999999999	1.0	5.6595	958.3199999999999	1019.36	1.0	-0.1032	0.0059	0.9946	-3.0801	2.1688	-36.8175	0.0	8	1.0	0.0		5802	0	0
1701804735104	t	clothingstore_testcue_lobby_left	0.0	1	0	5.7102	898.992	845.5999999999999	1.0	5.6578	958.3199999999999	1019.36	1.0	-0.1027	0.0063	0.9947	-2.5874	2.18	-36.7809	0.0	8	1.0	0.0		5802	0	0
1701804735113	t	clothingstore_testcue_lobby_left	0.0	1	0	5.7167	899.136	845.5999999999999	1.0	5.6593	958.3199999999999	1019.36	1.0	-0.1029	0.0061	0.9947	-2.7419	2.1765	-36.7915	0.0	8	1.0	0.0		5802	0	0
1701804735121	t	clothingstore_testcue_lobby_left	0.0	1	0	5.717	899.136	845.4399999999999	1.0	5.6572	958.4639999999999	1019.52	1.0	-0.1031	0.0059	0.9946	-2.7653	2.176	-36.7936	0.0	8	1.0	0.0		5802	0	0
1701804735129	t	clothingstore_testcue_lobby_left	0.0	1	0	5.7169	899.136	845.4399999999999	1.0	5.6593	958.608	1019.36	1.0	-0.1033	0.0063	0.9946	-2.8458	2.1741	-36.7998	0.0	8	1.0	0.0		5802	0	0
1701804735138	t	clothingstore_testcue_lobby_left	0.0	1	0	5.7103	899.136	845.4399999999999	1.0	5.6593	958.608	1019.52	1.0	-0.1033	0.0061	0.9946	-2.7393	2.1765	-36.7919	0.0	8	1.0	0.0		5802	0	0
1701804735146	t	clothingstore_testcue_lobby_left	0.0	1	0	5.7099	899.2800000000001	845.28	1.0	5.6582	958.608	1019.8399999999999	1.0	-0.1034	0.0059	0.9946	-2.6893	2.1777	-36.7882	0.0	8	1.0	0.0		5802	0	0
1701804735154	t	clothingstore_testcue_lobby_left	0.0	1	0	5.7175	899.2800000000001	845.28	1.0	5.6547	958.608	1019.8399999999999	1.0	-0.1037	0.0061	0.9946	-2.7314	2.1766	-36.7906	0.0	8	1.0	0.0		5802	0	0
1701804735163	t	clothingstore_testcue_lobby_left	0.0	1	0	5.711	899.4240000000001	845.28	1.0	5.6581	958.752	1019.8399999999999	1.0	-0.1039	0.006	0.9946	-2.6422	2.1785	-36.7838	0.0	8	1.0	0.0		5802	0	0
1701804735171	t	clothingstore_testcue_lobby_left	0.0	1	0	5.711	899.5680000000001	845.28	1.0	5.659	958.8960000000001	1019.9999999999999	1.0	-0.1043	0.0059	0.9945	-2.6124	2.1789	-36.7813	0.0	8	1.0	0.0		5802	0	0
1701804735179	t	clothingstore_testcue_lobby_left	0.0	1	0	5.7173	899.5680000000001	845.28	1.0	5.6587	958.8960000000001	1019.9999999999999	1.0	-0.1045	0.0057	0.9945	-2.6775	2.1764	-36.7855	0.0	8	1.0	0.0		5802	0	0
1701804735187	t	clothingstore_testcue_lobby_left	0.0	1	0	5.7175	899.5680000000001	845.28	1.0	5.6585	958.8960000000001	1020.32	1.0	-0.1046	0.0057	0.9945	-2.6735	2.1754	-36.7852	0.0	8	1.0	0.0		5802	0	0
1701804735196	t	clothingstore_testcue_lobby_left	0.0	1	0	5.7175	899.5680000000001	845.28	1.0	5.6586	959.328	1020.32	1.0	-0.1053	0.0064	0.9944	-2.6407	2.173	-36.7827	0.0	8	1.0	0.0		5802	0	0
1701804735204	t	clothingstore_testcue_lobby_left	0.0	1	0	5.7106	899.5680000000001	845.28	1.0	5.6594	959.76	1020.32	1.0	-0.1058	0.0066	0.9944	-2.6479	2.1718	-36.7825	0.0	8	1.0	0.0		5802	0	0
1701804735213	t	clothingstore_testcue_lobby_left	0.0	1	0	5.71	899.712	845.28	1.0	5.6642	960.1919999999999	1020.32	1.0	-0.1064	0.0065	0.9943	-2.9601	2.1635	-36.804	0.0	8	1.0	0.0		5802	0	0
1701804735220	t	clothingstore_testcue_lobby_left	0.0	1	0	5.7101	900.0	845.28	1.0	5.6655	960.1919999999999	1020.48	1.0	-0.107	0.0064	0.9942	-2.9293	2.1632	-36.7999	0.0	8	1.0	0.0		5802	0	0
1701804735229	t	clothingstore_testcue_lobby_left	0.0	1	0	5.6998	900.288	845.5999999999999	1.0	5.6732	960.1919999999999	1020.48	1.0	-0.107	0.0065	0.9942	-2.762	2.1656	-36.787	0.0	8	1.0	0.0		5802	0	0
1701804735237	t	clothingstore_testcue_lobby_left	0.0	1	0	5.7004	900.288	845.5999999999999	1.0	5.6745	960.768	1020.48	1.0	-0.1078	0.0063	0.9941	-2.9983	2.159	-36.7989	0.0	8	1.0	0.0		5802	0	0
1701804735245	t	clothingstore_testcue_lobby_left	0.0	1	0	5.6957	900.288	846.24	1.0	5.6826	960.768	1020.48	1.0	-0.1073	0.0049	0.9942	-3.1921	2.1537	-36.8108	0.0	8	1.0	0.0		5802	0	0
1701804735254	t	clothingstore_testcue_lobby_left	0.0	1	0	5.6971	900.864	846.24	1.0	5.7003	961.056	1020.64	1.0	-0.1083	0.004	0.9941	-4.2249	2.125	-36.8688	0.0	8	1.0	0.0		5802	0	0
1701804735262	t	clothingstore_testcue_lobby_left	0.0	1	0	5.6976	901.008	846.24	1.0	5.7003	961.632	1020.48	1.0	-0.1097	0.0038	0.994	-5.277	2.0997	-36.942	0.0	8	1.0	0.0		5802	0	0
1701804735270	t	clothingstore_testcue_lobby_left	0.0	1	0	5.6983	901.008	846.24	1.0	5.701	961.632	1020.48	1.0	-0.1094	0.003	0.994	-6.6569	2.0662	-37.0378	0.0	8	1.0	0.0		5802	0	0
1701804735279	t	clothingstore_testcue_lobby_left	0.0	1	0	5.6995	901.008	846.24	1.0	5.7015	961.9200000000001	1020.48	1.0	-0.11	0.0017	0.9939	-8.3352	2.0264	-37.1501	0.0	8	1.0	0.0		5802	0	0
1701804735287	t	clothingstore_testcue_lobby_left	0.0	1	0	5.6999	901.008	846.24	1.0	5.7011	961.7760000000001	1020.48	1.0	-0.1096	0.0007	0.994	-9.2711	2.0054	-37.2143	0.0	8	1.0	0.0		5802	0	0
1701804735296	t	clothingstore_testcue_lobby_left	0.0	1	0	5.7092	901.152	846.24	1.0	5.7209	962.496	1020.48	1.0	-0.1111	0.0003	0.9938	-9.3692	2.004	-37.2191	0.0	8	1.0	0.0		5802	0	0
1701804735304	t	clothingstore_testcue_lobby_left	0.0	1	0	5.7093	901.152	846.24	1.0	5.7212	962.64	1020.48	1.0	-0.1114	0.0006	0.9938	-9.1072	2.0101	-37.1986	0.0	8	1.0	0.0		5802	0	0
1701804735312	t	clothingstore_testcue_lobby_left	0.0	1	0	5.7095	901.152	846.24	1.0	5.7208	963.0719999999999	1020.48	1.0	-0.1125	0.0007	0.9937	-8.5073	2.0247	-37.1503	0.0	8	1.0	0.0		5802	0	0
1701804735321	t	clothingstore_testcue_lobby_left	0.0	1	0	5.7145	901.296	845.76	1.0	5.7209	963.0719999999999	1020.48	1.0	-0.1124	0.0021	0.9937	-7.5614	2.0457	-37.0789	0.0	8	1.0	0.0		5802	0	0
1701804735329	t	clothingstore_testcue_lobby_left	0.0	1	0	5.724	901.584	845.5999999999999	1.0	5.729	963.504	1020.32	1.0	-0.1129	0.0039	0.9936	-5.9449	2.0816	-36.9575	0.0	8	1.0	0.0		5802	0	0
1701804735337	t	clothingstore_testcue_lobby_left	0.0	1	0	5.7249	901.584	845.5999999999999	1.0	5.7286	963.504	1020.48	1.0	-0.1124	0.004	0.9936	-5.186	2.0985	-36.8972	0.0	8	1.0	0.0		5802	0	0
1701804735346	t	clothingstore_testcue_lobby_left	0.0	1	0	5.7315	901.728	845.28	1.0	5.7317	963.648	1020.1599999999999	1.0	-0.1124	0.0054	0.9936	-4.5791	2.1119	-36.8515	0.0	8	1.0	0.0		5802	0	0
1701804735354	t	clothingstore_testcue_lobby_left	0.0	1	0	5.7365	901.728	845.28	1.0	5.7324	963.936	1019.8399999999999	1.0	-0.1129	0.0061	0.9936	-4.1116	2.1237	-36.8165	0.0	8	1.0	0.0		5802	0	0
1701804735363	t	clothingstore_testcue_lobby_left	0.0	1	0	5.7313	902.016	845.28	1.0	5.7211	964.2239999999999	1019.8399999999999	1.0	-0.1138	0.0058	0.9935	-3.8946	2.1309	-36.7998	0.0	8	1.0	0.0		5802	0	0
1701804735371	t	clothingstore_testcue_lobby_left	0.0	1	0	5.7359	902.016	845.28	1.0	5.7199	964.2239999999999	1020.1599999999999	1.0	-0.1138	0.0052	0.9935	-3.5818	2.1403	-36.7799	0.0	8	1.0	0.0		5802	0	0
1701804735379	t	clothingstore_testcue_lobby_left	0.0	1	0	5.748	902.016	844.96	1.0	5.7203	964.2239999999999	1019.8399999999999	1.0	-0.1139	0.006	0.9935	-3.393	2.1463	-36.7661	0.0	8	1.0	0.0		5802	0	0
1701804735387	t	clothingstore_testcue_lobby_left	0.0	1	0	5.7484	902.016	844.8000000000001	1.0	5.7203	963.936	1019.8399999999999	1.0	-0.1133	0.0061	0.9935	-3.2285	2.1521	-36.7535	0.0	8	1.0	0.0		5802	0	0
1701804735396	t	clothingstore_testcue_lobby_left	0.0	1	0	5.7505	902.16	844.96	1.0	5.7032	964.2239999999999	1019.8399999999999	1.0	-0.114	0.0057	0.9935	-3.1917	2.1534	-36.7505	0.0	8	1.0	0.0		5802	0	0
1701804735404	t	clothingstore_testcue_lobby_left	0.0	1	0	5.7555	902.16	844.96	1.0	5.7035	964.2239999999999	1019.68	1.0	-0.114	0.0059	0.9935	-3.1882	2.1539	-36.7506	0.0	8	1.0	0.0		5802	0	0
1701804735413	t	clothingstore_testcue_lobby_left	0.0	1	0	5.7565	902.16	844.8000000000001	1.0	5.7045	964.2239999999999	1019.2	1.0	-0.1138	0.006	0.9935	-3.5104	2.1529	-36.7845	0.0	8	1.0	0.0		5802	0	0
1701804735421	t	clothingstore_testcue_lobby_left	0.0	1	0	5.7563	902.16	844.8000000000001	1.0	5.6971	963.936	1019.2	1.0	-0.1134	0.0056	0.9935	-3.8172	2.1467	-36.8069	0.0	8	1.0	0.0		5802	0	0
1701804735429	t	clothingstore_testcue_lobby_left	0.0	1	0	5.764	902.16	844.6400000000001	1.0	5.7047	963.936	1019.0400000000001	1.0	-0.1135	0.0057	0.9935	-4.201	2.1389	-36.834	0.0	8	1.0	0.0		5802	0	0
1701804735438	t	clothingstore_testcue_lobby_left	0.0	1	0	5.7644	902.016	844.6400000000001	1.0	5.714	963.648	1018.8800000000001	1.0	-0.1126	0.0058	0.9936	-4.3902	2.1351	-36.8477	0.0	8	1.0	0.0		5802	0	0
1701804735446	t	clothingstore_testcue_lobby_left	0.0	1	0	5.7668	902.016	844.48	1.0	5.7216	963.36	1018.72	1.0	-0.112	0.0058	0.9937	-4.2754	2.1393	-36.8374	0.0	8	1.0	0.0		5802	0	0
1701804735454	t	clothingstore_testcue_lobby_left	0.0	1	0	5.7725	902.016	844.48	1.0	5.7159	963.36	1018.72	1.0	-0.112	0.0057	0.9937	-4.0815	2.1455	-36.8227	0.0	8	1.0	0.0		5802	0	0
1701804735463	t	clothingstore_testcue_lobby_left	0.0	1	0	5.7731	902.016	844.16	1.0	5.7206	963.36	1018.72	1.0	-0.112	0.006	0.9937	-3.7872	2.1547	-36.8001	0.0	8	1.0	0.0		5802	0	0
1701804735471	t	clothingstore_testcue_lobby_left	0.0	1	0	5.7735	901.872	844.16	1.0	5.7207	963.36	1018.5600000000001	1.0	-0.1117	0.0064	0.9937	-3.3252	2.1649	-36.7651	0.0	8	1.0	0.0		5802	0	0
1701804735479	t	clothingstore_testcue_lobby_left	0.0	1	0	5.7737	901.872	843.8399999999999	1.0	5.7215	963.36	1018.4	1.0	-0.1116	0.0078	0.9937	-2.7496	2.1793	-36.7257	0.0	8	1.0	0.0		5802	0	0
1701804735488	t	clothingstore_testcue_lobby_left	0.0	1	0	5.7739	901.296	843.8399999999999	1.0	5.7282	963.36	1018.4	1.0	-0.1104	0.0079	0.9939	-2.5972	2.1828	-36.7141	0.0	8	1.0	0.0		5802	0	0
1701804735496	t	clothingstore_testcue_lobby_left	0.0	1	0	5.7589	901.296	844.16	1.0	5.7291	963.36	1017.76	1.0	-0.1105	0.0081	0.9938	-2.7037	2.1801	-36.7212	0.0	8	1.0	0.0		5802	0	0
1701804735504	t	clothingstore_testcue_lobby_left	0.0	1	0	5.7589	901.296	844.16	1.0	5.7291	963.504	1017.76	1.0	-0.1107	0.0082	0.9938	-2.5324	2.184	-36.7082	0.0	8	1.0	0.0		5802	0	0
1701804735512	t	clothingstore_testcue_lobby_left	0.0	1	0	5.7589	901.296	844.16	1.0	5.8415	965.0880000000001	1017.1200000000001	1.0	-0.1129	0.0079	0.9936	-2.6125	2.1909	-36.714	0.0	8	1.0	0.0		5802	0	0
1701804735521	t	clothingstore_testcue_lobby_left	0.0	1	0	5.8273	900.144	841.6	1.0	5.8048	963.936	1014.24	1.0	-0.1145	0.0112	0.9933	-6.5017	2.1368	-37.0565	0.0	8	1.0	0.0		5802	0	0
1701804735529	t	clothingstore_testcue_lobby_left	0.0	1	0	5.8132	886.464	840.32	1.0	5.6943	951.5520000000001	1006.24	1.0	-0.0968	0.0086	0.9953	-21.5234	1.8575	-38.1505	0.0	8	1.0	0.0		5802	0	0
1701804735537	t	clothingstore_testcue_lobby_left	0.0	1	0	5.8795	860.688	831.3599999999999	1.0	5.4954	935.28	1002.0799999999999	1.0	-0.018	0.0638	0.9978	28.392	2.9571	-34.5398	0.0	8	1.0	0.0		5802	0	0
1701804735546	t	clothingstore_testcue_lobby_left	0.0	1	0	5.1651	831.312	850.7199999999999	1.0	5.5482	909.3599999999999	986.4000000000001	1.0	0.0391	-0.0307	0.9987	22.0662	3.1915	-35.9667	0.0	8	1.0	0.0		5802	0	0
1701804735554	t	clothingstore_testcue_lobby_left	0.0	1	0	5.333	806.112	838.5600000000001	1.0	5.4701	876.816	984.0	1.0	0.0411	-0.0004	0.9991	-22.3478	2.5692	-39.7383	0.0	8	1.0	0.0		5802	0	0
1701804735562	t	clothingstore_testcue_lobby_left	0.0	1	0	-1.0	781.7760000000001	853.76	0.8262	4.2475	836.352	1006.08	0.7541	0.1175	-0.1078	0.9872	-32.7281	2.5103	-40.5839	0.0	8	1.0	0.0		5802	0	0
1701804735571	t	clothingstore_testcue_lobby_left	0.0	1	0	-1.0	760.464	843.52	0.8262	-1.0	821.808	976.4799999999999	0.7541	-1.0	-1.0	-1.0	-1.0	-1.0	-1.0	0.0	8	1.0	0.0		5802	0	0
1701804735579	t	clothingstore_testcue_lobby_left	0.0	1	0	-1.0	747.36	886.5600000000001	0.5632	-1.0	782.208	980.64	0.5274	-1.0	-1.0	-1.0	-1.0	-1.0	-1.0	0.0	8	1.0	0.0		5802	0	0
1701804735587	t	clothingstore_testcue_lobby_left	0.0	1	0	-1.0	738.432	904.48	0.5632	-1.0	753.9839999999999	981.6	0.5274	-1.0	-1.0	-1.0	-1.0	-1.0	-1.0	0.0	8	1.0	0.0		5802	0	0
1701804735594	t	clothingstore_testcue_lobby_left	0.0	1	0	-1.0	-1440.0	-1600.0	0.2744	-1.0	753.408	1012.1600000000001	0.3118	-1.0	-1.0	-1.0	-1.0	-1.0	-1.0	0.0	8	1.0	0.0		5802	0	0
1701804735601	t	clothingstore_testcue_lobby_left	0.0	1	0	-1.0	-1440.0	-1600.0	0.2744	-1.0	-1440.0	-1600.0	0.3118	-1.0	-1.0	-1.0	-1.0	-1.0	-1.0	0.0	8	1.0	0.0		5802	0	0
1701804735609	t	clothingstore_testcue_lobby_left	0.0	1	0	-1.0	-1440.0	-1600.0	0.0	-1.0	-1440.0	-1600.0	0.0132	-1.0	-1.0	-1.0	-1.0	-1.0	-1.0	0.0	8	1.0	0.0		5802	0	0
1701804735617	t	clothingstore_testcue_lobby_left	0.0	1	0	-1.0	-1440.0	-1600.0	0.0	-1.0	-1440.0	-1600.0	0.0132	-1.0	-1.0	-1.0	-1.0	-1.0	-1.0	0.0	8	1.0	0.0		5802	0	0
1701804735626	t	clothingstore_testcue_lobby_left	0.0	1	0	-1.0	-1440.0	-1600.0	0.0	-1.0	-1440.0	-1600.0	0.0	-1.0	-1.0	-1.0	-1.0	-1.0	-1.0	0.0	8	1.0	0.0		5802	0	0
1701804735634	t	clothingstore_testcue_lobby_left	0.0	1	0	-1.0	-1440.0	-1600.0	0.0	-1.0	-1440.0	-1600.0	0.0	-1.0	-1.0	-1.0	-1.0	-1.0	-1.0	0.0	8	1.0	0.0		5802	0	0
1701804735642	t	clothingstore_testcue_lobby_left	0.0	1	0	-1.0	-1440.0	-1600.0	0.0	-1.0	-1440.0	-1600.0	0.0	-1.0	-1.0	-1.0	-1.0	-1.0	-1.0	0.0	8	1.0	0.0		5802	0	0
1701804735651	t	clothingstore_testcue_lobby_left	0.0	1	0	-1.0	-1440.0	-1600.0	0.0	-1.0	-1440.0	-1600.0	0.0	-1.0	-1.0	-1.0	-1.0	-1.0	-1.0	0.0	8	1.0	0.0		5802	0	0
1701804735659	t	clothingstore_testcue_lobby_left	0.0	1	0	-1.0	-1440.0	-1600.0	0.0	-1.0	-1440.0	-1600.0	0.0	-1.0	-1.0	-1.0	-1.0	-1.0	-1.0	0.0	8	1.0	0.0		5802	0	0
1701804735667	t	clothingstore_testcue_lobby_left	0.0	1	0	-1.0	-1440.0	-1600.0	0.0	-1.0	-1440.0	-1600.0	0.0	-1.0	-1.0	-1.0	-1.0	-1.0	-1.0	0.0	8	1.0	0.0		5802	0	0
1701804735676	t	clothingstore_testcue_lobby_left	0.0	1	0	-1.0	-1440.0	-1600.0	0.0	-1.0	-1440.0	-1600.0	0.0	-1.0	-1.0	-1.0	-1.0	-1.0	-1.0	0.0	8	1.0	0.0		5802	0	0
1701804735684	t	clothingstore_testcue_lobby_left	0.0	1	0	-1.0	-1440.0	-1600.0	0.0	-1.0	-1440.0	-1600.0	0.0	-1.0	-1.0	-1.0	-1.0	-1.0	-1.0	0.0	8	1.0	0.0		5802	0	0
1701804735692	t	clothingstore_testcue_lobby_left	0.0	1	0	-1.0	-1440.0	-1600.0	0.0	-1.0	-1440.0	-1600.0	0.0	-1.0	-1.0	-1.0	-1.0	-1.0	-1.0	0.0	8	1.0	0.0		5802	0	0
1701804735701	t	clothingstore_testcue_lobby_left	0.0	1	0	-1.0	-1440.0	-1600.0	0.0	-1.0	-1440.0	-1600.0	0.0	-1.0	-1.0	-1.0	-1.0	-1.0	-1.0	0.0	8	1.0	0.0		5802	0	0
1701804735709	t	clothingstore_testcue_lobby_left	0.0	1	0	-1.0	-1440.0	-1600.0	0.0	-1.0	-1440.0	-1600.0	0.0	-1.0	-1.0	-1.0	-1.0	-1.0	-1.0	0.0	8	1.0	0.0		5802	0	0
1701804735718	t	clothingstore_testcue_lobby_left	0.0	1	0	-1.0	-1440.0	-1600.0	0.0	-1.0	-1440.0	-1600.0	0.0	-1.0	-1.0	-1.0	-1.0	-1.0	-1.0	0.0	8	1.0	0.0		5802	0	0
1701804735726	t	clothingstore_testcue_lobby_left	0.0	1	0	-1.0	-1440.0	-1600.0	0.0	-1.0	-1440.0	-1600.0	0.0	-1.0	-1.0	-1.0	-1.0	-1.0	-1.0	0.0	8	1.0	0.0		5802	0	0
1701804735734	t	clothingstore_testcue_lobby_left	0.0	1	0	-1.0	-1440.0	-1600.0	0.0	-1.0	-1440.0	-1600.0	0.0	-1.0	-1.0	-1.0	-1.0	-1.0	-1.0	0.0	8	1.0	0.0		5802	0	0
1701804735742	t	clothingstore_testcue_lobby_left	0.0	1	0	-1.0	-1440.0	-1600.0	0.0	-1.0	-1440.0	-1600.0	0.0	-1.0	-1.0	-1.0	-1.0	-1.0	-1.0	0.0	8	1.0	0.0		5802	0	0
1701804735751	t	clothingstore_testcue_lobby_left	0.0	1	0	-1.0	-1440.0	-1600.0	0.0	-1.0	-1440.0	-1600.0	0.0	-1.0	-1.0	-1.0	-1.0	-1.0	-1.0	0.0	8	1.0	0.0		5802	0	0
1701804735759	t	clothingstore_testcue_lobby_left	0.0	1	0	-1.0	-1440.0	-1600.0	0.0	-1.0	-1440.0	-1600.0	0.0	-1.0	-1.0	-1.0	-1.0	-1.0	-1.0	0.0	8	1.0	0.0		5802	0	0
1701804735767	t	clothingstore_testcue_lobby_left	0.0	1	0	-1.0	-1440.0	-1600.0	0.0	-1.0	-1440.0	-1600.0	0.0	-1.0	-1.0	-1.0	-1.0	-1.0	-1.0	0.0	8	1.0	0.0		5802	0	0
1701804735776	t	clothingstore_testcue_lobby_left	0.0	1	0	-1.0	-1440.0	-1600.0	0.0	-1.0	-1440.0	-1600.0	0.0	-1.0	-1.0	-1.0	-1.0	-1.0	-1.0	0.0	8	1.0	0.0		5802	0	0
1701804735784	t	clothingstore_testcue_lobby_left	0.0	1	0	-1.0	-1440.0	-1600.0	0.0	-1.0	-1440.0	-1600.0	0.0	-1.0	-1.0	-1.0	-1.0	-1.0	-1.0	0.0	8	1.0	0.0		5802	0	0
1701804735793	t	clothingstore_testcue_lobby_left	0.0	1	0	-1.0	-1440.0	-1600.0	0.0	-1.0	-1440.0	-1600.0	0.0	-1.0	-1.0	-1.0	-1.0	-1.0	-1.0	0.0	8	1.0	0.0		5802	0	0
1701804735801	t	clothingstore_testcue_lobby_left	0.0	1	0	-1.0	-1440.0	-1600.0	0.0	-1.0	-1440.0	-1600.0	0.0	-1.0	-1.0	-1.0	-1.0	-1.0	-1.0	0.0	8	1.0	0.0		5802	0	0
1701804735809	t	clothingstore_testcue_lobby_left	0.0	1	0	-1.0	-1440.0	-1600.0	0.0	-1.0	-1440.0	-1600.0	0.0	-1.0	-1.0	-1.0	-1.0	-1.0	-1.0	0.0	8	1.0	0.0		5802	0	0
1701804735818	t	clothingstore_testcue_lobby_left	0.0	1	0	-1.0	-1440.0	-1600.0	0.0	-1.0	-1440.0	-1600.0	0.0	-1.0	-1.0	-1.0	-1.0	-1.0	-1.0	0.0	8	1.0	0.0		5802	0	0
1701804735826	t	clothingstore_testcue_lobby_left	0.0	1	0	-1.0	-1440.0	-1600.0	0.0	-1.0	-1440.0	-1600.0	0.0	-1.0	-1.0	-1.0	-1.0	-1.0	-1.0	0.0	8	1.0	0.0		5802	0	0
1701804735834	t	clothingstore_testcue_lobby_left	0.0	1	0	-1.0	-1440.0	-1600.0	0.0	-1.0	-1440.0	-1600.0	0.0	-1.0	-1.0	-1.0	-1.0	-1.0	-1.0	0.0	8	1.0	0.0		5802	0	0
1701804735843	t	clothingstore_testcue_lobby_left	0.0	1	0	-1.0	-1440.0	-1600.0	0.0	-1.0	-1440.0	-1600.0	0.0	-1.0	-1.0	-1.0	-1.0	-1.0	-1.0	0.0	8	1.0	0.0		5802	0	0
1701804735851	t	clothingstore_testcue_lobby_left	0.0	1	0	-1.0	-1440.0	-1600.0	0.0	-1.0	-1440.0	-1600.0	0.0	-1.0	-1.0	-1.0	-1.0	-1.0	-1.0	0.0	8	1.0	0.0		5802	0	0
1701804735859	t	clothingstore_testcue_lobby_left	0.0	1	0	-1.0	-1440.0	-1600.0	0.0	-1.0	-1440.0	-1600.0	0.0	-1.0	-1.0	-1.0	-1.0	-1.0	-1.0	0.0	8	1.0	0.0		5802	0	0
1701804735868	t	clothingstore_testcue_lobby_left	0.0	1	0	-1.0	-1440.0	-1600.0	0.0	-1.0	-1440.0	-1600.0	0.0	-1.0	-1.0	-1.0	-1.0	-1.0	-1.0	0.0	8	1.0	0.0		5802	0	0
1701804735876	t	clothingstore_testcue_lobby_left	0.0	1	0	-1.0	-1440.0	-1600.0	0.0	-1.0	-1440.0	-1600.0	0.0	-1.0	-1.0	-1.0	-1.0	-1.0	-1.0	0.0	8	1.0	0.0		5802	0	0
1701804735884	t	clothingstore_testcue_lobby_left	0.0	1	0	-1.0	-1440.0	-1600.0	0.0	-1.0	-1440.0	-1600.0	0.0	-1.0	-1.0	-1.0	-1.0	-1.0	-1.0	0.0	8	1.0	0.0		5802	0	0
1701804735893	t	clothingstore_testcue_lobby_left	0.0	1	0	-1.0	-1440.0	-1600.0	0.0	-1.0	-1440.0	-1600.0	0.0	-1.0	-1.0	-1.0	-1.0	-1.0	-1.0	0.0	8	1.0	0.0		5802	0	0
1701804735901	t	clothingstore_testcue_lobby_left	0.0	1	0	-1.0	-1440.0	-1600.0	0.0	-1.0	-1440.0	-1600.0	0.0	-1.0	-1.0	-1.0	-1.0	-1.0	-1.0	0.0	8	1.0	0.0		5802	0	0
1701804735909	t	clothingstore_testcue_lobby_left	0.0	1	0	-1.0	-1440.0	-1600.0	0.0	-1.0	-1440.0	-1600.0	0.0	-1.0	-1.0	-1.0	-1.0	-1.0	-1.0	0.0	8	1.0	0.0		5802	0	0
1701804735918	t	clothingstore_testcue_lobby_left	0.0	1	0	-1.0	-1440.0	-1600.0	0.0	-1.0	-1440.0	-1600.0	0.0	-1.0	-1.0	-1.0	-1.0	-1.0	-1.0	0.0	8	1.0	0.0		5802	0	0
1701804735926	t	clothingstore_testcue_lobby_left	0.0	1	0	-1.0	-1440.0	-1600.0	0.0	-1.0	-1440.0	-1600.0	0.0	-1.0	-1.0	-1.0	-1.0	-1.0	-1.0	0.0	8	1.0	0.0		5802	0	0
1701804735934	t	clothingstore_testcue_lobby_left	0.0	1	0	-1.0	-1440.0	-1600.0	0.0	-1.0	-1440.0	-1600.0	0.0	-1.0	-1.0	-1.0	-1.0	-1.0	-1.0	0.0	8	1.0	0.0		5802	0	0
1701804735943	t	clothingstore_testcue_lobby_left	0.0	1	0	-1.0	-1440.0	-1600.0	0.0	-1.0	-1440.0	-1600.0	0.0	-1.0	-1.0	-1.0	-1.0	-1.0	-1.0	0.0	8	1.0	0.0		5802	0	0
1701804735951	t	clothingstore_testcue_lobby_left	0.0	1	0	-1.0	-1440.0	-1600.0	0.0	-1.0	-1440.0	-1600.0	0.0	-1.0	-1.0	-1.0	-1.0	-1.0	-1.0	0.0	8	1.0	0.0		5802	0	0
1701804735959	t	clothingstore_testcue_lobby_left	0.0	1	0	-1.0	-1440.0	-1600.0	0.0	-1.0	-1440.0	-1600.0	0.0	-1.0	-1.0	-1.0	-1.0	-1.0	-1.0	0.0	8	1.0	0.0		5802	0	0
1701804735968	t	clothingstore_testcue_lobby_left	0.0	1	0	-1.0	-1440.0	-1600.0	0.0	-1.0	-1440.0	-1600.0	0.0	-1.0	-1.0	-1.0	-1.0	-1.0	-1.0	0.0	8	1.0	0.0		5802	0	0
1701804735976	t	clothingstore_testcue_lobby_left	0.0	1	0	-1.0	-1440.0	-1600.0	0.0	-1.0	-1440.0	-1600.0	0.0	-1.0	-1.0	-1.0	-1.0	-1.0	-1.0	0.0	8	1.0	0.0		5802	0	0
1701804735984	t	clothingstore_testcue_lobby_left	0.0	1	0	-1.0	-1440.0	-1600.0	0.0	-1.0	-1440.0	-1600.0	0.0	-1.0	-1.0	-1.0	-1.0	-1.0	-1.0	0.0	8	1.0	0.0		5802	0	0
1701804735993	t	clothingstore_testcue_lobby_left	0.0	1	0	-1.0	-1440.0	-1600.0	0.0	-1.0	-1440.0	-1600.0	0.0	-1.0	-1.0	-1.0	-1.0	-1.0	-1.0	0.0	8	1.0	0.0		5802	0	0
1701804736001	t	clothingstore_testcue_lobby_left	0.0	1	0	-1.0	-1440.0	-1600.0	0.0	-1.0	-1440.0	-1600.0	0.0	-1.0	-1.0	-1.0	-1.0	-1.0	-1.0	0.0	8	1.0	0.0		5802	0	0
1701804736009	t	clothingstore_testcue_lobby_left	0.0	1	0	-1.0	-1440.0	-1600.0	0.0	-1.0	-1440.0	-1600.0	0.0	-1.0	-1.0	-1.0	-1.0	-1.0	-1.0	0.0	8	1.0	0.0		5802	0	0
1701804736018	t	clothingstore_testcue_lobby_left	0.0	1	0	-1.0	-1440.0	-1600.0	0.0	-1.0	808.272	1090.56	0.0	-1.0	-1.0	-1.0	-1.0	-1.0	-1.0	0.0	8	1.0	0.0		5802	0	0
1701804736028	t	clothingstore_testcue_lobby_left	0.0	1	0	-1.0	806.112	946.5600000000001	0.0	-1.0	806.5440000000001	1060.0	0.0	-1.0	-1.0	-1.0	-1.0	-1.0	-1.0	0.0	8	1.0	0.0		5802	0	0
1701804736037	t	clothingstore_testcue_lobby_left	0.0	1	0	-1.0	750.672	916.48	0.0	-1.0	794.8800000000001	1049.44	0.0	-1.0	-1.0	-1.0	-1.0	-1.0	-1.0	0.0	8	1.0	0.0		5802	0	0
1701804736046	t	clothingstore_testcue_lobby_left	0.0	1	0	-1.0	744.0480000000001	888.9599999999999	0.0	-1.0	791.8560000000001	1034.88	0.1358	-1.0	-1.0	-1.0	-1.0	-1.0	-1.0	0.0	8	1.0	0.0		5802	0	0
1701804736054	t	clothingstore_testcue_lobby_left	0.0	1	0	-1.0	739.2959999999999	881.7600000000001	0.0	-1.0	794.016	1037.28	0.1358	-1.0	-1.0	-1.0	-1.0	-1.0	-1.0	0.0	8	1.0	0.0		5802	0	0
1701804736063	t	clothingstore_testcue_lobby_left	0.0	1	0	-1.0	735.984	878.0799999999999	0.3641	-1.0	793.0079999999999	1035.2	0.5403	-1.0	-1.0	-1.0	-1.0	-1.0	-1.0	0.0	8	1.0	0.0		5802	0	0
1701804736071	t	clothingstore_testcue_lobby_left	0.0	1	0	-1.0	735.1199999999999	883.84	0.3641	-1.0	794.8800000000001	1032.0	0.5403	-1.0	-1.0	-1.0	-1.0	-1.0	-1.0	0.0	8	1.0	0.0		5802	0	0
1701804736079	t	clothingstore_testcue_lobby_left	0.0	1	0	-1.0	735.84	885.92	0.5736	-1.0	796.7520000000001	1032.0	0.7124	-1.0	-1.0	-1.0	-1.0	-1.0	-1.0	0.0	8	1.0	0.0		5802	0	0
1701804736088	t	clothingstore_testcue_lobby_left	0.0	1	0	-1.0	736.2719999999999	886.72	0.5736	-1.0	797.6159999999999	1028.0	0.7124	-1.0	-1.0	-1.0	-1.0	-1.0	-1.0	0.0	8	1.0	0.0		5802	0	0
1701804736096	t	clothingstore_testcue_lobby_left	0.0	1	0	-1.0	736.7040000000001	880.32	0.6762	-1.0	794.592	1029.92	0.7696	-1.0	-1.0	-1.0	-1.0	-1.0	-1.0	0.0	8	1.0	0.0		5802	0	0
1701804736104	t	clothingstore_testcue_lobby_left	0.0	1	0	-1.0	734.544	881.4399999999999	0.6762	-1.0	794.16	1025.76	0.7696	-1.0	-1.0	-1.0	-1.0	-1.0	-1.0	0.0	8	1.0	0.0		5802	0	0
1701804736113	t	clothingstore_testcue_lobby_left	0.0	1	0	5.6374	734.4	876.96	0.7329	5.2251	790.8480000000001	1028.48	0.8414	0.2118	-0.0074	0.9773	29.8171	2.5805	-34.8659	0.0	8	1.0	0.0		5802	0	0
1701804736121	t	clothingstore_testcue_lobby_left	0.0	1	0	5.4309	732.096	880.1600000000001	0.7329	5.2472	792.576	1029.44	0.8414	0.2179	-0.0194	0.9758	29.9137	2.5757	-34.8589	0.0	8	1.0	0.0		5802	0	0
1701804736129	t	clothingstore_testcue_lobby_left	0.0	1	0	5.4864	732.528	877.44	0.7784	5.1691	790.2719999999999	1026.56	0.9139	0.2113	-0.008	0.9774	29.9905	2.5723	-34.8587	0.0	8	1.0	0.0		5802	0	0
1701804736137	t	clothingstore_testcue_lobby_left	0.0	1	0	5.5299	728.784	880.1600000000001	0.7784	5.1478	787.5360000000001	1023.5200000000001	0.9139	0.225	-0.023	0.9741	30.0362	2.598	-34.8486	0.0	8	1.0	0.0		5802	0	0
1701804736146	t	clothingstore_testcue_lobby_left	0.0	1	0	5.4045	728.64	881.6	0.813	5.0481	787.6800000000001	1024.6399999999999	0.966	0.2223	-0.0255	0.9746	30.0598	2.5825	-34.8568	0.0	8	1.0	0.0		5802	0	0
1701804736154	t	clothingstore_testcue_lobby_left	0.0	1	0	5.3823	728.64	882.8799999999999	0.813	5.0088	784.8000000000001	1023.04	0.966	0.2187	-0.0312	0.9753	30.0749	2.5846	-34.8539	0.0	8	1.0	0.0		5802	0	0
1701804736162	t	clothingstore_testcue_lobby_left	0.0	1	0	5.3855	728.3520000000001	880.9599999999999	0.8603	5.0262	784.6560000000001	1022.72	0.9797	0.2174	-0.0254	0.9757	30.0841	2.5899	-34.8563	0.0	8	1.0	0.0		5802	0	0
1701804736171	t	clothingstore_testcue_lobby_left	0.0	1	0	5.3653	726.3359999999999	881.9200000000001	0.8603	4.9773	785.52	1023.84	0.9797	0.2232	-0.0303	0.9743	30.068	2.5981	-34.8624	0.0	8	1.0	0.0		5802	0	0
1701804736179	t	clothingstore_testcue_lobby_left	0.0	1	0	5.3054	726.4799999999999	880.0000000000001	0.8753	4.8434	782.352	1023.6800000000001	0.997	0.2214	-0.0254	0.9748	29.6698	2.6051	-34.9107	0.0	8	1.0	0.0		5802	0	0
1701804736187	t	clothingstore_testcue_lobby_left	0.0	1	0	5.2885	726.4799999999999	878.2400000000001	0.8753	4.9404	783.936	1023.04	0.997	0.2184	-0.0256	0.9755	23.5015	2.5862	-35.5694	0.0	8	1.0	0.0		5802	0	0
1701804736196	t	clothingstore_testcue_lobby_left	0.0	1	0	5.3127	726.3359999999999	879.04	1.0	4.9152	781.1999999999999	1024.9599999999998	1.0	0.2188	-0.0319	0.9753	22.2664	2.5897	-35.7025	0.0	8	1.0	0.0		5802	0	0
1701804736204	t	clothingstore_testcue_lobby_left	0.0	1	0	5.1569	724.032	873.76	1.0	4.9076	780.768	1022.4	1.0	0.2209	-0.0316	0.9748	10.3357	2.5713	-37.007	0.0	8	1.0	0.0		5802	0	0
1701804736212	t	clothingstore_testcue_lobby_left	0.0	1	0	5.1361	718.56	859.84	1.0	4.8499	775.2959999999999	1007.84	1.0	0.2399	0.009	0.9707	16.5816	2.7025	-36.412	0.0	8	1.0	0.0		5802	0	0
1701804736221	t	clothingstore_testcue_lobby_left	0.0	1	0	5.1695	717.696	851.8399999999999	1.0	4.7792	769.68	999.3600000000001	1.0	0.2458	0.0315	0.9688	29.3938	2.8422	-34.9927	0.0	8	1.0	0.0		5802	0	0
1701804736229	t	clothingstore_testcue_lobby_left	0.0	1	0	5.0348	717.84	841.92	1.0	4.645	768.5279999999999	992.4799999999999	1.0	0.248	0.0527	0.9673	30.0552	2.9192	-34.9206	0.0	8	1.0	0.0		5802	0	0
1701804736237	t	clothingstore_testcue_lobby_left	0.0	1	0	5.0379	719.568	842.24	1.0	4.6883	766.656	991.36	1.0	0.2426	0.0497	0.9688	30.1371	2.9233	-34.903	0.0	8	1.0	0.0		5802	0	0
1701804736246	t	clothingstore_testcue_lobby_left	0.0	1	0	5.0905	719.712	845.4399999999999	1.0	4.5963	765.792	992.0	1.0	0.2396	0.042	0.97	30.156	2.9049	-34.8975	0.0	8	1.0	0.0		5802	0	0
1701804736254	t	clothingstore_testcue_lobby_left	0.0	1	0	5.0011	718.416	844.3199999999999	1.0	4.5692	765.936	990.08	1.0	0.242	0.0484	0.9691	30.1702	2.8951	-34.9099	0.0	8	1.0	0.0		5802	0	0
1701804736262	t	clothingstore_testcue_lobby_left	0.0	1	0	5.007	719.28	842.8800000000001	1.0	4.5859	766.656	992.16	1.0	0.2368	0.0535	0.9701	30.1757	2.8962	-34.9124	0.0	8	1.0	0.0		5802	0	0
1701804736271	t	clothingstore_testcue_lobby_left	0.0	1	0	4.9786	718.272	842.8800000000001	1.0	4.6288	767.088	990.7199999999999	1.0	0.2408	0.0533	0.9691	30.1378	2.8958	-34.9194	0.0	8	1.0	0.0		5802	0	0
1701804736279	t	clothingstore_testcue_lobby_left	0.0	1	0	4.9904	719.28	843.0400000000001	1.0	4.5917	766.08	990.7199999999999	1.0	0.2362	0.0523	0.9703	29.5654	2.8945	-34.9857	0.0	8	1.0	0.0		5802	0	0
1701804736287	t	clothingstore_testcue_lobby_left	0.0	1	0	4.9693	718.704	842.8800000000001	1.0	4.4267	765.216	989.6000000000001	1.0	0.2362	0.0484	0.9705	25.0928	2.8883	-35.5203	0.0	8	1.0	0.0		5802	0	0
1701804736296	t	clothingstore_testcue_lobby_left	0.0	1	0	4.9462	719.28	842.8800000000001	1.0	4.4366	765.072	990.4	1.0	0.2321	0.0402	0.9719	17.5352	2.8786	-36.4173	0.0	8	1.0	0.0		5802	0	0
1701804736304	t	clothingstore_testcue_lobby_left	0.0	1	0	4.9269	718.704	842.7199999999999	1.0	4.369	765.936	988.1600000000001	1.0	0.2325	0.0417	0.9717	16.8261	2.8631	-36.4588	0.0	8	1.0	0.0		5802	0	0
1701804736312	t	clothingstore_testcue_lobby_left	0.0	1	0	4.9075	718.272	842.56	1.0	4.3619	764.64	988.1600000000001	1.0	0.2368	0.0481	0.9704	23.4075	2.8717	-35.6767	0.0	8	1.0	0.0		5802	0	0
1701804736321	t	clothingstore_testcue_lobby_left	0.0	1	0	4.8995	717.84	842.7199999999999	1.0	4.3635	766.512	984.8000000000001	1.0	0.2399	0.0532	0.9693	29.4678	2.8917	-34.9933	0.0	8	1.0	0.0		5802	0	0
1701804736329	t	clothingstore_testcue_lobby_left	0.0	1	0	4.8916	717.408	842.8800000000001	1.0	4.3687	766.08	986.88	1.0	0.2415	0.0531	0.9689	30.0515	2.8952	-34.9319	0.0	8	1.0	0.0		5802	0	0
1701804736337	t	clothingstore_testcue_lobby_left	0.0	1	0	4.8817	717.408	842.7199999999999	1.0	4.3534	765.792	987.68	1.0	0.2416	0.0535	0.9689	30.1465	2.8958	-34.9223	0.0	8	1.0	0.0		5802	0	0
1701804736345	t	clothingstore_testcue_lobby_left	0.0	1	0	4.8714	717.264	842.8800000000001	1.0	4.3441	763.632	989.7600000000001	1.0	0.2417	0.053	0.9689	30.1396	2.8961	-34.924	0.0	8	1.0	0.0		5802	0	0
1701804736354	t	clothingstore_testcue_lobby_left	0.0	1	0	4.8704	717.12	842.8800000000001	1.0	4.3077	765.072	989.7600000000001	1.0	0.2417	0.0527	0.9689	30.1747	2.8962	-34.9215	0.0	8	1.0	0.0		5802	0	0
1701804736362	t	clothingstore_testcue_lobby_left	0.0	1	0	4.8694	716.976	842.8800000000001	1.0	4.2471	763.2	988.64	1.0	0.2416	0.0531	0.9689	30.1748	2.8965	-34.9237	0.0	8	1.0	0.0		5802	0	0
1701804736371	t	clothingstore_testcue_lobby_left	0.0	1	0	4.5668	714.672	844.0	1.0	4.1499	764.64	988.32	1.0	0.2408	0.0459	0.9695	30.164	2.9016	-34.9451	0.0	8	1.0	0.0		5802	0	0
1701804736379	t	clothingstore_testcue_lobby_left	0.0	1	0	4.4746	713.664	844.0	1.0	4.1441	764.784	988.64	1.0	0.2437	0.0444	0.9688	30.0456	2.9047	-34.961	0.0	8	1.0	0.0		5802	0	0
1701804736387	t	clothingstore_testcue_lobby_left	0.0	1	0	4.4796	714.24	844.48	1.0	3.9469	768.24	985.44	1.0	0.241	0.0421	0.9696	30.0853	2.9065	-34.9542	0.0	8	1.0	0.0		5802	0	0
1701804736395	t	clothingstore_testcue_lobby_left	0.0	1	0	4.485	714.672	844.96	1.0	4.0037	767.5200000000001	988.8	1.0	0.2385	0.0396	0.9703	29.956	2.9081	-34.9674	0.0	8	1.0	0.0		5802	0	0
1701804736403	t	clothingstore_testcue_lobby_left	0.0	1	0	4.4977	716.1120000000001	845.4399999999999	1.0	3.9378	768.096	988.0000000000001	1.0	0.233	0.0325	0.9719	30.0847	2.931	-34.9391	0.0	8	1.0	0.0		5802	0	0
1701804736412	t	clothingstore_testcue_lobby_left	0.0	1	0	4.3569	715.68	843.8399999999999	1.0	3.9021	768.816	985.12	1.0	0.235	0.0331	0.9714	30.1336	2.9516	-34.9365	0.0	8	1.0	0.0		5802	0	0
1701804736420	t	clothingstore_testcue_lobby_left	0.0	1	0	4.4115	717.984	842.7199999999999	1.0	3.8591	770.688	984.6399999999999	1.0	0.225	0.034	0.9738	30.1047	2.9648	-34.9317	0.0	8	1.0	0.0		5802	0	0
1701804736429	t	clothingstore_testcue_lobby_left	0.0	1	0	4.3504	718.272	844.16	1.0	3.8589	771.696	984.4799999999999	1.0	0.2231	0.0277	0.9744	29.9766	2.9651	-34.9401	0.0	8	1.0	0.0		5802	0	0
1701804736437	t	clothingstore_testcue_lobby_left	0.0	1	0	4.3366	718.272	844.3199999999999	1.0	3.8292	770.4000000000001	983.36	1.0	0.2229	0.0277	0.9744	30.0874	2.963	-34.9284	0.0	8	1.0	0.0		5802	0	0
1701804736446	t	clothingstore_testcue_lobby_left	0.0	1	0	4.3499	718.272	844.48	1.0	3.8779	772.704	985.92	1.0	0.2223	0.0266	0.9746	29.9319	2.9642	-34.9448	0.0	8	1.0	0.0		5802	0	0
1701804736454	t	clothingstore_testcue_lobby_left	0.0	1	0	4.2477	718.56	833.44	1.0	3.8561	770.832	979.52	1.0	0.2195	0.049	0.9744	29.95	3.0522	-34.9554	0.0	8	1.0	0.0		5802	0	0
1701804736462	t	clothingstore_testcue_lobby_left	0.0	1	0	4.1967	719.28	816.48	1.0	3.6727	768.672	960.3199999999999	1.0	0.2219	0.0769	0.972	30.1697	3.2214	-34.9372	0.0	8	1.0	0.0		5802	0	0
1701804736470	t	clothingstore_testcue_lobby_left	0.0	1	0	4.1134	722.592	796.48	1.0	3.7562	767.952	946.24	1.0	0.215	0.1145	0.9699	29.9898	3.3952	-34.9686	0.0	8	1.0	0.0		5802	0	0
1701804736479	t	clothingstore_testcue_lobby_left	0.0	1	0	4.2367	724.608	783.84	1.0	3.7304	767.808	930.24	1.0	0.2238	0.12	0.9672	29.9478	3.5948	-34.9525	0.0	8	1.0	0.0		5802	0	0
1701804736487	t	clothingstore_testcue_lobby_left	0.0	1	0	4.2224	731.0880000000001	762.5600000000001	1.0	3.861	768.816	920.1599999999999	1.0	0.2072	0.1713	0.9632	29.8556	3.7358	-34.995	0.0	8	1.0	0.0		5802	0	0
1701804736495	t	clothingstore_testcue_lobby_left	0.0	1	0	4.1753	737.856	757.4399999999999	1.0	3.6143	774.4319999999999	914.08	1.0	0.1957	0.1667	0.9664	29.5535	3.8346	-34.9928	0.0	8	1.0	0.0		5802	0	0
1701804736504	t	clothingstore_testcue_lobby_left	0.0	1	0	4.1565	742.8960000000001	759.84	1.0	3.6153	779.1840000000001	913.12	1.0	0.1857	0.1478	0.9714	29.2564	3.8683	-34.9819	0.0	8	1.0	0.0		5802	0	0
1701804736512	t	clothingstore_testcue_lobby_left	0.0	1	0	4.1365	747.216	758.5600000000001	1.0	3.675	784.512	913.5999999999999	1.0	0.1742	0.146	0.9738	29.5351	3.8961	-34.9329	0.0	8	1.0	0.0		5802	0	0
1701804736520	t	clothingstore_testcue_lobby_left	0.0	1	0	4.1238	750.8159999999999	758.08	1.0	3.6508	789.1200000000001	913.12	1.0	0.1693	0.1391	0.9757	29.5924	3.9334	-34.9085	0.0	8	1.0	0.0		5802	0	0
1701804736529	t	clothingstore_testcue_lobby_left	0.0	1	0	4.1054	757.152	760.8	1.0	3.6196	794.7359999999999	914.56	1.0	0.1586	0.1185	0.9802	29.5616	3.9716	-34.8651	0.0	8	1.0	0.0		5802	0	0
1701804736537	t	clothingstore_testcue_lobby_left	0.0	1	0	4.0546	761.6160000000001	758.88	1.0	3.7003	799.2	914.24	1.0	0.154	0.1174	0.9811	29.4955	4.0073	-34.8588	0.0	8	1.0	0.0		5802	0	0
1701804736545	t	clothingstore_testcue_lobby_left	0.0	1	0	4.1356	768.24	761.9200000000001	1.0	3.6596	808.128	919.0400000000001	1.0	0.1413	0.1057	0.9843	28.9337	3.9966	-34.8865	0.0	8	1.0	0.0		5802	0	0
1701804736554	t	clothingstore_testcue_lobby_left	0.0	1	0	4.0446	774.72	769.6	1.0	3.7425	811.872	923.04	1.0	0.1311	0.0853	0.9877	29.1575	3.9668	-34.8858	0.0	8	1.0	0.0		5802	0	0
1701804736562	t	clothingstore_testcue_lobby_left	0.0	1	0	3.9355	781.056	779.6800000000001	1.0	3.6141	817.3439999999999	931.6800000000001	1.0	0.1221	0.0592	0.9907	27.6835	3.9923	-35.4165	0.0	8	1.0	0.0		5802	0	0
1701804736570	t	clothingstore_testcue_lobby_left	0.0	1	0	3.8924	786.384	780.32	1.0	3.6332	822.3840000000001	938.88	1.0	0.107	0.0279	0.9939	-26.1538	3.0943	-40.1336	0.0	8	1.0	0.0		5802	0	0
1701804736579	t	clothingstore_testcue_lobby_left	0.0	1	0	3.9424	789.84	776.16	1.0	3.7102	827.1360000000001	933.1200000000001	1.0	0.1003	0.0423	0.994	-32.2491	2.9132	-40.3275	0.0	8	1.0	0.0		5802	0	0
1701804736588	t	clothingstore_testcue_lobby_left	0.0	1	0	3.8755	790.7040000000001	750.24	1.0	3.6022	825.84	915.04	1.0	0.095	0.0798	0.9923	-32.2481	3.1893	-40.8857	0.0	8	1.0	0.0		5802	0	0
1701804736595	t	clothingstore_testcue_lobby_left	0.0	1	0	3.8572	797.328	734.24	1.0	3.5356	827.712	893.6	1.0	0.0878	0.1382	0.9865	-32.2477	3.2643	-40.8823	0.0	8	1.0	0.0		5802	0	0
1701804736604	t	clothingstore_testcue_lobby_left	0.0	1	0	3.8378	800.6400000000001	719.68	1.0	3.556	830.304	882.7199999999999	1.0	0.0841	0.1665	0.9824	-32.3177	3.2967	-40.8438	0.0	8	1.0	0.0		5802	0	0
1701804736612	t	clothingstore_testcue_lobby_left	0.0	1	0	3.8964	807.984	716.0	1.0	3.6092	834.48	880.0000000000001	1.0	0.0811	0.1839	0.9796	-32.3395	3.3321	-41.0851	0.0	8	1.0	0.0		5802	0	0
1701804736620	t	clothingstore_testcue_lobby_left	0.0	1	0	3.8558	811.152	726.0799999999999	1.0	3.7538	836.496	884.4799999999999	1.0	0.0812	0.2013	0.9762	-32.4231	3.0559	-40.6483	0.0	8	1.0	0.0		5802	0	0
1701804736628	t	clothingstore_testcue_lobby_left	0.0	1	0	3.7121	815.472	740.32	1.0	3.5087	838.368	902.88	1.0	0.0837	0.1774	0.9806	-31.5708	2.7513	-40.1441	0.0	8	1.0	0.0		5802	0	0
1701804736637	t	clothingstore_testcue_lobby_left	0.0	1	0	3.8398	818.496	760.48	1.0	3.5299	845.5680000000001	919.36	1.0	0.0713	0.1581	0.9848	-32.3488	2.6147	-40.4279	0.0	8	1.0	0.0		5802	0	0
1701804736645	t	clothingstore_testcue_lobby_left	0.0	1	0	3.7094	821.2320000000001	777.76	1.0	3.5173	847.5840000000001	936.6400000000001	1.0	0.0703	0.1393	0.9877	-32.6167	2.3602	-40.2717	0.0	8	1.0	0.0		5802	0	0
1701804736654	t	clothingstore_testcue_lobby_left	0.0	1	0	3.6122	825.408	792.3199999999999	1.0	3.6202	851.904	952.0	1.0	0.0635	0.1314	0.9893	-26.1501	2.1359	-39.2294	0.0	8	1.0	0.0		5802	0	0
1701804736662	t	clothingstore_testcue_lobby_left	0.0	1	0	3.7547	825.2640000000001	806.08	1.0	3.5606	853.776	962.5600000000001	1.0	0.0632	0.1444	0.9875	27.5245	2.9103	-34.583	0.0	8	1.0	0.0		5802	0	0
1701804736670	t	clothingstore_testcue_lobby_left	0.0	1	0	3.724	825.696	817.1200000000001	1.0	3.3741	853.488	977.6	1.0	0.0655	0.1366	0.9884	28.1323	2.7086	-34.3308	0.0	8	1.0	0.0		5802	0	0
1701804736679	t	clothingstore_testcue_lobby_left	0.0	1	0	3.7079	827.712	825.44	1.0	3.4835	857.3760000000001	985.6	1.0	0.0572	0.131	0.9897	28.9034	2.564	-34.122	0.0	8	1.0	0.0		5802	0	0
1701804736687	t	clothingstore_testcue_lobby_left	0.0	1	0	3.7567	828.288	833.2800000000001	1.0	3.493	860.1120000000001	990.08	1.0	0.0563	0.118	0.9914	28.9203	2.5527	-34.3464	0.0	8	1.0	0.0		5802	0	0
1701804736695	t	clothingstore_testcue_lobby_left	0.0	1	0	3.7319	826.1279999999999	840.0	1.0	3.4426	861.4079999999999	995.8399999999999	1.0	0.0628	0.1048	0.9925	28.9316	2.4775	-34.2825	0.0	8	1.0	0.0		5802	0	0
1701804736703	t	clothingstore_testcue_lobby_left	0.0	1	0	3.7598	825.984	842.4	1.0	3.5089	861.5520000000001	998.24	1.0	0.0609	0.1016	0.993	28.9479	2.4933	-34.4446	0.0	8	1.0	0.0		5802	0	0
1701804736712	t	clothingstore_testcue_lobby_left	0.0	1	0	3.6901	829.584	844.8000000000001	1.0	3.5757	861.84	1001.12	1.0	0.0444	0.0914	0.9948	28.9557	2.4898	-34.4224	0.0	8	1.0	0.0		5802	0	0
1701804736720	t	clothingstore_testcue_lobby_left	0.0	1	0	3.7521	829.1519999999999	845.76	1.0	3.5194	863.424	1001.92	1.0	0.0453	0.0876	0.9951	28.9576	2.4811	-34.3706	0.0	8	1.0	0.0		5802	0	0
1701804736728	t	clothingstore_testcue_lobby_left	0.0	1	0	3.6407	827.856	846.88	1.0	3.4011	863.568	1002.2399999999999	1.0	0.0523	0.0782	0.9956	28.9444	2.4955	-34.3539	0.0	8	1.0	0.0		5802	0	0
1701804736737	t	clothingstore_testcue_lobby_left	0.0	1	0	3.6247	829.584	845.4399999999999	1.0	3.5298	867.024	1003.04	1.0	0.047	0.0797	0.9957	28.7572	2.5112	-34.3738	0.0	8	1.0	0.0		5802	0	0
1701804736745	t	clothingstore_testcue_lobby_left	0.0	1	0	3.6583	830.8799999999999	840.9599999999999	1.0	3.421	868.8960000000001	997.12	1.0	0.0475	0.0906	0.9948	27.8949	2.4257	-34.0717	0.0	8	1.0	0.0		5802	0	0
1701804736753	t	clothingstore_testcue_lobby_left	0.0	1	0	3.6821	838.2239999999999	826.8800000000001	1.0	3.4915	879.264	980.48	1.0	0.0284	0.1029	0.9943	-5.1388	1.8786	-36.4159	0.0	8	1.0	0.0		5802	0	0
1701804736762	t	clothingstore_testcue_lobby_left	0.0	1	0	3.6048	850.464	810.2399999999999	1.0	3.4157	888.48	965.1199999999999	1.0	0.0085	0.1295	0.9915	-9.7181	1.8568	-36.499	0.0	8	1.0	0.0		5802	0	0
1701804736770	t	clothingstore_testcue_lobby_left	0.0	1	0	3.6809	862.4159999999999	793.6	1.0	3.4183	897.984	945.12	1.0	-0.0207	0.1596	0.987	-29.3484	1.6387	-38.0291	0.0	8	1.0	0.0		5802	0	0
1701804736778	t	clothingstore_testcue_lobby_left	0.0	1	0	3.6232	876.24	776.9599999999999	1.0	3.6965	905.904	925.92	1.0	-0.0237	0.1894	0.9816	-15.5606	2.4271	-38.0366	0.0	8	1.0	0.0		5802	0	0
1701804736787	t	clothingstore_testcue_lobby_left	0.0	1	0	3.6989	883.44	764.1600000000001	1.0	3.5239	915.552	913.5999999999999	1.0	-0.0266	0.2233	0.9744	27.8409	3.2138	-34.1492	0.0	8	1.0	0.0		5802	0	0
1701804736795	t	clothingstore_testcue_lobby_left	0.0	1	0	3.6475	886.0319999999999	760.0	1.0	3.5186	915.408	909.6	1.0	-0.0334	0.2233	0.9742	28.234	3.3584	-34.3682	0.0	8	1.0	0.0		5802	0	0
1701804736803	t	clothingstore_testcue_lobby_left	0.0	1	0	3.6461	885.7439999999999	760.0	1.0	3.4952	913.536	911.52	1.0	-0.0398	0.221	0.9745	28.2782	3.358	-34.3279	0.0	8	1.0	0.0		5802	0	0
1701804736812	t	clothingstore_testcue_lobby_left	0.0	1	0	3.5763	885.312	760.32	1.0	3.5729	915.552	911.9999999999999	1.0	-0.0443	0.2185	0.9748	28.3095	3.3512	-34.2907	0.0	8	1.0	0.0		5802	0	0
1701804736820	t	clothingstore_testcue_lobby_left	0.0	1	0	3.5961	880.8480000000001	761.5999999999999	1.0	3.4171	914.2560000000001	911.36	1.0	-0.0314	0.2155	0.976	28.3285	3.3161	-34.1847	0.0	8	1.0	0.0		5802	0	0
1701804736828	t	clothingstore_testcue_lobby_left	0.0	1	0	3.5037	881.568	765.12	1.0	3.5463	911.664	915.3600000000001	1.0	-0.0408	0.2066	0.9776	28.3536	3.2412	-33.9895	0.0	8	1.0	0.0		5802	0	0
1701804736837	t	clothingstore_testcue_lobby_left	0.0	1	0	3.5967	877.9680000000001	768.32	1.0	3.5143	910.9440000000001	916.3199999999999	1.0	-0.0374	0.2052	0.978	28.364	3.1089	-33.6626	0.0	8	1.0	0.0		5802	0	0
1701804736845	t	clothingstore_testcue_lobby_left	0.0	1	0	3.6677	875.664	767.84	1.0	3.5063	910.08	917.92	1.0	-0.0332	0.1934	0.9806	-7.0563	2.6989	-37.3069	0.0	8	1.0	0.0		5802	0	0
1701804736853	t	clothingstore_testcue_lobby_left	0.0	1	0	3.5564	873.2160000000001	769.12	1.0	3.4993	909.504	921.5999999999999	1.0	-0.0328	0.1678	0.9853	-33.3651	2.3815	-39.9282	0.0	8	1.0	0.0		5802	0	0
1701804736862	t	clothingstore_testcue_lobby_left	0.0	1	0	3.4721	870.768	771.1999999999999	1.0	3.502	909.3599999999999	917.92	1.0	-0.0347	0.1798	0.9831	-33.2968	2.3956	-39.9474	0.0	8	1.0	0.0		5802	0	0
1701804736870	t	clothingstore_testcue_lobby_left	0.0	1	0	3.67	868.032	772.8	1.0	3.5411	907.4879999999999	918.4	1.0	-0.0309	0.1751	0.9841	-33.3217	2.4046	-39.9391	0.0	8	1.0	0.0		5802	0	0
1701804736878	t	clothingstore_testcue_lobby_left	0.0	1	0	3.4116	866.1600000000001	771.6800000000001	1.0	3.4403	905.1840000000001	919.68	1.0	-0.0258	0.1684	0.9854	-33.2378	2.4079	-39.9133	0.0	8	1.0	0.0		5802	200	MYKEYWORD 200
