Recording timestamp	type	Scene Name	scene_num	order	djv_reported	PupilDiam_Left	Gaze2d_Left.x	Gaze2d_Left.y	left_eye_openness	PupilDiam_Right	Gaze2d_Right.x	Gaze2d_Right.y	right_eye_openness	gaze_direction_x	gaze_direction_y	gaze_direction_z	gaze_origin_x	gaze_origin_y	gaze_origin_z	gaze_convergence_distance	participant	study_status	scene_familiarity	recall_status	Identifier	Event value	Event message
1701991936458	t	trainstation_test_cue_bowling_alley_left	0.0	1	0	3.2606	759.5999999999999	900.96	1.0	3.6749	818.2080000000001	1101.6	1.0	0.039	-0.0813	0.9959	-18.6996	2.2376	-42.6124	0.0	22	0.0	0.0		3471	100	MYKEYWORD 100
1701991936467	t	trainstation_test_cue_bowling_alley_left	0.0	1	0	3.3185	758.304	902.2399999999999	1.0	3.6115	820.08	1102.24	1.0	0.0311	-0.0886	0.9956	-0.9377	2.9755	-42.3669	0.0	22	0.0	0.0		3471	0	0
1701991936475	t	trainstation_test_cue_bowling_alley_left	0.0	1	0	3.3705	759.024	903.36	1.0	3.6817	819.936	1101.6	1.0	0.035	-0.083	0.9959	-12.7399	2.4534	-42.4567	0.0	22	0.0	0.0		3471	0	0
1701991936483	t	trainstation_test_cue_bowling_alley_left	0.0	1	0	3.3179	758.88	904.1600000000001	1.0	3.6395	820.8	1102.72	1.0	0.0345	-0.0854	0.9957	-15.2336	2.3479	-42.4961	0.0	22	0.0	0.0		3471	0	0
1701991936492	t	trainstation_test_cue_bowling_alley_left	0.0	1	0	3.3242	759.024	903.36	1.0	3.6439	821.952	1104.48	1.0	0.0349	-0.0847	0.9958	-27.2491	1.8265	-42.6209	0.0	22	0.0	0.0		3471	0	0
1701991936500	t	trainstation_test_cue_bowling_alley_left	0.0	1	0	3.3297	758.88	902.72	1.0	3.6543	821.808	1104.0	1.0	0.0352	-0.0837	0.9959	-23.4416	1.9834	-42.5561	0.0	22	0.0	0.0		3471	0	0
1701991936509	t	trainstation_test_cue_bowling_alley_left	0.0	1	0	3.3544	758.5920000000001	903.52	1.0	3.644	821.952	1104.48	1.0	0.0348	-0.0869	0.9956	-22.1583	2.0433	-42.5487	0.0	22	0.0	0.0		3471	0	0
1701991936517	t	trainstation_test_cue_bowling_alley_left	0.0	1	0	3.3303	758.304	902.72	1.0	3.6501	821.808	1104.0	1.0	0.036	-0.0835	0.9958	-25.4463	1.9024	-42.591	0.0	22	0.0	0.0		3471	0	0
1701991936526	t	trainstation_test_cue_bowling_alley_left	0.0	1	0	3.327	758.016	902.5600000000001	1.0	3.6561	821.952	1103.52	1.0	0.0348	-0.0817	0.996	-24.7424	1.9323	-42.5861	0.0	22	0.0	0.0		3471	0	0
1701991936534	t	trainstation_test_cue_bowling_alley_left	0.0	1	0	3.3228	758.304	902.72	1.0	3.6504	821.808	1103.52	1.0	0.0337	-0.0845	0.9958	-19.558	2.1595	-42.5266	0.0	22	0.0	0.0		3471	0	0
1701991936542	t	trainstation_test_cue_bowling_alley_left	0.0	1	0	3.3265	758.016	902.88	1.0	3.6552	821.952	1103.52	1.0	0.0321	-0.0876	0.9956	-13.0395	2.4419	-42.4508	0.0	22	0.0	0.0		3471	0	0
1701991936550	t	trainstation_test_cue_bowling_alley_left	0.0	1	0	3.3227	757.872	903.2	1.0	3.6591	822.096	1103.52	1.0	0.0312	-0.088	0.9956	-9.6051	2.5826	-42.4048	0.0	22	0.0	0.0		3471	0	0
1701991936559	t	trainstation_test_cue_bowling_alley_left	0.0	1	0	3.3282	757.728	903.36	1.0	3.6557	822.2399999999999	1103.52	1.0	0.0304	-0.0876	0.9957	-7.3656	2.6679	-42.3637	0.0	22	0.0	0.0		3471	0	0
1701991936567	t	trainstation_test_cue_bowling_alley_left	0.0	1	0	3.3338	757.728	903.52	1.0	3.6503	822.672	1103.6799999999998	1.0	0.0295	-0.0873	0.9957	-7.3502	2.6586	-42.3432	0.0	22	0.0	0.0		3471	0	0
1701991936575	t	trainstation_test_cue_bowling_alley_left	0.0	1	0	3.3306	757.728	903.36	1.0	3.6559	823.104	1103.52	1.0	0.0289	-0.0856	0.9959	-10.1039	2.5398	-42.3711	0.0	22	0.0	0.0		3471	0	0
1701991936584	t	trainstation_test_cue_bowling_alley_left	0.0	1	0	3.3271	757.728	903.2	1.0	3.6595	823.2479999999999	1103.52	1.0	0.0292	-0.0844	0.996	-13.0069	2.4165	-42.4054	0.0	22	0.0	0.0		3471	0	0
1701991936592	t	trainstation_test_cue_bowling_alley_left	0.0	1	0	3.3169	757.728	903.2	1.0	3.6559	823.3919999999999	1103.52	1.0	0.0291	-0.0841	0.996	-14.4271	2.3569	-42.4246	0.0	22	0.0	0.0		3471	0	0
1701991936600	t	trainstation_test_cue_bowling_alley_left	0.0	1	0	3.3012	757.728	902.72	1.0	3.6544	823.536	1103.52	1.0	0.029	-0.0834	0.9961	-14.9671	2.334	-42.4317	0.0	22	0.0	0.0		3471	0	0
1701991936609	t	trainstation_test_cue_bowling_alley_left	0.0	1	0	3.3177	757.5840000000001	902.72	1.0	3.656	823.68	1103.52	1.0	0.0288	-0.0836	0.9961	-14.4061	2.3565	-42.4197	0.0	22	0.0	0.0		3471	0	0
1701991936617	t	trainstation_test_cue_bowling_alley_left	0.0	1	0	3.3015	757.5840000000001	902.72	1.0	3.6561	823.8240000000001	1103.52	1.0	0.0281	-0.0844	0.996	-12.4951	2.436	-42.3853	0.0	22	0.0	0.0		3471	0	0
1701991936625	t	trainstation_test_cue_bowling_alley_left	0.0	1	0	3.2981	757.728	902.88	1.0	3.653	823.9680000000001	1103.36	1.0	0.0277	-0.0849	0.996	-10.0331	2.539	-42.3504	0.0	22	0.0	0.0		3471	0	0
1701991936634	t	trainstation_test_cue_bowling_alley_left	0.0	1	0	3.2918	757.872	902.72	1.0	3.6565	824.4	1103.36	1.0	0.0265	-0.0853	0.996	-7.0708	2.6605	-42.3031	0.0	22	0.0	0.0		3471	0	0
1701991936642	t	trainstation_test_cue_bowling_alley_left	0.0	1	0	3.2917	757.872	902.88	1.0	3.6547	824.4	1102.5600000000002	1.0	0.0267	-0.0838	0.9961	-5.3253	2.7294	-42.2719	0.0	22	0.0	0.0		3471	0	0
1701991936650	t	trainstation_test_cue_bowling_alley_left	0.0	1	0	3.2914	757.872	903.2	1.0	3.6458	824.4	1103.36	1.0	0.0268	-0.0863	0.9959	-4.7426	2.7521	-42.2564	0.0	22	0.0	0.0		3471	0	0
1701991936658	t	trainstation_test_cue_bowling_alley_left	0.0	1	0	3.2986	757.872	902.88	1.0	3.639	824.4	1103.36	1.0	0.0271	-0.0858	0.9959	-4.7723	2.7495	-42.2518	0.0	22	0.0	0.0		3471	0	0
1701991936666	t	trainstation_test_cue_bowling_alley_left	0.0	1	0	3.3059	756.288	902.2399999999999	1.0	3.5211	821.2320000000001	1097.12	1.0	0.0341	-0.0896	0.9954	1.1687	3.1586	-42.5176	0.0	22	0.0	0.0		3471	0	0
1701991936675	t	trainstation_test_cue_bowling_alley_left	0.0	1	0	3.287	756.576	893.76	1.0	3.5841	817.632	1088.96	1.0	0.0363	-0.0788	0.9962	0.3153	3.1521	-42.3159	0.0	22	0.0	0.0		3471	0	0
1701991936683	t	trainstation_test_cue_bowling_alley_left	0.0	1	0	3.2419	753.12	882.56	1.0	3.5514	814.896	1076.48	1.0	0.0375	-0.0666	0.9971	14.64	4.0518	-42.7847	0.0	22	0.0	0.0		3471	0	0
1701991936691	t	trainstation_test_cue_bowling_alley_left	0.0	1	0	3.323	752.112	870.4000000000001	1.0	3.5317	810.0	1068.64	1.0	0.0412	-0.0377	0.9984	26.9422	4.4258	-41.9098	0.0	22	0.0	0.0		3471	0	0
1701991936700	t	trainstation_test_cue_bowling_alley_left	0.0	1	0	3.3439	750.096	864.48	1.0	3.5431	801.504	1058.3999999999999	1.0	0.0453	-0.0336	0.9984	31.7835	4.6886	-41.7873	0.0	22	0.0	0.0		3471	0	0
1701991936708	t	trainstation_test_cue_bowling_alley_left	0.0	1	0	3.4012	746.7839999999999	859.52	1.0	3.3235	797.7600000000001	1045.28	1.0	0.0553	-0.0235	0.9982	32.0472	4.7171	-41.6812	0.0	22	0.0	0.0		3471	0	0
1701991936716	t	trainstation_test_cue_bowling_alley_left	0.0	1	0	3.378	745.3439999999999	855.1999999999999	1.0	3.3562	797.472	1043.2	1.0	0.0591	-0.0104	0.9982	32.0664	4.7755	-41.8139	0.0	22	0.0	0.0		3471	0	0
1701991936725	t	trainstation_test_cue_bowling_alley_left	0.0	1	0	3.3963	745.6320000000001	858.08	1.0	3.5036	800.496	1045.44	1.0	0.0537	-0.0213	0.9983	32.0815	4.7779	-41.8549	0.0	22	0.0	0.0		3471	0	0
1701991936733	t	trainstation_test_cue_bowling_alley_left	0.0	1	0	3.3608	744.9119999999999	857.1199999999999	1.0	3.2937	798.9119999999999	1043.2	1.0	0.0547	-0.0144	0.9984	32.0922	4.7685	-41.8593	0.0	22	0.0	0.0		3471	0	0
1701991936741	t	trainstation_test_cue_bowling_alley_left	0.0	1	0	3.3999	744.48	859.2	1.0	3.4499	799.776	1045.28	1.0	0.0539	-0.0209	0.9983	32.1	4.7386	-41.7841	0.0	22	0.0	0.0		3471	0	0
1701991936750	t	trainstation_test_cue_bowling_alley_left	0.0	1	0	3.3445	743.472	857.6	1.0	3.4043	799.0559999999999	1044.1599999999999	1.0	0.0585	-0.0162	0.9981	32.1008	4.7287	-41.7125	0.0	22	0.0	0.0		3471	0	0
1701991936758	t	trainstation_test_cue_bowling_alley_left	0.0	1	0	3.3418	744.48	859.36	1.0	3.5402	798.624	1045.12	1.0	0.0525	-0.023	0.9984	32.0254	4.686	-41.5833	0.0	22	0.0	0.0		3471	0	0
1701991936766	t	trainstation_test_cue_bowling_alley_left	0.0	1	0	3.3381	744.0480000000001	858.8800000000001	1.0	3.4775	798.192	1048.16	1.0	0.0529	-0.0197	0.9984	31.8779	4.6496	-41.4912	0.0	22	0.0	0.0		3471	0	0
1701991936775	t	trainstation_test_cue_bowling_alley_left	0.0	1	0	3.3597	743.616	858.7199999999999	1.0	3.5143	800.928	1046.24	1.0	0.0625	-0.0006	0.998	-5.2808	3.4424	-43.0298	0.0	22	0.0	0.0		3471	0	0
1701991936783	t	trainstation_test_cue_bowling_alley_left	0.0	1	0	3.3439	743.04	858.56	1.0	3.5119	801.216	1046.8799999999999	1.0	0.0672	0.0081	0.9977	-28.6746	2.682	-43.9905	0.0	22	0.0	0.0		3471	0	0
1701991936791	t	trainstation_test_cue_bowling_alley_left	0.0	1	0	3.3275	742.4639999999999	858.7199999999999	1.0	3.511	801.072	1046.56	1.0	0.0678	0.0097	0.9976	-30.0121	2.6291	-44.0116	0.0	22	0.0	0.0		3471	0	0
1701991936800	t	trainstation_test_cue_bowling_alley_left	0.0	1	0	3.345	742.8960000000001	858.7199999999999	1.0	3.4891	800.928	1046.4	1.0	0.0679	0.0095	0.9976	-28.9553	2.6592	-43.9556	0.0	22	0.0	0.0		3471	0	0
1701991936808	t	trainstation_test_cue_bowling_alley_left	0.0	1	0	3.3285	742.4639999999999	858.7199999999999	1.0	3.5064	801.072	1046.56	1.0	0.067	0.0077	0.9977	-25.2761	2.7735	-43.7889	0.0	22	0.0	0.0		3471	0	0
1701991936816	t	trainstation_test_cue_bowling_alley_left	0.0	1	0	3.3329	742.4639999999999	859.0400000000001	1.0	3.4854	800.928	1046.8799999999999	1.0	0.0663	0.0023	0.9978	-16.6453	3.0533	-43.4336	0.0	22	0.0	0.0		3471	0	0
1701991936825	t	trainstation_test_cue_bowling_alley_left	0.0	1	0	3.337	742.4639999999999	859.36	1.0	3.5045	801.072	1047.36	1.0	0.0632	-0.006	0.998	-1.0317	3.5548	-42.7732	0.0	22	0.0	0.0		3471	0	0
1701991936833	t	trainstation_test_cue_bowling_alley_left	0.0	1	0	3.3423	742.4639999999999	859.68	1.0	3.5	801.216	1047.52	1.0	0.0616	-0.0096	0.998	7.7347	3.8322	-42.3992	0.0	22	0.0	0.0		3471	0	0
1701991936841	t	trainstation_test_cue_bowling_alley_left	0.0	1	0	3.3475	742.3199999999999	859.84	1.0	3.4954	801.216	1047.36	1.0	0.0629	-0.0074	0.998	2.2443	3.6545	-42.6287	0.0	22	0.0	0.0		3471	0	0
1701991936849	t	trainstation_test_cue_bowling_alley_left	0.0	1	0	3.342	742.3199999999999	859.84	1.0	3.5005	801.216	1047.52	1.0	0.064	-0.0054	0.9979	-2.6695	3.496	-42.8327	0.0	22	0.0	0.0		3471	0	0
1701991936858	t	trainstation_test_cue_bowling_alley_left	0.0	1	0	3.3367	742.3199999999999	859.84	1.0	3.5053	801.072	1047.52	1.0	0.0641	-0.0056	0.9979	-3.13	3.4809	-42.8504	0.0	22	0.0	0.0		3471	0	0
1701991936866	t	trainstation_test_cue_bowling_alley_left	0.0	1	0	3.3316	742.3199999999999	859.84	1.0	3.5031	801.216	1047.52	1.0	0.0641	-0.0055	0.9979	-3.0697	3.4836	-42.8498	0.0	22	0.0	0.0		3471	0	0
1701991936875	t	trainstation_test_cue_bowling_alley_left	0.0	1	0	3.3268	742.3199999999999	859.84	1.0	3.501	801.216	1047.52	1.0	0.0641	-0.0058	0.9979	-2.7732	3.4938	-42.8393	0.0	22	0.0	0.0		3471	0	0
1701991936884	t	trainstation_test_cue_bowling_alley_left	0.0	1	0	3.3316	742.1759999999999	859.84	1.0	3.4984	801.216	1047.68	1.0	0.0642	-0.0063	0.9979	-2.6505	3.4985	-42.8347	0.0	22	0.0	0.0		3471	0	0
1701991936892	t	trainstation_test_cue_bowling_alley_left	0.0	1	0	3.3264	742.1759999999999	859.84	1.0	3.5008	801.216	1047.68	1.0	0.0642	-0.0065	0.9979	-2.6499	3.4992	-42.8354	0.0	22	0.0	0.0		3471	0	0
1701991936900	t	trainstation_test_cue_bowling_alley_left	0.0	1	0	3.326	741.744	860.16	1.0	3.5004	801.36	1047.8400000000001	1.0	0.0642	-0.0071	0.9979	-2.9	3.4912	-42.846	0.0	22	0.0	0.0		3471	0	0
1701991936908	t	trainstation_test_cue_bowling_alley_left	0.0	1	0	3.3351	741.744	860.4799999999999	1.0	3.5002	801.216	1048.0	1.0	0.0644	-0.0082	0.9979	-3.0848	3.4852	-42.8538	0.0	22	0.0	0.0		3471	0	0
1701991936917	t	trainstation_test_cue_bowling_alley_left	0.0	1	0	3.3411	741.456	860.6400000000001	1.0	3.5035	801.36	1048.0	1.0	0.0641	-0.0087	0.9979	-3.0122	3.491	-42.8579	0.0	22	0.0	0.0		3471	0	0
1701991936925	t	trainstation_test_cue_bowling_alley_left	0.0	1	0	3.3412	741.1680000000001	860.6400000000001	1.0	3.5117	801.504	1048.0	1.0	0.0639	-0.0082	0.9979	-2.2574	3.5183	-42.8479	0.0	22	0.0	0.0		3471	0	0
1701991936933	t	trainstation_test_cue_bowling_alley_left	0.0	1	0	3.3405	741.1680000000001	860.6400000000001	1.0	3.511	801.36	1048.16	1.0	0.0636	-0.0084	0.9979	-1.9398	3.5307	-42.8461	0.0	22	0.0	0.0		3471	0	0
1701991936942	t	trainstation_test_cue_bowling_alley_left	0.0	1	0	3.34	741.1680000000001	860.6400000000001	1.0	3.5138	801.504	1048.0	1.0	0.0633	-0.0081	0.998	-2.1396	3.5259	-42.8616	0.0	22	0.0	0.0		3471	0	0
1701991936950	t	trainstation_test_cue_bowling_alley_left	0.0	1	0	3.3404	740.736	860.6400000000001	1.0	3.5137	801.504	1048.0	1.0	0.0639	-0.0077	0.9979	-2.0768	3.528	-42.8632	0.0	22	0.0	0.0		3471	0	0
1701991936958	t	trainstation_test_cue_bowling_alley_left	0.0	1	0	3.3401	740.736	860.6400000000001	1.0	3.5186	801.36	1048.0	1.0	0.0641	-0.0076	0.9979	-2.318	3.5203	-42.8734	0.0	22	0.0	0.0		3471	0	0
1701991936967	t	trainstation_test_cue_bowling_alley_left	0.0	1	0	3.3236	740.592	860.6400000000001	1.0	3.5207	801.36	1048.16	1.0	0.0643	-0.008	0.9979	-2.6035	3.5121	-42.8886	0.0	22	0.0	0.0		3471	0	0
1701991936975	t	trainstation_test_cue_bowling_alley_left	0.0	1	0	3.3314	740.592	860.6400000000001	1.0	3.5208	801.36	1048.32	1.0	0.0645	-0.008	0.9979	-3.0372	3.4982	-42.907	0.0	22	0.0	0.0		3471	0	0
1701991936984	t	trainstation_test_cue_bowling_alley_left	0.0	1	0	3.331	740.592	860.6400000000001	1.0	3.5235	801.6479999999999	1048.16	1.0	0.0642	-0.0076	0.9979	-3.1511	3.4959	-42.9172	0.0	22	0.0	0.0		3471	0	0
1701991936992	t	trainstation_test_cue_bowling_alley_left	0.0	1	0	3.3299	740.592	861.28	1.0	3.5234	801.6479999999999	1048.32	1.0	0.0642	-0.0089	0.9979	-3.7201	3.4781	-42.9426	0.0	22	0.0	0.0		3471	0	0
1701991937000	t	trainstation_test_cue_bowling_alley_left	0.0	1	0	3.3304	740.592	861.28	1.0	3.5243	801.6479999999999	1048.8	1.0	0.0641	-0.0098	0.9979	-3.1728	3.4943	-42.9178	0.0	22	0.0	0.0		3471	0	0
1701991937008	t	trainstation_test_cue_bowling_alley_left	0.0	1	0	3.3306	740.448	861.28	1.0	3.5324	801.6479999999999	1048.8	1.0	0.0643	-0.01	0.9979	-2.6309	3.5108	-42.8964	0.0	22	0.0	0.0		3471	0	0
1701991937016	t	trainstation_test_cue_bowling_alley_left	0.0	1	0	3.3394	740.304	861.28	1.0	3.5316	801.6479999999999	1049.76	1.0	0.0646	-0.0118	0.9978	-2.1773	3.5278	-42.8862	0.0	22	0.0	0.0		3471	0	0
1701991937025	t	trainstation_test_cue_bowling_alley_left	0.0	1	0	3.3333	740.304	861.4399999999999	1.0	3.5442	801.36	1049.76	1.0	0.0652	-0.0121	0.9978	-2.0396	3.5322	-42.8803	0.0	22	0.0	0.0		3471	0	0
1701991937033	t	trainstation_test_cue_bowling_alley_left	0.0	1	0	3.3333	740.16	861.4399999999999	1.0	3.5312	802.08	1049.76	1.0	0.064	-0.0121	0.9979	-1.6636	3.5439	-42.8675	0.0	22	0.0	0.0		3471	0	0
1701991937041	t	trainstation_test_cue_bowling_alley_left	0.0	1	0	3.3307	740.16	861.4399999999999	1.0	3.5294	801.36	1050.08	1.0	0.0652	-0.013	0.9978	-1.0565	3.5661	-42.8492	0.0	22	0.0	0.0		3471	0	0
1701991937050	t	trainstation_test_cue_bowling_alley_left	0.0	1	0	3.3303	740.16	861.5999999999999	1.0	3.5288	801.36	1050.08	1.0	0.065	-0.0134	0.9978	-0.2966	3.593	-42.8275	0.0	22	0.0	0.0		3471	0	0
1701991937058	t	trainstation_test_cue_bowling_alley_left	0.0	1	0	3.3304	740.16	861.5999999999999	1.0	3.5275	801.9359999999999	1050.08	1.0	0.0637	-0.014	0.9979	1.0658	3.6414	-42.7849	0.0	22	0.0	0.0		3471	0	0
1701991937066	t	trainstation_test_cue_bowling_alley_left	0.0	1	0	3.331	740.16	861.4399999999999	1.0	3.5279	801.9359999999999	1050.24	1.0	0.0634	-0.0148	0.9979	2.8226	3.6965	-42.7085	0.0	22	0.0	0.0		3471	0	0
1701991937075	t	trainstation_test_cue_bowling_alley_left	0.0	1	0	3.3306	740.16	861.5999999999999	1.0	3.5311	802.08	1050.72	1.0	0.0627	-0.0163	0.9979	3.8598	3.7302	-42.6645	0.0	22	0.0	0.0		3471	0	0
1701991937083	t	trainstation_test_cue_bowling_alley_left	0.0	1	0	3.3306	740.16	861.76	1.0	3.5308	802.08	1050.88	1.0	0.0626	-0.0168	0.9979	3.9628	3.7333	-42.6607	0.0	22	0.0	0.0		3471	0	0
1701991937091	t	trainstation_test_cue_bowling_alley_left	0.0	1	0	3.331	740.16	861.76	1.0	3.5264	802.224	1050.88	1.0	0.0627	-0.0166	0.9979	3.5848	3.7223	-42.6819	0.0	22	0.0	0.0		3471	0	0
1701991937100	t	trainstation_test_cue_bowling_alley_left	0.0	1	0	3.3335	740.16	861.76	1.0	3.5254	802.224	1050.88	1.0	0.0629	-0.0161	0.9979	2.9049	3.7004	-42.7121	0.0	22	0.0	0.0		3471	0	0
1701991937108	t	trainstation_test_cue_bowling_alley_left	0.0	1	0	3.351	740.16	861.76	1.0	3.5207	802.224	1051.2	1.0	0.0632	-0.016	0.9979	1.3486	3.6515	-42.7808	0.0	22	0.0	0.0		3471	0	0
1701991937116	t	trainstation_test_cue_bowling_alley_left	0.0	1	0	3.3609	740.16	861.76	1.0	3.5249	802.224	1051.2	1.0	0.064	-0.0155	0.9978	-0.6353	3.5898	-42.8693	0.0	22	0.0	0.0		3471	0	0
1701991937125	t	trainstation_test_cue_bowling_alley_left	0.0	1	0	3.3424	746.064	863.68	1.0	3.6634	806.832	1052.8	1.0	0.0495	-0.0202	0.9986	26.646	4.3617	-41.5302	0.0	22	0.0	0.0		3471	0	0
1701991937133	t	trainstation_test_cue_bowling_alley_left	0.0	1	0	3.4023	756.0	865.9200000000001	1.0	3.6831	815.04	1057.2800000000002	1.0	0.0323	-0.0206	0.9993	31.2794	4.5437	-41.5843	0.0	22	0.0	0.0		3471	0	0
1701991937142	t	trainstation_test_cue_bowling_alley_left	0.0	1	0	3.391	770.4000000000001	868.4799999999999	1.0	3.6868	828.288	1063.04	1.0	0.006	-0.0248	0.9997	31.7107	4.6001	-41.7893	0.0	22	0.0	0.0		3471	0	0
1701991937150	t	trainstation_test_cue_bowling_alley_left	0.0	1	0	3.4419	784.9440000000001	879.04	1.0	3.6117	842.112	1072.8	1.0	-0.026	-0.0484	0.9985	31.6403	4.3135	-41.0323	0.0	22	0.0	0.0		3471	0	0
1701991937158	t	trainstation_test_cue_bowling_alley_left	0.0	1	0	3.4375	794.016	881.1199999999999	1.0	3.8017	856.368	1076.1599999999999	1.0	-0.0364	-0.0414	0.9985	31.5126	4.2239	-40.9279	0.0	22	0.0	0.0		3471	0	0
1701991937167	t	trainstation_test_cue_bowling_alley_left	0.0	1	0	3.5016	802.08	882.7199999999999	1.0	3.6863	862.9920000000001	1077.9199999999998	1.0	-0.0598	-0.0458	0.9971	31.4598	4.2855	-41.1741	0.0	22	0.0	0.0		3471	0	0
1701991937175	t	trainstation_test_cue_bowling_alley_left	0.0	1	0	3.5327	802.08	884.16	1.0	3.7335	866.448	1075.52	1.0	-0.0595	-0.0519	0.9969	31.4556	4.2749	-41.1334	0.0	22	0.0	0.0		3471	0	0
1701991937183	t	trainstation_test_cue_bowling_alley_left	0.0	1	0	3.5281	800.6400000000001	883.36	1.0	3.8326	865.4399999999999	1075.2	1.0	-0.0536	-0.0496	0.9973	31.4629	4.2938	-41.1924	0.0	22	0.0	0.0		3471	0	0
1701991937192	t	trainstation_test_cue_bowling_alley_left	0.0	1	0	3.5248	798.9119999999999	885.12	1.0	3.7852	864.2879999999999	1076.64	1.0	-0.047	-0.0579	0.9972	31.468	4.3036	-41.2109	0.0	22	0.0	0.0		3471	0	0
1701991937200	t	trainstation_test_cue_bowling_alley_left	0.0	1	0	3.519	799.344	884.4799999999999	1.0	3.7142	866.0160000000001	1076.96	1.0	-0.049	-0.0562	0.9972	31.4621	4.3089	-41.2231	0.0	22	0.0	0.0		3471	0	0
1701991937208	t	trainstation_test_cue_bowling_alley_left	0.0	1	0	3.513	798.9119999999999	884.0	1.0	3.8568	866.1600000000001	1075.84	1.0	-0.0475	-0.0545	0.9974	31.4193	4.3127	-41.236	0.0	22	0.0	0.0		3471	0	0
1701991937217	t	trainstation_test_cue_bowling_alley_left	0.0	1	0	3.5191	799.2	883.6800000000001	1.0	3.8599	865.584	1075.68	1.0	-0.049	-0.054	0.9973	31.0586	4.3051	-41.2493	0.0	22	0.0	0.0		3471	0	0
1701991937225	t	trainstation_test_cue_bowling_alley_left	0.0	1	0	3.5257	798.9119999999999	883.2	1.0	3.8574	865.872	1075.84	1.0	-0.0485	-0.0535	0.9974	29.3037	4.2397	-41.2716	0.0	22	0.0	0.0		3471	0	0
1701991937233	t	trainstation_test_cue_bowling_alley_left	0.0	1	0	3.5204	798.624	883.04	1.0	3.8435	865.584	1075.84	1.0	-0.0484	-0.0433	0.9979	15.7826	3.6757	-41.4937	0.0	22	0.0	0.0		3471	0	0
1701991937242	t	trainstation_test_cue_bowling_alley_left	0.0	1	0	3.516	798.48	882.8799999999999	1.0	3.8576	865.872	1075.84	1.0	-0.0491	-0.0358	0.9981	5.2605	3.2361	-41.6609	0.0	22	0.0	0.0		3471	0	0
1701991937250	t	trainstation_test_cue_bowling_alley_left	0.0	1	0	3.5206	798.048	882.7199999999999	1.0	3.8444	866.0160000000001	1075.84	1.0	-0.0497	-0.0298	0.9983	-4.4264	2.8358	-41.8226	0.0	22	0.0	0.0		3471	0	0
1701991937258	t	trainstation_test_cue_bowling_alley_left	0.0	1	0	3.5254	797.7600000000001	882.7199999999999	1.0	3.8582	866.1600000000001	1075.84	1.0	-0.0491	-0.0303	0.9983	-3.0762	2.89	-41.7949	0.0	22	0.0	0.0		3471	0	0
1701991937267	t	trainstation_test_cue_bowling_alley_left	0.0	1	0	3.5266	797.7600000000001	882.7199999999999	1.0	3.8603	866.448	1075.84	1.0	-0.0501	-0.0302	0.9983	-3.8394	2.8558	-41.7966	0.0	22	0.0	0.0		3471	0	0
1701991937277	t	trainstation_test_cue_bowling_alley_left	0.0	1	0	3.5283	797.7600000000001	882.7199999999999	1.0	3.8589	866.448	1075.84	1.0	-0.0502	-0.0299	0.9983	-4.6393	2.82	-41.7994	0.0	22	0.0	0.0		3471	0	0
1701991937284	t	trainstation_test_cue_bowling_alley_left	0.0	1	0	3.5322	797.7600000000001	882.7199999999999	1.0	3.8608	866.592	1076.0	1.0	-0.0511	-0.0287	0.9983	-6.3009	2.748	-41.8195	0.0	22	0.0	0.0		3471	0	0
1701991937292	t	trainstation_test_cue_bowling_alley_left	0.0	1	0	3.5361	797.7600000000001	882.7199999999999	1.0	3.8596	866.736	1076.0	1.0	-0.0518	-0.0281	0.9983	-7.293	2.7048	-41.8317	0.0	22	0.0	0.0		3471	0	0
1701991937300	t	trainstation_test_cue_bowling_alley_left	0.0	1	0	3.5371	797.7600000000001	882.7199999999999	1.0	3.8597	866.88	1076.64	1.0	-0.0517	-0.0292	0.9982	-7.5957	2.6941	-41.8424	0.0	22	0.0	0.0		3471	0	0
1701991937308	t	trainstation_test_cue_bowling_alley_left	0.0	1	0	3.5377	797.6159999999999	882.7199999999999	1.0	3.8567	867.024	1077.1200000000001	1.0	-0.0516	-0.0306	0.9982	-7.448	2.7021	-41.8451	0.0	22	0.0	0.0		3471	0	0
1701991937317	t	trainstation_test_cue_bowling_alley_left	0.0	1	0	3.5509	797.6159999999999	882.7199999999999	1.0	3.8577	867.3119999999999	1077.28	1.0	-0.0518	-0.0318	0.9981	-7.1888	2.7168	-41.8405	0.0	22	0.0	0.0		3471	0	0
1701991937325	t	trainstation_test_cue_bowling_alley_left	0.0	1	0	3.5626	797.6159999999999	882.7199999999999	1.0	3.8587	867.456	1077.44	1.0	-0.0519	-0.033	0.9981	-6.4934	2.7477	-41.827	0.0	22	0.0	0.0		3471	0	0
1701991937333	t	trainstation_test_cue_bowling_alley_left	0.0	1	0	3.5757	797.6159999999999	882.56	1.0	3.8589	867.456	1077.6	1.0	-0.0514	-0.0342	0.9981	-5.4526	2.7899	-41.8011	0.0	22	0.0	0.0		3471	0	0
1701991937342	t	trainstation_test_cue_bowling_alley_left	0.0	1	0	3.5757	797.6159999999999	882.56	1.0	3.8567	868.032	1078.4	1.0	-0.0523	-0.0363	0.998	-4.677	2.8217	-41.7869	0.0	22	0.0	0.0		3471	0	0
1701991937350	t	trainstation_test_cue_bowling_alley_left	0.0	1	0	3.5976	797.472	882.4	1.0	3.8548	868.1759999999999	1078.72	1.0	-0.051	-0.0367	0.998	-3.4271	2.8805	-41.7932	0.0	22	0.0	0.0		3471	0	0
1701991937358	t	trainstation_test_cue_bowling_alley_left	0.0	1	0	3.5982	797.472	882.56	1.0	3.8523	868.3199999999999	1079.6799999999998	1.0	-0.0471	-0.0392	0.9981	5.7578	3.2628	-41.6889	0.0	22	0.0	0.0		3471	0	0
1701991937366	t	trainstation_test_cue_bowling_alley_left	0.0	1	0	3.5994	797.472	882.56	1.0	3.8521	868.4639999999999	1079.8400000000001	1.0	-0.0473	-0.0444	0.9979	14.8279	3.6283	-41.4851	0.0	22	0.0	0.0		3471	0	0
1701991937375	t	trainstation_test_cue_bowling_alley_left	0.0	1	0	3.6019	797.472	882.7199999999999	1.0	3.8557	868.608	1080.0	1.0	-0.0472	-0.0484	0.9977	20.8929	3.8726	-41.3447	0.0	22	0.0	0.0		3471	0	0
1701991937383	t	trainstation_test_cue_bowling_alley_left	0.0	1	0	3.6057	797.472	882.7199999999999	1.0	3.8856	868.608	1080.16	1.0	-0.0476	-0.0501	0.9976	23.7671	3.9864	-41.2712	0.0	22	0.0	0.0		3471	0	0
1701991937392	t	trainstation_test_cue_bowling_alley_left	0.0	1	0	3.6106	797.472	882.7199999999999	1.0	3.8889	868.752	1080.16	1.0	-0.0482	-0.0512	0.9975	24.2205	4.0038	-41.2471	0.0	22	0.0	0.0		3471	0	0
1701991937400	t	trainstation_test_cue_bowling_alley_left	0.0	1	0	3.606	797.472	882.8799999999999	1.0	3.8941	868.752	1080.16	1.0	-0.0489	-0.0509	0.9975	22.6881	3.9388	-41.2712	0.0	22	0.0	0.0		3471	0	0
1701991937409	t	trainstation_test_cue_bowling_alley_left	0.0	1	0	3.6062	797.472	882.8799999999999	1.0	3.8941	868.752	1080.16	1.0	-0.0494	-0.0489	0.9976	18.3009	3.7612	-41.3633	0.0	22	0.0	0.0		3471	0	0
1701991937417	t	trainstation_test_cue_bowling_alley_left	0.0	1	0	3.6134	797.184	883.04	1.0	3.8941	868.752	1080.16	1.0	-0.049	-0.0427	0.9979	7.5435	3.3133	-41.5619	0.0	22	0.0	0.0		3471	0	0
1701991937425	t	trainstation_test_cue_bowling_alley_left	0.0	1	0	3.6115	797.184	882.8799999999999	1.0	3.8943	868.752	1080.16	1.0	-0.0499	-0.0332	0.9982	-9.3378	2.6295	-41.9338	0.0	22	0.0	0.0		3471	0	0
1701991937434	t	trainstation_test_cue_bowling_alley_left	0.0	1	0	3.6119	796.896	882.7199999999999	1.0	3.9054	868.608	1080.48	1.0	-0.0494	-0.0279	0.9984	-20.2198	2.1963	-42.1984	0.0	22	0.0	0.0		3471	0	0
1701991937442	t	trainstation_test_cue_bowling_alley_left	0.0	1	0	3.6165	796.6080000000001	882.7199999999999	1.0	3.9048	868.4639999999999	1080.48	1.0	-0.049	-0.0259	0.9985	-23.5161	2.056	-42.2525	0.0	22	0.0	0.0		3471	0	0
1701991937450	t	trainstation_test_cue_bowling_alley_left	0.0	1	0	3.6169	796.6080000000001	882.56	1.0	3.8949	868.4639999999999	1080.64	1.0	-0.0492	-0.0255	0.9985	-24.3612	2.0186	-42.2696	0.0	22	0.0	0.0		3471	0	0
1701991937459	t	trainstation_test_cue_bowling_alley_left	0.0	1	0	3.6123	796.6080000000001	882.7199999999999	1.0	3.9077	868.3199999999999	1080.8	1.0	-0.0553	-0.0319	0.998	-13.6095	2.3743	-41.7681	0.0	22	0.0	0.0		3471	0	0
1701991937467	t	trainstation_test_cue_bowling_alley_left	0.0	1	0	3.6125	796.464	882.7199999999999	1.0	3.9083	868.1759999999999	1080.64	1.0	-0.052	-0.0439	0.9977	11.4283	3.4042	-41.2651	0.0	22	0.0	0.0		3471	0	0
1701991937475	t	trainstation_test_cue_bowling_alley_left	0.0	1	0	3.6165	796.464	882.8799999999999	1.0	3.9085	867.6	1080.48	1.0	-0.0497	-0.0515	0.9974	25.6431	3.9888	-40.9771	0.0	22	0.0	0.0		3471	0	0
1701991937484	t	trainstation_test_cue_bowling_alley_left	0.0	1	0	3.6125	796.0319999999999	882.7199999999999	1.0	3.9035	867.1679999999999	1080.48	1.0	-0.0482	-0.053	0.9974	29.5103	4.148	-40.8997	0.0	22	0.0	0.0		3471	0	0
1701991937492	t	trainstation_test_cue_bowling_alley_left	0.0	1	0	3.6127	795.456	882.56	1.0	3.9012	866.88	1080.32	1.0	-0.0457	-0.0526	0.9976	30.3554	4.1828	-40.8847	0.0	22	0.0	0.0		3471	0	0
1701991937500	t	trainstation_test_cue_bowling_alley_left	0.0	1	0	3.5844	795.456	882.56	1.0	3.9007	866.88	1080.0	1.0	-0.0456	-0.0522	0.9976	30.2562	4.1793	-40.8901	0.0	22	0.0	0.0		3471	0	0
1701991937509	t	trainstation_test_cue_bowling_alley_left	0.0	1	0	3.5844	795.456	882.56	1.0	3.8958	866.448	1080.0	1.0	-0.0461	-0.0519	0.9976	29.0189	4.1277	-40.9115	0.0	22	0.0	0.0		3471	0	0
1701991937517	t	trainstation_test_cue_bowling_alley_left	0.0	1	0	3.5844	795.456	882.56	1.0	3.893	866.1600000000001	1079.6799999999998	1.0	-0.0464	-0.0495	0.9977	24.3852	3.9368	-41.0023	0.0	22	0.0	0.0		3471	0	0
1701991937525	t	trainstation_test_cue_bowling_alley_left	0.0	1	0	3.5612	795.456	882.24	1.0	3.8944	865.728	1078.88	1.0	-0.0469	-0.0405	0.9981	11.2426	3.3957	-41.2655	0.0	22	0.0	0.0		3471	0	0
1701991937534	t	trainstation_test_cue_bowling_alley_left	0.0	1	0	3.56	795.312	882.24	1.0	3.8435	865.4399999999999	1078.24	1.0	-0.0471	-0.0309	0.9984	-3.7039	2.7814	-41.5683	0.0	22	0.0	0.0		3471	0	0
1701991937542	t	trainstation_test_cue_bowling_alley_left	0.0	1	0	3.5599	795.312	882.24	1.0	3.8435	865.4399999999999	1078.08	1.0	-0.0472	-0.0308	0.9984	-3.8414	2.7762	-41.5706	0.0	22	0.0	0.0		3471	0	0
1701991937550	t	trainstation_test_cue_bowling_alley_left	0.0	1	0	3.5002	795.7439999999999	883.84	1.0	3.8273	864.4319999999999	1079.04	1.0	-0.0411	-0.0448	0.9981	17.8956	3.6946	-41.2834	0.0	22	0.0	0.0		3471	0	0
1701991937558	t	trainstation_test_cue_bowling_alley_left	0.0	1	0	3.5948	804.24	892.6399999999999	1.0	3.8247	872.928	1092.6399999999999	1.0	-0.062	-0.0753	0.9952	27.999	4.0229	-40.9686	0.0	22	0.0	0.0		3471	0	0
1701991937567	t	trainstation_test_cue_bowling_alley_left	0.0	1	0	3.5379	815.76	901.2800000000001	1.0	3.7999	879.9839999999999	1101.1200000000001	1.0	-0.0864	-0.086	0.9925	20.2815	3.7246	-41.484	0.0	22	0.0	0.0		3471	0	0
1701991937575	t	trainstation_test_cue_bowling_alley_left	0.0	1	0	3.5445	825.552	906.08	1.0	3.8208	890.352	1110.24	1.0	-0.1075	-0.0924	0.9899	30.1859	4.0031	-41.0506	0.0	22	0.0	0.0		3471	0	0
1701991937584	t	trainstation_test_cue_bowling_alley_left	0.0	1	0	3.534	831.888	909.92	1.0	3.9405	895.248	1120.64	1.0	-0.12	-0.0957	0.9881	29.0378	3.7679	-40.5721	0.0	22	0.0	0.0		3471	0	0
1701991937592	t	trainstation_test_cue_bowling_alley_left	0.0	1	0	3.6724	831.6	914.08	1.0	3.9369	896.5440000000001	1122.24	1.0	-0.1179	-0.1111	0.9868	26.884	3.6815	-40.6461	0.0	22	0.0	0.0		3471	0	0
1701991937600	t	trainstation_test_cue_bowling_alley_left	0.0	1	0	3.5733	829.8720000000001	911.9999999999999	1.0	3.9912	899.2800000000001	1122.24	1.0	-0.1137	-0.1035	0.9881	24.9468	3.6418	-40.8287	0.0	22	0.0	0.0		3471	0	0
1701991937608	t	trainstation_test_cue_bowling_alley_left	0.0	1	0	3.6226	828.432	912.32	1.0	3.8797	896.256	1121.12	1.0	-0.1093	-0.1025	0.9887	19.2087	3.3945	-40.9281	0.0	22	0.0	0.0		3471	0	0
1701991937616	t	trainstation_test_cue_bowling_alley_left	0.0	1	0	3.6166	828.864	911.68	1.0	3.9002	896.256	1121.6	1.0	-0.1116	-0.1002	0.9887	14.7857	3.2191	-41.0553	0.0	22	0.0	0.0		3471	0	0
1701991937625	t	trainstation_test_cue_bowling_alley_left	0.0	1	0	3.6497	828.576	910.88	1.0	3.8785	896.256	1121.76	1.0	-0.1137	-0.0978	0.9887	15.6587	3.2766	-41.1092	0.0	22	0.0	0.0		3471	0	0
1701991937633	t	trainstation_test_cue_bowling_alley_left	0.0	1	0	3.6517	826.56	913.12	1.0	3.841	897.5519999999999	1121.76	1.0	-0.1092	-0.1055	0.9884	14.4767	3.2311	-41.146	0.0	22	0.0	0.0		3471	0	0
1701991937641	t	trainstation_test_cue_bowling_alley_left	0.0	1	0	3.6257	827.424	913.4399999999999	1.0	3.8782	896.256	1121.76	1.0	-0.1092	-0.0954	0.9894	-25.7348	1.5587	-42.0168	0.0	22	0.0	0.0		3471	0	0
1701991937650	t	trainstation_test_cue_bowling_alley_left	0.0	1	0	3.6231	827.1360000000001	913.12	1.0	3.8381	896.976	1121.92	1.0	-0.1105	-0.0998	0.9888	-3.9865	2.4694	-41.5825	0.0	22	0.0	0.0		3471	0	0
1701991937658	t	trainstation_test_cue_bowling_alley_left	0.0	1	0	3.623	826.8480000000001	912.32	1.0	3.7981	896.5440000000001	1121.76	1.0	-0.1065	-0.0933	0.9899	-19.7927	1.8129	-41.9497	0.0	22	0.0	0.0		3471	0	0
1701991937667	t	trainstation_test_cue_bowling_alley_left	0.0	1	0	3.6198	826.56	912.64	1.0	3.8361	896.5440000000001	1121.76	1.0	-0.1064	-0.0936	0.9899	-20.6242	1.7719	-41.938	0.0	22	0.0	0.0		3471	0	0
1701991937675	t	trainstation_test_cue_bowling_alley_left	0.0	1	0	3.617	826.1279999999999	912.1600000000001	1.0	3.874	896.4000000000001	1121.76	1.0	-0.1054	-0.092	0.9902	-23.1773	1.6685	-42.0093	0.0	22	0.0	0.0		3471	0	0
1701991937683	t	trainstation_test_cue_bowling_alley_left	0.0	1	0	3.6356	825.1199999999999	912.64	1.0	3.8362	896.4000000000001	1121.76	1.0	-0.1053	-0.0927	0.9901	-23.9692	1.6438	-42.0536	0.0	22	0.0	0.0		3471	0	0
1701991937691	t	trainstation_test_cue_bowling_alley_left	0.0	1	0	3.6001	824.2560000000001	911.8399999999999	1.0	3.8423	896.256	1121.76	1.0	-0.1043	-0.0916	0.9903	-25.7743	1.5771	-42.1248	0.0	22	0.0	0.0		3471	0	0
1701991937700	t	trainstation_test_cue_bowling_alley_left	0.0	1	0	3.5188	823.3919999999999	911.2	1.0	3.8203	896.256	1121.76	1.0	-0.1037	-0.0909	0.9904	-26.8261	1.5305	-42.1435	0.0	22	0.0	0.0		3471	0	0
1701991937708	t	trainstation_test_cue_bowling_alley_left	0.0	1	0	3.4375	822.528	910.3999999999999	1.0	3.7982	896.256	1121.76	1.0	-0.1033	-0.0907	0.9905	-26.4785	1.5422	-42.1276	0.0	22	0.0	0.0		3471	0	0
1701991937717	t	trainstation_test_cue_bowling_alley_left	0.0	1	0	3.4497	822.528	910.72	1.0	3.8209	895.968	1121.6	1.0	-0.1024	-0.0898	0.9907	-27.2623	1.5064	-42.1367	0.0	22	0.0	0.0		3471	0	0
1701991937725	t	trainstation_test_cue_bowling_alley_left	0.0	1	0	3.4423	822.528	911.0400000000001	1.0	3.843	895.68	1121.44	1.0	-0.1015	-0.0891	0.9908	-27.5781	1.4902	-42.1347	0.0	22	0.0	0.0		3471	0	0
1701991937733	t	trainstation_test_cue_bowling_alley_left	0.0	1	0	3.4528	822.096	911.52	1.0	3.7984	895.5360000000001	1121.76	1.0	-0.1008	-0.0912	0.9907	-25.9129	1.5564	-42.0855	0.0	22	0.0	0.0		3471	0	0
1701991937742	t	trainstation_test_cue_bowling_alley_left	0.0	1	0	3.4566	821.52	911.36	1.0	3.7989	895.392	1121.44	1.0	-0.1004	-0.0894	0.9909	-27.4275	1.4944	-42.1272	0.0	22	0.0	0.0		3471	0	0
1701991937750	t	trainstation_test_cue_bowling_alley_left	0.0	1	0	3.5589	820.8	911.8399999999999	1.0	3.8172	895.392	1121.44	1.0	-0.1002	-0.089	0.991	-28.7062	1.4412	-42.1573	0.0	22	0.0	0.0		3471	0	0
1701991937758	t	trainstation_test_cue_bowling_alley_left	0.0	1	0	3.567	819.792	910.5600000000001	1.0	3.8172	895.248	1121.44	1.0	-0.0998	-0.0884	0.9911	-28.9671	1.4318	-42.169	0.0	22	0.0	0.0		3471	0	0
1701991937767	t	trainstation_test_cue_bowling_alley_left	0.0	1	0	3.5495	819.2159999999999	911.0400000000001	1.0	3.7905	894.6719999999999	1121.44	1.0	-0.098	-0.089	0.9912	-28.8683	1.4377	-42.1719	0.0	22	0.0	0.0		3471	0	0
1701991937775	t	trainstation_test_cue_bowling_alley_left	0.0	1	0	3.5633	817.92	909.92	1.0	3.8175	894.528	1121.28	1.0	-0.0972	-0.0892	0.9912	-25.4088	1.5804	-42.0841	0.0	22	0.0	0.0		3471	0	0
1701991937783	t	trainstation_test_cue_bowling_alley_left	0.0	1	0	3.5506	818.2080000000001	912.1600000000001	1.0	3.8176	894.384	1121.28	1.0	-0.0972	-0.0911	0.9911	-23.2414	1.6695	-42.0323	0.0	22	0.0	0.0		3471	0	0
1701991937792	t	trainstation_test_cue_bowling_alley_left	0.0	1	0	3.5348	818.496	912.32	1.0	3.7909	894.24	1121.28	1.0	-0.0973	-0.0917	0.991	-22.2032	1.7107	-42.0053	0.0	22	0.0	0.0		3471	0	0
1701991937800	t	trainstation_test_cue_bowling_alley_left	0.0	1	0	3.5199	818.2080000000001	912.1600000000001	1.0	3.7913	894.096	1121.28	1.0	-0.097	-0.0906	0.9911	-23.7266	1.6463	-42.0437	0.0	22	0.0	0.0		3471	0	0
1701991937808	t	trainstation_test_cue_bowling_alley_left	0.0	1	0	3.4914	817.2	911.8399999999999	1.0	3.7905	893.232	1121.28	1.0	-0.0936	-0.0885	0.9917	-26.8553	1.5163	-42.1318	0.0	22	0.0	0.0		3471	0	0
1701991937817	t	trainstation_test_cue_bowling_alley_left	0.0	1	0	3.517	817.632	911.52	1.0	3.791	893.232	1121.28	1.0	-0.0941	-0.0868	0.9918	-28.4664	1.4478	-42.1774	0.0	22	0.0	0.0		3471	0	0
1701991937825	t	trainstation_test_cue_bowling_alley_left	0.0	1	0	3.4962	816.912	911.52	1.0	3.7928	893.088	1121.12	1.0	-0.0943	-0.0863	0.9918	-28.7297	1.437	-42.1826	0.0	22	0.0	0.0		3471	0	0
1701991937833	t	trainstation_test_cue_bowling_alley_left	0.0	1	0	3.5143	816.912	911.52	1.0	3.7928	892.5120000000001	1121.12	1.0	-0.0931	-0.0869	0.9919	-27.7571	1.4793	-42.163	0.0	22	0.0	0.0		3471	0	0
1701991937842	t	trainstation_test_cue_bowling_alley_left	0.0	1	0	3.5218	817.2	911.0400000000001	1.0	3.7911	892.08	1121.28	1.0	-0.0919	-0.0877	0.9919	-27.1677	1.504	-42.1514	0.0	22	0.0	0.0		3471	0	0
1701991937850	t	trainstation_test_cue_bowling_alley_left	0.0	1	0	3.5325	817.056	910.72	1.0	3.7902	891.504	1121.12	1.0	-0.0909	-0.0868	0.9921	-28.4308	1.4544	-42.1881	0.0	22	0.0	0.0		3471	0	0
1701991937858	t	trainstation_test_cue_bowling_alley_left	0.0	1	0	3.5039	817.3439999999999	910.2399999999999	1.0	3.7265	888.48	1118.08	1.0	-0.0892	-0.0885	0.9921	-15.2373	1.9325	-41.5919	0.0	22	0.0	0.0		3471	0	0
1701991937867	t	trainstation_test_cue_bowling_alley_left	0.0	1	0	3.3865	813.744	908.96	1.0	3.7079	891.7919999999999	1118.08	1.0	-0.097	-0.0815	0.9919	-30.5918	1.3164	-42.0167	0.0	22	0.0	0.0		3471	0	0
1701991937875	t	trainstation_test_cue_bowling_alley_left	0.0	1	0	3.4044	813.5999999999999	906.88	1.0	3.8143	887.328	1114.72	1.0	-0.0856	-0.0947	0.9918	0.6546	2.6684	-41.3206	0.0	22	0.0	0.0		3471	0	0
1701991937883	t	trainstation_test_cue_bowling_alley_left	0.0	1	0	3.4124	816.912	903.52	1.0	3.4955	879.696	1121.44	1.0	-0.0691	-0.1313	0.9889	-26.2359	2.1679	-43.5546	0.0	22	0.0	0.0		3471	0	0
1701991937891	t	trainstation_test_cue_bowling_alley_left	0.0	1	0	-1.0	817.632	905.28	1.0	-1.0	870.768	1128.3200000000002	1.0	-1.0	-1.0	-1.0	-1.0	-1.0	-1.0	0.0	22	0.0	0.0		3471	0	0
1701991937898	t	trainstation_test_cue_bowling_alley_left	0.0	1	0	-1.0	709.056	1041.12	0.7888	-1.0	867.1679999999999	1212.48	0.477	-1.0	-1.0	-1.0	-1.0	-1.0	-1.0	0.0	22	0.0	0.0		3471	0	0
1701991937906	t	trainstation_test_cue_bowling_alley_left	0.0	1	0	-1.0	702.288	1119.36	0.7888	-1.0	-1440.0	-1600.0	0.477	-1.0	-1.0	-1.0	-1.0	-1.0	-1.0	0.0	22	0.0	0.0		3471	0	0
1701991937914	t	trainstation_test_cue_bowling_alley_left	0.0	1	0	-1.0	-1440.0	-1600.0	0.1889	-1.0	-1440.0	-1600.0	0.0	-1.0	-1.0	-1.0	-1.0	-1.0	-1.0	0.0	22	0.0	0.0		3471	0	0
1701991937922	t	trainstation_test_cue_bowling_alley_left	0.0	1	0	-1.0	-1440.0	-1600.0	0.1889	-1.0	-1440.0	-1600.0	0.0	-1.0	-1.0	-1.0	-1.0	-1.0	-1.0	0.0	22	0.0	0.0		3471	0	0
1701991937930	t	trainstation_test_cue_bowling_alley_left	0.0	1	0	-1.0	-1440.0	-1600.0	0.0177	-1.0	-1440.0	-1600.0	0.0	-1.0	-1.0	-1.0	-1.0	-1.0	-1.0	0.0	22	0.0	0.0		3471	0	0
1701991937938	t	trainstation_test_cue_bowling_alley_left	0.0	1	0	-1.0	-1440.0	-1600.0	0.0177	-1.0	-1440.0	-1600.0	0.0	-1.0	-1.0	-1.0	-1.0	-1.0	-1.0	0.0	22	0.0	0.0		3471	0	0
1701991937947	t	trainstation_test_cue_bowling_alley_left	0.0	1	0	-1.0	-1440.0	-1600.0	0.0	-1.0	-1440.0	-1600.0	0.0	-1.0	-1.0	-1.0	-1.0	-1.0	-1.0	0.0	22	0.0	0.0		3471	0	0
1701991937955	t	trainstation_test_cue_bowling_alley_left	0.0	1	0	-1.0	-1440.0	-1600.0	0.0	-1.0	-1440.0	-1600.0	0.0	-1.0	-1.0	-1.0	-1.0	-1.0	-1.0	0.0	22	0.0	0.0		3471	0	0
1701991937964	t	trainstation_test_cue_bowling_alley_left	0.0	1	0	-1.0	-1440.0	-1600.0	0.0	-1.0	-1440.0	-1600.0	0.0	-1.0	-1.0	-1.0	-1.0	-1.0	-1.0	0.0	22	0.0	0.0		3471	0	0
1701991937972	t	trainstation_test_cue_bowling_alley_left	0.0	1	0	-1.0	-1440.0	-1600.0	0.0	-1.0	-1440.0	-1600.0	0.0	-1.0	-1.0	-1.0	-1.0	-1.0	-1.0	0.0	22	0.0	0.0		3471	0	0
1701991937980	t	trainstation_test_cue_bowling_alley_left	0.0	1	0	-1.0	-1440.0	-1600.0	0.0	-1.0	-1440.0	-1600.0	0.0	-1.0	-1.0	-1.0	-1.0	-1.0	-1.0	0.0	22	0.0	0.0		3471	0	0
1701991937988	t	trainstation_test_cue_bowling_alley_left	0.0	1	0	-1.0	-1440.0	-1600.0	0.0	-1.0	-1440.0	-1600.0	0.0	-1.0	-1.0	-1.0	-1.0	-1.0	-1.0	0.0	22	0.0	0.0		3471	0	0
1701991937997	t	trainstation_test_cue_bowling_alley_left	0.0	1	0	-1.0	-1440.0	-1600.0	0.0631	-1.0	-1440.0	-1600.0	0.0	-1.0	-1.0	-1.0	-1.0	-1.0	-1.0	0.0	22	0.0	0.0		3471	0	0
1701991938005	t	trainstation_test_cue_bowling_alley_left	0.0	1	0	-1.0	-1440.0	-1600.0	0.0631	-1.0	-1440.0	-1600.0	0.0	-1.0	-1.0	-1.0	-1.0	-1.0	-1.0	0.0	22	0.0	0.0		3471	0	0
1701991938013	t	trainstation_test_cue_bowling_alley_left	0.0	1	0	-1.0	-1440.0	-1600.0	0.1022	-1.0	-1440.0	-1600.0	0.0	-1.0	-1.0	-1.0	-1.0	-1.0	-1.0	0.0	22	0.0	0.0		3471	0	0
1701991938022	t	trainstation_test_cue_bowling_alley_left	0.0	1	0	-1.0	-1440.0	-1600.0	0.1022	-1.0	-1440.0	-1600.0	0.0	-1.0	-1.0	-1.0	-1.0	-1.0	-1.0	0.0	22	0.0	0.0		3471	0	0
1701991938030	t	trainstation_test_cue_bowling_alley_left	0.0	1	0	-1.0	-1440.0	-1600.0	0.1575	-1.0	-1440.0	-1600.0	0.0	-1.0	-1.0	-1.0	-1.0	-1.0	-1.0	0.0	22	0.0	0.0		3471	0	0
1701991938039	t	trainstation_test_cue_bowling_alley_left	0.0	1	0	-1.0	-1440.0	-1600.0	0.1575	-1.0	754.416	1125.1200000000001	0.0	-1.0	-1.0	-1.0	-1.0	-1.0	-1.0	0.0	22	0.0	0.0		3471	0	0
1701991938049	t	trainstation_test_cue_bowling_alley_left	0.0	1	0	-1.0	802.944	973.76	0.2432	-1.0	767.5200000000001	1124.8	0.0	-1.0	-1.0	-1.0	-1.0	-1.0	-1.0	0.0	22	0.0	0.0		3471	0	0
1701991938058	t	trainstation_test_cue_bowling_alley_left	0.0	1	0	-1.0	762.192	901.92	0.2432	-1.0	787.5360000000001	1091.52	0.0	-1.0	-1.0	-1.0	-1.0	-1.0	-1.0	0.0	22	0.0	0.0		3471	0	0
1701991938066	t	trainstation_test_cue_bowling_alley_left	0.0	1	0	-1.0	740.448	881.4399999999999	0.3544	-1.0	793.5840000000001	1062.08	0.3242	-1.0	-1.0	-1.0	-1.0	-1.0	-1.0	0.0	22	0.0	0.0		3471	0	0
1701991938075	t	trainstation_test_cue_bowling_alley_left	0.0	1	0	-1.0	734.832	864.48	0.3544	-1.0	796.7520000000001	1063.8400000000001	0.3242	-1.0	-1.0	-1.0	-1.0	-1.0	-1.0	0.0	22	0.0	0.0		3471	0	0
1701991938083	t	trainstation_test_cue_bowling_alley_left	0.0	1	0	-1.0	735.84	859.52	0.4904	-1.0	797.328	1054.24	0.5208	-1.0	-1.0	-1.0	-1.0	-1.0	-1.0	0.0	22	0.0	0.0		3471	0	0
1701991938092	t	trainstation_test_cue_bowling_alley_left	0.0	1	0	-1.0	733.68	857.6	0.5712	-1.0	796.1759999999999	1058.72	0.6086	-1.0	-1.0	-1.0	-1.0	-1.0	-1.0	0.0	22	0.0	0.0		3471	0	0
1701991938100	t	trainstation_test_cue_bowling_alley_left	0.0	1	0	-1.0	733.3919999999999	857.76	0.5712	-1.0	795.024	1052.64	0.6086	-1.0	-1.0	-1.0	-1.0	-1.0	-1.0	0.0	22	0.0	0.0		3471	0	0
1701991938108	t	trainstation_test_cue_bowling_alley_left	0.0	1	0	-1.0	736.1279999999999	862.0799999999999	0.5712	-1.0	795.312	1055.68	0.6086	-1.0	-1.0	-1.0	-1.0	-1.0	-1.0	0.0	22	0.0	0.0		3471	0	0
1701991938116	t	trainstation_test_cue_bowling_alley_left	0.0	1	0	-1.0	735.2640000000001	862.72	0.6915	-1.0	795.7439999999999	1057.12	0.6395	-1.0	-1.0	-1.0	-1.0	-1.0	-1.0	0.0	22	0.0	0.0		3471	0	0
1701991938124	t	trainstation_test_cue_bowling_alley_left	0.0	1	0	-1.0	732.96	861.4399999999999	0.6915	-1.0	795.312	1057.6000000000001	0.6395	-1.0	-1.0	-1.0	-1.0	-1.0	-1.0	0.0	22	0.0	0.0		3471	0	0
1701991938133	t	trainstation_test_cue_bowling_alley_left	0.0	1	0	-1.0	731.376	862.72	0.7783	-1.0	793.5840000000001	1059.52	0.6982	-1.0	-1.0	-1.0	-1.0	-1.0	-1.0	0.0	22	0.0	0.0		3471	0	0
1701991938141	t	trainstation_test_cue_bowling_alley_left	0.0	1	0	-1.0	733.68	864.1600000000001	0.7783	-1.0	794.304	1060.8	0.6982	-1.0	-1.0	-1.0	-1.0	-1.0	-1.0	0.0	22	0.0	0.0		3471	0	0
1701991938150	t	trainstation_test_cue_bowling_alley_left	0.0	1	0	3.2434	733.8240000000001	863.52	0.8299	3.4051	795.168	1061.9199999999998	0.7132	0.0836	-0.04	0.9957	-23.0155	3.147	-44.7847	0.0	22	0.0	0.0		3471	0	0
1701991938158	t	trainstation_test_cue_bowling_alley_left	0.0	1	0	3.254	733.104	866.24	0.8299	3.4024	796.0319999999999	1062.4	0.7132	0.0827	-0.0408	0.9957	-12.833	3.4045	-44.1685	0.0	22	0.0	0.0		3471	0	0
1701991938166	t	trainstation_test_cue_bowling_alley_left	0.0	1	0	3.2646	733.104	865.6	0.8799	3.3867	793.7280000000001	1060.64	0.7596	0.093	-0.0287	0.9952	-24.6633	2.9081	-44.3567	0.0	22	0.0	0.0		3471	0	0
1701991938174	t	trainstation_test_cue_bowling_alley_left	0.0	1	0	3.197	733.2479999999999	866.7199999999999	0.8799	3.407	794.7359999999999	1064.0	0.7596	0.0917	-0.0361	0.9951	-29.765	2.647	-44.3037	0.0	22	0.0	0.0		3471	0	0
1701991938183	t	trainstation_test_cue_bowling_alley_left	0.0	1	0	3.1746	733.104	866.8799999999999	0.9284	3.4626	795.312	1064.16	0.7964	0.0907	-0.0332	0.9953	-31.2748	2.585	-44.3581	0.0	22	0.0	0.0		3471	0	0
1701991938191	t	trainstation_test_cue_bowling_alley_left	0.0	1	0	3.1709	732.816	867.84	0.9284	3.4011	795.168	1062.56	0.7964	0.0903	-0.0288	0.9955	-24.7111	2.7716	-44.0097	0.0	22	0.0	0.0		3471	0	0
1701991938199	t	trainstation_test_cue_bowling_alley_left	0.0	1	0	3.2114	732.3840000000001	867.6800000000001	0.9608	3.4431	794.448	1065.44	0.8152	0.0905	-0.0394	0.9951	-10.8	3.2119	-43.3821	0.0	22	0.0	0.0		3471	0	0
1701991938208	t	trainstation_test_cue_bowling_alley_left	0.0	1	0	3.1946	732.3840000000001	867.36	0.9611	3.4772	795.168	1063.2	0.8162	0.0836	-0.041	0.9957	11.4435	4.0073	-42.6387	0.0	22	0.0	0.0		3471	0	0
1701991938216	t	trainstation_test_cue_bowling_alley_left	0.0	1	0	3.1867	732.672	866.7199999999999	0.9949	3.4774	796.1759999999999	1065.28	0.8526	0.0794	-0.042	0.996	25.4282	4.456	-42.025	0.0	22	0.0	0.0		3471	0	0
1701991938224	t	trainstation_test_cue_bowling_alley_left	0.0	1	0	3.1771	732.816	866.8799999999999	0.9949	3.4872	795.7439999999999	1064.8	0.8526	0.0771	-0.0448	0.996	32.0653	4.6968	-41.8112	0.0	22	0.0	0.0		3471	0	0
1701991938233	t	trainstation_test_cue_bowling_alley_left	0.0	1	0	3.1867	732.672	867.2	1.0	3.4245	793.5840000000001	1067.84	1.0	0.0783	-0.0447	0.9959	32.1704	4.6955	-41.8033	0.0	22	0.0	0.0		3471	0	0
1701991938241	t	trainstation_test_cue_bowling_alley_left	0.0	1	0	3.196	732.3840000000001	867.36	1.0	3.4195	794.304	1066.8799999999999	1.0	0.0796	-0.0445	0.9958	32.0658	4.6859	-41.8004	0.0	22	0.0	0.0		3471	0	0
1701991938249	t	trainstation_test_cue_bowling_alley_left	0.0	1	0	3.2003	732.528	867.52	1.0	3.4273	794.7359999999999	1065.76	1.0	0.0785	-0.045	0.9959	32.0395	4.6846	-41.8009	0.0	22	0.0	0.0		3471	0	0
1701991938258	t	trainstation_test_cue_bowling_alley_left	0.0	1	0	3.2051	732.3840000000001	867.36	1.0	3.4323	794.8800000000001	1066.24	1.0	0.0795	-0.0442	0.9958	31.9066	4.6795	-41.8057	0.0	22	0.0	0.0		3471	0	0
1701991938266	t	trainstation_test_cue_bowling_alley_left	0.0	1	0	3.215	732.3840000000001	867.52	1.0	3.464	795.8879999999999	1066.8799999999999	1.0	0.0792	-0.0438	0.9959	31.7681	4.6707	-41.8091	0.0	22	0.0	0.0		3471	0	0
1701991938274	t	trainstation_test_cue_bowling_alley_left	0.0	1	0	3.2192	732.3840000000001	867.6800000000001	1.0	3.4979	796.32	1064.32	1.0	0.0791	-0.0434	0.9959	31.9799	4.6748	-41.8012	0.0	22	0.0	0.0		3471	0	0
1701991938283	t	trainstation_test_cue_bowling_alley_left	0.0	1	0	3.2223	732.528	867.6800000000001	1.0	3.4968	796.0319999999999	1065.92	1.0	0.0782	-0.0432	0.996	32.1824	4.6806	-41.7934	0.0	22	0.0	0.0		3471	0	0
1701991938291	t	trainstation_test_cue_bowling_alley_left	0.0	1	0	3.2195	732.528	867.6800000000001	1.0	3.5235	796.6080000000001	1067.52	1.0	0.0786	-0.0429	0.996	32.2093	4.6799	-41.791	0.0	22	0.0	0.0		3471	0	0
1701991938299	t	trainstation_test_cue_bowling_alley_left	0.0	1	0	3.2224	732.672	867.6800000000001	1.0	3.4895	796.896	1066.3999999999999	1.0	0.078	-0.0436	0.996	32.2228	4.6804	-41.7862	0.0	22	0.0	0.0		3471	0	0
1701991938308	t	trainstation_test_cue_bowling_alley_left	0.0	1	0	3.2253	732.672	867.84	1.0	3.5028	796.6080000000001	1065.92	1.0	0.0774	-0.0443	0.996	32.2203	4.6803	-41.7817	0.0	22	0.0	0.0		3471	0	0
1701991938316	t	trainstation_test_cue_bowling_alley_left	0.0	1	0	3.2256	732.672	867.84	1.0	3.5133	796.1759999999999	1066.72	1.0	0.0776	-0.0442	0.996	32.2214	4.6795	-41.7797	0.0	22	0.0	0.0		3471	0	0
1701991938324	t	trainstation_test_cue_bowling_alley_left	0.0	1	0	3.2255	732.816	867.84	1.0	3.5261	796.32	1065.92	1.0	0.0774	-0.0451	0.996	32.2132	4.6784	-41.7668	0.0	22	0.0	0.0		3471	0	0
1701991938333	t	trainstation_test_cue_bowling_alley_left	0.0	1	0	3.2265	733.104	868.16	1.0	3.5149	796.0319999999999	1065.6000000000001	1.0	0.0765	-0.043	0.9961	32.135	4.6591	-41.758	0.0	22	0.0	0.0		3471	0	0
1701991938341	t	trainstation_test_cue_bowling_alley_left	0.0	1	0	3.2282	733.104	868.16	1.0	3.4899	796.0319999999999	1068.48	1.0	0.0773	-0.0426	0.9961	30.7798	4.6017	-41.7773	0.0	22	0.0	0.0		3471	0	0
1701991938349	t	trainstation_test_cue_bowling_alley_left	0.0	1	0	3.233	733.104	868.3199999999999	1.0	3.4906	795.168	1065.44	1.0	0.0829	-0.0366	0.9959	17.0875	4.0556	-42.0885	0.0	22	0.0	0.0		3471	0	0
1701991938358	t	trainstation_test_cue_bowling_alley_left	0.0	1	0	3.2415	733.68	868.3199999999999	1.0	3.5027	795.168	1066.3999999999999	1.0	0.0882	-0.0313	0.9956	-1.1543	3.3376	-42.5166	0.0	22	0.0	0.0		3471	0	0
1701991938366	t	trainstation_test_cue_bowling_alley_left	0.0	1	0	3.2418	733.68	868.16	1.0	3.5173	795.168	1067.3600000000001	1.0	0.0894	-0.0317	0.9955	-3.8883	3.2233	-42.5614	0.0	22	0.0	0.0		3471	0	0
1701991938374	t	trainstation_test_cue_bowling_alley_left	0.0	1	0	3.253	733.68	868.16	1.0	3.5249	795.456	1067.04	1.0	0.0891	-0.0303	0.9956	-4.8024	3.1835	-42.5755	0.0	22	0.0	0.0		3471	0	0
1701991938383	t	trainstation_test_cue_bowling_alley_left	0.0	1	0	3.259	733.68	868.4799999999999	1.0	3.5318	795.168	1067.3600000000001	1.0	0.0898	-0.0308	0.9955	-5.1912	3.1643	-42.5787	0.0	22	0.0	0.0		3471	0	0
1701991938391	t	trainstation_test_cue_bowling_alley_left	0.0	1	0	3.259	733.68	868.4799999999999	1.0	3.5241	795.168	1067.68	1.0	0.0899	-0.0316	0.9954	-5.553	3.1521	-42.5915	0.0	22	0.0	0.0		3471	0	0
1701991938399	t	trainstation_test_cue_bowling_alley_left	0.0	1	0	3.26	733.3919999999999	868.4799999999999	1.0	3.5173	795.168	1067.3600000000001	1.0	0.0904	-0.0309	0.9954	-5.2444	3.1651	-42.5877	0.0	22	0.0	0.0		3471	0	0
1701991938408	t	trainstation_test_cue_bowling_alley_left	0.0	1	0	3.2635	733.3919999999999	868.16	1.0	3.5226	795.312	1067.68	1.0	0.0897	-0.0316	0.9955	-4.0918	3.2161	-42.5759	0.0	22	0.0	0.0		3471	0	0
1701991938416	t	trainstation_test_cue_bowling_alley_left	0.0	1	0	3.2633	733.3919999999999	868.3199999999999	1.0	3.5278	795.168	1068.0	1.0	0.0893	-0.0331	0.9954	-1.955	3.3058	-42.5444	0.0	22	0.0	0.0		3471	0	0
1701991938424	t	trainstation_test_cue_bowling_alley_left	0.0	1	0	3.2829	733.2479999999999	868.4799999999999	1.0	3.5192	795.168	1067.68	1.0	0.0856	-0.0331	0.9958	2.7001	3.4964	-42.4698	0.0	22	0.0	0.0		3471	0	0
1701991938433	t	trainstation_test_cue_bowling_alley_left	0.0	1	0	3.2832	733.104	868.3199999999999	1.0	3.5138	795.168	1068.0	1.0	0.0862	-0.0341	0.9957	3.7313	3.5284	-42.4113	0.0	22	0.0	0.0		3471	0	0
1701991938442	t	trainstation_test_cue_bowling_alley_left	0.0	1	0	3.2832	733.104	868.3199999999999	1.0	3.5207	795.168	1067.68	1.0	0.0861	-0.0334	0.9957	3.7664	3.5248	-42.3967	0.0	22	0.0	0.0		3471	0	0
1701991938450	t	trainstation_test_cue_bowling_alley_left	0.0	1	0	3.2793	733.104	868.4799999999999	1.0	3.5161	795.168	1068.0	1.0	0.0862	-0.0327	0.9957	3.1321	3.4949	-42.413	0.0	22	0.0	0.0		3471	200	MYKEYWORD 200
