Recording timestamp	type	Scene Name	scene_num	order	djv_reported	PupilDiam_Left	Gaze2d_Left.x	Gaze2d_Left.y	left_eye_openness	PupilDiam_Right	Gaze2d_Right.x	Gaze2d_Right.y	right_eye_openness	gaze_direction_x	gaze_direction_y	gaze_direction_z	gaze_origin_x	gaze_origin_y	gaze_origin_z	gaze_convergence_distance	participant	study_status	scene_familiarity	recall_status	Identifier	Event value	Event message
1701894947471	t	playground_test_cue_junkyard_left	0.0	0	0	5.7164	640.224	543.04	0.7019	5.8847	617.472	570.88	0.8358	0.3033	-0.0275	0.9525	5.4317	7.2181	-30.2171	0.0	14	0.0	0.0		3344	100	MYKEYWORD 100
1701894947479	t	playground_test_cue_junkyard_left	0.0	0	0	5.64	641.952	544.64	0.7322	5.9823	616.896	571.1999999999999	0.8687	0.3028	-0.0296	0.9526	6.0822	7.2125	-30.2217	0.0	14	0.0	0.0		3344	0	0
1701894947487	t	playground_test_cue_junkyard_left	0.0	0	0	5.7047	641.664	542.0799999999999	0.7322	6.0355	620.784	573.12	0.8687	0.3031	-0.0243	0.9527	11.8206	7.2581	-30.3071	0.0	14	0.0	0.0		3344	0	0
1701894947496	t	playground_test_cue_junkyard_left	0.0	0	0	5.6056	645.696	546.08	0.7925	6.0157	619.776	572.32	0.8711	0.2949	-0.0347	0.9549	14.3593	7.2804	-30.3474	0.0	14	0.0	0.0		3344	0	0
1701894947504	t	playground_test_cue_junkyard_left	0.0	0	0	5.5453	647.712	544.0	0.7925	6.0328	622.5120000000001	574.08	0.8711	0.2887	-0.0319	0.9569	18.2493	7.3198	-30.3967	0.0	14	0.0	0.0		3344	0	0
1701894947513	t	playground_test_cue_junkyard_left	0.0	0	0	5.6583	646.416	542.5600000000001	0.8117	5.9523	623.952	572.64	0.8991	0.2971	-0.0294	0.9544	23.8767	7.3994	-30.5204	0.0	14	0.0	0.0		3344	0	0
1701894947521	t	playground_test_cue_junkyard_left	0.0	0	0	5.6126	646.848	540.16	0.8117	5.9821	625.68	575.6800000000001	0.8991	0.2987	-0.0251	0.954	27.753	7.4598	-30.608	0.0	14	0.0	0.0		3344	0	0
1701894947529	t	playground_test_cue_junkyard_left	0.0	0	0	5.7043	650.448	536.48	0.8304	6.016	627.12	576.64	0.9031	0.2862	-0.0138	0.9581	30.5442	7.5044	-30.6696	0.0	14	0.0	0.0		3344	0	0
1701894947538	t	playground_test_cue_junkyard_left	0.0	0	0	5.7442	653.04	538.5600000000001	0.8304	6.0315	628.1279999999999	577.6	0.9031	0.2763	-0.0236	0.9608	31.4785	7.5177	-30.673	0.0	14	0.0	0.0		3344	0	0
1701894947546	t	playground_test_cue_junkyard_left	0.0	0	0	5.7549	654.768	535.36	0.8449	5.9549	629.712	575.1999999999999	0.9217	0.2699	-0.0116	0.9628	31.9177	7.528	-30.6866	0.0	14	0.0	0.0		3344	0	0
1701894947554	t	playground_test_cue_junkyard_left	0.0	0	0	5.7642	654.048	534.72	0.8449	5.9695	631.296	577.44	0.9217	0.2762	-0.0105	0.961	31.9992	7.5367	-30.6936	0.0	14	0.0	0.0		3344	0	0
1701894947562	t	playground_test_cue_junkyard_left	0.0	0	0	5.772	659.232	533.76	0.8703	5.9512	634.176	575.52	0.9424	0.2553	-0.0104	0.9668	32.0018	7.5441	-30.6699	0.0	14	0.0	0.0		3344	0	0
1701894947571	t	playground_test_cue_junkyard_left	0.0	0	0	5.6971	658.3679999999999	536.32	0.8703	5.9785	632.592	580.32	0.9424	0.2634	-0.0221	0.9644	31.9869	7.5518	-30.6669	0.0	14	0.0	0.0		3344	0	0
1701894947579	t	playground_test_cue_junkyard_left	0.0	0	0	5.7728	661.248	535.68	0.8901	6.0335	635.328	580.64	0.958	0.2519	-0.022	0.9675	31.9773	7.5544	-30.6522	0.0	14	0.0	0.0		3344	0	0
1701894947588	t	playground_test_cue_junkyard_left	0.0	0	0	5.7308	660.8159999999999	535.8399999999999	0.8901	6.0289	636.768	580.0	0.958	0.2562	-0.0232	0.9663	31.9653	7.5592	-30.6507	0.0	14	0.0	0.0		3344	0	0
1701894947595	t	playground_test_cue_junkyard_left	0.0	0	0	5.7506	661.968	532.64	0.9068	5.7818	637.3439999999999	581.12	0.9729	0.255	-0.0132	0.9668	31.9552	7.5719	-30.6539	0.0	14	0.0	0.0		3344	0	0
1701894947604	t	playground_test_cue_junkyard_left	0.0	0	0	5.7197	663.552	533.4399999999999	0.9068	5.9002	640.8	581.12	0.9729	0.2524	-0.0194	0.9674	31.9346	7.5839	-30.6436	0.0	14	0.0	0.0		3344	0	0
1701894947612	t	playground_test_cue_junkyard_left	0.0	0	0	5.7427	666.288	533.76	0.9013	5.8859	642.6719999999999	580.8	0.9781	0.2475	-0.0235	0.9686	31.9016	7.591	-30.6289	0.0	14	0.0	0.0		3344	0	0
1701894947620	t	playground_test_cue_junkyard_left	0.0	0	0	5.7951	667.44	533.6	0.9013	5.943	643.5360000000001	578.88	0.9781	0.2457	-0.0253	0.969	31.8836	7.5981	-30.6224	0.0	14	0.0	0.0		3344	0	0
1701894947629	t	playground_test_cue_junkyard_left	0.0	0	0	5.8186	669.024	530.72	0.9216	5.8913	644.976	577.9200000000001	1.0	0.2412	-0.0144	0.9704	31.8715	7.6027	-30.6248	0.0	14	0.0	0.0		3344	0	0
1701894947637	t	playground_test_cue_junkyard_left	0.0	0	0	5.7993	669.888	529.92	0.9216	5.994	646.2719999999999	576.8	1.0	0.239	-0.0118	0.9709	31.8641	7.6051	-30.622	0.0	14	0.0	0.0		3344	0	0
1701894947646	t	playground_test_cue_junkyard_left	0.0	0	0	5.7456	671.472	532.3199999999999	0.9174	5.9245	646.992	575.52	1.0	0.2334	-0.0241	0.9721	31.8566	7.6101	-30.6051	0.0	14	0.0	0.0		3344	0	0
1701894947654	t	playground_test_cue_junkyard_left	0.0	0	0	5.7747	672.192	529.6	0.9174	5.8639	648.144	576.8	1.0	0.234	-0.0143	0.9721	31.8399	7.6183	-30.6082	0.0	14	0.0	0.0		3344	0	0
1701894947662	t	playground_test_cue_junkyard_left	0.0	0	0	5.7994	675.36	530.72	0.9405	5.9291	651.312	575.36	1.0	0.2243	-0.021	0.9743	31.8169	7.6209	-30.5893	0.0	14	0.0	0.0		3344	0	0
1701894947671	t	playground_test_cue_junkyard_left	0.0	0	0	5.734	678.096	530.24	0.9405	5.9026	652.464	576.0	1.0	0.2167	-0.0215	0.976	31.7946	7.6279	-30.5759	0.0	14	0.0	0.0		3344	0	0
1701894947679	t	playground_test_cue_junkyard_left	0.0	0	0	5.8436	677.52	529.6	0.9436	5.9982	654.192	575.04	1.0	0.221	-0.0214	0.975	31.4	7.6353	-30.584	0.0	14	0.0	0.0		3344	0	0
1701894947687	t	playground_test_cue_junkyard_left	0.0	0	0	5.8085	680.4	529.12	0.9436	5.7861	654.048	577.12	1.0	0.2096	-0.0218	0.9775	31.4455	7.6423	-30.5727	0.0	14	0.0	0.0		3344	0	0
1701894947696	t	playground_test_cue_junkyard_left	0.0	0	0	5.8078	679.968	528.0	0.9378	5.9133	655.2	575.6800000000001	1.0	0.2132	-0.0179	0.9768	31.2547	7.6428	-30.5687	0.0	14	0.0	0.0		3344	0	0
1701894947704	t	playground_test_cue_junkyard_left	0.0	0	0	5.7462	683.568	525.44	0.9378	5.9386	657.36	575.04	1.0	0.2008	-0.0094	0.9796	31.1639	7.6474	-30.5597	0.0	14	0.0	0.0		3344	0	0
1701894947712	t	playground_test_cue_junkyard_left	0.0	0	0	5.8214	681.408	527.2	0.9464	5.9528	657.9359999999999	575.36	1.0	0.2146	-0.0161	0.9765	31.2347	7.6483	-30.5685	0.0	14	0.0	0.0		3344	0	0
1701894947721	t	playground_test_cue_junkyard_left	0.0	0	0	5.6231	684.576	523.52	0.9464	5.9111	657.792	575.36	1.0	0.2029	-0.0016	0.9792	31.5547	7.6591	-30.5768	0.0	14	0.0	0.0		3344	0	0
1701894947729	t	playground_test_cue_junkyard_left	0.0	0	0	5.6363	684.7199999999999	524.16	0.9483	5.9597	658.656	575.6800000000001	0.997	0.2029	-0.0046	0.9792	31.6874	7.6611	-30.581	0.0	14	0.0	0.0		3344	0	0
1701894947737	t	playground_test_cue_junkyard_left	0.0	0	0	5.6503	684.576	524.64	0.9483	5.9318	657.504	575.1999999999999	0.997	0.2036	-0.0059	0.979	31.7031	7.6608	-30.5814	0.0	14	0.0	0.0		3344	0	0
1701894947746	t	playground_test_cue_junkyard_left	0.0	0	0	5.6708	684.432	524.8000000000001	0.94	5.9599	658.656	575.6800000000001	1.0	0.2038	-0.0063	0.979	31.6807	7.6586	-30.5809	0.0	14	0.0	0.0		3344	0	0
1701894947754	t	playground_test_cue_junkyard_left	0.0	0	0	5.6504	684.576	524.96	0.94	5.9534	658.512	576.0	1.0	0.2032	-0.0067	0.9791	31.5387	7.6542	-30.5759	0.0	14	0.0	0.0		3344	0	0
1701894947762	t	playground_test_cue_junkyard_left	0.0	0	0	5.6388	684.7199999999999	525.76	0.9425	5.9475	658.3679999999999	575.6800000000001	1.0	0.203	-0.0095	0.9791	30.7596	7.6382	-30.5463	0.0	14	0.0	0.0		3344	0	0
1701894947771	t	playground_test_cue_junkyard_left	0.0	0	0	5.6496	684.7199999999999	526.0799999999999	0.9425	5.9379	658.3679999999999	576.0	1.0	0.2032	-0.0117	0.979	25.9207	7.5431	-30.363	0.0	14	0.0	0.0		3344	0	0
1701894947779	t	playground_test_cue_junkyard_left	0.0	0	0	5.638	685.008	526.24	0.9419	5.9285	658.3679999999999	576.16	1.0	0.204	-0.014	0.9789	12.5938	7.2829	-29.8615	0.0	14	0.0	0.0		3344	0	0
1701894947787	t	playground_test_cue_junkyard_left	0.0	0	0	5.6265	685.2959999999999	526.24	0.9419	5.9155	658.3679999999999	576.9599999999999	1.0	0.2043	-0.0164	0.9788	5.225	7.1404	-29.5873	0.0	14	0.0	0.0		3344	0	0
1701894947796	t	playground_test_cue_junkyard_left	0.0	0	0	5.6244	685.152	526.24	0.9532	5.9031	658.3679999999999	577.28	1.0	0.2048	-0.0174	0.9786	3.9855	7.1166	-29.5447	0.0	14	0.0	0.0		3344	0	0
1701894947804	t	playground_test_cue_junkyard_left	0.0	0	0	5.6225	685.008	526.24	0.9532	5.8985	658.512	576.8	1.0	0.2048	-0.0162	0.9787	4.4706	7.128	-29.5687	0.0	14	0.0	0.0		3344	0	0
1701894947812	t	playground_test_cue_junkyard_left	0.0	0	0	5.6139	685.152	526.24	0.9503	5.8979	658.3679999999999	576.16	1.0	0.2048	-0.0158	0.9787	4.5487	7.1312	-29.5661	0.0	14	0.0	0.0		3344	0	0
1701894947821	t	playground_test_cue_junkyard_left	0.0	0	0	5.6046	685.2959999999999	526.24	0.9503	5.8964	658.512	576.64	1.0	0.2042	-0.0163	0.9788	4.2661	7.124	-29.5549	0.0	14	0.0	0.0		3344	0	0
1701894947829	t	playground_test_cue_junkyard_left	0.0	0	0	5.5972	685.2959999999999	526.24	0.951	5.8955	658.512	576.32	1.0	0.2039	-0.0154	0.9789	3.4845	7.1073	-29.5248	0.0	14	0.0	0.0		3344	0	0
1701894947837	t	playground_test_cue_junkyard_left	0.0	0	0	5.5896	685.2959999999999	526.24	0.951	5.8934	658.512	576.32	1.0	0.204	-0.0159	0.9788	2.5449	7.0899	-29.4863	0.0	14	0.0	0.0		3344	0	0
1701894947846	t	playground_test_cue_junkyard_left	0.0	0	0	5.5848	685.4399999999999	526.24	0.9477	5.8912	658.512	576.16	1.0	0.2034	-0.0159	0.9789	1.9931	7.0787	-29.4622	0.0	14	0.0	0.0		3344	0	0
1701894947854	t	playground_test_cue_junkyard_left	0.0	0	0	5.5819	685.4399999999999	526.24	0.9477	5.8756	658.3679999999999	576.16	1.0	0.2037	-0.0152	0.9789	1.7367	7.0705	-29.4536	0.0	14	0.0	0.0		3344	0	0
1701894947862	t	playground_test_cue_junkyard_left	0.0	0	0	5.571	685.4399999999999	526.24	0.9414	5.8509	658.3679999999999	576.32	0.9965	0.2033	-0.0152	0.979	1.495	7.0665	-29.452	0.0	14	0.0	0.0		3344	0	0
1701894947871	t	playground_test_cue_junkyard_left	0.0	0	0	5.5694	685.4399999999999	526.24	0.9414	5.8304	658.3679999999999	576.32	0.9965	0.2032	-0.0152	0.979	1.3788	7.0646	-29.4499	0.0	14	0.0	0.0		3344	0	0
1701894947879	t	playground_test_cue_junkyard_left	0.0	0	0	5.4668	684.432	524.16	0.9407	5.7688	657.792	575.6800000000001	0.987	0.2009	-0.0117	0.9795	1.4215	7.0773	-29.4685	0.0	14	0.0	0.0		3344	0	0
1701894947887	t	playground_test_cue_junkyard_left	0.0	0	0	5.4581	694.368	518.56	0.9407	5.7512	668.592	570.72	0.987	0.1859	0.0023	0.9825	4.0542	7.1486	-29.4808	0.0	14	0.0	0.0		3344	0	0
1701894947896	t	playground_test_cue_junkyard_left	0.0	0	0	5.4898	715.968	521.28	0.941	5.6759	685.152	569.4399999999999	0.9897	0.1389	-0.0132	0.9902	3.1944	7.1991	-29.5298	0.0	14	0.0	0.0		3344	0	0
1701894947904	t	playground_test_cue_junkyard_left	0.0	0	0	5.3435	732.816	512.96	0.941	5.6013	699.408	563.1999999999999	0.9897	0.1049	0.0067	0.9945	6.7905	7.3402	-29.7592	0.0	14	0.0	0.0		3344	0	0
1701894947913	t	playground_test_cue_junkyard_left	0.0	0	0	5.4062	743.04	505.6	0.9518	5.6135	707.184	562.24	0.9812	0.0853	0.0076	0.9963	-5.1976	7.1123	-29.1057	0.0	14	0.0	0.0		3344	0	0
1701894947921	t	playground_test_cue_junkyard_left	0.0	0	0	5.4642	743.184	507.04	0.9518	5.6442	708.336	563.36	0.9812	0.0851	-0.009	0.9963	-20.936	6.8228	-28.5271	0.0	14	0.0	0.0		3344	0	0
1701894947929	t	playground_test_cue_junkyard_left	0.0	0	0	5.4206	742.6080000000001	507.04	0.9393	5.6711	708.048	563.52	0.9692	0.0851	-0.0118	0.9963	-25.9891	6.7064	-28.2696	0.0	14	0.0	0.0		3344	0	0
1701894947937	t	playground_test_cue_junkyard_left	0.0	0	0	5.4123	741.744	506.08000000000004	0.9393	5.6292	708.768	562.88	0.9692	0.0826	-0.0074	0.9966	-25.3363	6.7178	-28.3037	0.0	14	0.0	0.0		3344	0	0
1701894947946	t	playground_test_cue_junkyard_left	0.0	0	0	5.4577	741.1680000000001	511.52	0.9489	5.6208	709.3439999999999	563.04	0.9698	0.08	-0.0112	0.9967	-29.8637	6.629	-28.1263	0.0	14	0.0	0.0		3344	0	0
1701894947954	t	playground_test_cue_junkyard_left	0.0	0	0	5.4426	741.744	509.28000000000003	0.9489	5.6432	708.912	563.1999999999999	0.9698	0.0832	-0.0122	0.9964	-30.7166	6.6133	-28.0933	0.0	14	0.0	0.0		3344	0	0
1701894947962	t	playground_test_cue_junkyard_left	0.0	0	0	5.4188	741.1680000000001	507.04	0.9542	5.6617	708.624	563.36	0.9862	0.0866	-0.0129	0.9962	-30.8642	6.6085	-28.0782	0.0	14	0.0	0.0		3344	0	0
1701894947971	t	playground_test_cue_junkyard_left	0.0	0	0	5.396	737.712	505.44	0.9542	5.6643	708.768	563.36	0.9862	0.0865	-0.0138	0.9961	-30.7378	6.609	-28.0667	0.0	14	0.0	0.0		3344	0	0
1701894947979	t	playground_test_cue_junkyard_left	0.0	0	0	5.3495	738.72	508.8	0.9561	5.663	708.624	563.36	0.9838	0.0879	-0.014	0.996	-30.6498	6.6087	-28.0534	0.0	14	0.0	0.0		3344	0	0
1701894947987	t	playground_test_cue_junkyard_left	0.0	0	0	5.3801	738.864	508.32	0.9561	5.6606	708.768	563.36	0.9838	0.0873	-0.0142	0.9961	-30.2744	6.6165	-28.06	0.0	14	0.0	0.0		3344	0	0
1701894947996	t	playground_test_cue_junkyard_left	0.0	0	0	5.3831	739.2959999999999	511.36	0.9566	5.6635	708.768	563.36	0.9844	0.087	-0.0145	0.9961	-30.2705	6.6157	-28.0557	0.0	14	0.0	0.0		3344	0	0
1701894948004	t	playground_test_cue_junkyard_left	0.0	0	0	5.3945	739.2959999999999	511.04	0.9566	5.6612	708.768	563.36	0.9844	0.0873	-0.0148	0.9961	-30.3411	6.6136	-28.0422	0.0	14	0.0	0.0		3344	0	0
1701894948013	t	playground_test_cue_junkyard_left	0.0	0	0	5.3326	737.712	510.71999999999997	0.9556	5.6587	708.912	563.36	0.994	0.0877	-0.015	0.996	-30.2739	6.6154	-28.0398	0.0	14	0.0	0.0		3344	0	0
1701894948021	t	playground_test_cue_junkyard_left	0.0	0	0	5.3983	739.2959999999999	510.40000000000003	0.9556	5.6495	709.056	563.36	0.994	0.087	-0.0152	0.9961	-29.9168	6.6218	-28.0487	0.0	14	0.0	0.0		3344	0	0
1701894948029	t	playground_test_cue_junkyard_left	0.0	0	0	5.4068	739.7280000000001	510.71999999999997	0.9648	5.6404	708.912	563.36	0.9804	0.0877	-0.0134	0.996	-26.9668	6.6727	-28.1442	0.0	14	0.0	0.0		3344	0	0
1701894948037	t	playground_test_cue_junkyard_left	0.0	0	0	5.4016	739.2959999999999	510.40000000000003	0.9648	5.6497	709.056	563.1999999999999	0.9804	0.0885	-0.0063	0.996	-16.622	6.8497	-28.487	0.0	14	0.0	0.0		3344	0	0
1701894948046	t	playground_test_cue_junkyard_left	0.0	0	0	5.4101	739.1519999999999	510.71999999999997	0.9534	5.656	709.056	563.36	0.9869	0.0896	-0.0004	0.996	-6.1989	7.0275	-28.8308	0.0	14	0.0	0.0		3344	0	0
1701894948054	t	playground_test_cue_junkyard_left	0.0	0	0	5.4184	739.2959999999999	510.40000000000003	0.9534	5.6404	709.3439999999999	563.04	0.9869	0.089	0.0003	0.996	-6.6524	7.0193	-28.8136	0.0	14	0.0	0.0		3344	0	0
1701894948062	t	playground_test_cue_junkyard_left	0.0	0	0	5.419	739.7280000000001	510.71999999999997	0.9738	5.6404	709.3439999999999	563.04	0.9727	0.0887	-0.0013	0.996	-8.2606	6.9904	-28.7506	0.0	14	0.0	0.0		3344	0	0
1701894948071	t	playground_test_cue_junkyard_left	0.0	0	0	5.4206	739.8720000000001	511.04	0.9738	5.6402	709.3439999999999	563.04	0.9727	0.0885	-0.0034	0.9961	-10.8119	6.9458	-28.659	0.0	14	0.0	0.0		3344	0	0
1701894948079	t	playground_test_cue_junkyard_left	0.0	0	0	5.4285	740.0160000000001	510.87999999999994	0.9614	5.6373	709.3439999999999	563.04	0.9749	0.0885	-0.0027	0.9961	-8.942	6.979	-28.7185	0.0	14	0.0	0.0		3344	0	0
1701894948087	t	playground_test_cue_junkyard_left	0.0	0	0	5.421	739.8720000000001	511.04	0.9614	5.6271	709.488	563.04	0.9749	0.0884	-0.0023	0.9961	-7.9475	6.9965	-28.7501	0.0	14	0.0	0.0		3344	0	0
1701894948096	t	playground_test_cue_junkyard_left	0.0	0	0	5.4287	740.0160000000001	511.04	0.9583	5.5928	709.776	562.88	0.977	0.0874	-0.0024	0.9962	-7.0897	7.0173	-28.7885	0.0	14	0.0	0.0		3344	0	0
1701894948104	t	playground_test_cue_junkyard_left	0.0	0	0	5.4217	739.8720000000001	511.04	0.9583	5.5933	710.064	562.5600000000001	0.977	0.0865	-0.0003	0.9962	-5.2774	7.0467	-28.844	0.0	14	0.0	0.0		3344	0	0
1701894948112	t	playground_test_cue_junkyard_left	0.0	0	0	5.4291	740.0160000000001	511.04	0.9606	5.5393	710.2080000000001	562.5600000000001	0.9784	0.0861	0.0005	0.9963	-3.8804	7.069	-28.885	0.0	14	0.0	0.0		3344	0	0
1701894948121	t	playground_test_cue_junkyard_left	0.0	0	0	5.4371	740.0160000000001	511.04	0.9606	5.5336	710.352	562.4	0.9784	0.0858	0.0018	0.9963	-2.6616	7.0883	-28.9203	0.0	14	0.0	0.0		3344	0	0
1701894948129	t	playground_test_cue_junkyard_left	0.0	0	0	5.4395	740.448	511.04	0.9598	5.5193	710.352	562.4	0.9718	0.0852	0.0023	0.9964	-1.2774	7.1107	-28.9545	0.0	14	0.0	0.0		3344	0	0
1701894948137	t	playground_test_cue_junkyard_left	0.0	0	0	5.4411	740.448	511.36	0.9598	5.5126	710.352	562.72	0.9718	0.085	0.0001	0.9964	-1.8284	7.098	-28.9196	0.0	14	0.0	0.0		3344	0	0
1701894948146	t	playground_test_cue_junkyard_left	0.0	0	0	5.4426	740.448	511.52	0.9676	5.4961	710.784	562.4	0.9913	0.0835	-0.0005	0.9965	-3.8788	7.0631	-28.8466	0.0	14	0.0	0.0		3344	0	0
1701894948154	t	playground_test_cue_junkyard_left	0.0	0	0	5.444	739.8720000000001	511.67999999999995	0.9676	5.4774	710.784	561.12	0.9913	0.0842	0.0011	0.9964	-6.2691	7.0235	-28.7707	0.0	14	0.0	0.0		3344	0	0
1701894948162	t	playground_test_cue_junkyard_left	0.0	0	0	5.4442	739.8720000000001	511.67999999999995	0.9652	5.4915	710.352	561.12	0.9851	0.0871	0.011	0.9961	7.4717	7.1983	-29.041	0.0	14	0.0	0.0		3344	0	0
1701894948171	t	playground_test_cue_junkyard_left	0.0	0	0	5.4409	740.448	511.67999999999995	0.9652	5.5644	709.056	559.68	0.9851	0.0864	0.0105	0.9962	8.1657	7.268	-29.251	0.0	14	0.0	0.0		3344	0	0
1701894948179	t	playground_test_cue_junkyard_left	0.0	0	0	5.4408	740.448	511.84000000000003	0.9719	5.4407	709.92	558.88	0.9792	0.0843	0.0111	0.9964	9.6655	7.2914	-29.285	0.0	14	0.0	0.0		3344	0	0
1701894948187	t	playground_test_cue_junkyard_left	0.0	0	0	5.4327	739.8720000000001	511.84000000000003	0.9719	5.3709	710.352	558.08	0.9792	0.0864	0.0145	0.9962	14.2722	7.3437	-29.3473	0.0	14	0.0	0.0		3344	0	0
1701894948196	t	playground_test_cue_junkyard_left	0.0	0	0	5.4068	739.8720000000001	511.84000000000003	0.9657	5.5773	708.624	559.04	0.9788	0.0896	0.0141	0.9959	17.1904	7.4028	-29.4776	0.0	14	0.0	0.0		3344	0	0
1701894948204	t	playground_test_cue_junkyard_left	0.0	0	0	5.3726	737.856	512.96	0.9657	5.4226	707.472	563.84	0.9788	0.0875	0.0235	0.9959	25.8873	7.4784	-29.6931	0.0	14	0.0	0.0		3344	0	0
1701894948212	t	playground_test_cue_junkyard_left	0.0	0	0	5.302	731.0880000000001	523.0400000000001	0.9862	5.3474	699.552	573.76	0.982	0.0899	-0.0145	0.9958	-10.651	6.92	-29.2207	0.0	14	0.0	0.0		3344	0	0
1701894948220	t	playground_test_cue_junkyard_left	0.0	0	0	5.375	714.096	539.8399999999999	0.9862	5.5273	676.368	589.9200000000001	0.982	0.1421	-0.0421	0.989	-7.611	6.749	-29.1062	0.0	14	0.0	0.0		3344	0	0
1701894948229	t	playground_test_cue_junkyard_left	0.0	0	0	5.5237	694.944	560.0	0.9708	5.4357	649.872	607.0400000000001	0.9801	0.1957	-0.0698	0.9782	6.5377	6.7943	-29.5183	0.0	14	0.0	0.0		3344	0	0
1701894948238	t	playground_test_cue_junkyard_left	0.0	0	0	5.3405	680.976	575.52	0.9708	5.4728	633.744	626.5600000000001	0.9801	0.2192	-0.102	0.9703	10.3452	6.6918	-29.6122	0.0	14	0.0	0.0		3344	0	0
1701894948246	t	playground_test_cue_junkyard_left	0.0	0	0	5.4658	672.192	592.16	0.9238	5.4441	620.496	646.4000000000001	0.9541	0.2314	-0.1651	0.9587	-20.0266	5.9877	-28.6159	0.0	14	0.0	0.0		3344	0	0
1701894948254	t	playground_test_cue_junkyard_left	0.0	0	0	5.4135	669.168	607.6800000000001	0.9238	5.5154	611.568	658.4	0.9541	0.2457	-0.1875	0.951	-21.5349	5.8282	-28.5889	0.0	14	0.0	0.0		3344	0	0
1701894948262	t	playground_test_cue_junkyard_left	0.0	0	0	5.3296	659.088	622.88	0.8769	5.468	602.208	673.9200000000001	0.8878	0.2548	-0.225	0.9404	-22.6692	5.6923	-28.5876	0.0	14	0.0	0.0		3344	0	0
1701894948271	t	playground_test_cue_junkyard_left	0.0	0	0	5.2909	651.888	634.88	0.8769	5.5037	590.976	688.32	0.8878	0.2735	-0.2558	0.9272	-25.2959	5.5236	-28.5531	0.0	14	0.0	0.0		3344	0	0
1701894948279	t	playground_test_cue_junkyard_left	0.0	0	0	5.3214	651.456	642.4000000000001	0.7909	5.5507	590.832	693.76	0.8427	0.267	-0.2686	0.9255	-25.5023	5.4763	-28.5619	0.0	14	0.0	0.0		3344	0	0
1701894948287	t	playground_test_cue_junkyard_left	0.0	0	0	5.3127	649.872	644.8000000000001	0.7909	5.603	593.28	696.3199999999999	0.8427	0.2614	-0.2769	0.9246	-21.9012	5.5365	-28.6654	0.0	14	0.0	0.0		3344	0	0
1701894948295	t	playground_test_cue_junkyard_left	0.0	0	0	5.2547	648.432	644.32	0.7683	5.5381	596.448	698.08	0.8256	0.2643	-0.2639	0.9276	9.4805	6.1331	-29.652	0.0	14	0.0	0.0		3344	0	0
1701894948304	t	playground_test_cue_junkyard_left	0.0	0	0	5.2109	647.856	642.88	0.7683	5.4915	598.032	697.2800000000001	0.8256	0.2616	-0.2671	0.9275	-4.2165	5.8715	-29.2217	0.0	14	0.0	0.0		3344	0	0
1701894948312	t	playground_test_cue_junkyard_left	0.0	0	0	5.3102	650.736	642.5600000000001	0.7865	5.4361	601.056	694.24	0.8276	0.2522	-0.2631	0.9312	-5.5555	5.8552	-29.1723	0.0	14	0.0	0.0		3344	0	0
1701894948320	t	playground_test_cue_junkyard_left	0.0	0	0	5.323	655.4879999999999	642.88	0.7865	5.4118	605.376	691.6800000000001	0.8276	0.2481	-0.2579	0.9338	-2.2402	5.923	-29.2605	0.0	14	0.0	0.0		3344	0	0
1701894948329	t	playground_test_cue_junkyard_left	0.0	0	0	5.281	656.64	637.76	0.8058	5.4762	609.84	689.28	0.8823	0.2484	-0.249	0.9361	-1.1211	5.9706	-29.2822	0.0	14	0.0	0.0		3344	0	0
1701894948337	t	playground_test_cue_junkyard_left	0.0	0	0	5.2633	658.08	637.12	0.8058	5.39	614.592	688.64	0.8823	0.249	-0.2494	0.9358	4.3863	6.0976	-29.4424	0.0	14	0.0	0.0		3344	0	0
1701894948345	t	playground_test_cue_junkyard_left	0.0	0	0	5.3235	662.976	637.12	0.8344	5.5383	618.912	688.16	0.8886	0.2378	-0.2515	0.9382	5.1575	6.1207	-29.4503	0.0	14	0.0	0.0		3344	0	0
1701894948354	t	playground_test_cue_junkyard_left	0.0	0	0	5.3159	666.288	636.16	0.8344	5.4219	625.2479999999999	685.44	0.8886	0.2265	-0.2467	0.9422	5.7503	6.1404	-29.4577	0.0	14	0.0	0.0		3344	0	0
1701894948362	t	playground_test_cue_junkyard_left	0.0	0	0	5.3437	668.592	632.64	0.8521	5.4865	628.272	687.84	0.9052	0.2223	-0.2493	0.9426	5.6716	6.1644	-29.4479	0.0	14	0.0	0.0		3344	0	0
1701894948370	t	playground_test_cue_junkyard_left	0.0	0	0	5.3799	674.352	632.8000000000001	0.8521	5.4858	631.296	686.08	0.9052	0.2074	-0.2499	0.9458	5.0677	6.1584	-29.4092	0.0	14	0.0	0.0		3344	0	0
1701894948379	t	playground_test_cue_junkyard_left	0.0	0	0	5.4269	675.072	632.0	0.8678	5.5642	635.616	684.8	0.921	0.2015	-0.2501	0.947	-2.84	6.0105	-29.161	0.0	14	0.0	0.0		3344	0	0
1701894948387	t	playground_test_cue_junkyard_left	0.0	0	0	5.4192	677.52	629.12	0.8678	5.61	639.7919999999999	684.8	0.921	0.1992	-0.2402	0.95	4.4861	6.1509	-29.386	0.0	14	0.0	0.0		3344	0	0
1701894948395	t	playground_test_cue_junkyard_left	0.0	0	0	5.3671	683.424	626.4	0.9005	5.469	642.384	685.76	0.9322	0.1836	-0.2426	0.9526	3.2345	6.1505	-29.3519	0.0	14	0.0	0.0		3344	0	0
1701894948404	t	playground_test_cue_junkyard_left	0.0	0	0	5.3488	684.864	628.96	0.9005	5.5021	646.416	683.52	0.9322	0.18	-0.2484	0.9518	-1.0008	6.0789	-29.2134	0.0	14	0.0	0.0		3344	0	0
1701894948412	t	playground_test_cue_junkyard_left	0.0	0	0	5.3918	688.752	623.52	0.9064	5.5026	651.024	685.76	0.9516	0.1684	-0.2407	0.9559	-0.5867	6.0753	-29.2192	0.0	14	0.0	0.0		3344	0	0
1701894948420	t	playground_test_cue_junkyard_left	0.0	0	0	5.3517	689.904	624.64	0.9064	5.5233	654.624	685.28	0.9516	0.1717	-0.2394	0.9556	1.9653	6.1223	-29.2835	0.0	14	0.0	0.0		3344	0	0
1701894948429	t	playground_test_cue_junkyard_left	0.0	0	0	5.2753	695.376	627.0400000000001	0.9133	5.4606	658.512	685.44	0.9579	0.1611	-0.2504	0.9546	-1.4405	6.0693	-29.1763	0.0	14	0.0	0.0		3344	0	0
1701894948437	t	playground_test_cue_junkyard_left	0.0	0	0	5.2622	696.816	625.44	0.9133	5.4135	662.544	683.84	0.9579	0.1545	-0.2455	0.957	-2.9059	6.0457	-29.1343	0.0	14	0.0	0.0		3344	0	0
1701894948445	t	playground_test_cue_junkyard_left	0.0	0	0	5.211	698.256	626.5600000000001	0.9232	5.4329	666.144	681.12	0.9766	0.1513	-0.2392	0.9591	-4.0744	6.0128	-29.0954	0.0	14	0.0	0.0		3344	0	0
1701894948454	t	playground_test_cue_junkyard_left	0.0	0	0	5.283	706.3199999999999	624.64	0.9232	5.36	668.304	680.64	0.9766	0.1383	-0.2373	0.9615	-5.3316	5.9948	-29.0543	0.0	14	0.0	0.0		3344	0	0
1701894948462	t	playground_test_cue_junkyard_left	0.0	0	0	5.1962	706.896	626.4	0.9186	5.4221	672.048	681.9200000000001	0.9694	0.135	-0.2444	0.9602	-5.431	5.9987	-29.0541	0.0	14	0.0	0.0		3344	0	0
1701894948470	t	playground_test_cue_junkyard_left	0.0	0	0	5.2914	709.776	624.3199999999999	0.9186	5.4866	674.928	682.56	0.9694	0.1326	-0.2436	0.9608	-5.235	6.009	-29.0637	0.0	14	0.0	0.0		3344	0	0
1701894948479	t	playground_test_cue_junkyard_left	0.0	0	0	5.2881	713.376	623.2	0.9512	5.4276	679.104	679.04	0.9679	0.1228	-0.2327	0.9647	-3.7005	6.0417	-29.1124	0.0	14	0.0	0.0		3344	0	0
1701894948487	t	playground_test_cue_junkyard_left	0.0	0	0	5.3916	716.832	623.2	0.9512	5.3083	681.264	681.12	0.9679	0.1143	-0.2386	0.9644	-2.4184	6.0726	-29.1538	0.0	14	0.0	0.0		3344	0	0
1701894948495	t	playground_test_cue_junkyard_left	0.0	0	0	5.2507	717.264	621.44	0.9436	5.4417	683.568	679.36	0.9577	0.1163	-0.2314	0.9659	-0.9737	6.1055	-29.1944	0.0	14	0.0	0.0		3344	0	0
1701894948504	t	playground_test_cue_junkyard_left	0.0	0	0	5.3236	723.744	620.48	0.9436	5.3642	686.3040000000001	679.52	0.9577	0.0994	-0.23	0.9681	0.0705	6.1276	-29.2227	0.0	14	0.0	0.0		3344	0	0
1701894948512	t	playground_test_cue_junkyard_left	0.0	0	0	5.3502	718.9920000000001	625.92	0.9438	5.3965	684.0	683.6800000000001	0.974	0.1044	-0.2357	0.9662	1.1689	6.0935	-29.2684	0.0	14	0.0	0.0		3344	0	0
1701894948520	t	playground_test_cue_junkyard_left	0.0	0	0	5.4296	704.592	641.92	0.9438	5.5016	663.408	698.56	0.974	0.1446	-0.2643	0.9535	0.8054	5.9406	-29.3041	0.0	14	0.0	0.0		3344	0	0
1701894948529	t	playground_test_cue_junkyard_left	0.0	0	0	5.3484	692.208	659.04	0.9381	5.5441	643.6800000000001	711.0400000000001	0.9567	0.1723	-0.2972	0.9391	-2.8585	5.7562	-29.2551	0.0	14	0.0	0.0		3344	0	0
1701894948537	t	playground_test_cue_junkyard_left	0.0	0	0	5.3048	675.792	669.28	0.9381	5.4925	626.1120000000001	718.88	0.9567	0.2035	-0.321	0.925	-10.1397	5.5687	-29.092	0.0	14	0.0	0.0		3344	0	0
1701894948545	t	playground_test_cue_junkyard_left	0.0	0	0	5.2455	672.048	677.44	0.912	5.3914	620.352	722.4	0.936	0.2131	-0.3323	0.9188	-14.3571	5.4535	-28.9764	0.0	14	0.0	0.0		3344	0	0
1701894948554	t	playground_test_cue_junkyard_left	0.0	0	0	5.2575	674.0640000000001	678.88	0.912	5.5131	625.2479999999999	721.92	0.936	0.2054	-0.3341	0.9199	-16.863	5.414	-28.895	0.0	14	0.0	0.0		3344	0	0
1701894948562	t	playground_test_cue_junkyard_left	0.0	0	0	5.2793	674.928	678.24	0.8744	5.4162	628.416	723.36	0.9035	0.2058	-0.3378	0.9184	-18.2135	5.3873	-28.8564	0.0	14	0.0	0.0		3344	0	0
1701894948570	t	playground_test_cue_junkyard_left	0.0	0	0	5.1989	675.792	676.0	0.8744	5.3786	632.304	724.16	0.9035	0.196	-0.3381	0.9205	-17.1165	5.4036	-28.8887	0.0	14	0.0	0.0		3344	0	0
1701894948579	t	playground_test_cue_junkyard_left	0.0	0	0	5.2489	676.368	676.48	0.8865	5.5688	632.88	721.28	0.9063	0.2004	-0.33	0.9225	-13.8781	5.4701	-28.9831	0.0	14	0.0	0.0		3344	0	0
1701894948587	t	playground_test_cue_junkyard_left	0.0	0	0	5.2671	677.952	677.12	0.8865	5.3976	634.32	720.96	0.9063	0.1973	-0.3272	0.9241	-8.315	5.5634	-29.1581	0.0	14	0.0	0.0		3344	0	0
1701894948595	t	playground_test_cue_junkyard_left	0.0	0	0	5.2315	679.104	675.6800000000001	0.8922	5.5162	636.192	722.56	0.9111	0.1929	-0.3262	0.9254	-1.9617	5.67	-29.3454	0.0	14	0.0	0.0		3344	0	0
1701894948603	t	playground_test_cue_junkyard_left	0.0	0	0	5.2665	679.968	676.16	0.8922	5.4901	638.928	719.36	0.9111	0.1881	-0.3194	0.9288	1.8124	5.7337	-29.4478	0.0	14	0.0	0.0		3344	0	0
1701894948612	t	playground_test_cue_junkyard_left	0.0	0	0	5.3098	681.264	675.52	0.8877	5.496	639.648	720.64	0.9317	0.1878	-0.3215	0.9281	2.9704	5.7581	-29.4768	0.0	14	0.0	0.0		3344	0	0
1701894948620	t	playground_test_cue_junkyard_left	0.0	0	0	5.3379	683.568	674.24	0.8877	5.4735	641.376	719.52	0.9317	0.1827	-0.3167	0.9307	2.937	5.7569	-29.4729	0.0	14	0.0	0.0		3344	0	0
1701894948629	t	playground_test_cue_junkyard_left	0.0	0	0	5.3174	683.712	674.56	0.9388	5.3887	645.84	721.12	0.9442	0.1748	-0.3212	0.9307	2.6207	5.7523	-29.461	0.0	14	0.0	0.0		3344	0	0
1701894948639	t	playground_test_cue_junkyard_left	0.0	0	0	5.2797	686.88	674.08	0.9151	5.4564	646.848	719.52	0.9328	0.169	-0.3188	0.9326	2.417	5.7538	-29.4518	0.0	14	0.0	0.0		3344	0	0
1701894948645	t	playground_test_cue_junkyard_left	0.0	0	0	5.2456	687.744	673.9200000000001	0.9151	5.3967	649.584	718.4	0.9328	0.1644	-0.3165	0.9342	2.2179	5.7507	-29.4447	0.0	14	0.0	0.0		3344	0	0
1701894948654	t	playground_test_cue_junkyard_left	0.0	0	0	5.2846	688.032	674.4	0.9151	5.4774	650.448	720.3199999999999	0.9328	0.1657	-0.3203	0.9327	2.3414	5.7515	-29.4504	0.0	14	0.0	0.0		3344	0	0
1701894948662	t	playground_test_cue_junkyard_left	0.0	0	0	5.3346	689.616	673.4399999999999	0.9233	5.4159	650.592	720.8000000000001	0.9398	0.1654	-0.32	0.9328	2.3316	5.7537	-29.4479	0.0	14	0.0	0.0		3344	0	0
1701894948670	t	playground_test_cue_junkyard_left	0.0	0	0	5.3681	692.208	674.72	0.9233	5.4421	654.048	718.88	0.9398	0.1515	-0.319	0.9356	2.0248	5.7489	-29.4471	0.0	14	0.0	0.0		3344	0	0
1701894948679	t	playground_test_cue_junkyard_left	0.0	0	0	5.2907	691.6320000000001	672.48	0.9153	5.4402	655.2	718.24	0.9344	0.1535	-0.3131	0.9372	1.8546	5.7476	-29.4448	0.0	14	0.0	0.0		3344	0	0
1701894948687	t	playground_test_cue_junkyard_left	0.0	0	0	5.2649	693.216	673.76	0.9153	5.4451	654.336	717.6	0.9344	0.1537	-0.3151	0.9365	1.7182	5.7473	-29.4394	0.0	14	0.0	0.0		3344	0	0
1701894948695	t	playground_test_cue_junkyard_left	0.0	0	0	5.2776	694.944	672.9599999999999	0.9148	5.2751	653.76	716.48	0.9483	0.1524	-0.3128	0.9375	1.1481	5.7422	-29.4204	0.0	14	0.0	0.0		3344	0	0
1701894948703	t	playground_test_cue_junkyard_left	0.0	0	0	5.2356	694.2239999999999	672.32	0.9148	5.4112	655.2	716.64	0.9483	0.1543	-0.312	0.9375	0.9101	5.7403	-29.4151	0.0	14	0.0	0.0		3344	0	0
1701894948712	t	playground_test_cue_junkyard_left	0.0	0	0	5.1857	693.648	674.08	0.9272	5.5067	656.4960000000001	718.4	0.9438	0.155	-0.3184	0.9352	0.9487	5.7399	-29.4225	0.0	14	0.0	0.0		3344	0	0
1701894948720	t	playground_test_cue_junkyard_left	0.0	0	0	5.2211	694.0799999999999	673.76	0.9272	5.3384	655.9200000000001	714.88	0.9438	0.1564	-0.3094	0.938	0.8922	5.7352	-29.4221	0.0	14	0.0	0.0		3344	0	0
1701894948728	t	playground_test_cue_junkyard_left	0.0	0	0	5.1738	694.944	672.8	0.9212	5.4222	657.648	717.44	0.9447	0.1532	-0.312	0.9376	1.0006	5.7335	-29.4267	0.0	14	0.0	0.0		3344	0	0
1701894948738	t	playground_test_cue_junkyard_left	0.0	0	0	5.1833	696.96	673.4399999999999	0.9212	5.3727	657.9359999999999	717.92	0.9447	0.1497	-0.3148	0.9373	1.1278	5.7359	-29.4288	0.0	14	0.0	0.0		3344	0	0
1701894948745	t	playground_test_cue_junkyard_left	0.0	0	0	5.1703	696.816	673.4399999999999	0.9356	5.4277	660.096	718.88	0.954	0.1468	-0.3163	0.9372	1.2963	5.7389	-29.4326	0.0	14	0.0	0.0		3344	0	0
1701894948753	t	playground_test_cue_junkyard_left	0.0	0	0	5.1724	698.112	672.9599999999999	0.9356	5.4371	659.808	716.64	0.954	0.1452	-0.3116	0.939	1.1415	5.7383	-29.4242	0.0	14	0.0	0.0		3344	0	0
1701894948762	t	playground_test_cue_junkyard_left	0.0	0	0	5.1507	697.68	672.16	0.9346	5.4048	658.656	716.48	0.9592	0.1509	-0.3094	0.9389	1.1157	5.7372	-29.4257	0.0	14	0.0	0.0		3344	0	0
1701894948770	t	playground_test_cue_junkyard_left	0.0	0	0	5.125	697.1039999999999	672.32	0.9346	5.3354	660.384	717.76	0.9592	0.1499	-0.3109	0.9386	1.0324	5.7305	-29.4261	0.0	14	0.0	0.0		3344	0	0
1701894948778	t	playground_test_cue_junkyard_left	0.0	0	0	5.0717	698.112	672.0	0.9544	5.4649	660.96	716.64	0.9515	0.1485	-0.3072	0.94	0.853	5.7229	-29.4223	0.0	14	0.0	0.0		3344	0	0
1701894948787	t	playground_test_cue_junkyard_left	0.0	0	0	5.1579	697.68	672.32	0.9544	5.3675	662.832	716.64	0.9515	0.1464	-0.3074	0.9402	0.9961	5.7247	-29.4294	0.0	14	0.0	0.0		3344	0	0
1701894948795	t	playground_test_cue_junkyard_left	0.0	0	0	5.1162	698.256	673.28	0.9382	5.3569	662.688	716.64	0.9594	0.147	-0.3095	0.9395	1.1929	5.7306	-29.4354	0.0	14	0.0	0.0		3344	0	0
1701894948803	t	playground_test_cue_junkyard_left	0.0	0	0	5.0216	698.688	672.32	0.9382	5.2087	663.6959999999999	716.96	0.9594	0.1444	-0.3088	0.9401	1.2825	5.7337	-29.4375	0.0	14	0.0	0.0		3344	0	0
1701894948812	t	playground_test_cue_junkyard_left	0.0	0	0	5.0166	698.976	672.32	0.9406	5.3363	662.4	716.64	0.9543	0.1468	-0.308	0.94	1.2997	5.7345	-29.4408	0.0	14	0.0	0.0		3344	0	0
1701894948820	t	playground_test_cue_junkyard_left	0.0	0	0	5.0125	699.12	672.48	0.9406	5.343	663.408	716.64	0.9543	0.1438	-0.3083	0.9404	1.287	5.735	-29.4409	0.0	14	0.0	0.0		3344	0	0
1701894948828	t	playground_test_cue_junkyard_left	0.0	0	0	5.0161	699.264	672.32	0.9631	5.3291	663.264	717.12	0.9621	0.1436	-0.3091	0.9401	1.1744	5.7337	-29.4408	0.0	14	0.0	0.0		3344	0	0
1701894948837	t	playground_test_cue_junkyard_left	0.0	0	0	5.0147	699.408	672.48	0.9631	5.3005	663.552	717.76	0.9621	0.1422	-0.3106	0.9398	1.0012	5.7306	-29.4382	0.0	14	0.0	0.0		3344	0	0
1701894948845	t	playground_test_cue_junkyard_left	0.0	0	0	5.017	699.552	672.48	0.9547	5.2755	662.976	717.28	0.9552	0.1427	-0.3092	0.9402	1.3556	5.735	-29.4496	0.0	14	0.0	0.0		3344	0	0
1701894948853	t	playground_test_cue_junkyard_left	0.0	0	0	5.0137	699.84	672.64	0.9547	5.2511	663.552	717.76	0.9552	0.1406	-0.3103	0.9402	1.5794	5.7378	-29.4567	0.0	14	0.0	0.0		3344	0	0
1701894948862	t	playground_test_cue_junkyard_left	0.0	0	0	5.0163	699.9839999999999	672.48	0.9509	5.2505	663.6959999999999	717.44	0.9549	0.1401	-0.3093	0.9406	1.7281	5.741	-29.4617	0.0	14	0.0	0.0		3344	0	0
1701894948870	t	playground_test_cue_junkyard_left	0.0	0	0	5.0139	699.9839999999999	672.48	0.9509	5.2507	663.84	717.28	0.9549	0.1395	-0.309	0.9408	1.6963	5.7415	-29.4613	0.0	14	0.0	0.0		3344	0	0
1701894948878	t	playground_test_cue_junkyard_left	0.0	0	0	5.0136	700.128	672.32	0.9576	5.2507	665.424	717.44	0.9521	0.1355	-0.31	0.941	1.5876	5.7424	-29.458	0.0	14	0.0	0.0		3344	0	0
1701894948887	t	playground_test_cue_junkyard_left	0.0	0	0	4.9745	707.3280000000001	676.9599999999999	0.9576	5.1483	671.76	718.56	0.9521	0.1252	-0.3138	0.9412	1.3087	5.7054	-29.4548	0.0	14	0.0	0.0		3344	0	0
1701894948895	t	playground_test_cue_junkyard_left	0.0	0	0	5.0389	722.88	678.08	0.9556	5.2634	687.024	720.0	0.9571	0.0931	-0.3213	0.9424	-0.1215	5.6848	-29.3957	0.0	14	0.0	0.0		3344	0	0
1701894948904	t	playground_test_cue_junkyard_left	0.0	0	0	4.9658	745.0559999999999	681.12	0.9556	5.1386	706.176	723.36	0.9571	0.0368	-0.338	0.9404	-2.3237	5.6632	-29.3278	0.0	14	0.0	0.0		3344	0	0
1701894948912	t	playground_test_cue_junkyard_left	0.0	0	0	4.9866	754.7040000000001	679.1999999999999	0.948	5.1092	713.808	724.64	0.9301	0.0133	-0.3361	0.9417	-4.1039	5.6282	-29.2847	0.0	14	0.0	0.0		3344	0	0
1701894948920	t	playground_test_cue_junkyard_left	0.0	0	0	4.954	754.272	679.1999999999999	0.948	5.1969	711.792	726.0799999999999	0.9301	0.0205	-0.3383	0.9408	-5.2917	5.6022	-29.2552	0.0	14	0.0	0.0		3344	0	0
1701894948928	t	playground_test_cue_junkyard_left	0.0	0	0	4.9858	754.272	680.48	0.9493	5.0961	714.384	726.88	0.9338	0.0102	-0.3401	0.9403	-5.3301	5.5917	-29.2588	0.0	14	0.0	0.0		3344	0	0
1701894948937	t	playground_test_cue_junkyard_left	0.0	0	0	4.9465	753.9839999999999	680.16	0.9493	5.0275	712.944	725.28	0.9338	0.0144	-0.3342	0.9424	-4.6412	5.5983	-29.2787	0.0	14	0.0	0.0		3344	0	0
1701894948945	t	playground_test_cue_junkyard_left	0.0	0	0	4.9182	751.8240000000001	679.36	0.9554	4.9825	712.8	727.68	0.9399	0.021	-0.3386	0.9407	-3.7905	5.6161	-29.3065	0.0	14	0.0	0.0		3344	0	0
1701894948953	t	playground_test_cue_junkyard_left	0.0	0	0	4.8726	753.6959999999999	678.56	0.9554	5.0271	713.808	726.4	0.9399	0.0159	-0.3349	0.9421	-3.0084	5.6336	-29.3257	0.0	14	0.0	0.0		3344	0	0
1701894948962	t	playground_test_cue_junkyard_left	0.0	0	0	4.909	752.8320000000001	678.56	0.9642	5.0302	712.3679999999999	726.88	0.9385	0.023	-0.3367	0.9413	-1.7978	5.6591	-29.3588	0.0	14	0.0	0.0		3344	0	0
1701894948970	t	playground_test_cue_junkyard_left	0.0	0	0	4.8313	754.7040000000001	678.4	0.9642	5.0287	712.944	726.72	0.9385	0.0183	-0.3354	0.9419	-0.7049	5.677	-29.3893	0.0	14	0.0	0.0		3344	0	0
1701894948978	t	playground_test_cue_junkyard_left	0.0	0	0	4.8129	754.7040000000001	679.1999999999999	0.96	5.0266	712.6560000000001	726.88	0.9444	0.0221	-0.3349	0.942	0.6775	5.6946	-29.4339	0.0	14	0.0	0.0		3344	0	0
1701894948987	t	playground_test_cue_junkyard_left	0.0	0	0	4.8534	755.856	678.08	0.96	4.9937	713.232	726.72	0.9444	0.0198	-0.3331	0.9427	-0.0128	5.6846	-29.4152	0.0	14	0.0	0.0		3344	0	0
1701894948995	t	playground_test_cue_junkyard_left	0.0	0	0	4.8198	754.848	677.9200000000001	0.9725	5.1613	715.824	726.0799999999999	0.938	0.0184	-0.3326	0.9429	-0.1587	5.688	-29.4115	0.0	14	0.0	0.0		3344	0	0
1701894949003	t	playground_test_cue_junkyard_left	0.0	0	0	4.7757	756.576	678.08	0.9725	5.0382	715.824	726.0799999999999	0.938	0.0174	-0.3317	0.9432	-0.1914	5.6833	-29.4146	0.0	14	0.0	0.0		3344	0	0
1701894949012	t	playground_test_cue_junkyard_left	0.0	0	0	4.7225	757.152	677.12	0.9713	5.0363	716.1120000000001	726.5600000000001	0.9458	0.0173	-0.3302	0.9437	-0.1606	5.6818	-29.4153	0.0	14	0.0	0.0		3344	0	0
1701894949020	t	playground_test_cue_junkyard_left	0.0	0	0	4.7942	756.144	678.08	0.9713	4.9988	716.256	726.4	0.9458	0.0202	-0.3328	0.9428	-0.2221	5.6851	-29.4154	0.0	14	0.0	0.0		3344	0	0
1701894949028	t	playground_test_cue_junkyard_left	0.0	0	0	4.8207	756.144	677.76	0.9768	5.0341	715.824	726.4	0.9478	0.0225	-0.3324	0.9429	-0.2673	5.6852	-29.414	0.0	14	0.0	0.0		3344	0	0
1701894949037	t	playground_test_cue_junkyard_left	0.0	0	0	4.8149	757.44	676.8	0.9768	4.8788	716.688	725.44	0.9478	0.0182	-0.3286	0.9443	-0.1694	5.6871	-29.4147	0.0	14	0.0	0.0		3344	0	0
1701894949045	t	playground_test_cue_junkyard_left	0.0	0	0	4.7177	758.4479999999999	678.56	0.975	4.9565	717.264	724.8000000000001	0.9369	0.0161	-0.3319	0.9432	-0.0795	5.6955	-29.4153	0.0	14	0.0	0.0		3344	0	0
1701894949053	t	playground_test_cue_junkyard_left	0.0	0	0	4.8121	758.304	676.32	0.975	4.9615	718.272	724.8000000000001	0.9369	0.014	-0.3287	0.9443	0.0182	5.7022	-29.4176	0.0	14	0.0	0.0		3344	0	0
1701894949062	t	playground_test_cue_junkyard_left	0.0	0	0	4.7148	759.7439999999999	677.6	0.9714	4.9559	718.272	724.96	0.9384	0.0108	-0.3326	0.943	-0.0553	5.7042	-29.4147	0.0	14	0.0	0.0		3344	0	0
1701894949071	t	playground_test_cue_junkyard_left	0.0	0	0	4.6644	758.4479999999999	676.64	0.9714	4.9619	718.272	725.28	0.9384	0.0139	-0.3317	0.9433	-0.1048	5.7061	-29.4141	0.0	14	0.0	0.0		3344	0	0
1701894949078	t	playground_test_cue_junkyard_left	0.0	0	0	4.7715	758.88	677.76	0.9882	4.9625	718.416	725.12	0.9345	0.0121	-0.3345	0.9423	-0.0666	5.71	-29.4154	0.0	14	0.0	0.0		3344	0	0
1701894949087	t	playground_test_cue_junkyard_left	0.0	0	0	4.7962	758.304	676.9599999999999	0.9882	4.9619	718.416	724.96	0.9345	0.0131	-0.3331	0.9428	-0.1392	5.7116	-29.4137	0.0	14	0.0	0.0		3344	0	0
1701894949095	t	playground_test_cue_junkyard_left	0.0	0	0	4.7717	758.7360000000001	677.28	0.967	4.9563	718.56	724.96	0.9411	0.0119	-0.3343	0.9424	-0.1658	5.7133	-29.4134	0.0	14	0.0	0.0		3344	0	0
1701894949103	t	playground_test_cue_junkyard_left	0.0	0	0	4.7263	760.608	677.44	0.967	4.9509	718.848	725.12	0.9411	0.0081	-0.3352	0.9421	-0.0936	5.7162	-29.4152	0.0	14	0.0	0.0		3344	0	0
1701894949112	t	playground_test_cue_junkyard_left	0.0	0	0	4.6954	760.32	676.64	0.9799	4.9491	718.848	725.12	0.9387	0.0104	-0.3345	0.9423	-0.013	5.7218	-29.4183	0.0	14	0.0	0.0		3344	0	0
1701894949120	t	playground_test_cue_junkyard_left	0.0	0	0	4.6916	759.8879999999999	676.9599999999999	0.9799	4.9513	718.848	725.28	0.9387	0.0131	-0.3366	0.9416	0.0882	5.7306	-29.4215	0.0	14	0.0	0.0		3344	0	0
1701894949128	t	playground_test_cue_junkyard_left	0.0	0	0	4.804	761.184	676.48	0.9642	4.9511	723.3119999999999	725.12	0.941	0.0041	-0.338	0.9411	0.3005	5.7482	-29.4326	0.0	14	0.0	0.0		3344	0	0
1701894949137	t	playground_test_cue_junkyard_left	0.0	0	0	4.7636	761.904	676.64	0.9642	4.9097	722.736	726.24	0.941	0.0067	-0.3413	0.9399	0.5396	5.7563	-29.4395	0.0	14	0.0	0.0		3344	0	0
1701894949145	t	playground_test_cue_junkyard_left	0.0	0	0	4.6609	763.344	673.9200000000001	0.9617	4.8821	724.176	726.4	0.9505	-0.0002	-0.3356	0.942	0.8895	5.7637	-29.4558	0.0	14	0.0	0.0		3344	0	0
1701894949153	t	playground_test_cue_junkyard_left	0.0	0	0	4.6846	763.2	673.76	0.9617	4.8761	724.032	726.72	0.9505	0.0016	-0.3355	0.942	1.1981	5.7671	-29.4669	0.0	14	0.0	0.0		3344	0	0
1701894949163	t	playground_test_cue_junkyard_left	0.0	0	0	4.7077	763.344	673.9200000000001	0.954	4.9175	722.592	725.76	0.9425	0.0049	-0.3339	0.9426	1.3391	5.7698	-29.4711	0.0	14	0.0	0.0		3344	0	0
1701894949170	t	playground_test_cue_junkyard_left	0.0	0	0	4.7006	764.784	675.52	0.954	4.9606	724.032	724.96	0.9425	-0.0023	-0.3357	0.9419	1.3186	5.7711	-29.4701	0.0	14	0.0	0.0		3344	0	0
1701894949178	t	playground_test_cue_junkyard_left	0.0	0	0	4.6445	763.344	675.1999999999999	0.9447	4.9592	722.736	725.6	0.9427	0.0027	-0.3375	0.9413	1.1795	5.7735	-29.4699	0.0	14	0.0	0.0		3344	0	0
1701894949187	t	playground_test_cue_junkyard_left	0.0	0	0	4.6588	763.776	675.1999999999999	0.9447	4.9093	724.032	725.28	0.9427	-0.0022	-0.3374	0.9413	1.0349	5.7733	-29.467	0.0	14	0.0	0.0		3344	0	0
1701894949195	t	playground_test_cue_junkyard_left	0.0	0	0	4.6494	764.3520000000001	675.1999999999999	0.9218	4.911	723.888	723.68	0.9202	-0.0028	-0.3344	0.9424	0.7761	5.7699	-29.4598	0.0	14	0.0	0.0		3344	0	0
1701894949203	t	playground_test_cue_junkyard_left	0.0	0	0	4.6932	765.936	674.08	0.9218	4.8703	726.768	724.48	0.9202	-0.0134	-0.3359	0.9418	0.4151	5.773	-29.4498	0.0	14	0.0	0.0		3344	0	0
1701894949212	t	playground_test_cue_junkyard_left	0.0	0	0	4.6242	766.368	673.9200000000001	0.8908	4.916	725.04	723.84	0.9174	-0.0101	-0.3367	0.9416	0.3583	5.781	-29.4445	0.0	14	0.0	0.0		3344	0	0
1701894949220	t	playground_test_cue_junkyard_left	0.0	0	0	4.5996	766.8	674.24	0.8908	4.7299	722.16	724.3199999999999	0.9174	-0.0033	-0.3401	0.9404	0.4476	5.791	-29.4437	0.0	14	0.0	0.0		3344	0	0
1701894949228	t	playground_test_cue_junkyard_left	0.0	0	0	4.6655	768.96	671.84	0.8731	4.9198	726.768	724.16	0.8876	-0.0188	-0.3367	0.9414	0.3924	5.7979	-29.4396	0.0	14	0.0	0.0		3344	0	0
1701894949238	t	playground_test_cue_junkyard_left	0.0	0	0	4.585	767.808	672.0	0.8304	4.8333	727.4879999999999	721.44	0.8585	-0.0143	-0.3353	0.942	0.4417	5.815	-29.4327	0.0	14	0.0	0.0		3344	0	0
1701894949245	t	playground_test_cue_junkyard_left	0.0	0	0	4.6633	767.088	670.4	0.8304	4.8781	726.912	721.92	0.8585	-0.0102	-0.3344	0.9424	0.4724	5.8212	-29.4356	0.0	14	0.0	0.0		3344	0	0
1701894949253	t	playground_test_cue_junkyard_left	0.0	0	0	4.6188	768.672	671.84	0.8304	4.9729	726.768	720.3199999999999	0.8585	-0.0114	-0.336	0.9418	0.5962	5.8305	-29.4316	0.0	14	0.0	0.0		3344	0	0
1701894949261	t	playground_test_cue_junkyard_left	0.0	0	0	4.6871	766.656	670.08	0.7984	4.9857	727.3439999999999	720.3199999999999	0.8163	-0.0063	-0.3375	0.9413	0.6465	5.8524	-29.4291	0.0	14	0.0	0.0		3344	0	0
1701894949270	t	playground_test_cue_junkyard_left	0.0	0	0	4.6721	768.24	669.76	0.7984	4.9941	727.056	720.0	0.8163	-0.0094	-0.3382	0.941	0.7146	5.8629	-29.4278	0.0	14	0.0	0.0		3344	0	0
1701894949278	t	playground_test_cue_junkyard_left	0.0	0	0	4.6779	769.968	671.52	0.7621	4.9498	726.4799999999999	720.0	0.7802	-0.0146	-0.3425	0.9394	0.8539	5.8682	-29.4334	0.0	14	0.0	0.0		3344	0	0
1701894949286	t	playground_test_cue_junkyard_left	0.0	0	0	4.5307	770.1120000000001	673.9200000000001	0.7621	5.0562	728.2080000000001	718.72	0.7802	-0.02	-0.3475	0.9375	0.8336	5.8824	-29.4343	0.0	14	0.0	0.0		3344	0	0
1701894949295	t	playground_test_cue_junkyard_left	0.0	0	0	4.5216	771.84	675.36	0.7389	4.9894	728.784	716.8000000000001	0.7035	-0.0249	-0.3502	0.9363	0.6956	5.896	-29.4278	0.0	14	0.0	0.0		3344	0	0
1701894949303	t	playground_test_cue_junkyard_left	0.0	0	0	4.5362	770.976	673.9200000000001	0.7389	4.9747	727.632	716.48	0.7035	-0.0166	-0.3498	0.9367	0.7898	5.9102	-29.4287	0.0	14	0.0	0.0		3344	0	0
1701894949311	t	playground_test_cue_junkyard_left	0.0	0	0	4.507	769.104	675.84	0.6784	4.9273	729.072	715.52	0.6252	-0.015	-0.3645	0.9311	0.3987	5.9624	-29.4152	0.0	14	0.0	0.0		3344	0	0
1701894949319	t	playground_test_cue_junkyard_left	0.0	0	0	-1.0	760.752	685.12	0.6784	4.9744	719.712	723.68	0.6252	0.0027	-0.4223	0.9064	-30.8985	5.5486	-28.5266	0.0	14	0.0	0.0		3344	0	0
1701894949327	t	playground_test_cue_junkyard_left	0.0	0	0	-1.0	761.04	688.32	0.4934	-1.0	716.1120000000001	724.48	0.496	-1.0	-1.0	-1.0	-1.0	-1.0	-1.0	0.0	14	0.0	0.0		3344	0	0
1701894949334	t	playground_test_cue_junkyard_left	0.0	0	0	-1.0	-1440.0	-1600.0	0.4934	-1.0	706.032	724.96	0.496	-1.0	-1.0	-1.0	-1.0	-1.0	-1.0	0.0	14	0.0	0.0		3344	0	0
1701894949342	t	playground_test_cue_junkyard_left	0.0	0	0	-1.0	-1440.0	-1600.0	0.0	-1.0	799.0559999999999	796.3199999999999	0.18	-1.0	-1.0	-1.0	-1.0	-1.0	-1.0	0.0	14	0.0	0.0		3344	0	0
1701894949352	t	playground_test_cue_junkyard_left	0.0	0	0	-1.0	302.976	872.8	0.0	-1.0	765.072	808.16	0.18	-1.0	-1.0	-1.0	-1.0	-1.0	-1.0	0.0	14	0.0	0.0		3344	0	0
1701894949360	t	playground_test_cue_junkyard_left	0.0	0	0	-1.0	286.56	864.48	0.0	-1.0	751.6800000000001	872.8	0.0	-1.0	-1.0	-1.0	-1.0	-1.0	-1.0	0.0	14	0.0	0.0		3344	0	0
1701894949368	t	playground_test_cue_junkyard_left	0.0	0	0	-1.0	-1440.0	-1600.0	0.0	-1.0	769.248	909.1200000000001	0.0	-1.0	-1.0	-1.0	-1.0	-1.0	-1.0	0.0	14	0.0	0.0		3344	0	0
1701894949376	t	playground_test_cue_junkyard_left	0.0	0	0	-1.0	-1440.0	-1600.0	0.0	-1.0	-1440.0	-1600.0	0.0	-1.0	-1.0	-1.0	-1.0	-1.0	-1.0	0.0	14	0.0	0.0		3344	0	0
1701894949385	t	playground_test_cue_junkyard_left	0.0	0	0	-1.0	530.064	974.08	0.0	-1.0	-1440.0	-1600.0	0.0	-1.0	-1.0	-1.0	-1.0	-1.0	-1.0	0.0	14	0.0	0.0		3344	0	0
1701894949393	t	playground_test_cue_junkyard_left	0.0	0	0	-1.0	591.12	946.4000000000001	0.0	-1.0	-1440.0	-1600.0	0.0	-1.0	-1.0	-1.0	-1.0	-1.0	-1.0	0.0	14	0.0	0.0		3344	0	0
1701894949402	t	playground_test_cue_junkyard_left	0.0	0	0	-1.0	589.104	946.4000000000001	0.0	-1.0	-1440.0	-1600.0	0.0	-1.0	-1.0	-1.0	-1.0	-1.0	-1.0	0.0	14	0.0	0.0		3344	0	0
1701894949409	t	playground_test_cue_junkyard_left	0.0	0	0	-1.0	490.32000000000005	984.4799999999999	0.0	-1.0	-1440.0	-1600.0	0.0	-1.0	-1.0	-1.0	-1.0	-1.0	-1.0	0.0	14	0.0	0.0		3344	0	0
1701894949418	t	playground_test_cue_junkyard_left	0.0	0	0	-1.0	484.99199999999996	966.7199999999999	0.0	-1.0	-1440.0	-1600.0	0.0	-1.0	-1.0	-1.0	-1.0	-1.0	-1.0	0.0	14	0.0	0.0		3344	0	0
1701894949427	t	playground_test_cue_junkyard_left	0.0	0	0	-1.0	534.816	946.4000000000001	0.0	-1.0	444.96	908.0	0.0	-1.0	-1.0	-1.0	-1.0	-1.0	-1.0	0.0	14	0.0	0.0		3344	0	0
1701894949435	t	playground_test_cue_junkyard_left	0.0	0	0	-1.0	457.63200000000006	964.48	0.0	-1.0	422.928	895.68	0.0	-1.0	-1.0	-1.0	-1.0	-1.0	-1.0	0.0	14	0.0	0.0		3344	0	0
1701894949443	t	playground_test_cue_junkyard_left	0.0	0	0	-1.0	418.608	1000.96	0.0	-1.0	663.6959999999999	963.3599999999999	0.0	-1.0	-1.0	-1.0	-1.0	-1.0	-1.0	0.0	14	0.0	0.0		3344	0	0
1701894949451	t	playground_test_cue_junkyard_left	0.0	0	0	-1.0	-1440.0	-1600.0	0.0	-1.0	657.504	954.24	0.0	-1.0	-1.0	-1.0	-1.0	-1.0	-1.0	0.0	14	0.0	0.0		3344	0	0
1701894949460	t	playground_test_cue_junkyard_left	0.0	0	0	-1.0	-1440.0	-1600.0	0.0	-1.0	429.552	853.92	0.0	-1.0	-1.0	-1.0	-1.0	-1.0	-1.0	0.0	14	0.0	0.0		3344	200	MYKEYWORD 200
