Recording timestamp	type	Scene Name	scene_num	order	djv_reported	PupilDiam_Left	Gaze2d_Left.x	Gaze2d_Left.y	left_eye_openness	PupilDiam_Right	Gaze2d_Right.x	Gaze2d_Right.y	right_eye_openness	gaze_direction_x	gaze_direction_y	gaze_direction_z	gaze_origin_x	gaze_origin_y	gaze_origin_z	gaze_convergence_distance	participant	study_status	scene_familiarity	recall_status	Identifier	Event value	Event message
1701717262773	t	cardealership_test_cue_hotel_lobby_right	0.0	0	0	6.3079	673.776	845.92	1.0	6.2148	798.336	868.96	1.0	-0.0354	-0.0492	0.9982	-30.7759	2.866	-34.4257	0.0	3	0.0	0.0		3374	100	MYKEYWORD 100
1701717262782	t	cardealership_test_cue_hotel_lobby_right	0.0	0	0	6.2879	670.464	839.5200000000001	1.0	6.3118	793.8720000000001	861.5999999999999	1.0	-0.0174	-0.0276	0.9995	-31.5735	2.8788	-34.3774	0.0	3	0.0	0.0		3374	0	0
1701717262790	t	cardealership_test_cue_hotel_lobby_right	0.0	0	0	6.2692	670.1759999999999	834.8800000000001	1.0	6.3057	793.7280000000001	859.0400000000001	1.0	-0.0249	-0.0164	0.9995	-31.3931	2.7655	-33.9807	0.0	3	0.0	0.0		3374	0	0
1701717262798	t	cardealership_test_cue_hotel_lobby_right	0.0	0	0	6.3222	668.88	837.5999999999999	1.0	6.3057	791.28	859.52	1.0	-0.0127	-0.0176	0.9998	-30.4636	2.7954	-34.0962	0.0	3	0.0	0.0		3374	0	0
1701717262807	t	cardealership_test_cue_hotel_lobby_right	0.0	0	0	6.3097	669.024	836.32	1.0	6.3098	792.288	859.84	1.0	-0.0124	-0.0148	0.9998	-26.5642	2.838	-34.2733	0.0	3	0.0	0.0		3374	0	0
1701717262815	t	cardealership_test_cue_hotel_lobby_right	0.0	0	0	6.3022	667.008	835.8399999999999	1.0	6.2493	792.8639999999999	860.6400000000001	1.0	-0.0195	-0.0185	0.9996	-30.4614	2.8239	-34.261	0.0	3	0.0	0.0		3374	0	0
1701717262823	t	cardealership_test_cue_hotel_lobby_right	0.0	0	0	6.2871	668.304	836.16	1.0	6.2738	792.288	859.84	1.0	-0.0152	-0.0141	0.9998	-31.168	2.8651	-34.438	0.0	3	0.0	0.0		3374	0	0
1701717262832	t	cardealership_test_cue_hotel_lobby_right	0.0	0	0	6.353	669.312	833.44	1.0	6.257	791.28	859.84	1.0	-0.0089	-0.0115	0.9999	-28.4685	2.8846	-34.5185	0.0	3	0.0	0.0		3374	0	0
1701717262840	t	cardealership_test_cue_hotel_lobby_right	0.0	0	0	6.386	669.024	833.1200000000001	1.0	6.2548	792.144	861.76	1.0	0.0277	0.0068	0.9996	13.2845	2.99	-34.674	0.0	3	0.0	0.0		3374	0	0
1701717262848	t	cardealership_test_cue_hotel_lobby_right	0.0	0	0	6.3348	669.168	833.2800000000001	1.0	6.3177	794.304	859.0400000000001	1.0	0.0312	0.0132	0.9994	20.7313	3.0209	-34.7613	0.0	3	0.0	0.0		3374	0	0
1701717262857	t	cardealership_test_cue_hotel_lobby_right	0.0	0	0	6.3024	668.1600000000001	835.8399999999999	1.0	6.2809	792.432	861.28	1.0	0.032	0.0039	0.9995	16.0833	2.9593	-34.6005	0.0	3	0.0	0.0		3374	0	0
1701717262865	t	cardealership_test_cue_hotel_lobby_right	0.0	0	0	6.3705	668.592	832.64	1.0	6.2656	791.8560000000001	861.5999999999999	1.0	0.0322	0.0165	0.9993	16.5988	2.9331	-34.5599	0.0	3	0.0	0.0		3374	0	0
1701717262873	t	cardealership_test_cue_hotel_lobby_right	0.0	0	0	6.3604	669.024	832.16	1.0	6.2947	792.432	861.76	1.0	0.0363	0.0235	0.9991	21.7463	2.9348	-34.5838	0.0	3	0.0	0.0		3374	0	0
1701717262882	t	cardealership_test_cue_hotel_lobby_right	0.0	0	0	6.212	667.728	832.9599999999999	1.0	6.3254	792.0000000000001	862.72	1.0	0.0497	0.0248	0.9984	28.3514	2.9762	-34.717	0.0	3	0.0	0.0		3374	0	0
1701717262890	t	cardealership_test_cue_hotel_lobby_right	0.0	0	0	6.2487	666.288	833.76	1.0	6.3409	792.144	862.4000000000001	1.0	0.0575	0.0248	0.998	30.8406	3.035	-34.9281	0.0	3	0.0	0.0		3374	0	0
1701717262898	t	cardealership_test_cue_hotel_lobby_right	0.0	0	0	6.2853	665.712	833.1200000000001	1.0	6.3298	793.0079999999999	864.0	1.0	0.0601	0.0327	0.9977	31.2001	2.9527	-34.7166	0.0	3	0.0	0.0		3374	0	0
1701717262907	t	cardealership_test_cue_hotel_lobby_right	0.0	0	0	6.2651	666.576	836.32	1.0	6.3304	794.016	865.9200000000001	1.0	0.0525	0.0182	0.9984	27.6556	3.0019	-34.915	0.0	3	0.0	0.0		3374	0	0
1701717262915	t	cardealership_test_cue_hotel_lobby_right	0.0	0	0	6.3051	670.032	837.5999999999999	1.0	6.2738	790.7040000000001	867.84	1.0	0.0252	0.0079	0.9996	7.9564	2.8507	-34.6026	0.0	3	0.0	0.0		3374	0	0
1701717262923	t	cardealership_test_cue_hotel_lobby_right	0.0	0	0	6.2862	668.736	836.96	1.0	6.252	790.8480000000001	868.3199999999999	1.0	0.0204	0.0067	0.9998	-2.1316	2.7624	-34.4308	0.0	3	0.0	0.0		3374	0	0
1701717262932	t	cardealership_test_cue_hotel_lobby_right	0.0	0	0	6.3225	668.88	836.32	1.0	6.3088	793.5840000000001	868.8000000000001	1.0	0.0147	0.0086	0.9998	-1.9284	2.7598	-34.4389	0.0	3	0.0	0.0		3374	0	0
1701717262940	t	cardealership_test_cue_hotel_lobby_right	0.0	0	0	6.2575	666.288	837.28	1.0	6.2916	793.44	869.12	1.0	0.0246	0.0083	0.9996	2.5385	2.8035	-34.5613	0.0	3	0.0	0.0		3374	0	0
1701717262948	t	cardealership_test_cue_hotel_lobby_right	0.0	0	0	6.2699	666.576	837.12	1.0	6.3136	792.8639999999999	868.96	1.0	0.038	0.0142	0.9992	17.9691	2.9663	-34.9572	0.0	3	0.0	0.0		3374	0	0
1701717262957	t	cardealership_test_cue_hotel_lobby_right	0.0	0	0	6.2684	664.5600000000001	837.4399999999999	1.0	6.2658	794.7359999999999	863.84	1.0	0.0391	0.0144	0.9991	18.6509	3.0428	-35.1773	0.0	3	0.0	0.0		3374	0	0
1701717262965	t	cardealership_test_cue_hotel_lobby_right	0.0	0	0	6.2324	656.208	839.6800000000001	1.0	6.3518	798.48	862.4000000000001	1.0	0.0173	0.0092	0.9998	-4.4952	2.8585	-34.7214	0.0	3	0.0	0.0		3374	0	0
1701717262973	t	cardealership_test_cue_hotel_lobby_right	0.0	0	0	6.01	647.424	845.4399999999999	1.0	6.2956	800.496	863.04	1.0	-0.02	-0.0012	0.9998	-31.9066	2.7124	-34.3014	0.0	3	0.0	0.0		3374	0	0
1701717262981	t	cardealership_test_cue_hotel_lobby_right	0.0	0	0	-1.0	630.144	867.2	1.0	6.1016	799.6320000000001	864.9599999999999	1.0	-0.0175	-0.0316	0.9993	-31.9231	2.9892	-34.9352	0.0	3	0.0	0.0		3374	0	0
1701717262990	t	cardealership_test_cue_hotel_lobby_right	0.0	0	0	-1.0	640.3679999999999	866.08	1.0	5.7833	802.224	868.4799999999999	1.0	-0.0279	-0.085	0.996	-31.9199	3.4125	-35.8199	0.0	3	0.0	0.0		3374	0	0
1701717262997	t	cardealership_test_cue_hotel_lobby_right	0.0	0	0	-1.0	515.232	974.8799999999999	1.0	-1.0	791.28	861.28	1.0	-1.0	-1.0	-1.0	-1.0	-1.0	-1.0	0.0	3	0.0	0.0		3374	0	0
1701717263006	t	cardealership_test_cue_hotel_lobby_right	0.0	0	0	-1.0	514.944	1026.3999999999999	0.4145	-1.0	768.672	881.7600000000001	0.7463	-1.0	-1.0	-1.0	-1.0	-1.0	-1.0	0.0	3	0.0	0.0		3374	0	0
1701717263014	t	cardealership_test_cue_hotel_lobby_right	0.0	0	0	-1.0	586.656	1054.72	0.4145	-1.0	788.256	862.0799999999999	0.7463	-1.0	-1.0	-1.0	-1.0	-1.0	-1.0	0.0	3	0.0	0.0		3374	0	0
1701717263022	t	cardealership_test_cue_hotel_lobby_right	0.0	0	0	-1.0	595.7280000000001	1089.12	0.2594	-1.0	783.936	867.84	0.568	-1.0	-1.0	-1.0	-1.0	-1.0	-1.0	0.0	3	0.0	0.0		3374	0	0
1701717263030	t	cardealership_test_cue_hotel_lobby_right	0.0	0	0	-1.0	227.232	1233.92	0.2594	-1.0	786.384	871.84	0.568	-1.0	-1.0	-1.0	-1.0	-1.0	-1.0	0.0	3	0.0	0.0		3374	0	0
1701717263039	t	cardealership_test_cue_hotel_lobby_right	0.0	0	0	-1.0	232.848	1232.32	0.2151	-1.0	769.824	880.64	0.5336	-1.0	-1.0	-1.0	-1.0	-1.0	-1.0	0.0	3	0.0	0.0		3374	0	0
1701717263047	t	cardealership_test_cue_hotel_lobby_right	0.0	0	0	-1.0	-1440.0	-1600.0	0.2151	-1.0	776.448	872.9599999999999	0.5336	-1.0	-1.0	-1.0	-1.0	-1.0	-1.0	0.0	3	0.0	0.0		3374	0	0
1701717263055	t	cardealership_test_cue_hotel_lobby_right	0.0	0	0	-1.0	-1440.0	-1600.0	0.2699	-1.0	784.9440000000001	858.56	0.5491	-1.0	-1.0	-1.0	-1.0	-1.0	-1.0	0.0	3	0.0	0.0		3374	0	0
1701717263064	t	cardealership_test_cue_hotel_lobby_right	0.0	0	0	-1.0	626.4	876.0	0.2699	-1.0	781.632	864.1600000000001	0.5491	-1.0	-1.0	-1.0	-1.0	-1.0	-1.0	0.0	3	0.0	0.0		3374	0	0
1701717263073	t	cardealership_test_cue_hotel_lobby_right	0.0	0	0	-1.0	630.576	865.1199999999999	0.2925	-1.0	789.84	863.52	0.6488	-1.0	-1.0	-1.0	-1.0	-1.0	-1.0	0.0	3	0.0	0.0		3374	0	0
1701717263081	t	cardealership_test_cue_hotel_lobby_right	0.0	0	0	-1.0	627.264	874.7199999999999	0.2925	-1.0	787.5360000000001	874.08	0.6488	-1.0	-1.0	-1.0	-1.0	-1.0	-1.0	0.0	3	0.0	0.0		3374	0	0
1701717263090	t	cardealership_test_cue_hotel_lobby_right	0.0	0	0	-1.0	636.048	861.76	0.4875	-1.0	788.544	876.16	0.8103	-1.0	-1.0	-1.0	-1.0	-1.0	-1.0	0.0	3	0.0	0.0		3374	0	0
1701717263098	t	cardealership_test_cue_hotel_lobby_right	0.0	0	0	-1.0	646.5600000000001	866.4	0.4875	-1.0	788.8319999999999	884.96	0.8103	-1.0	-1.0	-1.0	-1.0	-1.0	-1.0	0.0	3	0.0	0.0		3374	0	0
1701717263107	t	cardealership_test_cue_hotel_lobby_right	0.0	0	0	-1.0	653.04	866.08	0.7004	6.2116	787.3919999999999	889.7600000000001	0.9433	0.0011	-0.0621	0.9981	-31.7669	2.7596	-35.1612	0.0	3	0.0	0.0		3374	0	0
1701717263115	t	cardealership_test_cue_hotel_lobby_right	0.0	0	0	-1.0	646.2719999999999	870.5600000000001	0.7004	6.286	786.528	894.4000000000001	0.9433	0.0005	-0.0741	0.9972	-31.7482	2.6671	-34.9176	0.0	3	0.0	0.0		3374	0	0
1701717263124	t	cardealership_test_cue_hotel_lobby_right	0.0	0	0	5.9092	646.416	875.84	1.0	6.0878	791.136	901.92	1.0	-0.0155	-0.0843	0.9963	-31.7653	2.6664	-35.2268	0.0	3	0.0	0.0		3374	0	0
1701717263132	t	cardealership_test_cue_hotel_lobby_right	0.0	0	0	6.0588	649.1519999999999	880.1600000000001	1.0	6.0398	787.1039999999999	903.8399999999999	1.0	0.0009	-0.0829	0.9966	-31.7595	2.6462	-35.3042	0.0	3	0.0	0.0		3374	0	0
1701717263140	t	cardealership_test_cue_hotel_lobby_right	0.0	0	0	5.9375	645.984	883.04	1.0	6.2877	787.1039999999999	905.12	1.0	0.0055	-0.0818	0.9966	-28.3261	2.6339	-35.3057	0.0	3	0.0	0.0		3374	0	0
1701717263148	t	cardealership_test_cue_hotel_lobby_right	0.0	0	0	5.9943	644.688	885.76	1.0	6.3196	784.8000000000001	906.24	1.0	0.024	-0.081	0.9964	-24.8315	2.648	-35.4179	0.0	3	0.0	0.0		3374	0	0
1701717263156	t	cardealership_test_cue_hotel_lobby_right	0.0	0	0	5.5933	634.8960000000001	903.2	1.0	6.0777	789.84	908.96	1.0	0.0277	-0.0952	0.9951	-16.0692	2.637	-35.4901	0.0	3	0.0	0.0		3374	0	0
1701717263165	t	cardealership_test_cue_hotel_lobby_right	0.0	0	0	5.6758	629.856	909.44	1.0	6.235	789.264	916.64	1.0	0.0137	-0.1082	0.994	-28.8662	2.5062	-35.184	0.0	3	0.0	0.0		3374	0	0
1701717263173	t	cardealership_test_cue_hotel_lobby_right	0.0	0	0	-1.0	628.848	931.3599999999999	0.7836	6.0729	788.9760000000001	924.3199999999999	0.9588	0.0104	-0.1403	0.9901	-31.8371	2.6127	-35.4946	0.0	3	0.0	0.0		3374	0	0
1701717263180	t	cardealership_test_cue_hotel_lobby_right	0.0	0	0	-1.0	-1440.0	-1600.0	0.7836	-1.0	782.352	916.8	0.9588	-1.0	-1.0	-1.0	-1.0	-1.0	-1.0	0.0	3	0.0	0.0		3374	0	0
1701717263188	t	cardealership_test_cue_hotel_lobby_right	0.0	0	0	-1.0	-1440.0	-1600.0	0.4427	-1.0	787.8240000000001	941.2800000000001	0.6944	-1.0	-1.0	-1.0	-1.0	-1.0	-1.0	0.0	3	0.0	0.0		3374	0	0
1701717263196	t	cardealership_test_cue_hotel_lobby_right	0.0	0	0	-1.0	505.872	1313.6	0.4427	-1.0	732.96	984.16	0.6944	-1.0	-1.0	-1.0	-1.0	-1.0	-1.0	0.0	3	0.0	0.0		3374	0	0
1701717263205	t	cardealership_test_cue_hotel_lobby_right	0.0	0	0	-1.0	560.304	1353.28	0.2884	-1.0	736.1279999999999	1023.1999999999999	0.3547	-1.0	-1.0	-1.0	-1.0	-1.0	-1.0	0.0	3	0.0	0.0		3374	0	0
1701717263213	t	cardealership_test_cue_hotel_lobby_right	0.0	0	0	-1.0	598.896	1396.3200000000002	0.2884	-1.0	706.896	978.5600000000001	0.3547	-1.0	-1.0	-1.0	-1.0	-1.0	-1.0	0.0	3	0.0	0.0		3374	0	0
1701717263220	t	cardealership_test_cue_hotel_lobby_right	0.0	0	0	-1.0	584.784	1328.0	0.2993	-1.0	-1440.0	-1600.0	0.281	-1.0	-1.0	-1.0	-1.0	-1.0	-1.0	0.0	3	0.0	0.0		3374	0	0
1701717263229	t	cardealership_test_cue_hotel_lobby_right	0.0	0	0	-1.0	517.1039999999999	1378.72	0.2993	-1.0	-1440.0	-1600.0	0.281	-1.0	-1.0	-1.0	-1.0	-1.0	-1.0	0.0	3	0.0	0.0		3374	0	0
1701717263238	t	cardealership_test_cue_hotel_lobby_right	0.0	0	0	-1.0	572.832	1209.76	0.2709	-1.0	766.656	990.7199999999999	0.263	-1.0	-1.0	-1.0	-1.0	-1.0	-1.0	0.0	3	0.0	0.0		3374	0	0
1701717263246	t	cardealership_test_cue_hotel_lobby_right	0.0	0	0	-1.0	-1440.0	-1600.0	0.2709	-1.0	761.6160000000001	976.6400000000001	0.263	-1.0	-1.0	-1.0	-1.0	-1.0	-1.0	0.0	3	0.0	0.0		3374	0	0
1701717263255	t	cardealership_test_cue_hotel_lobby_right	0.0	0	0	-1.0	-1440.0	-1600.0	0.2456	-1.0	768.5279999999999	980.48	0.2967	-1.0	-1.0	-1.0	-1.0	-1.0	-1.0	0.0	3	0.0	0.0		3374	0	0
1701717263263	t	cardealership_test_cue_hotel_lobby_right	0.0	0	0	-1.0	546.768	1090.08	0.2456	-1.0	760.32	981.7600000000001	0.2967	-1.0	-1.0	-1.0	-1.0	-1.0	-1.0	0.0	3	0.0	0.0		3374	0	0
1701717263272	t	cardealership_test_cue_hotel_lobby_right	0.0	0	0	-1.0	608.976	1029.92	0.2164	-1.0	765.936	1003.2	0.4231	-1.0	-1.0	-1.0	-1.0	-1.0	-1.0	0.0	3	0.0	0.0		3374	0	0
1701717263281	t	cardealership_test_cue_hotel_lobby_right	0.0	0	0	-1.0	625.392	1010.88	0.2164	-1.0	767.2320000000001	1020.64	0.4231	-1.0	-1.0	-1.0	-1.0	-1.0	-1.0	0.0	3	0.0	0.0		3374	0	0
1701717263289	t	cardealership_test_cue_hotel_lobby_right	0.0	0	0	-1.0	628.416	1032.6399999999999	0.3111	-1.0	769.536	1039.04	0.5682	-1.0	-1.0	-1.0	-1.0	-1.0	-1.0	0.0	3	0.0	0.0		3374	0	0
1701717263297	t	cardealership_test_cue_hotel_lobby_right	0.0	0	0	-1.0	643.6800000000001	1045.76	0.3111	-1.0	771.696	1060.48	0.5682	-1.0	-1.0	-1.0	-1.0	-1.0	-1.0	0.0	3	0.0	0.0		3374	0	0
1701717263306	t	cardealership_test_cue_hotel_lobby_right	0.0	0	0	-1.0	656.208	1054.88	0.4736	-1.0	776.0160000000001	1080.48	0.6864	-1.0	-1.0	-1.0	-1.0	-1.0	-1.0	0.0	3	0.0	0.0		3374	0	0
1701717263314	t	cardealership_test_cue_hotel_lobby_right	0.0	0	0	-1.0	663.12	1077.76	0.4736	-1.0	781.1999999999999	1092.8000000000002	0.6864	-1.0	-1.0	-1.0	-1.0	-1.0	-1.0	0.0	3	0.0	0.0		3374	0	0
1701717263323	t	cardealership_test_cue_hotel_lobby_right	0.0	0	0	-1.0	668.016	1100.48	0.5847	6.1761	785.9519999999999	1117.6	0.7728	-0.0176	-0.4208	0.907	-31.6389	0.599	-35.2392	0.0	3	0.0	0.0		3374	0	0
1701717263332	t	cardealership_test_cue_hotel_lobby_right	0.0	0	0	-1.0	674.64	1118.5600000000002	0.5847	6.1757	788.688	1130.4	0.7728	-0.0338	-0.4201	0.9068	-31.6153	0.4073	-35.3116	0.0	3	0.0	0.0		3374	0	0
1701717263340	t	cardealership_test_cue_hotel_lobby_right	0.0	0	0	-1.0	673.9200000000001	1132.16	0.7003	6.3317	786.24	1145.6	0.7927	-0.0255	-0.4421	0.8966	-31.5983	0.2867	-35.3704	0.0	3	0.0	0.0		3374	0	0
1701717263348	t	cardealership_test_cue_hotel_lobby_right	0.0	0	0	5.9072	678.9599999999999	1141.92	0.7003	6.1951	785.9519999999999	1151.68	0.7927	0.0075	-0.4877	0.873	21.0739	0.644	-36.0457	0.0	3	0.0	0.0		3374	0	0
1701717263356	t	cardealership_test_cue_hotel_lobby_right	0.0	0	0	5.979	671.76	1140.48	0.7588	6.1734	787.1039999999999	1151.68	0.8045	0.0167	-0.4756	0.8795	14.7619	0.5751	-35.9786	0.0	3	0.0	0.0		3374	0	0
1701717263364	t	cardealership_test_cue_hotel_lobby_right	0.0	0	0	5.8684	669.888	1148.16	0.7588	6.1578	787.5360000000001	1151.04	0.8045	0.0097	-0.4848	0.8746	7.8769	0.5224	-35.9025	0.0	3	0.0	0.0		3374	0	0
1701717263372	t	cardealership_test_cue_hotel_lobby_right	0.0	0	0	5.9965	667.2959999999999	1137.44	0.7885	6.2265	787.6800000000001	1155.2	0.8291	-0.0037	-0.4644	0.8856	-11.1189	0.3763	-35.6583	0.0	3	0.0	0.0		3374	0	0
1701717263381	t	cardealership_test_cue_hotel_lobby_right	0.0	0	0	5.8885	665.856	1140.8	0.7885	6.2062	789.408	1154.24	0.8291	-0.0018	-0.4662	0.8847	-7.7039	0.3981	-35.7058	0.0	3	0.0	0.0		3374	0	0
1701717263389	t	cardealership_test_cue_hotel_lobby_right	0.0	0	0	6.0168	666.0	1134.56	0.7932	6.2504	787.6800000000001	1153.6	0.8291	0.0072	-0.4573	0.8893	-3.9573	0.4182	-35.7492	0.0	3	0.0	0.0		3374	0	0
1701717263398	t	cardealership_test_cue_hotel_lobby_right	0.0	0	0	5.9638	667.872	1135.04	0.7932	6.1598	788.8319999999999	1155.52	0.8291	0.0001	-0.4618	0.8869	-3.2843	0.4237	-35.7584	0.0	3	0.0	0.0		3374	0	0
1701717263406	t	cardealership_test_cue_hotel_lobby_right	0.0	0	0	5.9141	668.736	1137.12	0.822	6.1944	790.2719999999999	1152.8	0.843	-0.0065	-0.4569	0.8895	-5.289	0.3993	-35.7351	0.0	3	0.0	0.0		3374	0	0
1701717263414	t	cardealership_test_cue_hotel_lobby_right	0.0	0	0	5.9314	667.008	1141.6000000000001	0.822	6.2597	791.28	1153.44	0.843	-0.0076	-0.4617	0.887	-8.5527	0.3754	-35.698	0.0	3	0.0	0.0		3374	0	0
1701717263423	t	cardealership_test_cue_hotel_lobby_right	0.0	0	0	5.8474	669.6	1143.04	0.8562	6.2098	790.1279999999999	1152.32	0.8631	-0.0035	-0.4593	0.8883	-5.5971	0.3765	-35.7397	0.0	3	0.0	0.0		3374	0	0
1701717263431	t	cardealership_test_cue_hotel_lobby_right	0.0	0	0	5.955	666.72	1140.8	0.8562	6.2743	791.424	1153.6	0.8631	0.0036	-0.4549	0.8905	-2.628	0.3745	-35.7878	0.0	3	0.0	0.0		3374	0	0
1701717263439	t	cardealership_test_cue_hotel_lobby_right	0.0	0	0	5.8604	669.6	1145.76	0.8866	6.1991	795.024	1155.2	0.8758	-0.0049	-0.4603	0.8877	-0.9205	0.3647	-35.8247	0.0	3	0.0	0.0		3374	0	0
1701717263448	t	cardealership_test_cue_hotel_lobby_right	0.0	0	0	5.9465	666.864	1145.28	0.8866	6.2415	795.024	1156.8	0.8758	0.0014	-0.4534	0.8913	-1.0508	0.323	-35.8383	0.0	3	0.0	0.0		3374	0	0
1701717263456	t	cardealership_test_cue_hotel_lobby_right	0.0	0	0	6.0627	666.72	1146.72	0.9049	6.1952	795.456	1163.6799999999998	0.8936	0.0031	-0.4578	0.889	-0.2738	0.2852	-35.8677	0.0	3	0.0	0.0		3374	0	0
1701717263464	t	cardealership_test_cue_hotel_lobby_right	0.0	0	0	5.9685	667.872	1154.24	0.9049	6.2503	796.464	1163.6799999999998	0.8936	0.0011	-0.4582	0.8888	-1.6068	0.2303	-35.8725	0.0	3	0.0	0.0		3374	0	0
1701717263473	t	cardealership_test_cue_hotel_lobby_right	0.0	0	0	6.0272	667.728	1154.72	0.926	6.2173	798.336	1173.12	0.9049	0.0032	-0.4647	0.8855	2.0927	0.2084	-35.9455	0.0	3	0.0	0.0		3374	0	0
1701717263481	t	cardealership_test_cue_hotel_lobby_right	0.0	0	0	6.088	671.184	1155.04	0.926	6.2926	798.7679999999999	1174.4	0.9049	0.0003	-0.458	0.8889	4.291	0.1778	-35.9845	0.0	3	0.0	0.0		3374	0	0
1701717263489	t	cardealership_test_cue_hotel_lobby_right	0.0	0	0	5.9791	670.464	1157.44	0.9417	6.107	800.352	1176.1599999999999	0.9189	0.0025	-0.4567	0.8896	5.721	0.1494	-36.0203	0.0	3	0.0	0.0		3374	0	0
1701717263498	t	cardealership_test_cue_hotel_lobby_right	0.0	0	0	6.0275	671.904	1160.0	0.9417	6.1481	802.08	1181.6000000000001	0.9189	-0.0003	-0.465	0.8853	5.7646	0.1372	-36.0301	0.0	3	0.0	0.0		3374	0	0
1701717263506	t	cardealership_test_cue_hotel_lobby_right	0.0	0	0	5.9178	668.1600000000001	1168.1599999999999	0.9438	6.1384	804.384	1184.8000000000002	0.9104	0.0069	-0.4817	0.8763	6.7226	0.1362	-36.0554	0.0	3	0.0	0.0		3374	0	0
1701717263514	t	cardealership_test_cue_hotel_lobby_right	0.0	0	0	5.9859	666.576	1162.88	0.9438	5.9888	807.984	1188.8	0.9104	-0.0012	-0.4802	0.8772	4.0486	0.1315	-36.0226	0.0	3	0.0	0.0		3374	0	0
1701717263522	t	cardealership_test_cue_hotel_lobby_right	0.0	0	0	-1.0	678.384	1150.88	0.8421	6.0098	807.264	1190.08	0.8405	-0.0331	-0.4874	0.8725	-31.9554	-0.1345	-35.6019	0.0	3	0.0	0.0		3374	0	0
1701717263530	t	cardealership_test_cue_hotel_lobby_right	0.0	0	0	-1.0	624.384	1292.16	0.8421	-1.0	801.6479999999999	1209.44	0.8405	-1.0	-1.0	-1.0	-1.0	-1.0	-1.0	0.0	3	0.0	0.0		3374	0	0
1701717263538	t	cardealership_test_cue_hotel_lobby_right	0.0	0	0	-1.0	672.336	1415.1999999999998	0.3763	-1.0	789.264	1230.0800000000002	0.5042	-1.0	-1.0	-1.0	-1.0	-1.0	-1.0	0.0	3	0.0	0.0		3374	0	0
1701717263545	t	cardealership_test_cue_hotel_lobby_right	0.0	0	0	-1.0	-1440.0	-1600.0	0.3763	-1.0	791.8560000000001	1292.16	0.5042	-1.0	-1.0	-1.0	-1.0	-1.0	-1.0	0.0	3	0.0	0.0		3374	0	0
1701717263553	t	cardealership_test_cue_hotel_lobby_right	0.0	0	0	-1.0	-1440.0	-1600.0	0.1936	-1.0	-1440.0	-1600.0	0.2018	-1.0	-1.0	-1.0	-1.0	-1.0	-1.0	0.0	3	0.0	0.0		3374	0	0
1701717263562	t	cardealership_test_cue_hotel_lobby_right	0.0	0	0	-1.0	-1440.0	-1600.0	0.1936	-1.0	-1440.0	-1600.0	0.2018	-1.0	-1.0	-1.0	-1.0	-1.0	-1.0	0.0	3	0.0	0.0		3374	0	0
1701717263570	t	cardealership_test_cue_hotel_lobby_right	0.0	0	0	-1.0	-1440.0	-1600.0	0.1541	-1.0	-1440.0	-1600.0	0.1435	-1.0	-1.0	-1.0	-1.0	-1.0	-1.0	0.0	3	0.0	0.0		3374	0	0
1701717263578	t	cardealership_test_cue_hotel_lobby_right	0.0	0	0	-1.0	-1440.0	-1600.0	0.1541	-1.0	-1440.0	-1600.0	0.1435	-1.0	-1.0	-1.0	-1.0	-1.0	-1.0	0.0	3	0.0	0.0		3374	0	0
1701717263587	t	cardealership_test_cue_hotel_lobby_right	0.0	0	0	-1.0	-1440.0	-1600.0	0.1735	-1.0	-1440.0	-1600.0	0.1656	-1.0	-1.0	-1.0	-1.0	-1.0	-1.0	0.0	3	0.0	0.0		3374	0	0
1701717263595	t	cardealership_test_cue_hotel_lobby_right	0.0	0	0	-1.0	-1440.0	-1600.0	0.1735	-1.0	-1440.0	-1600.0	0.1656	-1.0	-1.0	-1.0	-1.0	-1.0	-1.0	0.0	3	0.0	0.0		3374	0	0
1701717263604	t	cardealership_test_cue_hotel_lobby_right	0.0	0	0	-1.0	-1440.0	-1600.0	0.1794	-1.0	-1440.0	-1600.0	0.1585	-1.0	-1.0	-1.0	-1.0	-1.0	-1.0	0.0	3	0.0	0.0		3374	0	0
1701717263612	t	cardealership_test_cue_hotel_lobby_right	0.0	0	0	-1.0	-1440.0	-1600.0	0.1794	-1.0	-1440.0	-1600.0	0.1585	-1.0	-1.0	-1.0	-1.0	-1.0	-1.0	0.0	3	0.0	0.0		3374	0	0
1701717263620	t	cardealership_test_cue_hotel_lobby_right	0.0	0	0	-1.0	-1440.0	-1600.0	0.1867	-1.0	-1440.0	-1600.0	0.1499	-1.0	-1.0	-1.0	-1.0	-1.0	-1.0	0.0	3	0.0	0.0		3374	0	0
1701717263628	t	cardealership_test_cue_hotel_lobby_right	0.0	0	0	-1.0	-1440.0	-1600.0	0.1867	-1.0	-1440.0	-1600.0	0.1499	-1.0	-1.0	-1.0	-1.0	-1.0	-1.0	0.0	3	0.0	0.0		3374	0	0
1701717263637	t	cardealership_test_cue_hotel_lobby_right	0.0	0	0	-1.0	-1440.0	-1600.0	0.1842	-1.0	-1440.0	-1600.0	0.1596	-1.0	-1.0	-1.0	-1.0	-1.0	-1.0	0.0	3	0.0	0.0		3374	0	0
1701717263645	t	cardealership_test_cue_hotel_lobby_right	0.0	0	0	-1.0	-1440.0	-1600.0	0.1842	-1.0	-1440.0	-1600.0	0.1596	-1.0	-1.0	-1.0	-1.0	-1.0	-1.0	0.0	3	0.0	0.0		3374	0	0
1701717263653	t	cardealership_test_cue_hotel_lobby_right	0.0	0	0	-1.0	-1440.0	-1600.0	0.1864	-1.0	-1440.0	-1600.0	0.1613	-1.0	-1.0	-1.0	-1.0	-1.0	-1.0	0.0	3	0.0	0.0		3374	0	0
1701717263662	t	cardealership_test_cue_hotel_lobby_right	0.0	0	0	-1.0	-1440.0	-1600.0	0.1864	-1.0	-1440.0	-1600.0	0.1613	-1.0	-1.0	-1.0	-1.0	-1.0	-1.0	0.0	3	0.0	0.0		3374	0	0
1701717263670	t	cardealership_test_cue_hotel_lobby_right	0.0	0	0	-1.0	-1440.0	-1600.0	0.194	-1.0	-1440.0	-1600.0	0.1712	-1.0	-1.0	-1.0	-1.0	-1.0	-1.0	0.0	3	0.0	0.0		3374	0	0
1701717263678	t	cardealership_test_cue_hotel_lobby_right	0.0	0	0	-1.0	-1440.0	-1600.0	0.194	-1.0	-1440.0	-1600.0	0.1712	-1.0	-1.0	-1.0	-1.0	-1.0	-1.0	0.0	3	0.0	0.0		3374	0	0
1701717263687	t	cardealership_test_cue_hotel_lobby_right	0.0	0	0	-1.0	-1440.0	-1600.0	0.1824	-1.0	-1440.0	-1600.0	0.1596	-1.0	-1.0	-1.0	-1.0	-1.0	-1.0	0.0	3	0.0	0.0		3374	0	0
1701717263695	t	cardealership_test_cue_hotel_lobby_right	0.0	0	0	-1.0	-1440.0	-1600.0	0.1824	-1.0	-1440.0	-1600.0	0.1596	-1.0	-1.0	-1.0	-1.0	-1.0	-1.0	0.0	3	0.0	0.0		3374	0	0
1701717263704	t	cardealership_test_cue_hotel_lobby_right	0.0	0	0	-1.0	-1440.0	-1600.0	0.1928	-1.0	-1440.0	-1600.0	0.172	-1.0	-1.0	-1.0	-1.0	-1.0	-1.0	0.0	3	0.0	0.0		3374	0	0
1701717263712	t	cardealership_test_cue_hotel_lobby_right	0.0	0	0	-1.0	-1440.0	-1600.0	0.1928	-1.0	-1440.0	-1600.0	0.172	-1.0	-1.0	-1.0	-1.0	-1.0	-1.0	0.0	3	0.0	0.0		3374	0	0
1701717263720	t	cardealership_test_cue_hotel_lobby_right	0.0	0	0	-1.0	-1440.0	-1600.0	0.1537	-1.0	-1440.0	-1600.0	0.1364	-1.0	-1.0	-1.0	-1.0	-1.0	-1.0	0.0	3	0.0	0.0		3374	0	0
1701717263728	t	cardealership_test_cue_hotel_lobby_right	0.0	0	0	-1.0	-1440.0	-1600.0	0.1537	-1.0	-1440.0	-1600.0	0.1364	-1.0	-1.0	-1.0	-1.0	-1.0	-1.0	0.0	3	0.0	0.0		3374	0	0
1701717263737	t	cardealership_test_cue_hotel_lobby_right	0.0	0	0	-1.0	-1440.0	-1600.0	0.1123	-1.0	816.768	1170.88	0.1097	-1.0	-1.0	-1.0	-1.0	-1.0	-1.0	0.0	3	0.0	0.0		3374	0	0
1701717263746	t	cardealership_test_cue_hotel_lobby_right	0.0	0	0	-1.0	-1440.0	-1600.0	0.0349	-1.0	816.624	1171.36	0.1097	-1.0	-1.0	-1.0	-1.0	-1.0	-1.0	0.0	3	0.0	0.0		3374	0	0
1701717263754	t	cardealership_test_cue_hotel_lobby_right	0.0	0	0	-1.0	-1440.0	-1600.0	0.0934	-1.0	807.408	1154.4	0.2797	-1.0	-1.0	-1.0	-1.0	-1.0	-1.0	0.0	3	0.0	0.0		3374	0	0
1701717263763	t	cardealership_test_cue_hotel_lobby_right	0.0	0	0	-1.0	622.3679999999999	1227.52	0.0934	-1.0	805.248	1152.48	0.0998	-1.0	-1.0	-1.0	-1.0	-1.0	-1.0	0.0	3	0.0	0.0		3374	0	0
1701717263772	t	cardealership_test_cue_hotel_lobby_right	0.0	0	0	-1.0	651.024	1182.08	0.1761	-1.0	799.6320000000001	1151.84	0.2207	-1.0	-1.0	-1.0	-1.0	-1.0	-1.0	0.0	3	0.0	0.0		3374	0	0
1701717263780	t	cardealership_test_cue_hotel_lobby_right	0.0	0	0	-1.0	644.2560000000001	1135.04	0.1761	-1.0	802.944	1160.1599999999999	0.2207	-1.0	-1.0	-1.0	-1.0	-1.0	-1.0	0.0	3	0.0	0.0		3374	0	0
1701717263789	t	cardealership_test_cue_hotel_lobby_right	0.0	0	0	-1.0	640.3679999999999	1146.0800000000002	0.2624	-1.0	798.7679999999999	1153.28	0.3602	-1.0	-1.0	-1.0	-1.0	-1.0	-1.0	0.0	3	0.0	0.0		3374	0	0
1701717263797	t	cardealership_test_cue_hotel_lobby_right	0.0	0	0	-1.0	648.144	1135.84	0.2624	-1.0	797.328	1158.08	0.3602	-1.0	-1.0	-1.0	-1.0	-1.0	-1.0	0.0	3	0.0	0.0		3374	0	0
1701717263806	t	cardealership_test_cue_hotel_lobby_right	0.0	0	0	-1.0	642.384	1148.8	0.3656	-1.0	796.896	1157.44	0.464	-1.0	-1.0	-1.0	-1.0	-1.0	-1.0	0.0	3	0.0	0.0		3374	0	0
1701717263814	t	cardealership_test_cue_hotel_lobby_right	0.0	0	0	-1.0	654.48	1121.12	0.3656	-1.0	793.8720000000001	1158.88	0.464	-1.0	-1.0	-1.0	-1.0	-1.0	-1.0	0.0	3	0.0	0.0		3374	0	0
1701717263823	t	cardealership_test_cue_hotel_lobby_right	0.0	0	0	-1.0	650.16	1119.2	0.439	-1.0	791.424	1167.52	0.5183	-1.0	-1.0	-1.0	-1.0	-1.0	-1.0	0.0	3	0.0	0.0		3374	0	0
1701717263831	t	cardealership_test_cue_hotel_lobby_right	0.0	0	0	-1.0	641.952	1156.0	0.439	-1.0	790.416	1169.44	0.5183	-1.0	-1.0	-1.0	-1.0	-1.0	-1.0	0.0	3	0.0	0.0		3374	0	0
1701717263839	t	cardealership_test_cue_hotel_lobby_right	0.0	0	0	-1.0	648.432	1149.92	0.4896	-1.0	791.424	1172.48	0.566	-1.0	-1.0	-1.0	-1.0	-1.0	-1.0	0.0	3	0.0	0.0		3374	0	0
1701717263847	t	cardealership_test_cue_hotel_lobby_right	0.0	0	0	-1.0	625.824	1238.0800000000002	0.4896	-1.0	790.2719999999999	1172.8	0.566	-1.0	-1.0	-1.0	-1.0	-1.0	-1.0	0.0	3	0.0	0.0		3374	0	0
1701717263855	t	cardealership_test_cue_hotel_lobby_right	0.0	0	0	-1.0	590.256	1417.44	0.4166	-1.0	793.5840000000001	1205.92	0.4648	-1.0	-1.0	-1.0	-1.0	-1.0	-1.0	0.0	3	0.0	0.0		3374	0	0
1701717263862	t	cardealership_test_cue_hotel_lobby_right	0.0	0	0	-1.0	-1440.0	-1600.0	0.4166	-1.0	803.088	1294.88	0.4648	-1.0	-1.0	-1.0	-1.0	-1.0	-1.0	0.0	3	0.0	0.0		3374	0	0
1701717263870	t	cardealership_test_cue_hotel_lobby_right	0.0	0	0	-1.0	-1440.0	-1600.0	0.1777	-1.0	-1440.0	-1600.0	0.1566	-1.0	-1.0	-1.0	-1.0	-1.0	-1.0	0.0	3	0.0	0.0		3374	0	0
1701717263879	t	cardealership_test_cue_hotel_lobby_right	0.0	0	0	-1.0	-1440.0	-1600.0	0.1777	-1.0	-1440.0	-1600.0	0.1566	-1.0	-1.0	-1.0	-1.0	-1.0	-1.0	0.0	3	0.0	0.0		3374	0	0
1701717263887	t	cardealership_test_cue_hotel_lobby_right	0.0	0	0	-1.0	-1440.0	-1600.0	0.1506	-1.0	-1440.0	-1600.0	0.0	-1.0	-1.0	-1.0	-1.0	-1.0	-1.0	0.0	3	0.0	0.0		3374	0	0
1701717263895	t	cardealership_test_cue_hotel_lobby_right	0.0	0	0	-1.0	-1440.0	-1600.0	0.1506	-1.0	-1440.0	-1600.0	0.0	-1.0	-1.0	-1.0	-1.0	-1.0	-1.0	0.0	3	0.0	0.0		3374	0	0
1701717263903	t	cardealership_test_cue_hotel_lobby_right	0.0	0	0	-1.0	-1440.0	-1600.0	0.0	-1.0	-1440.0	-1600.0	0.0	-1.0	-1.0	-1.0	-1.0	-1.0	-1.0	0.0	3	0.0	0.0		3374	0	0
1701717263912	t	cardealership_test_cue_hotel_lobby_right	0.0	0	0	-1.0	-1440.0	-1600.0	0.0	-1.0	-1440.0	-1600.0	0.0	-1.0	-1.0	-1.0	-1.0	-1.0	-1.0	0.0	3	0.0	0.0		3374	0	0
1701717263920	t	cardealership_test_cue_hotel_lobby_right	0.0	0	0	-1.0	-1440.0	-1600.0	0.0	-1.0	-1440.0	-1600.0	0.0	-1.0	-1.0	-1.0	-1.0	-1.0	-1.0	0.0	3	0.0	0.0		3374	0	0
1701717263928	t	cardealership_test_cue_hotel_lobby_right	0.0	0	0	-1.0	-1440.0	-1600.0	0.0	-1.0	-1440.0	-1600.0	0.0	-1.0	-1.0	-1.0	-1.0	-1.0	-1.0	0.0	3	0.0	0.0		3374	0	0
1701717263937	t	cardealership_test_cue_hotel_lobby_right	0.0	0	0	-1.0	-1440.0	-1600.0	0.0	-1.0	-1440.0	-1600.0	0.0	-1.0	-1.0	-1.0	-1.0	-1.0	-1.0	0.0	3	0.0	0.0		3374	0	0
1701717263945	t	cardealership_test_cue_hotel_lobby_right	0.0	0	0	-1.0	-1440.0	-1600.0	0.0	-1.0	-1440.0	-1600.0	0.0	-1.0	-1.0	-1.0	-1.0	-1.0	-1.0	0.0	3	0.0	0.0		3374	0	0
1701717263954	t	cardealership_test_cue_hotel_lobby_right	0.0	0	0	-1.0	-1440.0	-1600.0	0.0	-1.0	814.896	1432.48	0.0	-1.0	-1.0	-1.0	-1.0	-1.0	-1.0	0.0	3	0.0	0.0		3374	0	0
1701717263962	t	cardealership_test_cue_hotel_lobby_right	0.0	0	0	-1.0	-1440.0	-1600.0	0.0	-1.0	803.088	1306.56	0.0	-1.0	-1.0	-1.0	-1.0	-1.0	-1.0	0.0	3	0.0	0.0		3374	0	0
1701717263971	t	cardealership_test_cue_hotel_lobby_right	0.0	0	0	-1.0	-1440.0	-1600.0	0.0	-1.0	817.2	1283.3600000000001	0.0	-1.0	-1.0	-1.0	-1.0	-1.0	-1.0	0.0	3	0.0	0.0		3374	0	0
1701717263980	t	cardealership_test_cue_hotel_lobby_right	0.0	0	0	-1.0	617.76	1419.68	0.0	-1.0	817.3439999999999	1277.44	0.0	-1.0	-1.0	-1.0	-1.0	-1.0	-1.0	0.0	3	0.0	0.0		3374	0	0
1701717263988	t	cardealership_test_cue_hotel_lobby_right	0.0	0	0	-1.0	626.4	1339.68	0.0	-1.0	807.984	1272.64	0.0	-1.0	-1.0	-1.0	-1.0	-1.0	-1.0	0.0	3	0.0	0.0		3374	0	0
1701717263997	t	cardealership_test_cue_hotel_lobby_right	0.0	0	0	-1.0	625.2479999999999	1291.2	0.0	-1.0	803.808	1264.6399999999999	0.0	-1.0	-1.0	-1.0	-1.0	-1.0	-1.0	0.0	3	0.0	0.0		3374	0	0
1701717264005	t	cardealership_test_cue_hotel_lobby_right	0.0	0	0	-1.0	635.904	1277.44	0.0	-1.0	798.336	1258.3999999999999	0.0	-1.0	-1.0	-1.0	-1.0	-1.0	-1.0	0.0	3	0.0	0.0		3374	0	0
1701717264014	t	cardealership_test_cue_hotel_lobby_right	0.0	0	0	-1.0	641.088	1266.8799999999999	0.0	-1.0	796.6080000000001	1258.24	0.0	-1.0	-1.0	-1.0	-1.0	-1.0	-1.0	0.0	3	0.0	0.0		3374	0	0
1701717264023	t	cardealership_test_cue_hotel_lobby_right	0.0	0	0	-1.0	647.568	1270.72	0.0	-1.0	797.04	1261.9199999999998	0.0	-1.0	-1.0	-1.0	-1.0	-1.0	-1.0	0.0	3	0.0	0.0		3374	0	0
1701717264031	t	cardealership_test_cue_hotel_lobby_right	0.0	0	0	-1.0	643.6800000000001	1268.8	0.0	-1.0	799.2	1268.0	0.0	-1.0	-1.0	-1.0	-1.0	-1.0	-1.0	0.0	3	0.0	0.0		3374	0	0
1701717264039	t	cardealership_test_cue_hotel_lobby_right	0.0	0	0	-1.0	642.816	1268.96	0.0	-1.0	799.6320000000001	1271.8400000000001	0.0	-1.0	-1.0	-1.0	-1.0	-1.0	-1.0	0.0	3	0.0	0.0		3374	0	0
1701717264048	t	cardealership_test_cue_hotel_lobby_right	0.0	0	0	-1.0	646.848	1263.52	0.0	-1.0	795.456	1258.88	0.0	-1.0	-1.0	-1.0	-1.0	-1.0	-1.0	0.0	3	0.0	0.0		3374	0	0
1701717264056	t	cardealership_test_cue_hotel_lobby_right	0.0	0	0	-1.0	646.1279999999999	1262.56	0.0	-1.0	792.288	1260.1599999999999	0.0	-1.0	-1.0	-1.0	-1.0	-1.0	-1.0	0.0	3	0.0	0.0		3374	0	0
1701717264065	t	cardealership_test_cue_hotel_lobby_right	0.0	0	0	-1.0	648.0	1268.1599999999999	0.0	5.9763	790.5600000000001	1260.1599999999999	0.0	-0.0464	-0.4016	0.9146	-31.5615	-1.5136	-36.196	0.0	3	0.0	0.0		3374	0	0
1701717264073	t	cardealership_test_cue_hotel_lobby_right	0.0	0	0	-1.0	644.2560000000001	1253.28	0.0	6.052	790.5600000000001	1258.88	0.0	-0.0492	-0.3919	0.9187	-31.5492	-1.5359	-36.2031	0.0	3	0.0	0.0		3374	0	0
1701717264082	t	cardealership_test_cue_hotel_lobby_right	0.0	0	0	6.0632	645.696	1257.2800000000002	0.0	5.998	792.144	1260.48	0.0	-0.006	-0.5453	0.8382	-31.6673	-0.836	-35.974	0.0	3	0.0	0.0		3374	0	0
1701717264090	t	cardealership_test_cue_hotel_lobby_right	0.0	0	0	5.988	644.544	1253.44	0.0	6.103	789.264	1254.0800000000002	0.0	-0.0458	-0.3741	0.9263	-30.136	-1.5529	-36.213	0.0	3	0.0	0.0		3374	0	0
1701717264097	t	cardealership_test_cue_hotel_lobby_right	0.0	0	0	5.9631	645.84	1253.6	0.0	6.1395	790.416	1259.04	0.0	-0.0004	-0.5146	0.8574	-15.4223	-0.9127	-36.2409	0.0	3	0.0	0.0		3374	0	0
1701717264106	t	cardealership_test_cue_hotel_lobby_right	0.0	0	0	6.0423	646.2719999999999	1250.3999999999999	0.0	6.1526	789.552	1255.2	0.0	0.0024	-0.4821	0.8761	-2.357	-0.9761	-36.4616	0.0	3	0.0	0.0		3374	0	0
1701717264114	t	cardealership_test_cue_hotel_lobby_right	0.0	0	0	5.9757	647.424	1256.48	0.7328	6.1315	789.84	1256.48	0.6686	0.0021	-0.4699	0.8827	15.1249	-1.0349	-36.7749	0.0	3	0.0	0.0		3374	0	0
1701717264123	t	cardealership_test_cue_hotel_lobby_right	0.0	0	0	6.0969	646.2719999999999	1248.0	0.7872	6.1084	788.688	1257.2800000000002	0.7088	0.0089	-0.4414	0.8973	23.7693	-1.0539	-36.9002	0.0	3	0.0	0.0		3374	0	0
1701717264132	t	cardealership_test_cue_hotel_lobby_right	0.0	0	0	6.018	646.992	1247.68	0.7872	6.11	788.112	1254.24	0.7088	0.0087	-0.4402	0.8978	26.5885	-1.0393	-36.9392	0.0	3	0.0	0.0		3374	0	0
1701717264140	t	cardealership_test_cue_hotel_lobby_right	0.0	0	0	6.0148	646.992	1245.76	0.8227	5.9562	796.32	1255.68	0.7276	0.0066	-0.4468	0.8946	24.057	-0.9968	-36.8817	0.0	3	0.0	0.0		3374	0	0
1701717264148	t	cardealership_test_cue_hotel_lobby_right	0.0	0	0	5.9829	646.704	1239.2	0.8227	6.0	790.2719999999999	1250.88	0.7276	0.0113	-0.4459	0.895	17.5059	-0.9517	-36.7462	0.0	3	0.0	0.0		3374	0	0
1701717264157	t	cardealership_test_cue_hotel_lobby_right	0.0	0	0	6.0346	647.1360000000001	1233.28	0.8237	6.1065	790.2719999999999	1247.2	0.7372	0.0103	-0.4622	0.8867	6.0132	-0.8644	-36.5221	0.0	3	0.0	0.0		3374	0	0
1701717264165	t	cardealership_test_cue_hotel_lobby_right	0.0	0	0	5.9043	648.864	1232.16	0.8237	5.9178	789.408	1241.12	0.7372	0.0086	-0.466	0.8848	4.833	-0.8119	-36.4774	0.0	3	0.0	0.0		3374	0	0
1701717264173	t	cardealership_test_cue_hotel_lobby_right	0.0	0	0	6.0307	646.1279999999999	1224.9599999999998	0.7968	5.971	790.1279999999999	1230.4	0.7419	-0.0191	-0.3781	0.9256	-7.608	-1.144	-36.3574	0.0	3	0.0	0.0		3374	0	0
1701717264181	t	cardealership_test_cue_hotel_lobby_right	0.0	0	0	6.0986	651.168	1219.36	0.7968	6.0427	790.8480000000001	1224.48	0.7419	-0.0286	-0.3716	0.928	-10.6122	-1.1043	-36.2797	0.0	3	0.0	0.0		3374	0	0
1701717264189	t	cardealership_test_cue_hotel_lobby_right	0.0	0	0	5.9635	650.16	1224.16	0.7934	6.048	792.288	1221.44	0.7256	-0.0306	-0.3802	0.9244	-12.4076	-1.0589	-36.2337	0.0	3	0.0	0.0		3374	0	0
1701717264197	t	cardealership_test_cue_hotel_lobby_right	0.0	0	0	5.956	653.184	1218.5600000000002	0.7953	6.0287	792.144	1216.8	0.7283	-0.0318	-0.3757	0.9262	-12.1709	-1.0117	-36.2144	0.0	3	0.0	0.0		3374	0	0
1701717264206	t	cardealership_test_cue_hotel_lobby_right	0.0	0	0	5.9681	653.328	1200.32	0.8038	6.0449	793.2959999999999	1216.16	0.7369	-0.0326	-0.3705	0.9282	-13.1307	-0.9613	-36.1672	0.0	3	0.0	0.0		3374	0	0
1701717264214	t	cardealership_test_cue_hotel_lobby_right	0.0	0	0	5.8922	651.168	1205.12	0.8038	5.8975	793.8720000000001	1205.92	0.7369	-0.0302	-0.3667	0.9298	-11.4069	-0.8919	-36.1614	0.0	3	0.0	0.0		3374	0	0
1701717264222	t	cardealership_test_cue_hotel_lobby_right	0.0	0	0	5.8055	643.5360000000001	1203.36	0.8445	5.991	785.232	1197.76	0.7762	-0.0143	-0.3787	0.9254	-7.3987	-0.7473	-36.1621	0.0	3	0.0	0.0		3374	0	0
1701717264230	t	cardealership_test_cue_hotel_lobby_right	0.0	0	0	5.4629	618.912	1183.04	0.8445	6.1293	757.44	1174.24	0.7762	0.0612	-0.3617	0.9303	4.6941	-0.5056	-36.2498	0.0	3	0.0	0.0		3374	0	0
1701717264240	t	cardealership_test_cue_hotel_lobby_right	0.0	0	0	5.6968	586.224	1163.8400000000001	0.8171	6.0011	725.616	1150.72	0.7809	0.1321	-0.3313	0.9342	8.0854	-0.3236	-36.2474	0.0	3	0.0	0.0		3374	0	0
1701717264248	t	cardealership_test_cue_hotel_lobby_right	0.0	0	0	5.6081	556.5600000000001	1134.72	0.8171	6.1108	692.0640000000001	1130.72	0.7809	0.2133	-0.2942	0.9316	19.1439	-0.0754	-36.3837	0.0	3	0.0	0.0		3374	0	0
1701717264257	t	cardealership_test_cue_hotel_lobby_right	0.0	0	0	5.938	539.568	1115.68	0.7105	5.9929	662.688	1105.28	0.7897	0.2523	-0.2554	0.9333	22.3121	0.0782	-36.4137	0.0	3	0.0	0.0		3374	0	0
1701717264265	t	cardealership_test_cue_hotel_lobby_right	0.0	0	0	5.7349	524.016	1117.28	0.7105	5.9297	648.288	1097.28	0.7897	0.2843	-0.2575	0.9235	23.0109	0.1121	-36.4614	0.0	3	0.0	0.0		3374	0	0
1701717264274	t	cardealership_test_cue_hotel_lobby_right	0.0	0	0	6.1133	524.016	1100.6399999999999	0.7327	6.09	649.296	1098.56	0.8531	0.2392	-0.3429	0.9084	19.4914	0.7007	-36.2004	0.0	3	0.0	0.0		3374	0	0
1701717264282	t	cardealership_test_cue_hotel_lobby_right	0.0	0	0	6.028	524.016	1107.3600000000001	0.7327	6.0861	651.744	1101.92	0.8531	0.2671	-0.2135	0.9397	18.6135	0.013	-36.4042	0.0	3	0.0	0.0		3374	0	0
1701717264290	t	cardealership_test_cue_hotel_lobby_right	0.0	0	0	6.1547	527.616	1097.92	0.7614	6.0645	656.4960000000001	1103.04	0.9377	0.2227	-0.2964	0.9287	12.3948	0.459	-36.1215	0.0	3	0.0	0.0		3374	0	0
1701717264299	t	cardealership_test_cue_hotel_lobby_right	0.0	0	0	6.0743	527.616	1105.4399999999998	0.7614	5.9354	656.352	1104.16	0.9377	0.2229	-0.1582	0.9619	-9.5133	-0.3116	-35.9526	0.0	3	0.0	0.0		3374	0	0
1701717264307	t	cardealership_test_cue_hotel_lobby_right	0.0	0	0	5.9698	526.4639999999999	1108.16	1.0	6.1039	656.352	1108.16	1.0	0.207	-0.1786	0.9619	-20.9234	-0.3081	-35.729	0.0	3	0.0	0.0		3374	0	0
1701717264315	t	cardealership_test_cue_hotel_lobby_right	0.0	0	0	6.0451	530.352	1109.76	1.0	6.0594	656.928	1112.3200000000002	1.0	0.2054	-0.1779	0.9624	-24.44	-0.392	-35.6694	0.0	3	0.0	0.0		3374	0	0
1701717264323	t	cardealership_test_cue_hotel_lobby_right	0.0	0	0	6.0445	529.056	1108.0	1.0	6.0949	657.9359999999999	1109.28	1.0	0.206	-0.1641	0.9647	-25.1947	-0.4088	-35.6582	0.0	3	0.0	0.0		3374	0	0
1701717264332	t	cardealership_test_cue_hotel_lobby_right	0.0	0	0	6.0497	528.48	1107.52	1.0	5.9707	660.384	1108.0	1.0	0.1999	-0.1448	0.969	-25.9817	-0.4852	-35.6608	0.0	3	0.0	0.0		3374	0	0
1701717264340	t	cardealership_test_cue_hotel_lobby_right	0.0	0	0	6.0389	530.064	1107.52	1.0	6.1001	659.808	1108.32	1.0	0.2033	-0.1544	0.9669	-25.268	-0.4409	-35.6587	0.0	3	0.0	0.0		3374	0	0
1701717264348	t	cardealership_test_cue_hotel_lobby_right	0.0	0	0	6.0575	531.504	1107.52	1.0	5.9579	659.808	1108.6399999999999	1.0	0.1974	-0.1663	0.9661	-24.4517	-0.391	-35.6676	0.0	3	0.0	0.0		3374	0	0
1701717264357	t	cardealership_test_cue_hotel_lobby_right	0.0	0	0	6.0497	530.928	1106.72	1.0	5.9783	660.528	1108.0	1.0	0.1948	-0.168	0.9664	-24.208	-0.374	-35.6601	0.0	3	0.0	0.0		3374	0	0
1701717264365	t	cardealership_test_cue_hotel_lobby_right	0.0	0	0	6.0494	530.2080000000001	1105.76	1.0	5.9666	659.952	1107.68	1.0	0.2005	-0.1834	0.9624	-20.7434	-0.2861	-35.6953	0.0	3	0.0	0.0		3374	0	0
1701717264373	t	cardealership_test_cue_hotel_lobby_right	0.0	0	0	6.0565	530.2080000000001	1104.8	1.0	5.956	659.232	1108.6399999999999	1.0	0.2021	-0.1896	0.9608	-20.4028	-0.2698	-35.6922	0.0	3	0.0	0.0		3374	0	0
1701717264382	t	cardealership_test_cue_hotel_lobby_right	0.0	0	0	6.0046	530.928	1099.52	1.0	5.8661	658.8000000000001	1108.32	1.0	0.2063	-0.2185	0.9538	-12.4744	-0.0843	-35.787	0.0	3	0.0	0.0		3374	0	0
1701717264390	t	cardealership_test_cue_hotel_lobby_right	0.0	0	0	5.9643	528.192	1097.92	1.0	5.8765	661.104	1103.36	1.0	0.2016	-0.2088	0.957	-12.1944	-0.0665	-35.7783	0.0	3	0.0	0.0		3374	0	0
1701717264399	t	cardealership_test_cue_hotel_lobby_right	0.0	0	0	5.9596	528.912	1100.48	1.0	5.9305	660.96	1105.4399999999998	1.0	0.1998	-0.2214	0.9545	-11.6661	-0.043	-35.7769	0.0	3	0.0	0.0		3374	0	0
1701717264407	t	cardealership_test_cue_hotel_lobby_right	0.0	0	0	5.8603	527.616	1100.0	1.0	5.8603	660.096	1104.0	1.0	0.1955	-0.2177	0.9562	-11.1617	-0.0457	-35.7767	0.0	3	0.0	0.0		3374	0	0
1701717264415	t	cardealership_test_cue_hotel_lobby_right	0.0	0	0	5.8559	525.7439999999999	1097.76	1.0	5.8278	653.472	1103.36	1.0	0.2294	-0.2691	0.9354	1.5504	0.2772	-35.9545	0.0	3	0.0	0.0		3374	0	0
1701717264423	t	cardealership_test_cue_hotel_lobby_right	0.0	0	0	5.9691	525.024	1090.08	1.0	5.7674	658.3679999999999	1103.04	1.0	0.2082	-0.2675	0.9408	6.83	0.3481	-36.0092	0.0	3	0.0	0.0		3374	0	0
1701717264432	t	cardealership_test_cue_hotel_lobby_right	0.0	0	0	5.7628	524.448	1089.6000000000001	1.0	5.821	654.336	1100.96	1.0	0.1938	-0.1543	0.9688	-30.1019	-0.37	-35.4863	0.0	3	0.0	0.0		3374	0	0
1701717264440	t	cardealership_test_cue_hotel_lobby_right	0.0	0	0	5.9403	524.016	1091.68	1.0	5.712	655.344	1098.8799999999999	1.0	0.1857	-0.1506	0.971	-30.0869	-0.3685	-35.4544	0.0	3	0.0	0.0		3374	0	0
1701717264448	t	cardealership_test_cue_hotel_lobby_right	0.0	0	0	6.0307	524.736	1086.4	1.0	5.7179	653.76	1099.3600000000001	1.0	0.1877	-0.1576	0.9695	-30.0664	-0.3426	-35.4475	0.0	3	0.0	0.0		3374	0	0
1701717264456	t	cardealership_test_cue_hotel_lobby_right	0.0	0	0	5.977	524.016	1087.84	1.0	5.5641	653.328	1096.64	1.0	0.1849	-0.1545	0.9705	-30.0486	-0.3278	-35.415	0.0	3	0.0	0.0		3374	0	0
1701717264464	t	cardealership_test_cue_hotel_lobby_right	0.0	0	0	5.9079	522.432	1085.6	1.0	5.7055	651.456	1099.04	1.0	0.1904	-0.1664	0.9675	-30.0354	-0.3031	-35.4282	0.0	3	0.0	0.0		3374	0	0
1701717264473	t	cardealership_test_cue_hotel_lobby_right	0.0	0	0	5.9315	523.296	1086.88	1.0	5.6732	648.72	1098.72	1.0	0.1922	-0.1541	0.9692	-29.9945	-0.3464	-35.4627	0.0	3	0.0	0.0		3374	0	0
1701717264481	t	cardealership_test_cue_hotel_lobby_right	0.0	0	0	5.8197	520.272	1101.1200000000001	1.0	5.6617	644.976	1113.28	1.0	0.1819	-0.1828	0.9662	-29.8765	-0.4414	-35.5103	0.0	3	0.0	0.0		3374	0	0
1701717264489	t	cardealership_test_cue_hotel_lobby_right	0.0	0	0	5.7004	517.824	1113.92	1.0	5.5855	637.4879999999999	1120.3200000000002	1.0	0.1925	-0.191	0.9625	-29.7877	-0.5105	-35.549	0.0	3	0.0	0.0		3374	0	0
1701717264498	t	cardealership_test_cue_hotel_lobby_right	0.0	0	0	5.8168	514.944	1117.76	1.0	5.5584	638.496	1123.68	1.0	0.1885	-0.1961	0.9623	-29.7888	-0.5405	-35.5551	0.0	3	0.0	0.0		3374	0	0
1701717264506	t	cardealership_test_cue_hotel_lobby_right	0.0	0	0	5.7999	518.544	1118.5600000000002	1.0	5.5192	642.528	1126.72	1.0	0.1845	-0.2065	0.9609	-29.8485	-0.5482	-35.5441	0.0	3	0.0	0.0		3374	0	0
1701717264514	t	cardealership_test_cue_hotel_lobby_right	0.0	0	0	5.7542	520.704	1117.92	1.0	5.5343	642.6719999999999	1128.8	1.0	0.1922	-0.2117	0.9582	-29.8864	-0.5565	-35.5414	0.0	3	0.0	0.0		3374	0	0
1701717264523	t	cardealership_test_cue_hotel_lobby_right	0.0	0	0	5.7162	523.7280000000001	1119.2	1.0	5.559	645.696	1128.96	1.0	0.1835	-0.2097	0.9604	-29.9007	-0.5704	-35.5352	0.0	3	0.0	0.0		3374	0	0
1701717264531	t	cardealership_test_cue_hotel_lobby_right	0.0	0	0	5.7286	527.76	1114.24	1.0	5.5258	648.432	1129.28	1.0	0.1776	-0.2102	0.9614	-29.9298	-0.5765	-35.5302	0.0	3	0.0	0.0		3374	0	0
1701717264539	t	cardealership_test_cue_hotel_lobby_right	0.0	0	0	5.6351	527.904	1114.24	1.0	5.5411	652.8960000000001	1129.92	1.0	0.1691	-0.2112	0.9627	-29.9754	-0.5868	-35.5245	0.0	3	0.0	0.0		3374	0	0
1701717264548	t	cardealership_test_cue_hotel_lobby_right	0.0	0	0	5.7203	532.3679999999999	1115.1999999999998	1.0	5.4946	653.616	1130.0800000000002	1.0	0.1755	-0.2108	0.9616	-30.0185	-0.5918	-35.5258	0.0	3	0.0	0.0		3374	0	0
1701717264556	t	cardealership_test_cue_hotel_lobby_right	0.0	0	0	5.669	534.24	1113.92	1.0	5.5259	654.9119999999999	1131.8400000000001	1.0	0.1763	-0.2151	0.9605	-30.0471	-0.5984	-35.5254	0.0	3	0.0	0.0		3374	0	0
1701717264564	t	cardealership_test_cue_hotel_lobby_right	0.0	0	0	5.6992	540.288	1112.64	1.0	5.5665	658.512	1132.32	1.0	0.169	-0.2157	0.9617	-30.0815	-0.6068	-35.5142	0.0	3	0.0	0.0		3374	0	0
1701717264573	t	cardealership_test_cue_hotel_lobby_right	0.0	0	0	5.6299	542.016	1111.2	1.0	5.388	660.8159999999999	1133.76	1.0	0.1719	-0.2207	0.9601	-30.1432	-0.6161	-35.4977	0.0	3	0.0	0.0		3374	0	0
1701717264581	t	cardealership_test_cue_hotel_lobby_right	0.0	0	0	5.6621	543.6	1111.68	1.0	5.468	665.568	1130.72	1.0	0.1598	-0.2077	0.965	-30.174	-0.6282	-35.4927	0.0	3	0.0	0.0		3374	0	0
1701717264589	t	cardealership_test_cue_hotel_lobby_right	0.0	0	0	5.6936	545.76	1110.72	1.0	5.5183	667.1519999999999	1132.32	1.0	0.1599	-0.2132	0.9638	-30.2026	-0.6286	-35.4941	0.0	3	0.0	0.0		3374	0	0
1701717264598	t	cardealership_test_cue_hotel_lobby_right	0.0	0	0	5.6763	548.3520000000001	1108.48	1.0	5.4491	669.024	1133.6000000000001	1.0	0.1567	-0.2186	0.9631	-30.2253	-0.6266	-35.4875	0.0	3	0.0	0.0		3374	0	0
1701717264606	t	cardealership_test_cue_hotel_lobby_right	0.0	0	0	5.6798	550.8	1110.88	1.0	5.4392	671.472	1130.8799999999999	1.0	0.1526	-0.2089	0.966	-30.2536	-0.6341	-35.4743	0.0	3	0.0	0.0		3374	0	0
1701717264614	t	cardealership_test_cue_hotel_lobby_right	0.0	0	0	5.6036	552.384	1109.28	1.0	5.3624	675.216	1131.8400000000001	1.0	0.1432	-0.211	0.9669	-30.285	-0.6436	-35.4664	0.0	3	0.0	0.0		3374	0	0
1701717264623	t	cardealership_test_cue_hotel_lobby_right	0.0	0	0	5.6135	555.984	1108.96	1.0	5.3142	677.808	1131.8400000000001	1.0	0.138	-0.2119	0.9675	-30.3118	-0.6443	-35.4586	0.0	3	0.0	0.0		3374	0	0
1701717264631	t	cardealership_test_cue_hotel_lobby_right	0.0	0	0	5.6595	557.1360000000001	1109.6	1.0	5.4143	680.688	1130.0800000000002	1.0	0.131	-0.2048	0.97	-30.3314	-0.6549	-35.4343	0.0	3	0.0	0.0		3374	0	0
1701717264640	t	cardealership_test_cue_hotel_lobby_right	0.0	0	0	5.5806	559.584	1108.96	1.0	5.2819	682.4159999999999	1133.28	1.0	0.1265	-0.2161	0.9681	-30.3469	-0.6552	-35.4415	0.0	3	0.0	0.0		3374	0	0
1701717264648	t	cardealership_test_cue_hotel_lobby_right	0.0	0	0	5.4641	562.752	1109.44	1.0	5.1715	682.272	1135.2	1.0	0.1308	-0.2251	0.9655	-30.3573	-0.6462	-35.4419	0.0	3	0.0	0.0		3374	0	0
1701717264656	t	cardealership_test_cue_hotel_lobby_right	0.0	0	0	5.5051	565.632	1107.52	1.0	5.3534	685.872	1131.68	1.0	0.12	-0.2112	0.97	-30.3316	-0.6563	-35.4187	0.0	3	0.0	0.0		3374	0	0
1701717264665	t	cardealership_test_cue_hotel_lobby_right	0.0	0	0	5.4135	568.8000000000001	1103.6799999999998	1.0	5.1932	686.3040000000001	1132.32	1.0	0.1194	-0.2122	0.9699	-30.3402	-0.6663	-35.4202	0.0	3	0.0	0.0		3374	0	0
1701717264673	t	cardealership_test_cue_hotel_lobby_right	0.0	0	0	5.4371	567.792	1105.92	1.0	5.3276	689.04	1132.6399999999999	1.0	0.1101	-0.2116	0.9711	-30.3547	-0.6741	-35.4166	0.0	3	0.0	0.0		3374	0	0
1701717264681	t	cardealership_test_cue_hotel_lobby_right	0.0	0	0	5.3661	569.088	1106.56	1.0	5.2564	690.912	1134.24	1.0	0.1022	-0.2169	0.9708	-30.3748	-0.6761	-35.4197	0.0	3	0.0	0.0		3374	0	0
1701717264690	t	cardealership_test_cue_hotel_lobby_right	0.0	0	0	5.3697	570.96	1104.16	1.0	5.2746	690.048	1132.96	1.0	0.1067	-0.2095	0.972	-30.3739	-0.6911	-35.4169	0.0	3	0.0	0.0		3374	0	0
1701717264698	t	cardealership_test_cue_hotel_lobby_right	0.0	0	0	5.3416	573.12	1104.0	1.0	5.1566	689.904	1135.2	1.0	0.1075	-0.2157	0.9705	-30.3722	-0.6983	-35.4232	0.0	3	0.0	0.0		3374	0	0
1701717264706	t	cardealership_test_cue_hotel_lobby_right	0.0	0	0	5.4132	572.688	1102.5600000000002	1.0	5.1071	693.936	1135.84	1.0	0.0937	-0.2183	0.9714	-30.3619	-0.7013	-35.417	0.0	3	0.0	0.0		3374	0	0
1701717264714	t	cardealership_test_cue_hotel_lobby_right	0.0	0	0	5.3365	575.2800000000001	1101.28	1.0	5.0978	693.5039999999999	1132.8	1.0	0.0972	-0.2078	0.9733	-30.3106	-0.7077	-35.397	0.0	3	0.0	0.0		3374	0	0
1701717264723	t	cardealership_test_cue_hotel_lobby_right	0.0	0	0	5.2805	574.848	1101.76	1.0	5.1372	693.936	1133.28	1.0	0.0922	-0.2079	0.9738	-30.0765	-0.7152	-35.3853	0.0	3	0.0	0.0		3374	0	0
1701717264731	t	cardealership_test_cue_hotel_lobby_right	0.0	0	0	5.3994	565.4879999999999	1100.48	1.0	5.1993	682.272	1130.8799999999999	1.0	0.1078	-0.2017	0.9735	-29.4286	-0.7051	-35.3716	0.0	3	0.0	0.0		3374	0	0
1701717264739	t	cardealership_test_cue_hotel_lobby_right	0.0	0	0	5.4251	538.1279999999999	1100.32	1.0	5.1845	653.328	1130.0800000000002	1.0	0.1504	-0.1915	0.9699	-29.205	-0.7165	-35.4479	0.0	3	0.0	0.0		3374	0	0
1701717264748	t	cardealership_test_cue_hotel_lobby_right	0.0	0	0	5.3898	504.71999999999997	1101.76	1.0	5.2556	617.616	1124.6399999999999	1.0	0.2204	-0.1789	0.9589	-28.1955	-0.648	-35.5249	0.0	3	0.0	0.0		3374	0	0
1701717264756	t	cardealership_test_cue_hotel_lobby_right	0.0	0	0	5.4254	469.728	1096.16	1.0	5.2227	581.0400000000001	1118.24	1.0	0.2852	-0.1643	0.9443	-27.0797	-0.5727	-35.5905	0.0	3	0.0	0.0		3374	0	0
1701717264764	t	cardealership_test_cue_hotel_lobby_right	0.0	0	0	5.5213	437.904	1095.84	1.0	5.2902	550.08	1109.92	1.0	0.3375	-0.141	0.9307	-28.3191	-0.511	-35.6372	0.0	3	0.0	0.0		3374	200	MYKEYWORD 200
