Recording timestamp	type	Scene Name	scene_num	order	djv_reported	PupilDiam_Left	Gaze2d_Left.x	Gaze2d_Left.y	left_eye_openness	PupilDiam_Right	Gaze2d_Right.x	Gaze2d_Right.y	right_eye_openness	gaze_direction_x	gaze_direction_y	gaze_direction_z	gaze_origin_x	gaze_origin_y	gaze_origin_z	gaze_convergence_distance	participant	study_status	scene_familiarity	recall_status	Identifier	Event value	Event message
1701908232403	t	casino_test_cue_boardroom_left	0.0	1	0	4.6522	890.352	798.4	1.0	4.7596	976.896	943.0400000000001	0.7493	-0.1068	-0.343	0.9332	5.1356	5.1437	-36.6479	0.0	15	0.0	0.0		5764	100	MYKEYWORD 100
1701908232412	t	casino_test_cue_boardroom_left	0.0	1	0	4.6883	892.368	795.52	1.0	4.8042	975.168	942.56	0.7493	-0.1074	-0.3398	0.9343	5.3446	5.163	-36.6305	0.0	15	0.0	0.0		5764	0	0
1701908232420	t	casino_test_cue_boardroom_left	0.0	1	0	4.7537	898.56	793.44	1.0	4.879	984.24	938.72	0.756	-0.1196	-0.339	0.9332	5.4104	5.2075	-36.6162	0.0	15	0.0	0.0		5764	0	0
1701908232428	t	casino_test_cue_boardroom_left	0.0	1	0	4.6831	906.192	788.32	1.0	4.761	992.16	934.56	0.756	-0.1353	-0.3313	0.9337	5.8545	5.2548	-36.5798	0.0	15	0.0	0.0		5764	0	0
1701908232437	t	casino_test_cue_boardroom_left	0.0	1	0	4.7242	908.2080000000001	786.56	1.0	4.8458	991.728	932.0	0.7299	-0.1355	-0.3261	0.9356	5.2176	5.2501	-36.6118	0.0	15	0.0	0.0		5764	0	0
1701908232445	t	casino_test_cue_boardroom_left	0.0	1	0	4.7139	906.192	783.36	1.0	4.7552	991.584	931.5200000000001	0.7299	-0.1315	-0.3243	0.9367	4.8288	5.2707	-36.6248	0.0	15	0.0	0.0		5764	0	0
1701908232453	t	casino_test_cue_boardroom_left	0.0	1	0	4.7491	905.904	784.32	1.0	4.8583	988.848	930.08	0.7951	-0.1282	-0.3272	0.9362	4.6511	5.278	-36.6309	0.0	15	0.0	0.0		5764	0	0
1701908232462	t	casino_test_cue_boardroom_left	0.0	1	0	4.7398	905.616	783.6800000000001	1.0	4.9604	989.4240000000001	931.3599999999999	0.7951	-0.1265	-0.326	0.9369	4.3788	5.2659	-36.6492	0.0	15	0.0	0.0		5764	0	0
1701908232470	t	casino_test_cue_boardroom_left	0.0	1	0	4.7494	905.904	783.04	1.0	4.7445	994.752	927.36	0.8336	-0.1341	-0.3218	0.9373	4.3547	5.2731	-36.6491	0.0	15	0.0	0.0		5764	0	0
1701908232478	t	casino_test_cue_boardroom_left	0.0	1	0	4.7636	906.048	782.08	1.0	4.8901	991.152	927.8399999999999	0.8336	-0.1304	-0.322	0.9377	4.5172	5.2844	-36.6347	0.0	15	0.0	0.0		5764	0	0
1701908232487	t	casino_test_cue_boardroom_left	0.0	1	0	4.7776	906.048	780.9599999999999	1.0	4.8569	991.152	927.52	0.8567	-0.1309	-0.321	0.938	4.7773	5.2958	-36.618	0.0	15	0.0	0.0		5764	0	0
1701908232495	t	casino_test_cue_boardroom_left	0.0	1	0	4.8515	907.4879999999999	779.1999999999999	1.0	4.8987	992.3040000000001	926.4	0.8576	-0.1354	-0.3222	0.937	5.1842	5.3326	-36.5866	0.0	15	0.0	0.0		5764	0	0
1701908232503	t	casino_test_cue_boardroom_left	0.0	1	0	4.802	905.76	777.6	1.0	4.8127	992.16	924.0	0.8819	-0.1309	-0.3203	0.9382	5.7781	5.3622	-36.5459	0.0	15	0.0	0.0		5764	0	0
1701908232512	t	casino_test_cue_boardroom_left	0.0	1	0	4.8115	906.912	776.9599999999999	1.0	4.8911	991.44	923.5200000000001	0.8819	-0.1326	-0.3215	0.9376	5.0606	5.3659	-36.5827	0.0	15	0.0	0.0		5764	0	0
1701908232520	t	casino_test_cue_boardroom_left	0.0	1	0	4.8038	906.048	775.36	1.0	4.7888	992.16	921.7599999999999	0.8777	-0.1326	-0.3202	0.938	4.7395	5.3791	-36.5945	0.0	15	0.0	0.0		5764	0	0
1701908232528	t	casino_test_cue_boardroom_left	0.0	1	0	4.8542	906.4799999999999	771.84	1.0	4.7847	992.736	920.48	0.8777	-0.1339	-0.3154	0.9395	4.5905	5.3963	-36.596	0.0	15	0.0	0.0		5764	0	0
1701908232537	t	casino_test_cue_boardroom_left	0.0	1	0	4.8035	907.4879999999999	772.16	1.0	4.7832	992.16	917.76	0.8899	-0.1347	-0.317	0.9388	4.8525	5.4209	-36.5751	0.0	15	0.0	0.0		5764	0	0
1701908232545	t	casino_test_cue_boardroom_left	0.0	1	0	4.8358	906.768	770.4	1.0	4.8811	993.024	917.92	0.8899	-0.1348	-0.3139	0.9398	5.0566	5.4261	-36.5631	0.0	15	0.0	0.0		5764	0	0
1701908232553	t	casino_test_cue_boardroom_left	0.0	1	0	4.85	906.624	768.64	1.0	4.8271	990.864	915.6800000000001	0.893	-0.1318	-0.3104	0.9414	5.3182	5.4393	-36.5428	0.0	15	0.0	0.0		5764	0	0
1701908232562	t	casino_test_cue_boardroom_left	0.0	1	0	4.8179	906.912	767.84	1.0	5.023	989.5680000000001	915.1999999999999	0.893	-0.1302	-0.3103	0.9417	5.7796	5.4593	-36.5125	0.0	15	0.0	0.0		5764	0	0
1701908232570	t	casino_test_cue_boardroom_left	0.0	1	0	4.895	906.4799999999999	767.6800000000001	1.0	4.9905	991.008	913.4399999999999	0.8915	-0.1317	-0.3107	0.9413	6.2319	5.4787	-36.4848	0.0	15	0.0	0.0		5764	0	0
1701908232578	t	casino_test_cue_boardroom_left	0.0	1	0	4.8553	906.4799999999999	767.36	1.0	4.8706	990.144	914.24	0.8915	-0.1312	-0.3128	0.9407	6.4057	5.493	-36.4715	0.0	15	0.0	0.0		5764	0	0
1701908232587	t	casino_test_cue_boardroom_left	0.0	1	0	4.924	905.904	767.52	1.0	4.8779	990.5759999999999	913.7600000000001	0.8919	-0.13	-0.3136	0.9406	6.287	5.493	-36.4771	0.0	15	0.0	0.0		5764	0	0
1701908232595	t	casino_test_cue_boardroom_left	0.0	1	0	4.8349	906.192	767.36	1.0	4.8515	993.024	911.68	0.8919	-0.1335	-0.312	0.9406	6.0666	5.4958	-36.4889	0.0	15	0.0	0.0		5764	0	0
1701908232604	t	casino_test_cue_boardroom_left	0.0	1	0	4.8164	905.1840000000001	766.88	1.0	4.797	993.168	911.68	0.8378	-0.1312	-0.3125	0.9408	6.179	5.5051	-36.4792	0.0	15	0.0	0.0		5764	0	0
1701908232612	t	casino_test_cue_boardroom_left	0.0	1	0	4.8429	904.896	766.4	1.0	4.8992	992.016	913.5999999999999	0.8378	-0.1296	-0.3157	0.9399	5.9762	5.514	-36.4875	0.0	15	0.0	0.0		5764	0	0
1701908232620	t	casino_test_cue_boardroom_left	0.0	1	0	4.8413	906.048	766.4	1.0	4.9875	989.712	911.36	0.8355	-0.1307	-0.316	0.9397	6.1244	5.5295	-36.4746	0.0	15	0.0	0.0		5764	0	0
1701908232628	t	casino_test_cue_boardroom_left	0.0	1	0	4.8581	903.744	766.24	1.0	4.828	994.176	907.84	0.8365	-0.1316	-0.3163	0.9395	6.2419	5.5502	-36.4634	0.0	15	0.0	0.0		5764	0	0
1701908232636	t	casino_test_cue_boardroom_left	0.0	1	0	4.8779	904.176	761.5999999999999	0.9871	4.7979	994.176	906.56	0.762	-0.1357	-0.3102	0.9409	6.2878	5.5768	-36.4539	0.0	15	0.0	0.0		5764	0	0
1701908232644	t	casino_test_cue_boardroom_left	0.0	1	0	4.8098	900.5759999999999	758.5600000000001	0.9871	4.9947	987.12	902.72	0.762	-0.1331	-0.3105	0.9412	6.2664	5.6311	-36.441	0.0	15	0.0	0.0		5764	0	0
1701908232653	t	casino_test_cue_boardroom_left	0.0	1	0	4.5999	887.472	751.52	0.8621	4.9303	982.944	886.2399999999999	0.6907	-0.1182	-0.3085	0.9438	6.979	5.7881	-36.3562	0.0	15	0.0	0.0		5764	0	0
1701908232661	t	casino_test_cue_boardroom_left	0.0	1	0	-1.0	867.024	734.0799999999999	0.8621	4.7512	969.696	870.2400000000001	0.6907	-0.0874	-0.2704	0.9588	-34.7167	5.2477	-38.6559	0.0	15	0.0	0.0		5764	0	0
1701908232670	t	casino_test_cue_boardroom_left	0.0	1	0	-1.0	851.6160000000001	730.0799999999999	0.6905	4.1003	959.76	864.48	0.642	-0.0788	-0.2895	0.9539	-34.6154	5.4465	-38.5903	0.0	15	0.0	0.0		5764	0	0
1701908232678	t	casino_test_cue_boardroom_left	0.0	1	0	-1.0	855.936	732.16	0.6905	-1.0	958.032	859.2	0.642	-1.0	-1.0	-1.0	-1.0	-1.0	-1.0	0.0	15	0.0	0.0		5764	0	0
1701908232685	t	casino_test_cue_boardroom_left	0.0	1	0	-1.0	842.256	749.4399999999999	0.3848	-1.0	952.9920000000001	853.76	0.4586	-1.0	-1.0	-1.0	-1.0	-1.0	-1.0	0.0	15	0.0	0.0		5764	0	0
1701908232693	t	casino_test_cue_boardroom_left	0.0	1	0	-1.0	883.8720000000001	830.88	0.3848	-1.0	948.24	915.6800000000001	0.4586	-1.0	-1.0	-1.0	-1.0	-1.0	-1.0	0.0	15	0.0	0.0		5764	0	0
1701908232701	t	casino_test_cue_boardroom_left	0.0	1	0	-1.0	-1440.0	-1600.0	0.1676	-1.0	990.144	932.8	0.2068	-1.0	-1.0	-1.0	-1.0	-1.0	-1.0	0.0	15	0.0	0.0		5764	0	0
1701908232709	t	casino_test_cue_boardroom_left	0.0	1	0	-1.0	-1440.0	-1600.0	0.1676	-1.0	-1440.0	-1600.0	0.2068	-1.0	-1.0	-1.0	-1.0	-1.0	-1.0	0.0	15	0.0	0.0		5764	0	0
1701908232717	t	casino_test_cue_boardroom_left	0.0	1	0	-1.0	-1440.0	-1600.0	0.0	-1.0	-1440.0	-1600.0	0.0	-1.0	-1.0	-1.0	-1.0	-1.0	-1.0	0.0	15	0.0	0.0		5764	0	0
1701908232726	t	casino_test_cue_boardroom_left	0.0	1	0	-1.0	-1440.0	-1600.0	0.0	-1.0	-1440.0	-1600.0	0.0	-1.0	-1.0	-1.0	-1.0	-1.0	-1.0	0.0	15	0.0	0.0		5764	0	0
1701908232734	t	casino_test_cue_boardroom_left	0.0	1	0	-1.0	-1440.0	-1600.0	0.0	-1.0	-1440.0	-1600.0	0.0	-1.0	-1.0	-1.0	-1.0	-1.0	-1.0	0.0	15	0.0	0.0		5764	0	0
1701908232742	t	casino_test_cue_boardroom_left	0.0	1	0	-1.0	-1440.0	-1600.0	0.0	-1.0	-1440.0	-1600.0	0.0	-1.0	-1.0	-1.0	-1.0	-1.0	-1.0	0.0	15	0.0	0.0		5764	0	0
1701908232751	t	casino_test_cue_boardroom_left	0.0	1	0	-1.0	-1440.0	-1600.0	0.0	-1.0	-1440.0	-1600.0	0.0	-1.0	-1.0	-1.0	-1.0	-1.0	-1.0	0.0	15	0.0	0.0		5764	0	0
1701908232759	t	casino_test_cue_boardroom_left	0.0	1	0	-1.0	-1440.0	-1600.0	0.0	-1.0	-1440.0	-1600.0	0.0	-1.0	-1.0	-1.0	-1.0	-1.0	-1.0	0.0	15	0.0	0.0		5764	0	0
1701908232767	t	casino_test_cue_boardroom_left	0.0	1	0	-1.0	-1440.0	-1600.0	0.0	-1.0	-1440.0	-1600.0	0.0	-1.0	-1.0	-1.0	-1.0	-1.0	-1.0	0.0	15	0.0	0.0		5764	0	0
1701908232776	t	casino_test_cue_boardroom_left	0.0	1	0	-1.0	-1440.0	-1600.0	0.0	-1.0	-1440.0	-1600.0	0.0	-1.0	-1.0	-1.0	-1.0	-1.0	-1.0	0.0	15	0.0	0.0		5764	0	0
1701908232784	t	casino_test_cue_boardroom_left	0.0	1	0	-1.0	-1440.0	-1600.0	0.0	-1.0	-1440.0	-1600.0	0.0	-1.0	-1.0	-1.0	-1.0	-1.0	-1.0	0.0	15	0.0	0.0		5764	0	0
1701908232793	t	casino_test_cue_boardroom_left	0.0	1	0	-1.0	-1440.0	-1600.0	0.0	-1.0	868.608	735.68	0.0	-1.0	-1.0	-1.0	-1.0	-1.0	-1.0	0.0	15	0.0	0.0		5764	0	0
1701908232802	t	casino_test_cue_boardroom_left	0.0	1	0	-1.0	-1440.0	-1600.0	0.0153	-1.0	880.1279999999999	724.8000000000001	0.1558	-1.0	-1.0	-1.0	-1.0	-1.0	-1.0	0.0	15	0.0	0.0		5764	0	0
1701908232811	t	casino_test_cue_boardroom_left	0.0	1	0	-1.0	-1440.0	-1600.0	0.0153	-1.0	877.2479999999999	717.76	0.1558	-1.0	-1.0	-1.0	-1.0	-1.0	-1.0	0.0	15	0.0	0.0		5764	0	0
1701908232819	t	casino_test_cue_boardroom_left	0.0	1	0	-1.0	-1440.0	-1600.0	0.2883	-1.0	876.528	707.84	0.5147	-1.0	-1.0	-1.0	-1.0	-1.0	-1.0	0.0	15	0.0	0.0		5764	0	0
1701908232827	t	casino_test_cue_boardroom_left	0.0	1	0	-1.0	-1440.0	-1600.0	0.2883	-1.0	877.8240000000001	699.84	0.5147	-1.0	-1.0	-1.0	-1.0	-1.0	-1.0	0.0	15	0.0	0.0		5764	0	0
1701908232837	t	casino_test_cue_boardroom_left	0.0	1	0	-1.0	778.8960000000001	593.28	0.3315	-1.0	873.36	697.92	0.5545	-1.0	-1.0	-1.0	-1.0	-1.0	-1.0	0.0	15	0.0	0.0		5764	0	0
1701908232845	t	casino_test_cue_boardroom_left	0.0	1	0	-1.0	777.024	595.36	0.3315	-1.0	870.624	684.0	0.5545	-1.0	-1.0	-1.0	-1.0	-1.0	-1.0	0.0	15	0.0	0.0		5764	0	0
1701908232854	t	casino_test_cue_boardroom_left	0.0	1	0	-1.0	773.1360000000001	590.24	0.5007	-1.0	873.2160000000001	704.64	0.6442	-1.0	-1.0	-1.0	-1.0	-1.0	-1.0	0.0	15	0.0	0.0		5764	0	0
1701908232862	t	casino_test_cue_boardroom_left	0.0	1	0	-1.0	773.2800000000001	568.8	0.5007	-1.0	868.1759999999999	684.48	0.6442	-1.0	-1.0	-1.0	-1.0	-1.0	-1.0	0.0	15	0.0	0.0		5764	0	0
1701908232870	t	casino_test_cue_boardroom_left	0.0	1	0	-1.0	773.2800000000001	559.68	0.6099	-1.0	870.336	677.6	0.7112	-1.0	-1.0	-1.0	-1.0	-1.0	-1.0	0.0	15	0.0	0.0		5764	0	0
1701908232878	t	casino_test_cue_boardroom_left	0.0	1	0	-1.0	766.944	555.84	0.6099	-1.0	871.9200000000001	684.48	0.7112	-1.0	-1.0	-1.0	-1.0	-1.0	-1.0	0.0	15	0.0	0.0		5764	0	0
1701908232887	t	casino_test_cue_boardroom_left	0.0	1	0	-1.0	775.4399999999999	566.24	0.6796	4.324	873.792	684.32	0.8051	0.0605	0.0081	0.9981	-33.8322	6.5858	-38.1815	0.0	15	0.0	0.0		5764	0	0
1701908232895	t	casino_test_cue_boardroom_left	0.0	1	0	-1.0	769.248	571.6800000000001	0.6812	4.0673	876.24	687.36	0.8062	0.0508	-0.0179	0.9985	-33.8207	6.8089	-38.6812	0.0	15	0.0	0.0		5764	0	0
1701908232903	t	casino_test_cue_boardroom_left	0.0	1	0	-1.0	670.464	607.52	0.6061	3.5849	877.6800000000001	695.52	0.7871	0.0419	-0.0577	0.9975	-33.7985	7.0722	-39.3484	0.0	15	0.0	0.0		5764	0	0
1701908232911	t	casino_test_cue_boardroom_left	0.0	1	0	-1.0	740.8799999999999	673.9200000000001	0.6061	-1.0	880.416	693.6	0.7871	-1.0	-1.0	-1.0	-1.0	-1.0	-1.0	0.0	15	0.0	0.0		5764	0	0
1701908232919	t	casino_test_cue_boardroom_left	0.0	1	0	-1.0	-1440.0	-1600.0	0.4406	-1.0	874.0799999999999	703.04	0.6614	-1.0	-1.0	-1.0	-1.0	-1.0	-1.0	0.0	15	0.0	0.0		5764	0	0
1701908232927	t	casino_test_cue_boardroom_left	0.0	1	0	-1.0	-1440.0	-1600.0	0.4406	-1.0	992.88	833.6	0.6614	-1.0	-1.0	-1.0	-1.0	-1.0	-1.0	0.0	15	0.0	0.0		5764	0	0
1701908232935	t	casino_test_cue_boardroom_left	0.0	1	0	-1.0	-1440.0	-1600.0	0.1683	-1.0	977.7600000000001	833.44	0.4744	-1.0	-1.0	-1.0	-1.0	-1.0	-1.0	0.0	15	0.0	0.0		5764	0	0
1701908232942	t	casino_test_cue_boardroom_left	0.0	1	0	-1.0	-1440.0	-1600.0	0.1683	-1.0	-1440.0	-1600.0	0.4744	-1.0	-1.0	-1.0	-1.0	-1.0	-1.0	0.0	15	0.0	0.0		5764	0	0
1701908232951	t	casino_test_cue_boardroom_left	0.0	1	0	-1.0	-1440.0	-1600.0	0.0	-1.0	-1440.0	-1600.0	0.178	-1.0	-1.0	-1.0	-1.0	-1.0	-1.0	0.0	15	0.0	0.0		5764	0	0
1701908232959	t	casino_test_cue_boardroom_left	0.0	1	0	-1.0	-1440.0	-1600.0	0.0	-1.0	-1440.0	-1600.0	0.178	-1.0	-1.0	-1.0	-1.0	-1.0	-1.0	0.0	15	0.0	0.0		5764	0	0
1701908232967	t	casino_test_cue_boardroom_left	0.0	1	0	-1.0	-1440.0	-1600.0	0.0	-1.0	-1440.0	-1600.0	0.0142	-1.0	-1.0	-1.0	-1.0	-1.0	-1.0	0.0	15	0.0	0.0		5764	0	0
1701908232976	t	casino_test_cue_boardroom_left	0.0	1	0	-1.0	-1440.0	-1600.0	0.0	-1.0	-1440.0	-1600.0	0.0142	-1.0	-1.0	-1.0	-1.0	-1.0	-1.0	0.0	15	0.0	0.0		5764	0	0
1701908232984	t	casino_test_cue_boardroom_left	0.0	1	0	-1.0	-1440.0	-1600.0	0.0	-1.0	-1440.0	-1600.0	0.0	-1.0	-1.0	-1.0	-1.0	-1.0	-1.0	0.0	15	0.0	0.0		5764	0	0
1701908232992	t	casino_test_cue_boardroom_left	0.0	1	0	-1.0	-1440.0	-1600.0	0.0	-1.0	-1440.0	-1600.0	0.0	-1.0	-1.0	-1.0	-1.0	-1.0	-1.0	0.0	15	0.0	0.0		5764	0	0
1701908233001	t	casino_test_cue_boardroom_left	0.0	1	0	-1.0	-1440.0	-1600.0	0.0	-1.0	-1440.0	-1600.0	0.0	-1.0	-1.0	-1.0	-1.0	-1.0	-1.0	0.0	15	0.0	0.0		5764	0	0
1701908233009	t	casino_test_cue_boardroom_left	0.0	1	0	-1.0	-1440.0	-1600.0	0.0	-1.0	914.4	786.56	0.0	-1.0	-1.0	-1.0	-1.0	-1.0	-1.0	0.0	15	0.0	0.0		5764	0	0
1701908233018	t	casino_test_cue_boardroom_left	0.0	1	0	-1.0	-1440.0	-1600.0	0.004	-1.0	901.584	684.32	0.0848	-1.0	-1.0	-1.0	-1.0	-1.0	-1.0	0.0	15	0.0	0.0		5764	0	0
1701908233027	t	casino_test_cue_boardroom_left	0.0	1	0	-1.0	-1440.0	-1600.0	0.004	-1.0	893.5200000000001	652.1600000000001	0.0848	-1.0	-1.0	-1.0	-1.0	-1.0	-1.0	0.0	15	0.0	0.0		5764	0	0
1701908233037	t	casino_test_cue_boardroom_left	0.0	1	0	-1.0	790.7040000000001	518.0799999999999	0.3718	-1.0	894.384	660.0	0.5274	-1.0	-1.0	-1.0	-1.0	-1.0	-1.0	0.0	15	0.0	0.0		5764	0	0
1701908233045	t	casino_test_cue_boardroom_left	0.0	1	0	-1.0	796.32	498.08000000000004	0.3718	-1.0	894.384	648.8000000000001	0.5274	-1.0	-1.0	-1.0	-1.0	-1.0	-1.0	0.0	15	0.0	0.0		5764	0	0
1701908233053	t	casino_test_cue_boardroom_left	0.0	1	0	-1.0	801.216	508.8	0.685	-1.0	886.7520000000001	640.96	0.7572	-1.0	-1.0	-1.0	-1.0	-1.0	-1.0	0.0	15	0.0	0.0		5764	0	0
1701908233062	t	casino_test_cue_boardroom_left	0.0	1	0	-1.0	800.496	487.84000000000003	0.685	-1.0	893.6640000000001	635.36	0.7572	-1.0	-1.0	-1.0	-1.0	-1.0	-1.0	0.0	15	0.0	0.0		5764	0	0
1701908233070	t	casino_test_cue_boardroom_left	0.0	1	0	-1.0	801.072	477.92	0.9302	-1.0	892.5120000000001	639.36	0.958	-1.0	-1.0	-1.0	-1.0	-1.0	-1.0	0.0	15	0.0	0.0		5764	0	0
1701908233078	t	casino_test_cue_boardroom_left	0.0	1	0	-1.0	805.68	473.12	0.9302	-1.0	893.088	639.8399999999999	0.958	-1.0	-1.0	-1.0	-1.0	-1.0	-1.0	0.0	15	0.0	0.0		5764	0	0
1701908233087	t	casino_test_cue_boardroom_left	0.0	1	0	-1.0	803.232	463.99999999999994	1.0	-1.0	892.08	643.36	1.0	-1.0	-1.0	-1.0	-1.0	-1.0	-1.0	0.0	15	0.0	0.0		5764	0	0
1701908233095	t	casino_test_cue_boardroom_left	0.0	1	0	5.0066	800.6400000000001	459.99999999999994	1.0	5.1097	891.504	644.96	1.0	0.0639	0.0976	0.9932	-33.8906	6.4812	-37.0588	0.0	15	0.0	0.0		5764	0	0
1701908233104	t	casino_test_cue_boardroom_left	0.0	1	0	5.1859	806.832	464.96000000000004	1.0	4.974	893.6640000000001	647.04	1.0	0.0551	0.095	0.9939	-31.7579	6.5243	-36.9298	0.0	15	0.0	0.0		5764	0	0
1701908233112	t	casino_test_cue_boardroom_left	0.0	1	0	5.1555	807.84	463.84	1.0	5.0471	896.4000000000001	645.92	1.0	0.049	0.0989	0.9939	-34.1813	6.4264	-36.9976	0.0	15	0.0	0.0		5764	0	0
1701908233120	t	casino_test_cue_boardroom_left	0.0	1	0	5.1059	806.976	464.96000000000004	1.0	5.0017	896.5440000000001	647.68	1.0	0.0484	0.095	0.9943	-34.1862	6.3997	-36.9329	0.0	15	0.0	0.0		5764	0	0
1701908233129	t	casino_test_cue_boardroom_left	0.0	1	0	5.1943	806.112	463.99999999999994	1.0	4.9603	896.5440000000001	644.64	1.0	0.0499	0.106	0.9931	-34.2008	6.3342	-36.7186	0.0	15	0.0	0.0		5764	0	0
1701908233137	t	casino_test_cue_boardroom_left	0.0	1	0	5.1234	805.68	460.96000000000004	1.0	5.0365	898.128	646.24	1.0	0.0459	0.103	0.9936	-31.6944	6.4281	-36.6467	0.0	15	0.0	0.0		5764	0	0
1701908233145	t	casino_test_cue_boardroom_left	0.0	1	0	5.0511	806.112	458.4	1.0	5.1018	896.976	646.08	1.0	0.051	0.1544	0.9867	27.326	8.5575	-34.9169	0.0	15	0.0	0.0		5764	0	0
1701908233154	t	casino_test_cue_boardroom_left	0.0	1	0	5.0846	806.112	459.68	1.0	4.8715	896.112	648.48	1.0	0.0513	0.1512	0.9872	29.2772	8.6301	-34.8603	0.0	15	0.0	0.0		5764	0	0
1701908233162	t	casino_test_cue_boardroom_left	0.0	1	0	5.1184	806.256	461.12	1.0	5.1002	898.992	647.36	1.0	0.0515	0.1468	0.9878	29.4622	8.6369	-34.8496	0.0	15	0.0	0.0		5764	0	0
1701908233170	t	casino_test_cue_boardroom_left	0.0	1	0	5.0864	808.128	461.28	1.0	5.0529	896.832	651.1999999999999	1.0	0.0449	0.1464	0.9882	29.5139	8.6332	-34.833	0.0	15	0.0	0.0		5764	0	0
1701908233179	t	casino_test_cue_boardroom_left	0.0	1	0	5.1589	811.872	460.96000000000004	1.0	5.0693	899.136	647.68	1.0	0.0353	0.1509	0.9879	29.4777	8.589	-34.7172	0.0	15	0.0	0.0		5764	0	0
1701908233187	t	casino_test_cue_boardroom_left	0.0	1	0	5.164	810.7199999999999	464.16	1.0	5.1239	901.152	650.88	1.0	0.0415	0.1438	0.9887	29.0049	8.5283	-34.6136	0.0	15	0.0	0.0		5764	0	0
1701908233195	t	casino_test_cue_boardroom_left	0.0	1	0	5.0271	808.56	459.68	1.0	5.0191	903.168	650.24	1.0	0.0504	0.1578	0.9862	27.2658	8.4934	-34.8016	0.0	15	0.0	0.0		5764	0	0
1701908233204	t	casino_test_cue_boardroom_left	0.0	1	0	5.0932	812.736	461.44	1.0	5.0113	900.864	652.48	1.0	0.0369	0.1514	0.9878	25.8477	8.4217	-34.7784	0.0	15	0.0	0.0		5764	0	0
1701908233211	t	casino_test_cue_boardroom_left	0.0	1	0	5.0874	813.3119999999999	463.2	1.0	5.0742	901.872	651.52	1.0	0.0362	0.146	0.9886	24.0623	8.3363	-34.7668	0.0	15	0.0	0.0		5764	0	0
1701908233220	t	casino_test_cue_boardroom_left	0.0	1	0	5.1107	815.04	463.99999999999994	1.0	5.0827	903.4559999999999	652.1600000000001	1.0	0.0326	0.1366	0.9901	13.8527	7.9449	-35.0225	0.0	15	0.0	0.0		5764	0	0
1701908233228	t	casino_test_cue_boardroom_left	0.0	1	0	5.2802	811.872	479.68	1.0	4.9619	898.128	659.04	1.0	0.0448	0.0889	0.995	-34.1909	6.131	-36.4885	0.0	15	0.0	0.0		5764	0	0
1701908233236	t	casino_test_cue_boardroom_left	0.0	1	0	5.0286	787.3919999999999	487.68	1.0	5.0754	880.1279999999999	670.08	1.0	0.078	0.0666	0.9947	-34.0284	6.1751	-36.878	0.0	15	0.0	0.0		5764	0	0
1701908233245	t	casino_test_cue_boardroom_left	0.0	1	0	5.3561	776.1600000000001	499.84000000000003	1.0	4.7341	867.3119999999999	678.24	1.0	0.0932	0.0695	0.9932	2.2449	7.4633	-36.0371	0.0	15	0.0	0.0		5764	0	0
1701908233253	t	casino_test_cue_boardroom_left	0.0	1	0	5.2232	757.872	512.16	1.0	4.67	853.2	688.64	1.0	0.1404	0.0661	0.9879	30.1681	8.1565	-34.5357	0.0	15	0.0	0.0		5764	0	0
1701908233261	t	casino_test_cue_boardroom_left	0.0	1	0	5.2721	755.5680000000001	513.92	1.0	4.7788	841.248	684.9599999999999	1.0	0.143	0.0688	0.9873	30.2379	8.1268	-34.5887	0.0	15	0.0	0.0		5764	0	0
1701908233270	t	casino_test_cue_boardroom_left	0.0	1	0	5.1967	759.024	518.4	1.0	4.6587	848.7360000000001	697.6	1.0	0.1313	0.0567	0.9897	30.2264	8.0847	-34.4682	0.0	15	0.0	0.0		5764	0	0
1701908233279	t	casino_test_cue_boardroom_left	0.0	1	0	5.2265	759.7439999999999	512.8	1.0	4.8064	841.968	689.76	1.0	0.1305	0.0741	0.9887	30.2183	8.1002	-34.5079	0.0	15	0.0	0.0		5764	0	0
1701908233287	t	casino_test_cue_boardroom_left	0.0	1	0	5.2464	760.32	513.12	1.0	4.7831	847.0079999999999	692.9599999999999	1.0	0.1291	0.0733	0.9889	30.2134	8.0954	-34.4885	0.0	15	0.0	0.0		5764	0	0
1701908233295	t	casino_test_cue_boardroom_left	0.0	1	0	5.2268	760.896	512.96	1.0	4.6703	850.32	701.6	1.0	0.1277	0.0737	0.9891	30.2082	8.0905	-34.469	0.0	15	0.0	0.0		5764	0	0
1701908233304	t	casino_test_cue_boardroom_left	0.0	1	0	5.2459	762.048	512.96	1.0	4.4816	856.08	700.8	1.0	0.1241	0.0735	0.9895	30.0195	8.0835	-34.4694	0.0	15	0.0	0.0		5764	0	0
1701908233312	t	casino_test_cue_boardroom_left	0.0	1	0	5.3035	764.3520000000001	512.96	1.0	4.5521	855.5039999999999	695.84	1.0	0.1219	0.0745	0.9897	29.855	8.029	-34.2852	0.0	15	0.0	0.0		5764	0	0
1701908233320	t	casino_test_cue_boardroom_left	0.0	1	0	5.2699	768.96	511.52	1.0	4.7917	850.464	693.44	1.0	0.1138	0.0533	0.9921	-4.3443	7.0465	-36.1318	0.0	15	0.0	0.0		5764	0	0
1701908233328	t	casino_test_cue_boardroom_left	0.0	1	0	5.34	767.5200000000001	515.2	1.0	4.8092	850.608	696.0	1.0	0.1193	0.0328	0.9923	-20.7169	6.6042	-37.1527	0.0	15	0.0	0.0		5764	0	0
1701908233337	t	casino_test_cue_boardroom_left	0.0	1	0	5.3217	769.248	514.88	1.0	4.7719	853.776	696.16	1.0	0.1112	0.0257	0.9935	-32.3174	6.3117	-37.9849	0.0	15	0.0	0.0		5764	0	0
1701908233345	t	casino_test_cue_boardroom_left	0.0	1	0	5.3054	770.1120000000001	516.96	1.0	4.6974	858.3839999999999	701.44	1.0	0.0962	0.008	0.9953	-33.5909	6.3852	-38.4723	0.0	15	0.0	0.0		5764	0	0
1701908233353	t	casino_test_cue_boardroom_left	0.0	1	0	5.2833	770.2560000000001	515.36	1.0	4.7044	857.088	698.24	1.0	0.1028	0.0183	0.9945	-33.6776	6.3868	-38.5187	0.0	15	0.0	0.0		5764	0	0
1701908233362	t	casino_test_cue_boardroom_left	0.0	1	0	5.3341	771.84	514.4	1.0	4.8119	855.6479999999999	698.88	1.0	0.1098	0.0164	0.9938	-33.6185	6.4341	-38.6689	0.0	15	0.0	0.0		5764	0	0
1701908233370	t	casino_test_cue_boardroom_left	0.0	1	0	5.2929	773.2800000000001	512.3199999999999	1.0	4.6248	860.832	700.3199999999999	1.0	0.0949	0.0113	0.9954	-33.4875	6.3938	-38.4911	0.0	15	0.0	0.0		5764	0	0
1701908233379	t	casino_test_cue_boardroom_left	0.0	1	0	5.296	773.2800000000001	512.16	1.0	4.9138	859.392	696.16	1.0	0.1036	0.0255	0.9943	-32.6154	6.4355	-38.5116	0.0	15	0.0	0.0		5764	0	0
1701908233387	t	casino_test_cue_boardroom_left	0.0	1	0	5.2924	773.424	512.16	1.0	4.7198	858.816	699.2	1.0	0.1068	0.0302	0.9938	-20.0378	6.6963	-37.43	0.0	15	0.0	0.0		5764	0	0
1701908233395	t	casino_test_cue_boardroom_left	0.0	1	0	5.2952	774.0	512.16	1.0	4.8958	857.5200000000001	698.88	1.0	0.1128	0.0684	0.9913	17.3329	7.5273	-34.3624	0.0	15	0.0	0.0		5764	0	0
1701908233404	t	casino_test_cue_boardroom_left	0.0	1	0	5.3472	777.1679999999999	514.4	1.0	4.8765	859.104	700.16	1.0	0.1086	0.0523	0.9927	2.3387	7.0909	-35.2432	0.0	15	0.0	0.0		5764	0	0
1701908233412	t	casino_test_cue_boardroom_left	0.0	1	0	5.256	776.0160000000001	515.36	1.0	4.8374	863.1360000000001	702.08	1.0	0.0986	0.0222	0.9949	-27.7709	6.4418	-37.9096	0.0	15	0.0	0.0		5764	0	0
1701908233420	t	casino_test_cue_boardroom_left	0.0	1	0	5.2941	778.3199999999999	520.96	1.0	4.8252	863.856	702.7199999999999	1.0	0.0965	0.018	0.9952	-33.176	6.2823	-38.284	0.0	15	0.0	0.0		5764	0	0
1701908233428	t	casino_test_cue_boardroom_left	0.0	1	0	5.2931	778.4639999999999	523.52	1.0	4.784	863.712	702.08	1.0	0.098	0.0224	0.9949	-33.6024	6.2481	-38.286	0.0	15	0.0	0.0		5764	0	0
1701908233437	t	casino_test_cue_boardroom_left	0.0	1	0	5.1733	779.616	523.2	1.0	4.9128	862.4159999999999	706.4	1.0	0.1054	0.0143	0.9943	-33.1832	6.2077	-38.1379	0.0	15	0.0	0.0		5764	0	0
1701908233445	t	casino_test_cue_boardroom_left	0.0	1	0	5.2862	778.8960000000001	526.0799999999999	1.0	4.8957	864.144	708.96	1.0	0.104	0.0122	0.9945	-31.9762	6.1834	-37.9386	0.0	15	0.0	0.0		5764	0	0
1701908233453	t	casino_test_cue_boardroom_left	0.0	1	0	5.2323	778.1759999999999	528.96	1.0	4.8911	868.608	710.72	1.0	0.0965	0.0186	0.9951	-23.3479	6.3278	-37.1612	0.0	15	0.0	0.0		5764	0	0
1701908233462	t	casino_test_cue_boardroom_left	0.0	1	0	5.2558	778.4639999999999	531.04	1.0	4.8337	870.912	716.96	1.0	0.104	0.0305	0.9941	1.7595	6.8644	-35.1119	0.0	15	0.0	0.0		5764	0	0
1701908233470	t	casino_test_cue_boardroom_left	0.0	1	0	5.2722	778.8960000000001	535.52	1.0	4.7184	872.208	718.88	1.0	0.1143	0.045	0.9924	24.6489	7.3433	-33.2539	0.0	15	0.0	0.0		5764	0	0
1701908233478	t	casino_test_cue_boardroom_left	0.0	1	0	5.2798	780.624	542.5600000000001	1.0	4.8562	865.872	725.6	1.0	0.111	0.0319	0.9933	26.0821	7.3275	-33.1514	0.0	15	0.0	0.0		5764	0	0
1701908233486	t	casino_test_cue_boardroom_left	0.0	1	0	5.1655	779.472	544.16	1.0	4.9381	866.448	730.0799999999999	1.0	0.1168	0.0338	0.9926	22.253	7.1954	-33.4819	0.0	15	0.0	0.0		5764	0	0
1701908233495	t	casino_test_cue_boardroom_left	0.0	1	0	4.9973	784.6560000000001	548.1600000000001	1.0	4.8205	872.208	734.4	1.0	0.1081	0.0328	0.9936	24.7831	7.1715	-33.1531	0.0	15	0.0	0.0		5764	0	0
1701908233503	t	casino_test_cue_boardroom_left	0.0	1	0	5.0964	801.9359999999999	546.88	1.0	4.9123	894.528	730.5600000000001	1.0	0.0701	0.0411	0.9967	24.0377	7.13	-33.176	0.0	15	0.0	0.0		5764	0	0
1701908233511	t	casino_test_cue_boardroom_left	0.0	1	0	5.0531	820.3679999999999	542.24	1.0	4.8987	916.2719999999999	723.52	1.0	0.0344	0.0537	0.998	22.8284	7.0505	-32.9721	0.0	15	0.0	0.0		5764	0	0
1701908233520	t	casino_test_cue_boardroom_left	0.0	1	0	4.9658	833.76	536.8000000000001	1.0	5.0203	927.9359999999999	719.52	1.0	0.0095	0.066	0.9978	27.6782	7.2923	-32.9269	0.0	15	0.0	0.0		5764	0	0
1701908233528	t	casino_test_cue_boardroom_left	0.0	1	0	5.2662	844.272	539.36	1.0	4.9345	930.528	718.4	1.0	-0.0122	0.0606	0.9981	28.5707	7.2886	-32.8258	0.0	15	0.0	0.0		5764	0	0
1701908233536	t	casino_test_cue_boardroom_left	0.0	1	0	5.0318	839.376	534.24	1.0	5.0247	931.392	716.0	1.0	0.017	0.0912	0.9957	28.0475	7.1077	-32.3823	0.0	15	0.0	0.0		5764	0	0
1701908233545	t	casino_test_cue_boardroom_left	0.0	1	0	5.1232	842.112	540.16	1.0	4.8696	924.624	727.84	1.0	0.0011	0.0729	0.9973	27.9542	7.1512	-32.6376	0.0	15	0.0	0.0		5764	0	0
1701908233553	t	casino_test_cue_boardroom_left	0.0	1	0	5.0831	844.128	549.92	1.0	4.9351	928.0799999999999	732.16	1.0	-0.0119	0.0491	0.9987	26.5469	7.1372	-33.0845	0.0	15	0.0	0.0		5764	0	0
1701908233561	t	casino_test_cue_boardroom_left	0.0	1	0	5.252	844.272	553.5999999999999	1.0	4.833	929.232	732.8000000000001	1.0	-0.0099	0.0396	0.9992	16.6466	6.8517	-33.8074	0.0	15	0.0	0.0		5764	0	0
1701908233570	t	casino_test_cue_boardroom_left	0.0	1	0	5.2477	843.8399999999999	559.04	1.0	4.9635	931.248	733.4399999999999	1.0	-0.001	0.0175	0.9998	-11.8054	6.2052	-36.1374	0.0	15	0.0	0.0		5764	0	0
1701908233578	t	casino_test_cue_boardroom_left	0.0	1	0	5.1984	844.128	564.1600000000001	1.0	4.857	927.792	739.2	1.0	0.0037	0.0097	0.9999	-10.4592	6.2095	-36.1237	0.0	15	0.0	0.0		5764	0	0
1701908233586	t	casino_test_cue_boardroom_left	0.0	1	0	4.9746	841.5360000000001	568.8	1.0	4.9392	929.8080000000001	740.0	1.0	0.0095	0.0029	0.9999	-27.0389	5.7892	-37.3424	0.0	15	0.0	0.0		5764	0	0
1701908233595	t	casino_test_cue_boardroom_left	0.0	1	0	5.139	838.8000000000001	570.72	1.0	4.8807	928.6560000000001	743.68	1.0	0.0111	0.0079	0.9999	-17.2157	5.9364	-36.5295	0.0	15	0.0	0.0		5764	0	0
1701908233603	t	casino_test_cue_boardroom_left	0.0	1	0	4.9453	838.0799999999999	574.4	1.0	4.8725	927.792	748.32	1.0	0.0135	0.0002	0.9999	-21.1212	5.8127	-36.8622	0.0	15	0.0	0.0		5764	0	0
1701908233611	t	casino_test_cue_boardroom_left	0.0	1	0	4.9705	837.504	580.16	1.0	4.8833	928.5120000000001	749.92	1.0	0.0107	-0.0022	0.9999	-21.1087	5.7831	-36.8561	0.0	15	0.0	0.0		5764	0	0
1701908233620	t	casino_test_cue_boardroom_left	0.0	1	0	5.0257	834.336	580.64	1.0	4.8742	929.9520000000001	750.5600000000001	1.0	0.0083	0.0019	1.0	-16.9646	5.861	-36.5798	0.0	15	0.0	0.0		5764	0	0
1701908233628	t	casino_test_cue_boardroom_left	0.0	1	0	5.0857	834.624	583.84	1.0	4.9087	929.088	750.5600000000001	1.0	0.0078	-0.0014	1.0	-22.397	5.7609	-37.0954	0.0	15	0.0	0.0		5764	0	0
1701908233636	t	casino_test_cue_boardroom_left	0.0	1	0	5.1452	834.9119999999999	587.36	1.0	4.9081	927.9359999999999	754.4	1.0	0.0083	-0.0123	0.9999	-24.3455	5.7274	-37.3036	0.0	15	0.0	0.0		5764	0	0
1701908233645	t	casino_test_cue_boardroom_left	0.0	1	0	4.9073	833.328	585.44	1.0	4.7828	920.448	756.1600000000001	1.0	0.0271	-0.0155	0.9995	-26.701	5.6503	-37.4195	0.0	15	0.0	0.0		5764	0	0
1701908233653	t	casino_test_cue_boardroom_left	0.0	1	0	5.1089	833.76	590.24	1.0	4.903	927.072	755.36	1.0	0.0067	-0.0118	0.9999	-24.4523	5.6695	-37.2002	0.0	15	0.0	0.0		5764	0	0
1701908233661	t	casino_test_cue_boardroom_left	0.0	1	0	5.1335	833.184	591.36	1.0	4.898	923.328	757.5999999999999	1.0	0.0128	-0.0081	0.9999	-15.421	5.7978	-36.4085	0.0	15	0.0	0.0		5764	0	0
1701908233670	t	casino_test_cue_boardroom_left	0.0	1	0	5.1335	832.0319999999999	596.64	1.0	4.907	921.888	758.72	1.0	0.0152	-0.0122	0.9998	-15.5541	5.7912	-36.4875	0.0	15	0.0	0.0		5764	0	0
1701908233678	t	casino_test_cue_boardroom_left	0.0	1	0	5.0598	831.312	598.24	1.0	4.6092	914.1120000000001	766.72	1.0	0.0287	-0.0267	0.9992	-14.6746	5.8	-36.4757	0.0	15	0.0	0.0		5764	0	0
1701908233686	t	casino_test_cue_boardroom_left	0.0	1	0	5.0643	830.16	601.76	1.0	4.8432	922.8960000000001	759.84	1.0	0.0105	-0.0116	0.9999	-17.5529	5.7139	-36.688	0.0	15	0.0	0.0		5764	0	0
1701908233695	t	casino_test_cue_boardroom_left	0.0	1	0	5.1009	829.2959999999999	603.36	1.0	4.7089	916.1279999999999	768.1600000000001	1.0	0.0228	-0.0237	0.9995	-14.2473	5.7233	-36.3529	0.0	15	0.0	0.0		5764	0	0
1701908233703	t	casino_test_cue_boardroom_left	0.0	1	0	5.0518	828.864	606.56	1.0	4.7846	918.432	766.24	1.0	0.0166	-0.0182	0.9997	-12.4369	5.7747	-36.3691	0.0	15	0.0	0.0		5764	0	0
1701908233711	t	casino_test_cue_boardroom_left	0.0	1	0	5.0791	828.72	605.2800000000001	1.0	4.7789	916.1279999999999	765.12	1.0	0.017	-0.0103	0.9998	-7.5633	5.8758	-36.0756	0.0	15	0.0	0.0		5764	0	0
1701908233720	t	casino_test_cue_boardroom_left	0.0	1	0	4.9853	827.712	602.88	1.0	4.7618	917.1360000000001	764.96	1.0	0.0114	-0.0008	0.9999	1.3253	6.0202	-35.3241	0.0	15	0.0	0.0		5764	0	0
1701908233728	t	casino_test_cue_boardroom_left	0.0	1	0	5.0489	824.544	602.88	1.0	4.8104	916.9920000000001	762.4	1.0	0.0128	0.0078	0.9999	15.2623	6.2541	-34.1416	0.0	15	0.0	0.0		5764	0	0
1701908233736	t	casino_test_cue_boardroom_left	0.0	1	0	5.0554	822.96	599.36	1.0	4.6893	913.8240000000001	763.36	1.0	0.012	0.0181	0.9998	22.6516	6.4167	-33.6134	0.0	15	0.0	0.0		5764	0	0
1701908233745	t	casino_test_cue_boardroom_left	0.0	1	0	5.0618	822.096	600.16	1.0	4.8851	912.672	758.24	1.0	0.0089	0.0145	0.9998	24.2948	6.4495	-33.4323	0.0	15	0.0	0.0		5764	0	0
1701908233753	t	casino_test_cue_boardroom_left	0.0	1	0	5.0333	816.768	598.56	1.0	4.872	908.64	762.4	1.0	0.0205	0.0192	0.9996	26.0203	6.4574	-33.1967	0.0	15	0.0	0.0		5764	0	0
1701908233761	t	casino_test_cue_boardroom_left	0.0	1	0	4.9981	814.4639999999999	598.88	1.0	4.6983	910.08	761.9200000000001	1.0	0.0189	0.0156	0.9997	24.3283	6.4953	-33.5865	0.0	15	0.0	0.0		5764	0	0
1701908233770	t	casino_test_cue_boardroom_left	0.0	1	0	5.0609	816.3359999999999	600.16	1.0	4.7427	907.2	758.4	1.0	0.0104	0.0084	0.9999	20.921	6.4664	-33.9374	0.0	15	0.0	0.0		5764	0	0
1701908233778	t	casino_test_cue_boardroom_left	0.0	1	0	5.0139	815.3280000000001	598.08	1.0	4.8594	909.2159999999999	757.9200000000001	1.0	0.0172	-0.0035	0.9998	-1.3027	6.1095	-35.6823	0.0	15	0.0	0.0		5764	0	0
1701908233787	t	casino_test_cue_boardroom_left	0.0	1	0	4.9036	818.496	600.3199999999999	1.0	4.8428	910.3679999999999	753.4399999999999	1.0	0.0127	-0.001	0.9999	6.0233	6.2006	-34.9223	0.0	15	0.0	0.0		5764	0	0
1701908233795	t	casino_test_cue_boardroom_left	0.0	1	0	4.9381	819.648	596.64	1.0	4.9094	914.832	751.52	1.0	0.0139	0.0096	0.9998	9.8465	6.268	-34.5848	0.0	15	0.0	0.0		5764	0	0
1701908233803	t	casino_test_cue_boardroom_left	0.0	1	0	4.9841	819.936	595.2	1.0	4.911	916.2719999999999	750.24	1.0	0.0174	0.012	0.9998	11.2489	6.3383	-34.5965	0.0	15	0.0	0.0		5764	0	0
1701908233812	t	casino_test_cue_boardroom_left	0.0	1	0	5.0133	823.68	596.48	1.0	4.8423	921.0239999999999	749.6	1.0	0.0076	0.0049	1.0	8.4191	6.33	-34.9154	0.0	15	0.0	0.0		5764	0	0
1701908233820	t	casino_test_cue_boardroom_left	0.0	1	0	4.5309	835.1999999999999	615.84	1.0	4.8265	929.088	753.28	1.0	-0.0054	-0.041	0.9991	-14.2005	6.124	-37.1816	0.0	15	0.0	0.0		5764	0	0
1701908233828	t	casino_test_cue_boardroom_left	0.0	1	0	4.0687	833.328	629.12	1.0	4.0935	925.6320000000001	770.24	1.0	0.0159	-0.0819	0.9965	-34.5573	5.6621	-38.2548	0.0	15	0.0	0.0		5764	0	0
1701908233836	t	casino_test_cue_boardroom_left	0.0	1	0	-1.0	830.16	644.96	0.8731	3.5477	922.6080000000001	790.88	0.8488	0.0217	-0.1548	0.9877	-34.5379	5.9198	-38.892	0.0	15	0.0	0.0		5764	0	0
1701908233844	t	casino_test_cue_boardroom_left	0.0	1	0	-1.0	837.9359999999999	752.48	0.8731	-1.0	928.6560000000001	799.6800000000001	0.8488	-1.0	-1.0	-1.0	-1.0	-1.0	-1.0	0.0	15	0.0	0.0		5764	0	0
1701908233851	t	casino_test_cue_boardroom_left	0.0	1	0	-1.0	-1440.0	-1600.0	0.5226	-1.0	946.656	816.16	0.5698	-1.0	-1.0	-1.0	-1.0	-1.0	-1.0	0.0	15	0.0	0.0		5764	0	0
1701908233858	t	casino_test_cue_boardroom_left	0.0	1	0	-1.0	-1440.0	-1600.0	0.5226	-1.0	-1440.0	-1600.0	0.5698	-1.0	-1.0	-1.0	-1.0	-1.0	-1.0	0.0	15	0.0	0.0		5764	0	0
1701908233867	t	casino_test_cue_boardroom_left	0.0	1	0	-1.0	-1440.0	-1600.0	0.0276	-1.0	-1440.0	-1600.0	0.2158	-1.0	-1.0	-1.0	-1.0	-1.0	-1.0	0.0	15	0.0	0.0		5764	0	0
1701908233875	t	casino_test_cue_boardroom_left	0.0	1	0	-1.0	-1440.0	-1600.0	0.0276	-1.0	-1440.0	-1600.0	0.2158	-1.0	-1.0	-1.0	-1.0	-1.0	-1.0	0.0	15	0.0	0.0		5764	0	0
1701908233883	t	casino_test_cue_boardroom_left	0.0	1	0	-1.0	-1440.0	-1600.0	0.0	-1.0	-1440.0	-1600.0	0.0	-1.0	-1.0	-1.0	-1.0	-1.0	-1.0	0.0	15	0.0	0.0		5764	0	0
1701908233892	t	casino_test_cue_boardroom_left	0.0	1	0	-1.0	-1440.0	-1600.0	0.0	-1.0	-1440.0	-1600.0	0.0	-1.0	-1.0	-1.0	-1.0	-1.0	-1.0	0.0	15	0.0	0.0		5764	0	0
1701908233900	t	casino_test_cue_boardroom_left	0.0	1	0	-1.0	-1440.0	-1600.0	0.0	-1.0	-1440.0	-1600.0	0.0	-1.0	-1.0	-1.0	-1.0	-1.0	-1.0	0.0	15	0.0	0.0		5764	0	0
1701908233908	t	casino_test_cue_boardroom_left	0.0	1	0	-1.0	-1440.0	-1600.0	0.0	-1.0	-1440.0	-1600.0	0.0	-1.0	-1.0	-1.0	-1.0	-1.0	-1.0	0.0	15	0.0	0.0		5764	0	0
1701908233917	t	casino_test_cue_boardroom_left	0.0	1	0	-1.0	-1440.0	-1600.0	0.0	-1.0	-1440.0	-1600.0	0.0	-1.0	-1.0	-1.0	-1.0	-1.0	-1.0	0.0	15	0.0	0.0		5764	0	0
1701908233925	t	casino_test_cue_boardroom_left	0.0	1	0	-1.0	-1440.0	-1600.0	0.0	-1.0	-1440.0	-1600.0	0.0	-1.0	-1.0	-1.0	-1.0	-1.0	-1.0	0.0	15	0.0	0.0		5764	0	0
1701908233933	t	casino_test_cue_boardroom_left	0.0	1	0	-1.0	-1440.0	-1600.0	0.0	-1.0	-1440.0	-1600.0	0.0	-1.0	-1.0	-1.0	-1.0	-1.0	-1.0	0.0	15	0.0	0.0		5764	0	0
1701908233943	t	casino_test_cue_boardroom_left	0.0	1	0	-1.0	-1440.0	-1600.0	0.0	-1.0	973.5840000000001	909.2800000000001	0.0	-1.0	-1.0	-1.0	-1.0	-1.0	-1.0	0.0	15	0.0	0.0		5764	0	0
1701908233951	t	casino_test_cue_boardroom_left	0.0	1	0	-1.0	-1440.0	-1600.0	0.0	-1.0	940.176	857.9200000000001	0.0	-1.0	-1.0	-1.0	-1.0	-1.0	-1.0	0.0	15	0.0	0.0		5764	0	0
1701908233960	t	casino_test_cue_boardroom_left	0.0	1	0	-1.0	-1440.0	-1600.0	0.0	-1.0	953.568	825.1200000000001	0.0	-1.0	-1.0	-1.0	-1.0	-1.0	-1.0	0.0	15	0.0	0.0		5764	0	0
1701908233969	t	casino_test_cue_boardroom_left	0.0	1	0	-1.0	849.7439999999999	714.56	0.0791	-1.0	943.488	835.8399999999999	0.2756	-1.0	-1.0	-1.0	-1.0	-1.0	-1.0	0.0	15	0.0	0.0		5764	0	0
1701908233978	t	casino_test_cue_boardroom_left	0.0	1	0	-1.0	845.28	719.2	0.0791	-1.0	944.4960000000001	833.1200000000001	0.2756	-1.0	-1.0	-1.0	-1.0	-1.0	-1.0	0.0	15	0.0	0.0		5764	0	0
1701908233986	t	casino_test_cue_boardroom_left	0.0	1	0	-1.0	839.8080000000001	719.0400000000001	0.3157	-1.0	940.608	838.08	0.5274	-1.0	-1.0	-1.0	-1.0	-1.0	-1.0	0.0	15	0.0	0.0		5764	0	0
1701908233995	t	casino_test_cue_boardroom_left	0.0	1	0	-1.0	840.384	707.2	0.3157	-1.0	936.288	840.16	0.5274	-1.0	-1.0	-1.0	-1.0	-1.0	-1.0	0.0	15	0.0	0.0		5764	0	0
1701908234003	t	casino_test_cue_boardroom_left	0.0	1	0	-1.0	841.6800000000001	687.84	0.5349	-1.0	939.7439999999999	830.4	0.6618	-1.0	-1.0	-1.0	-1.0	-1.0	-1.0	0.0	15	0.0	0.0		5764	0	0
1701908234012	t	casino_test_cue_boardroom_left	0.0	1	0	-1.0	842.4	697.44	0.5349	4.8632	939.024	831.1999999999999	0.6618	-0.0216	-0.157	0.9874	-34.5385	5.181	-38.5888	0.0	15	0.0	0.0		5764	0	0
1701908234020	t	casino_test_cue_boardroom_left	0.0	1	0	-1.0	842.256	694.24	0.7424	4.9309	940.608	831.84	0.7433	-0.0312	-0.1584	0.9869	-34.5148	5.1277	-38.4016	0.0	15	0.0	0.0		5764	0	0
1701908234028	t	casino_test_cue_boardroom_left	0.0	1	0	-1.0	844.7040000000001	686.4	0.7424	4.7561	941.04	836.32	0.7433	-0.0263	-0.1719	0.9848	-34.5621	5.1012	-38.291	0.0	15	0.0	0.0		5764	0	0
1701908234037	t	casino_test_cue_boardroom_left	0.0	1	0	4.5114	845.7120000000001	689.28	0.8327	4.872	940.752	833.6	0.7762	-0.024	-0.1645	0.9861	-34.567	5.1029	-38.2914	0.0	15	0.0	0.0		5764	0	0
1701908234045	t	casino_test_cue_boardroom_left	0.0	1	0	4.7509	845.136	681.12	0.8327	4.9133	941.6160000000001	832.8	0.7762	-0.0244	-0.1616	0.9866	-34.5779	5.1081	-38.3142	0.0	15	0.0	0.0		5764	0	0
1701908234053	t	casino_test_cue_boardroom_left	0.0	1	0	4.6558	843.264	681.12	0.8981	4.8632	942.192	834.56	0.8894	-0.0247	-0.1665	0.9857	-34.5874	5.1038	-38.3049	0.0	15	0.0	0.0		5764	0	0
1701908234061	t	casino_test_cue_boardroom_left	0.0	1	0	4.889	844.416	674.88	0.8981	4.9798	942.336	832.3199999999999	0.8894	-0.0221	-0.1607	0.9867	-34.6014	5.0992	-38.2714	0.0	15	0.0	0.0		5764	0	0
1701908234070	t	casino_test_cue_boardroom_left	0.0	1	0	4.8314	845.28	676.9599999999999	0.9501	4.9527	944.4960000000001	833.92	0.963	-0.0313	-0.1624	0.9862	-34.5909	5.088	-38.2871	0.0	15	0.0	0.0		5764	0	0
1701908234078	t	casino_test_cue_boardroom_left	0.0	1	0	4.8602	843.552	675.04	0.9501	4.8256	943.2	832.8	0.963	-0.0254	-0.1602	0.9867	-34.6007	5.1122	-38.3692	0.0	15	0.0	0.0		5764	0	0
1701908234086	t	casino_test_cue_boardroom_left	0.0	1	0	4.8072	846.144	677.6	1.0	4.8809	944.928	832.8	1.0	-0.0296	-0.1577	0.987	-34.5608	5.098	-38.3601	0.0	15	0.0	0.0		5764	0	0
1701908234094	t	casino_test_cue_boardroom_left	0.0	1	0	4.8565	847.296	675.6800000000001	1.0	4.8906	946.08	833.44	1.0	-0.0311	-0.156	0.9873	-34.6044	5.0742	-38.3595	0.0	15	0.0	0.0		5764	0	0
1701908234103	t	casino_test_cue_boardroom_left	0.0	1	0	4.8163	846.144	676.48	1.0	4.9779	947.3760000000001	835.36	1.0	-0.0344	-0.1598	0.9865	-34.5809	5.0549	-38.3167	0.0	15	0.0	0.0		5764	0	0
1701908234111	t	casino_test_cue_boardroom_left	0.0	1	0	4.8074	846.576	677.76	1.0	4.9079	948.816	835.36	1.0	-0.0392	-0.1578	0.9867	-34.506	5.0445	-38.3059	0.0	15	0.0	0.0		5764	0	0
1701908234120	t	casino_test_cue_boardroom_left	0.0	1	0	4.8611	848.304	675.52	1.0	4.7568	948.096	839.5200000000001	1.0	-0.0369	-0.1679	0.9851	-34.3478	5.0314	-38.2827	0.0	15	0.0	0.0		5764	0	0
1701908234128	t	casino_test_cue_boardroom_left	0.0	1	0	4.8465	847.44	678.24	1.0	4.9058	945.792	835.68	1.0	-0.0278	-0.1553	0.9875	-34.206	5.0372	-38.3238	0.0	15	0.0	0.0		5764	0	0
1701908234136	t	casino_test_cue_boardroom_left	0.0	1	0	4.8472	848.016	676.48	1.0	4.9362	948.096	836.96	1.0	-0.0359	-0.1603	0.9864	-30.0085	5.1298	-38.0332	0.0	15	0.0	0.0		5764	0	0
1701908234144	t	casino_test_cue_boardroom_left	0.0	1	0	4.841	848.16	676.64	1.0	4.9238	945.6479999999999	837.9200000000001	1.0	-0.0318	-0.1633	0.9861	-18.5063	5.3952	-37.363	0.0	15	0.0	0.0		5764	0	0
1701908234153	t	casino_test_cue_boardroom_left	0.0	1	0	4.8505	848.304	676.64	1.0	4.994	947.664	839.04	1.0	-0.0369	-0.165	0.9856	-19.9356	5.3514	-37.4117	0.0	15	0.0	0.0		5764	0	0
1701908234161	t	casino_test_cue_boardroom_left	0.0	1	0	4.8231	849.168	675.6800000000001	1.0	5.0564	946.224	837.4399999999999	1.0	-0.0394	-0.1632	0.9858	-0.1127	5.8072	-36.204	0.0	15	0.0	0.0		5764	0	0
1701908234170	t	casino_test_cue_boardroom_left	0.0	1	0	4.8068	848.4479999999999	679.36	1.0	4.9568	946.368	838.88	1.0	-0.0383	-0.1705	0.9846	-0.7369	5.7905	-36.2545	0.0	15	0.0	0.0		5764	0	0
1701908234178	t	casino_test_cue_boardroom_left	0.0	1	0	4.9232	849.168	676.32	1.0	4.9743	946.8	838.5600000000001	1.0	-0.0403	-0.1652	0.9854	0.0519	5.799	-36.1662	0.0	15	0.0	0.0		5764	0	0
1701908234186	t	casino_test_cue_boardroom_left	0.0	1	0	4.8645	848.304	676.48	1.0	4.9925	946.368	838.4000000000001	1.0	-0.0374	-0.1651	0.9856	1.0294	5.8199	-36.0984	0.0	15	0.0	0.0		5764	0	0
1701908234194	t	casino_test_cue_boardroom_left	0.0	1	0	4.868	848.88	676.32	1.0	5.0074	946.8	838.08	1.0	-0.0386	-0.1649	0.9855	0.4467	5.8074	-36.1305	0.0	15	0.0	0.0		5764	0	0
1701908234203	t	casino_test_cue_boardroom_left	0.0	1	0	4.8728	848.304	676.32	1.0	4.9926	946.368	838.4000000000001	1.0	-0.0359	-0.1649	0.9856	-2.5873	5.7375	-36.3176	0.0	15	0.0	0.0		5764	0	0
1701908234212	t	casino_test_cue_boardroom_left	0.0	1	0	4.8695	848.16	676.32	1.0	5.0072	946.8	838.08	1.0	-0.0359	-0.1643	0.9857	-3.4989	5.7167	-36.3738	0.0	15	0.0	0.0		5764	0	0
1701908234220	t	casino_test_cue_boardroom_left	0.0	1	0	4.873	848.304	676.48	1.0	4.9941	945.936	836.8000000000001	1.0	-0.0354	-0.1626	0.9861	-2.7437	5.7333	-36.324	0.0	15	0.0	0.0		5764	0	0
1701908234228	t	casino_test_cue_boardroom_left	0.0	1	0	4.8701	848.16	676.8	1.0	4.9811	946.512	836.0	1.0	-0.0361	-0.1631	0.9859	-0.561	5.7829	-36.1782	0.0	15	0.0	0.0		5764	0	0
1701908234237	t	casino_test_cue_boardroom_left	0.0	1	0	4.8747	848.016	677.12	1.0	5.0752	945.6479999999999	835.8399999999999	1.0	-0.0342	-0.1634	0.9859	0.1175	5.7933	-36.1216	0.0	15	0.0	0.0		5764	0	0
1701908234245	t	casino_test_cue_boardroom_left	0.0	1	0	4.8806	848.16	676.9599999999999	1.0	5.068	945.216	836.0	1.0	-0.0342	-0.1643	0.9858	1.6706	5.8367	-36.0398	0.0	15	0.0	0.0		5764	0	0
1701908234253	t	casino_test_cue_boardroom_left	0.0	1	0	4.8864	848.304	676.64	1.0	4.8909	946.08	835.52	1.0	-0.0362	-0.1656	0.9855	4.396	5.9058	-35.8654	0.0	15	0.0	0.0		5764	0	0
1701908234261	t	casino_test_cue_boardroom_left	0.0	1	0	4.8491	850.896	677.6	1.0	5.0405	944.64	835.52	1.0	-0.0385	-0.1706	0.9846	2.2137	5.8967	-36.0813	0.0	15	0.0	0.0		5764	0	0
1701908234270	t	casino_test_cue_boardroom_left	0.0	1	0	4.9684	849.312	672.8	1.0	5.0092	945.5039999999999	833.1200000000001	1.0	-0.0364	-0.1614	0.9862	1.4077	5.8937	-36.1206	0.0	15	0.0	0.0		5764	0	0
1701908234278	t	casino_test_cue_boardroom_left	0.0	1	0	4.9598	851.184	671.1999999999999	1.0	5.034	944.064	833.6	1.0	-0.0379	-0.1605	0.9863	0.8119	5.8929	-36.1693	0.0	15	0.0	0.0		5764	0	0
1701908234286	t	casino_test_cue_boardroom_left	0.0	1	0	4.9544	847.296	671.3599999999999	1.0	5.1017	945.072	832.0	1.0	-0.0297	-0.1597	0.9867	1.0315	5.893	-36.1183	0.0	15	0.0	0.0		5764	0	0
1701908234295	t	casino_test_cue_boardroom_left	0.0	1	0	4.9934	849.7439999999999	666.24	1.0	5.0802	946.368	829.9200000000001	1.0	-0.0345	-0.151	0.9879	-2.4212	5.7962	-36.1837	0.0	15	0.0	0.0		5764	0	0
1701908234303	t	casino_test_cue_boardroom_left	0.0	1	0	4.9796	849.7439999999999	664.32	1.0	5.0873	944.064	827.36	1.0	-0.0285	-0.1471	0.9887	-8.2851	5.6678	-36.4991	0.0	15	0.0	0.0		5764	0	0
1701908234311	t	casino_test_cue_boardroom_left	0.0	1	0	4.9315	850.896	665.76	1.0	5.0864	944.64	828.96	1.0	-0.028	-0.1542	0.9876	-21.3213	5.4018	-37.3742	0.0	15	0.0	0.0		5764	0	0
1701908234319	t	casino_test_cue_boardroom_left	0.0	1	0	4.9085	850.464	664.96	1.0	5.1232	945.6479999999999	825.2800000000001	1.0	-0.0282	-0.1456	0.9889	-28.788	5.2499	-37.8762	0.0	15	0.0	0.0		5764	0	0
1701908234328	t	casino_test_cue_boardroom_left	0.0	1	0	4.907	849.456	662.5600000000001	1.0	4.9598	946.224	826.4	1.0	-0.0313	-0.1497	0.9882	-31.2459	5.2156	-38.0798	0.0	15	0.0	0.0		5764	0	0
1701908234336	t	casino_test_cue_boardroom_left	0.0	1	0	4.8406	849.5999999999999	663.84	1.0	5.0964	943.92	825.44	1.0	-0.0238	-0.1478	0.9887	-31.1035	5.221	-38.0641	0.0	15	0.0	0.0		5764	0	0
1701908234344	t	casino_test_cue_boardroom_left	0.0	1	0	4.9019	850.176	662.88	1.0	5.0929	944.3520000000001	823.3599999999999	1.0	-0.0268	-0.145	0.9891	-25.7741	5.3606	-37.752	0.0	15	0.0	0.0		5764	0	0
1701908234353	t	casino_test_cue_boardroom_left	0.0	1	0	4.9841	847.5840000000001	660.48	1.0	5.1299	944.4960000000001	822.4	1.0	-0.0267	-0.144	0.9892	-18.5322	5.5262	-37.2579	0.0	15	0.0	0.0		5764	0	0
1701908234361	t	casino_test_cue_boardroom_left	0.0	1	0	4.9681	848.88	660.96	1.0	5.1015	945.216	822.72	1.0	-0.0309	-0.1468	0.9887	-9.365	5.7261	-36.6262	0.0	15	0.0	0.0		5764	0	0
1701908234370	t	casino_test_cue_boardroom_left	0.0	1	0	4.9555	850.176	660.48	1.0	5.0369	942.6239999999999	820.48	1.0	-0.0305	-0.1454	0.9889	-3.0351	5.8832	-36.2392	0.0	15	0.0	0.0		5764	0	0
1701908234378	t	casino_test_cue_boardroom_left	0.0	1	0	4.9551	849.312	660.48	1.0	5.1904	943.488	820.1599999999999	1.0	-0.03	-0.1455	0.9889	-2.9619	5.8865	-36.2253	0.0	15	0.0	0.0		5764	0	0
1701908234386	t	casino_test_cue_boardroom_left	0.0	1	0	4.9549	848.4479999999999	660.32	1.0	5.1871	941.6160000000001	818.0799999999999	1.0	-0.0253	-0.1424	0.9895	-5.3717	5.8334	-36.3684	0.0	15	0.0	0.0		5764	0	0
1701908234395	t	casino_test_cue_boardroom_left	0.0	1	0	4.9284	848.16	659.1999999999999	1.0	5.2181	942.192	816.64	1.0	-0.026	-0.1396	0.9899	-7.4808	5.7799	-36.4374	0.0	15	0.0	0.0		5764	0	0
1701908234403	t	casino_test_cue_boardroom_left	0.0	1	0	4.8971	848.4479999999999	657.12	1.0	5.1478	942.912	818.0799999999999	1.0	-0.028	-0.1405	0.9897	-13.0871	5.6789	-36.8409	0.0	15	0.0	0.0		5764	0	0
1701908234411	t	casino_test_cue_boardroom_left	0.0	1	0	4.9691	849.456	654.88	1.0	5.1915	941.04	816.3199999999999	1.0	-0.0253	-0.1366	0.9903	-14.0779	5.6753	-36.9358	0.0	15	0.0	0.0		5764	0	0
1701908234420	t	casino_test_cue_boardroom_left	0.0	1	0	5.0003	847.872	652.48	1.0	5.1845	940.32	816.8	1.0	-0.0209	-0.1363	0.9904	-19.84	5.5405	-37.2622	0.0	15	0.0	0.0		5764	0	0
1701908234428	t	casino_test_cue_boardroom_left	0.0	1	0	4.9371	846.576	654.4	1.0	5.1768	939.312	814.4	1.0	-0.0161	-0.1329	0.991	-26.5555	5.3914	-37.6751	0.0	15	0.0	0.0		5764	0	0
1701908234436	t	casino_test_cue_boardroom_left	0.0	1	0	4.9367	846.7199999999999	654.24	1.0	5.2023	941.76	813.7600000000001	1.0	-0.0224	-0.1344	0.9907	-26.118	5.3901	-37.5409	0.0	15	0.0	0.0		5764	0	0
1701908234445	t	casino_test_cue_boardroom_left	0.0	1	0	5.0555	843.9839999999999	649.92	1.0	5.2173	940.752	813.7600000000001	1.0	-0.0198	-0.1354	0.9906	-18.9138	5.5732	-37.0867	0.0	15	0.0	0.0		5764	0	0
1701908234453	t	casino_test_cue_boardroom_left	0.0	1	0	4.9589	846.8639999999999	648.0	1.0	5.198	938.7360000000001	809.44	1.0	-0.023	-0.131	0.9911	-7.9314	5.858	-36.4032	0.0	15	0.0	0.0		5764	0	0
1701908234461	t	casino_test_cue_boardroom_left	0.0	1	0	5.0529	843.264	645.4399999999999	1.0	5.1959	940.032	810.2399999999999	1.0	-0.021	-0.1309	0.9912	-4.1341	5.9825	-36.2488	0.0	15	0.0	0.0		5764	0	0
1701908234470	t	casino_test_cue_boardroom_left	0.0	1	0	5.0204	847.44	647.68	1.0	5.1904	938.016	808.16	1.0	-0.0284	-0.1345	0.9905	1.5168	6.1077	-35.83	0.0	15	0.0	0.0		5764	0	0
1701908234478	t	casino_test_cue_boardroom_left	0.0	1	0	5.0598	846.0	647.8399999999999	1.0	5.2111	935.5680000000001	807.6800000000001	1.0	-0.0218	-0.1354	0.9905	-0.6496	6.0691	-35.977	0.0	15	0.0	0.0		5764	0	0
1701908234486	t	casino_test_cue_boardroom_left	0.0	1	0	4.9675	844.848	646.08	1.0	5.1725	936.7199999999999	805.4399999999999	1.0	-0.02	-0.1311	0.9911	-2.4318	6.0284	-36.0422	0.0	15	0.0	0.0		5764	0	0
1701908234494	t	casino_test_cue_boardroom_left	0.0	1	0	4.9783	845.424	645.12	1.0	5.188	936.144	803.8399999999999	1.0	-0.0188	-0.1286	0.9915	-8.3605	5.9083	-36.4214	0.0	15	0.0	0.0		5764	0	0
1701908234503	t	casino_test_cue_boardroom_left	0.0	1	0	4.9723	846.432	643.68	1.0	5.2249	939.024	806.24	1.0	-0.0251	-0.1319	0.9909	-9.1195	5.9154	-36.5235	0.0	15	0.0	0.0		5764	0	0
1701908234511	t	casino_test_cue_boardroom_left	0.0	1	0	5.0924	847.872	641.28	1.0	5.2023	937.728	804.1600000000001	1.0	-0.0268	-0.1249	0.9918	-3.3846	6.0313	-36.1113	0.0	15	0.0	0.0		5764	0	0
1701908234519	t	casino_test_cue_boardroom_left	0.0	1	0	4.943	850.464	641.28	1.0	5.2298	938.304	805.5999999999999	1.0	-0.0353	-0.1249	0.9915	-0.1282	6.1109	-35.9662	0.0	15	0.0	0.0		5764	0	0
1701908234528	t	casino_test_cue_boardroom_left	0.0	1	0	4.9483	850.176	641.4399999999999	1.0	5.2069	937.44	808.0	1.0	-0.0339	-0.1278	0.9912	1.3517	6.1477	-35.8911	0.0	15	0.0	0.0		5764	0	0
1701908234536	t	casino_test_cue_boardroom_left	0.0	1	0	4.9447	850.032	641.6	1.0	5.2381	940.032	806.4	1.0	-0.0383	-0.1269	0.9912	5.5475	6.2545	-35.6381	0.0	15	0.0	0.0		5764	0	0
1701908234544	t	casino_test_cue_boardroom_left	0.0	1	0	4.9304	846.0	641.28	1.0	5.2634	938.16	806.72	1.0	-0.024	-0.1316	0.991	3.5887	6.2018	-35.6259	0.0	15	0.0	0.0		5764	0	0
1701908234553	t	casino_test_cue_boardroom_left	0.0	1	0	4.981	848.16	638.4000000000001	1.0	5.1282	938.304	803.9999999999999	1.0	-0.0307	-0.1244	0.9917	1.8545	6.1915	-35.8345	0.0	15	0.0	0.0		5764	0	0
1701908234561	t	casino_test_cue_boardroom_left	0.0	1	0	4.8485	846.8639999999999	643.04	1.0	5.2396	936.8639999999999	803.68	1.0	-0.0242	-0.1391	0.99	2.7792	6.2176	-35.6597	0.0	15	0.0	0.0		5764	0	0
1701908234569	t	casino_test_cue_boardroom_left	0.0	1	0	4.9632	847.152	635.52	1.0	5.1575	936.8639999999999	801.6	1.0	-0.0252	-0.1213	0.9923	-0.5715	6.1538	-35.9531	0.0	15	0.0	0.0		5764	0	0
1701908234578	t	casino_test_cue_boardroom_left	0.0	1	0	5.0204	848.88	636.32	1.0	5.2118	938.5920000000001	800.8	1.0	-0.0341	-0.1224	0.9919	5.0741	6.2901	-35.5944	0.0	15	0.0	0.0		5764	0	0
1701908234586	t	casino_test_cue_boardroom_left	0.0	1	0	5.0777	850.608	636.96	1.0	5.1745	937.44	800.3199999999999	1.0	-0.0419	-0.1244	0.9913	12.3941	6.4712	-35.1532	0.0	15	0.0	0.0		5764	0	0
1701908234594	t	casino_test_cue_boardroom_left	0.0	1	0	5.048	850.752	636.96	1.0	5.2063	936.432	800.4799999999999	1.0	-0.0432	-0.125	0.9912	14.846	6.5369	-35.0239	0.0	15	0.0	0.0		5764	0	0
1701908234603	t	casino_test_cue_boardroom_left	0.0	1	0	5.0189	850.608	636.96	1.0	5.1921	938.16	801.12	1.0	-0.0431	-0.1256	0.9911	12.9181	6.4953	-35.1569	0.0	15	0.0	0.0		5764	0	0
1701908234611	t	casino_test_cue_boardroom_left	0.0	1	0	5.0459	850.032	636.96	1.0	5.2083	937.0079999999999	801.12	1.0	-0.0412	-0.1257	0.9912	13.9036	6.5249	-35.111	0.0	15	0.0	0.0		5764	0	0
1701908234619	t	casino_test_cue_boardroom_left	0.0	1	0	5.0727	849.312	636.96	1.0	5.2371	936.576	800.4799999999999	1.0	-0.0395	-0.1255	0.9913	14.2065	6.5309	-35.0854	0.0	15	0.0	0.0		5764	0	0
1701908234628	t	casino_test_cue_boardroom_left	0.0	1	0	5.0731	849.8879999999999	636.96	1.0	5.2276	936.8639999999999	802.0799999999999	1.0	-0.0459	-0.1265	0.9909	21.8161	6.6984	-34.5599	0.0	15	0.0	0.0		5764	0	0
1701908234637	t	casino_test_cue_boardroom_left	0.0	1	0	5.0727	850.32	636.96	1.0	5.2396	936.576	800.4799999999999	1.0	-0.0488	-0.1264	0.9908	23.4509	6.7342	-34.4372	0.0	15	0.0	0.0		5764	0	0
1701908234645	t	casino_test_cue_boardroom_left	0.0	1	0	5.0022	852.4799999999999	631.8399999999999	1.0	5.1762	936.432	800.6399999999999	1.0	-0.0562	-0.1143	0.9919	24.9668	6.7809	-34.302	0.0	15	0.0	0.0		5764	0	0
1701908234653	t	casino_test_cue_boardroom_left	0.0	1	0	4.9298	848.88	632.48	1.0	5.3061	938.016	797.76	1.0	-0.0415	-0.1182	0.9921	21.1796	6.6907	-34.4849	0.0	15	0.0	0.0		5764	0	0
1701908234661	t	casino_test_cue_boardroom_left	0.0	1	0	4.9441	843.9839999999999	632.8000000000001	1.0	5.2484	938.016	796.64	1.0	-0.0235	-0.1211	0.9924	10.2521	6.4571	-35.2059	0.0	15	0.0	0.0		5764	0	0
1701908234670	t	casino_test_cue_boardroom_left	0.0	1	0	5.0359	850.32	634.4	1.0	5.1186	940.032	794.4	1.0	-0.0383	-0.1248	0.9914	0.5797	6.272	-35.9059	0.0	15	0.0	0.0		5764	0	0
1701908234678	t	casino_test_cue_boardroom_left	0.0	1	0	4.946	849.7439999999999	635.52	1.0	5.2016	939.5999999999999	796.0	1.0	-0.0358	-0.1326	0.9905	1.0708	6.3224	-35.9431	0.0	15	0.0	0.0		5764	0	0
1701908234686	t	casino_test_cue_boardroom_left	0.0	1	0	5.0419	853.056	627.2	1.0	5.1913	940.608	793.76	1.0	-0.0472	-0.1169	0.992	7.7983	6.4944	-35.4973	0.0	15	0.0	0.0		5764	0	0
1701908234695	t	casino_test_cue_boardroom_left	0.0	1	0	4.976	850.32	628.0	1.0	5.2063	940.176	792.8	1.0	-0.0419	-0.1205	0.9918	16.3081	6.6861	-34.8682	0.0	15	0.0	0.0		5764	0	0
1701908234703	t	casino_test_cue_boardroom_left	0.0	1	0	5.0849	853.344	623.52	1.0	5.2916	942.048	791.84	1.0	-0.0555	-0.1079	0.9926	23.0647	6.8348	-34.3671	0.0	15	0.0	0.0		5764	0	0
1701908234712	t	casino_test_cue_boardroom_left	0.0	1	0	5.0771	848.5920000000001	625.12	1.0	5.1399	939.312	791.84	1.0	-0.0392	-0.1142	0.9927	25.1653	6.8929	-34.2483	0.0	15	0.0	0.0		5764	0	0
1701908234720	t	casino_test_cue_boardroom_left	0.0	1	0	5.1016	849.312	625.92	1.0	5.1668	939.168	791.6800000000001	1.0	-0.0424	-0.1169	0.9922	25.1586	6.8921	-34.2376	0.0	15	0.0	0.0		5764	0	0
1701908234727	t	casino_test_cue_boardroom_left	0.0	1	0	5.1127	850.032	626.72	1.0	5.141	939.312	791.36	1.0	-0.0446	-0.1193	0.9919	22.8268	6.843	-34.4074	0.0	15	0.0	0.0		5764	0	0
1701908234736	t	casino_test_cue_boardroom_left	0.0	1	0	5.1277	850.32	623.68	1.0	5.2625	940.032	787.6800000000001	1.0	-0.0465	-0.113	0.9925	22.0541	6.8376	-34.4279	0.0	15	0.0	0.0		5764	0	0
1701908234744	t	casino_test_cue_boardroom_left	0.0	1	0	4.8903	843.9839999999999	630.5600000000001	1.0	5.2861	939.5999999999999	789.44	1.0	-0.0254	-0.1355	0.9904	15.5129	6.7078	-34.8603	0.0	15	0.0	0.0		5764	0	0
1701908234753	t	casino_test_cue_boardroom_left	0.0	1	0	5.0797	848.7360000000001	620.96	1.0	5.2035	940.896	786.56	1.0	-0.0383	-0.1133	0.9928	3.7587	6.4555	-35.6098	0.0	15	0.0	0.0		5764	0	0
1701908234762	t	casino_test_cue_boardroom_left	0.0	1	0	5.0903	851.4720000000001	613.28	1.0	5.1999	940.608	784.64	1.0	-0.0454	-0.1018	0.9938	4.4268	6.5399	-35.6877	0.0	15	0.0	0.0		5764	0	0
1701908234770	t	casino_test_cue_boardroom_left	0.0	1	0	5.1541	846.8639999999999	615.2	1.0	5.2054	942.048	781.76	1.0	-0.0398	-0.1124	0.9929	11.0733	6.7531	-35.2861	0.0	15	0.0	0.0		5764	0	0
1701908234778	t	casino_test_cue_boardroom_left	0.0	1	0	5.2893	846.144	610.4	1.0	5.2515	941.6160000000001	777.12	1.0	-0.0383	-0.1072	0.9935	0.7932	6.5287	-35.8123	0.0	15	0.0	0.0		5764	0	0
1701908234787	t	casino_test_cue_boardroom_left	0.0	1	0	4.9811	848.5920000000001	623.68	1.0	5.3185	941.76	773.6	1.0	-0.0357	-0.1278	0.9911	-11.4567	6.3152	-36.672	0.0	15	0.0	0.0		5764	0	0
1701908234795	t	casino_test_cue_boardroom_left	0.0	1	0	4.6485	856.656	630.0799999999999	1.0	5.2231	949.248	774.08	1.0	-0.036	-0.1352	0.9902	-30.5173	6.116	-38.398	0.0	15	0.0	0.0		5764	0	0
1701908234803	t	casino_test_cue_boardroom_left	0.0	1	0	3.5265	842.256	661.28	0.9266	4.9088	956.88	776.8	0.9064	-0.0475	-0.1659	0.985	-34.6891	6.3069	-39.118	0.0	15	0.0	0.0		5764	0	0
1701908234811	t	casino_test_cue_boardroom_left	0.0	1	0	-1.0	872.784	721.12	0.9266	-1.0	929.8080000000001	789.6	0.9064	-1.0	-1.0	-1.0	-1.0	-1.0	-1.0	0.0	15	0.0	0.0		5764	0	0
1701908234817	t	casino_test_cue_boardroom_left	0.0	1	0	-1.0	-1440.0	-1600.0	0.5511	-1.0	923.328	868.16	0.6001	-1.0	-1.0	-1.0	-1.0	-1.0	-1.0	0.0	15	0.0	0.0		5764	0	0
1701908234825	t	casino_test_cue_boardroom_left	0.0	1	0	-1.0	-1440.0	-1600.0	0.5511	-1.0	-1440.0	-1600.0	0.6001	-1.0	-1.0	-1.0	-1.0	-1.0	-1.0	0.0	15	0.0	0.0		5764	0	0
1701908234834	t	casino_test_cue_boardroom_left	0.0	1	0	-1.0	-1440.0	-1600.0	0.0	-1.0	-1440.0	-1600.0	0.1405	-1.0	-1.0	-1.0	-1.0	-1.0	-1.0	0.0	15	0.0	0.0		5764	0	0
1701908234842	t	casino_test_cue_boardroom_left	0.0	1	0	-1.0	-1440.0	-1600.0	0.0	-1.0	-1440.0	-1600.0	0.1405	-1.0	-1.0	-1.0	-1.0	-1.0	-1.0	0.0	15	0.0	0.0		5764	0	0
1701908234850	t	casino_test_cue_boardroom_left	0.0	1	0	-1.0	-1440.0	-1600.0	0.0	-1.0	-1440.0	-1600.0	0.0	-1.0	-1.0	-1.0	-1.0	-1.0	-1.0	0.0	15	0.0	0.0		5764	0	0
1701908234859	t	casino_test_cue_boardroom_left	0.0	1	0	-1.0	-1440.0	-1600.0	0.0	-1.0	-1440.0	-1600.0	0.0	-1.0	-1.0	-1.0	-1.0	-1.0	-1.0	0.0	15	0.0	0.0		5764	0	0
1701908234867	t	casino_test_cue_boardroom_left	0.0	1	0	-1.0	-1440.0	-1600.0	0.0	-1.0	-1440.0	-1600.0	0.0	-1.0	-1.0	-1.0	-1.0	-1.0	-1.0	0.0	15	0.0	0.0		5764	0	0
1701908234876	t	casino_test_cue_boardroom_left	0.0	1	0	-1.0	-1440.0	-1600.0	0.0	-1.0	-1440.0	-1600.0	0.0	-1.0	-1.0	-1.0	-1.0	-1.0	-1.0	0.0	15	0.0	0.0		5764	0	0
1701908234884	t	casino_test_cue_boardroom_left	0.0	1	0	-1.0	-1440.0	-1600.0	0.0	-1.0	-1440.0	-1600.0	0.0	-1.0	-1.0	-1.0	-1.0	-1.0	-1.0	0.0	15	0.0	0.0		5764	0	0
1701908234892	t	casino_test_cue_boardroom_left	0.0	1	0	-1.0	-1440.0	-1600.0	0.0	-1.0	-1440.0	-1600.0	0.0	-1.0	-1.0	-1.0	-1.0	-1.0	-1.0	0.0	15	0.0	0.0		5764	0	0
1701908234900	t	casino_test_cue_boardroom_left	0.0	1	0	-1.0	-1440.0	-1600.0	0.0	-1.0	-1440.0	-1600.0	0.0	-1.0	-1.0	-1.0	-1.0	-1.0	-1.0	0.0	15	0.0	0.0		5764	0	0
1701908234909	t	casino_test_cue_boardroom_left	0.0	1	0	-1.0	-1440.0	-1600.0	0.0	-1.0	-1440.0	-1600.0	0.0	-1.0	-1.0	-1.0	-1.0	-1.0	-1.0	0.0	15	0.0	0.0		5764	0	0
1701908234917	t	casino_test_cue_boardroom_left	0.0	1	0	-1.0	-1440.0	-1600.0	0.0	-1.0	-1440.0	-1600.0	0.0	-1.0	-1.0	-1.0	-1.0	-1.0	-1.0	0.0	15	0.0	0.0		5764	0	0
1701908234925	t	casino_test_cue_boardroom_left	0.0	1	0	-1.0	-1440.0	-1600.0	0.0	-1.0	-1440.0	-1600.0	0.0	-1.0	-1.0	-1.0	-1.0	-1.0	-1.0	0.0	15	0.0	0.0		5764	0	0
1701908234934	t	casino_test_cue_boardroom_left	0.0	1	0	-1.0	-1440.0	-1600.0	0.0	-1.0	-1440.0	-1600.0	0.0	-1.0	-1.0	-1.0	-1.0	-1.0	-1.0	0.0	15	0.0	0.0		5764	0	0
1701908234942	t	casino_test_cue_boardroom_left	0.0	1	0	-1.0	-1440.0	-1600.0	0.0	-1.0	-1440.0	-1600.0	0.0	-1.0	-1.0	-1.0	-1.0	-1.0	-1.0	0.0	15	0.0	0.0		5764	0	0
1701908234950	t	casino_test_cue_boardroom_left	0.0	1	0	-1.0	-1440.0	-1600.0	0.0	-1.0	-1440.0	-1600.0	0.0	-1.0	-1.0	-1.0	-1.0	-1.0	-1.0	0.0	15	0.0	0.0		5764	0	0
1701908234959	t	casino_test_cue_boardroom_left	0.0	1	0	-1.0	-1440.0	-1600.0	0.0	-1.0	591.8399999999999	1015.1999999999999	0.0	-1.0	-1.0	-1.0	-1.0	-1.0	-1.0	0.0	15	0.0	0.0		5764	0	0
1701908234967	t	casino_test_cue_boardroom_left	0.0	1	0	-1.0	-1440.0	-1600.0	0.0	-1.0	590.112	1051.68	0.0	-1.0	-1.0	-1.0	-1.0	-1.0	-1.0	0.0	15	0.0	0.0		5764	0	0
1701908234975	t	casino_test_cue_boardroom_left	0.0	1	0	-1.0	-1440.0	-1600.0	0.0	-1.0	-1440.0	-1600.0	0.0	-1.0	-1.0	-1.0	-1.0	-1.0	-1.0	0.0	15	0.0	0.0		5764	0	0
1701908234984	t	casino_test_cue_boardroom_left	0.0	1	0	-1.0	-1440.0	-1600.0	0.0	-1.0	-1440.0	-1600.0	0.0	-1.0	-1.0	-1.0	-1.0	-1.0	-1.0	0.0	15	0.0	0.0		5764	0	0
1701908234992	t	casino_test_cue_boardroom_left	0.0	1	0	-1.0	-1440.0	-1600.0	0.0	-1.0	-1440.0	-1600.0	0.0	-1.0	-1.0	-1.0	-1.0	-1.0	-1.0	0.0	15	0.0	0.0		5764	0	0
1701908235000	t	casino_test_cue_boardroom_left	0.0	1	0	-1.0	-1440.0	-1600.0	0.0	-1.0	-1440.0	-1600.0	0.0	-1.0	-1.0	-1.0	-1.0	-1.0	-1.0	0.0	15	0.0	0.0		5764	0	0
1701908235009	t	casino_test_cue_boardroom_left	0.0	1	0	-1.0	-1440.0	-1600.0	0.0	-1.0	-1440.0	-1600.0	0.0	-1.0	-1.0	-1.0	-1.0	-1.0	-1.0	0.0	15	0.0	0.0		5764	0	0
1701908235017	t	casino_test_cue_boardroom_left	0.0	1	0	-1.0	-1440.0	-1600.0	0.0	-1.0	-1440.0	-1600.0	0.0	-1.0	-1.0	-1.0	-1.0	-1.0	-1.0	0.0	15	0.0	0.0		5764	0	0
1701908235025	t	casino_test_cue_boardroom_left	0.0	1	0	-1.0	-1440.0	-1600.0	0.0	-1.0	-1440.0	-1600.0	0.0	-1.0	-1.0	-1.0	-1.0	-1.0	-1.0	0.0	15	0.0	0.0		5764	0	0
1701908235034	t	casino_test_cue_boardroom_left	0.0	1	0	-1.0	-1440.0	-1600.0	0.0	-1.0	-1440.0	-1600.0	0.0	-1.0	-1.0	-1.0	-1.0	-1.0	-1.0	0.0	15	0.0	0.0		5764	0	0
1701908235042	t	casino_test_cue_boardroom_left	0.0	1	0	-1.0	-1440.0	-1600.0	0.0	-1.0	-1440.0	-1600.0	0.0	-1.0	-1.0	-1.0	-1.0	-1.0	-1.0	0.0	15	0.0	0.0		5764	0	0
1701908235050	t	casino_test_cue_boardroom_left	0.0	1	0	-1.0	-1440.0	-1600.0	0.0	-1.0	-1440.0	-1600.0	0.0	-1.0	-1.0	-1.0	-1.0	-1.0	-1.0	0.0	15	0.0	0.0		5764	0	0
1701908235059	t	casino_test_cue_boardroom_left	0.0	1	0	-1.0	-1440.0	-1600.0	0.0	-1.0	952.272	808.16	0.0	-1.0	-1.0	-1.0	-1.0	-1.0	-1.0	0.0	15	0.0	0.0		5764	0	0
1701908235068	t	casino_test_cue_boardroom_left	0.0	1	0	-1.0	-1440.0	-1600.0	0.0	-1.0	945.792	821.5999999999999	0.0763	-1.0	-1.0	-1.0	-1.0	-1.0	-1.0	0.0	15	0.0	0.0		5764	0	0
1701908235077	t	casino_test_cue_boardroom_left	0.0	1	0	-1.0	-1440.0	-1600.0	0.0	-1.0	944.4960000000001	823.84	0.0763	-1.0	-1.0	-1.0	-1.0	-1.0	-1.0	0.0	15	0.0	0.0		5764	0	0
1701908235086	t	casino_test_cue_boardroom_left	0.0	1	0	-1.0	842.6880000000001	700.0	0.0145	-1.0	939.7439999999999	803.36	0.3278	-1.0	-1.0	-1.0	-1.0	-1.0	-1.0	0.0	15	0.0	0.0		5764	0	0
1701908235095	t	casino_test_cue_boardroom_left	0.0	1	0	-1.0	855.6479999999999	674.08	0.0145	-1.0	943.632	809.44	0.3278	-1.0	-1.0	-1.0	-1.0	-1.0	-1.0	0.0	15	0.0	0.0		5764	0	0
1701908235103	t	casino_test_cue_boardroom_left	0.0	1	0	-1.0	852.6239999999999	676.9599999999999	0.3146	-1.0	946.368	817.6	0.5225	-1.0	-1.0	-1.0	-1.0	-1.0	-1.0	0.0	15	0.0	0.0		5764	0	0
1701908235112	t	casino_test_cue_boardroom_left	0.0	1	0	-1.0	852.7679999999999	674.4	0.3146	-1.0	946.944	811.2	0.5225	-1.0	-1.0	-1.0	-1.0	-1.0	-1.0	0.0	15	0.0	0.0		5764	0	0
1701908235120	t	casino_test_cue_boardroom_left	0.0	1	0	-1.0	856.08	668.32	0.5649	-1.0	945.792	813.28	0.647	-1.0	-1.0	-1.0	-1.0	-1.0	-1.0	0.0	15	0.0	0.0		5764	0	0
1701908235129	t	casino_test_cue_boardroom_left	0.0	1	0	-1.0	855.5039999999999	670.56	0.5649	-1.0	948.24	811.68	0.647	-1.0	-1.0	-1.0	-1.0	-1.0	-1.0	0.0	15	0.0	0.0		5764	0	0
1701908235137	t	casino_test_cue_boardroom_left	0.0	1	0	-1.0	857.3760000000001	664.48	0.6857	-1.0	946.944	810.0799999999999	0.66	-1.0	-1.0	-1.0	-1.0	-1.0	-1.0	0.0	15	0.0	0.0		5764	0	0
1701908235145	t	casino_test_cue_boardroom_left	0.0	1	0	-1.0	859.824	666.72	0.6857	-1.0	947.2320000000001	815.04	0.66	-1.0	-1.0	-1.0	-1.0	-1.0	-1.0	0.0	15	0.0	0.0		5764	0	0
1701908235154	t	casino_test_cue_boardroom_left	0.0	1	0	4.7237	859.392	668.48	0.7981	5.3961	946.656	815.5200000000001	0.7293	-0.0249	-0.16	0.9868	-34.6394	5.4163	-38.3761	0.0	15	0.0	0.0		5764	0	0
1701908235162	t	casino_test_cue_boardroom_left	0.0	1	0	4.7025	855.216	665.76	0.7993	5.344	948.5279999999999	818.5600000000001	0.7306	-0.0292	-0.1647	0.9859	-34.651	5.4004	-38.4064	0.0	15	0.0	0.0		5764	0	0
1701908235169	t	casino_test_cue_boardroom_left	0.0	1	0	4.9701	856.944	660.48	0.8352	5.3097	947.664	819.2	0.8017	-0.0259	-0.1654	0.9859	-34.6559	5.4017	-38.4372	0.0	15	0.0	0.0		5764	0	0
1701908235178	t	casino_test_cue_boardroom_left	0.0	1	0	4.9065	858.096	660.1600000000001	0.8352	5.3376	950.1120000000001	822.72	0.8017	-0.0323	-0.1727	0.9844	-34.663	5.3893	-38.443	0.0	15	0.0	0.0		5764	0	0
1701908235186	t	casino_test_cue_boardroom_left	0.0	1	0	5.1151	854.64	655.04	0.8705	5.3321	949.248	822.72	0.8561	-0.028	-0.1689	0.9852	-34.6736	5.3613	-38.4262	0.0	15	0.0	0.0		5764	0	0
1701908235194	t	casino_test_cue_boardroom_left	0.0	1	0	5.07	856.08	652.96	0.8705	5.2934	946.8	824.3199999999999	0.8561	-0.0214	-0.1725	0.9848	-34.6688	5.3541	-38.4265	0.0	15	0.0	0.0		5764	0	0
1701908235203	t	casino_test_cue_boardroom_left	0.0	1	0	4.9428	854.784	661.12	0.9269	5.1178	948.5279999999999	829.7599999999999	0.877	-0.0381	-0.1769	0.9835	-34.6098	5.2986	-38.4625	0.0	15	0.0	0.0		5764	0	0
1701908235211	t	casino_test_cue_boardroom_left	0.0	1	0	4.8128	859.392	692.8	0.9269	4.9985	941.4720000000001	859.36	0.877	-0.0293	-0.2277	0.9733	-34.5175	5.1154	-38.5028	0.0	15	0.0	0.0		5764	0	0
1701908235219	t	casino_test_cue_boardroom_left	0.0	1	0	4.9367	855.072	719.2	0.9248	4.9894	934.128	887.52	0.8976	-0.0255	-0.271	0.9622	-34.185	4.9232	-38.5363	0.0	15	0.0	0.0		5764	0	0
1701908235228	t	casino_test_cue_boardroom_left	0.0	1	0	4.8375	851.04	741.92	0.9248	4.871	926.352	912.32	0.8976	-0.021	-0.3111	0.9501	-31.8488	4.8102	-38.432	0.0	15	0.0	0.0		5764	0	0
1701908235236	t	casino_test_cue_boardroom_left	0.0	1	0	4.7893	847.5840000000001	757.12	0.8914	4.771	921.1680000000001	929.28	0.8203	-0.0118	-0.3467	0.9379	-18.6032	5.0183	-37.5553	0.0	15	0.0	0.0		5764	0	0
1701908235244	t	casino_test_cue_boardroom_left	0.0	1	0	4.7907	847.728	751.1999999999999	0.8914	4.7697	923.76	919.68	0.8203	-0.0186	-0.3274	0.9447	-18.0818	5.0542	-37.5103	0.0	15	0.0	0.0		5764	0	0
1701908235253	t	casino_test_cue_boardroom_left	0.0	1	0	4.7788	846.8639999999999	749.4399999999999	0.8827	4.7872	923.616	916.96	0.7455	-0.0138	-0.3231	0.9463	-15.5834	5.1172	-37.3357	0.0	15	0.0	0.0		5764	0	0
1701908235261	t	casino_test_cue_boardroom_left	0.0	1	0	4.8086	844.7040000000001	748.8000000000001	0.8827	4.832	921.744	920.48	0.7455	-0.0077	-0.3318	0.9433	-10.5824	5.2321	-36.9942	0.0	15	0.0	0.0		5764	0	0
1701908235270	t	casino_test_cue_boardroom_left	0.0	1	0	4.701	844.7040000000001	749.76	0.8715	4.7031	919.008	918.0799999999999	0.7844	-0.0049	-0.3343	0.9425	-3.5692	5.3976	-36.5116	0.0	15	0.0	0.0		5764	0	0
1701908235278	t	casino_test_cue_boardroom_left	0.0	1	0	4.628	845.136	747.8399999999999	0.8715	4.6262	920.0160000000001	918.8800000000001	0.7844	-0.0117	-0.3306	0.9437	2.0754	5.5035	-36.1291	0.0	15	0.0	0.0		5764	0	0
1701908235286	t	casino_test_cue_boardroom_left	0.0	1	0	4.6782	843.552	749.12	0.9183	4.6367	919.8720000000001	919.2	0.7704	-0.0069	-0.3339	0.9426	2.6812	5.5182	-36.0911	0.0	15	0.0	0.0		5764	0	0
1701908235294	t	casino_test_cue_boardroom_left	0.0	1	0	4.5393	846.576	750.72	0.9188	4.6264	919.584	918.8800000000001	0.7717	-0.0169	-0.3338	0.9425	4.2233	5.5354	-35.9887	0.0	15	0.0	0.0		5764	0	0
1701908235302	t	casino_test_cue_boardroom_left	0.0	1	0	4.4853	844.5600000000001	749.92	0.9251	4.5251	919.7280000000001	920.64	0.8036	-0.0131	-0.3317	0.9433	5.6955	5.553	-35.8932	0.0	15	0.0	0.0		5764	0	0
1701908235311	t	casino_test_cue_boardroom_left	0.0	1	0	4.3762	845.856	752.8	0.9251	4.475	919.1519999999999	919.68	0.8036	-0.0145	-0.3336	0.9426	6.371	5.551	-35.8542	0.0	15	0.0	0.0		5764	0	0
1701908235319	t	casino_test_cue_boardroom_left	0.0	1	0	4.3843	843.8399999999999	751.1999999999999	0.9391	4.4245	919.2959999999999	921.9200000000001	0.8197	-0.0086	-0.3321	0.9432	5.5683	5.5339	-35.9109	0.0	15	0.0	0.0		5764	0	0
1701908235328	t	casino_test_cue_boardroom_left	0.0	1	0	4.3875	844.7040000000001	752.8	0.9391	4.4086	918.1439999999999	921.7599999999999	0.8197	-0.0088	-0.3361	0.9418	5.5654	5.5391	-35.9106	0.0	15	0.0	0.0		5764	0	0
1701908235336	t	casino_test_cue_boardroom_left	0.0	1	0	4.4133	845.28	750.4	0.9656	4.392	919.2959999999999	921.4399999999999	0.8294	-0.0118	-0.332	0.9432	5.6129	5.5438	-35.9047	0.0	15	0.0	0.0		5764	0	0
1701908235344	t	casino_test_cue_boardroom_left	0.0	1	0	4.2279	847.296	745.92	0.9656	4.3112	917.9999999999999	915.6800000000001	0.8294	-0.0151	-0.3199	0.9473	5.6846	5.5614	-35.8942	0.0	15	0.0	0.0		5764	0	0
1701908235352	t	casino_test_cue_boardroom_left	0.0	1	0	4.1504	845.424	745.28	1.0	4.1398	916.2719999999999	912.96	0.8221	-0.0098	-0.3185	0.9479	5.9873	5.5831	-35.8705	0.0	15	0.0	0.0		5764	0	0
1701908235361	t	casino_test_cue_boardroom_left	0.0	1	0	4.0784	845.5680000000001	752.64	1.0	4.1424	911.952	920.96	0.8221	-0.0092	-0.3317	0.9433	6.604	5.5455	-35.849	0.0	15	0.0	0.0		5764	0	0
1701908235369	t	casino_test_cue_boardroom_left	0.0	1	0	4.1391	834.768	776.9599999999999	1.0	4.2277	900.5759999999999	941.6	0.8553	0.0166	-0.3746	0.927	5.1544	5.381	-36.0097	0.0	15	0.0	0.0		5764	0	0
1701908235377	t	casino_test_cue_boardroom_left	0.0	1	0	4.197	832.0319999999999	792.0	1.0	4.082	888.9119999999999	958.4	0.8553	0.023	-0.3964	0.9178	3.9225	5.2272	-36.1516	0.0	15	0.0	0.0		5764	0	0
1701908235386	t	casino_test_cue_boardroom_left	0.0	1	0	4.1028	824.4	811.8399999999999	0.9485	3.939	880.5600000000001	974.4	0.8197	0.0392	-0.4255	0.9041	1.1983	5.0565	-36.4033	0.0	15	0.0	0.0		5764	0	0
1701908235394	t	casino_test_cue_boardroom_left	0.0	1	0	3.9741	824.976	818.5600000000001	0.9485	3.9316	876.672	979.1999999999999	0.8197	0.0398	-0.4298	0.902	-1.696	4.9422	-36.6239	0.0	15	0.0	0.0		5764	200	MYKEYWORD 200
