Recording timestamp	type	Scene Name	scene_num	order	djv_reported	PupilDiam_Left	Gaze2d_Left.x	Gaze2d_Left.y	left_eye_openness	PupilDiam_Right	Gaze2d_Right.x	Gaze2d_Right.y	right_eye_openness	gaze_direction_x	gaze_direction_y	gaze_direction_z	gaze_origin_x	gaze_origin_y	gaze_origin_z	gaze_convergence_distance	participant	study_status	scene_familiarity	recall_status	Identifier	Event value	Event message
1702059833334	t	foyer_test_cue_hallway_left	0.0	0	0	3.7922	730.224	990.56	0.9914	3.6319	729.3599999999999	994.2399999999999	0.9601	-0.0112	-0.2388	0.971	0.8505	2.7314	-38.374	0.0	25	0.0	0.0		5688	100	MYKEYWORD 100
1702059833342	t	foyer_test_cue_hallway_left	0.0	0	0	3.7898	730.3679999999999	990.8799999999999	0.9915	3.6	732.672	994.88	0.9604	-0.0173	-0.2384	0.971	1.0582	2.7212	-38.3721	0.0	25	0.0	0.0		5688	0	0
1702059833350	t	foyer_test_cue_hallway_left	0.0	0	0	3.7985	729.936	995.52	1.0	3.5763	733.2479999999999	998.24	1.0	-0.0152	-0.2478	0.9687	1.0499	2.6969	-38.3687	0.0	25	0.0	0.0		5688	0	0
1702059833359	t	foyer_test_cue_hallway_left	0.0	0	0	3.6701	731.376	995.04	1.0	3.4697	732.3840000000001	996.48	1.0	-0.0145	-0.2392	0.9708	0.841	2.6778	-38.3835	0.0	25	0.0	0.0		5688	0	0
1702059833367	t	foyer_test_cue_hallway_left	0.0	0	0	3.8533	731.952	998.88	0.9942	3.7264	736.56	997.12	0.974	-0.0186	-0.2442	0.9695	0.7229	2.6633	-38.3692	0.0	25	0.0	0.0		5688	0	0
1702059833375	t	foyer_test_cue_hallway_left	0.0	0	0	3.8631	731.376	999.3600000000001	0.9942	3.5945	738.288	999.5200000000001	0.974	-0.0231	-0.2391	0.9707	0.899	2.6202	-38.3927	0.0	25	0.0	0.0		5688	0	0
1702059833384	t	foyer_test_cue_hallway_left	0.0	0	0	3.67	730.224	1002.3999999999999	0.9928	3.6103	737.568	999.2	0.9601	-0.0166	-0.2401	0.9706	1.0317	2.5997	-38.3915	0.0	25	0.0	0.0		5688	0	0
1702059833392	t	foyer_test_cue_hallway_left	0.0	0	0	3.6589	730.9440000000001	1005.28	0.9928	3.742	739.2959999999999	1001.92	0.9601	-0.0233	-0.2454	0.9691	0.9049	2.5829	-38.4069	0.0	25	0.0	0.0		5688	0	0
1702059833400	t	foyer_test_cue_hallway_left	0.0	0	0	3.6512	732.096	1007.84	0.9897	3.7996	735.84	1001.92	0.9764	-0.0163	-0.2467	0.9689	-0.0264	2.5816	-38.4359	0.0	25	0.0	0.0		5688	0	0
1702059833409	t	foyer_test_cue_hallway_left	0.0	0	0	3.6305	735.552	1010.3999999999999	0.9897	3.6872	739.2959999999999	1000.4799999999999	0.9764	-0.0293	-0.2464	0.9687	-0.6832	2.583	-38.4603	0.0	25	0.0	0.0		5688	0	0
1702059833417	t	foyer_test_cue_hallway_left	0.0	0	0	3.6914	734.4	1007.3600000000001	0.9933	3.6599	739.008	1003.04	0.976	-0.0252	-0.2463	0.9689	-0.8261	2.5847	-38.4649	0.0	25	0.0	0.0		5688	0	0
1702059833425	t	foyer_test_cue_hallway_left	0.0	0	0	3.6257	734.2560000000001	1005.4399999999999	0.9933	3.5535	739.2959999999999	999.6800000000001	0.976	-0.0231	-0.239	0.9707	-1.0126	2.5968	-38.4707	0.0	25	0.0	0.0		5688	0	0
1702059833434	t	foyer_test_cue_hallway_left	0.0	0	0	3.7101	734.544	1005.12	1.0	3.7709	737.424	999.84	1.0	-0.0168	-0.2414	0.9703	-1.1593	2.6122	-38.4713	0.0	25	0.0	0.0		5688	0	0
1702059833442	t	foyer_test_cue_hallway_left	0.0	0	0	3.6182	736.56	1005.12	1.0	3.7559	739.2959999999999	1002.2399999999999	1.0	-0.0208	-0.2499	0.968	-1.3425	2.6314	-38.4715	0.0	25	0.0	0.0		5688	0	0
1702059833451	t	foyer_test_cue_hallway_left	0.0	0	0	3.7646	736.2719999999999	1000.3199999999999	0.9895	3.616	745.9200000000001	995.68	0.9515	-0.0311	-0.2348	0.9715	-0.2302	2.6408	-38.4394	0.0	25	0.0	0.0		5688	0	0
1702059833459	t	foyer_test_cue_hallway_left	0.0	0	0	3.7715	738.432	998.56	0.9895	3.4601	747.072	1006.4	0.9515	-0.033	-0.2591	0.9653	0.3536	2.6737	-38.411	0.0	25	0.0	0.0		5688	0	0
1702059833467	t	foyer_test_cue_hallway_left	0.0	0	0	3.7188	741.312	991.36	0.9821	3.6824	746.496	997.4399999999999	0.9575	-0.0294	-0.236	0.9713	-0.1128	2.7041	-38.4301	0.0	25	0.0	0.0		5688	0	0
1702059833476	t	foyer_test_cue_hallway_left	0.0	0	0	3.8651	746.352	988.32	0.9823	3.691	748.0799999999999	993.92	0.9577	-0.0319	-0.2354	0.9714	-0.825	2.7619	-38.4416	0.0	25	0.0	0.0		5688	0	0
1702059833484	t	foyer_test_cue_hallway_left	0.0	0	0	3.8469	742.6080000000001	984.96	0.952	3.6139	752.6880000000001	994.72	0.8963	-0.0223	-0.2462	0.969	-1.4046	2.8385	-38.4514	0.0	25	0.0	0.0		5688	0	0
1702059833492	t	foyer_test_cue_hallway_left	0.0	0	0	3.6409	746.64	974.24	0.952	3.7208	754.7040000000001	996.48	0.8963	-0.0091	-0.2601	0.9655	-3.0558	2.9614	-38.419	0.0	25	0.0	0.0		5688	0	0
1702059833500	t	foyer_test_cue_hallway_left	0.0	0	0	3.5982	758.016	969.76	0.8637	3.2272	768.96	998.4	0.8419	-0.0269	-0.2949	0.9552	-9.6013	3.1658	-38.5753	0.0	25	0.0	0.0		5688	0	0
1702059833508	t	foyer_test_cue_hallway_left	0.0	0	0	-1.0	775.2959999999999	948.48	0.8637	-1.0	800.928	976.16	0.8419	-1.0	-1.0	-1.0	-1.0	-1.0	-1.0	0.0	25	0.0	0.0		5688	0	0
1702059833517	t	foyer_test_cue_hallway_left	0.0	0	0	-1.0	801.6479999999999	973.28	0.6817	-1.0	823.8240000000001	1010.3999999999999	0.6119	-1.0	-1.0	-1.0	-1.0	-1.0	-1.0	0.0	25	0.0	0.0		5688	0	0
1702059833524	t	foyer_test_cue_hallway_left	0.0	0	0	-1.0	851.4720000000001	1007.6800000000001	0.6817	-1.0	749.376	952.0	0.6119	-1.0	-1.0	-1.0	-1.0	-1.0	-1.0	0.0	25	0.0	0.0		5688	0	0
1702059833533	t	foyer_test_cue_hallway_left	0.0	0	0	-1.0	791.28	1028.3200000000002	0.3475	-1.0	844.992	1057.6000000000001	0.2351	-1.0	-1.0	-1.0	-1.0	-1.0	-1.0	0.0	25	0.0	0.0		5688	0	0
1702059833540	t	foyer_test_cue_hallway_left	0.0	0	0	-1.0	866.88	1049.76	0.3475	-1.0	-1440.0	-1600.0	0.2351	-1.0	-1.0	-1.0	-1.0	-1.0	-1.0	0.0	25	0.0	0.0		5688	0	0
1702059833548	t	foyer_test_cue_hallway_left	0.0	0	0	-1.0	-1440.0	-1600.0	0.0612	-1.0	-1440.0	-1600.0	0.0361	-1.0	-1.0	-1.0	-1.0	-1.0	-1.0	0.0	25	0.0	0.0		5688	0	0
1702059833556	t	foyer_test_cue_hallway_left	0.0	0	0	-1.0	-1440.0	-1600.0	0.0612	-1.0	-1440.0	-1600.0	0.0361	-1.0	-1.0	-1.0	-1.0	-1.0	-1.0	0.0	25	0.0	0.0		5688	0	0
1702059833564	t	foyer_test_cue_hallway_left	0.0	0	0	-1.0	-1440.0	-1600.0	0.0	-1.0	-1440.0	-1600.0	0.0163	-1.0	-1.0	-1.0	-1.0	-1.0	-1.0	0.0	25	0.0	0.0		5688	0	0
1702059833573	t	foyer_test_cue_hallway_left	0.0	0	0	-1.0	-1440.0	-1600.0	0.0	-1.0	-1440.0	-1600.0	0.0163	-1.0	-1.0	-1.0	-1.0	-1.0	-1.0	0.0	25	0.0	0.0		5688	0	0
1702059833581	t	foyer_test_cue_hallway_left	0.0	0	0	-1.0	-1440.0	-1600.0	0.0	-1.0	-1440.0	-1600.0	0.0065	-1.0	-1.0	-1.0	-1.0	-1.0	-1.0	0.0	25	0.0	0.0		5688	0	0
1702059833590	t	foyer_test_cue_hallway_left	0.0	0	0	-1.0	-1440.0	-1600.0	0.0	-1.0	-1440.0	-1600.0	0.0065	-1.0	-1.0	-1.0	-1.0	-1.0	-1.0	0.0	25	0.0	0.0		5688	0	0
1702059833598	t	foyer_test_cue_hallway_left	0.0	0	0	-1.0	-1440.0	-1600.0	0.0	-1.0	-1440.0	-1600.0	0.0094	-1.0	-1.0	-1.0	-1.0	-1.0	-1.0	0.0	25	0.0	0.0		5688	0	0
1702059833607	t	foyer_test_cue_hallway_left	0.0	0	0	-1.0	-1440.0	-1600.0	0.0	-1.0	1075.536	1088.16	0.0094	-1.0	-1.0	-1.0	-1.0	-1.0	-1.0	0.0	25	0.0	0.0		5688	0	0
1702059833616	t	foyer_test_cue_hallway_left	0.0	0	0	-1.0	972.0000000000001	965.6	0.0	-1.0	1033.776	1098.56	0.141	-1.0	-1.0	-1.0	-1.0	-1.0	-1.0	0.0	25	0.0	0.0		5688	0	0
1702059833625	t	foyer_test_cue_hallway_left	0.0	0	0	-1.0	972.8639999999999	941.1199999999999	0.0	-1.0	1015.488	993.6	0.141	-1.0	-1.0	-1.0	-1.0	-1.0	-1.0	0.0	25	0.0	0.0		5688	0	0
1702059833634	t	foyer_test_cue_hallway_left	0.0	0	0	-1.0	962.208	922.24	0.1903	-1.0	979.344	969.12	0.3852	-1.0	-1.0	-1.0	-1.0	-1.0	-1.0	0.0	25	0.0	0.0		5688	0	0
1702059833642	t	foyer_test_cue_hallway_left	0.0	0	0	-1.0	951.696	919.52	0.1903	-1.0	969.408	962.4000000000001	0.3852	-1.0	-1.0	-1.0	-1.0	-1.0	-1.0	0.0	25	0.0	0.0		5688	0	0
1702059833651	t	foyer_test_cue_hallway_left	0.0	0	0	-1.0	941.76	927.36	0.4958	-1.0	960.1919999999999	959.68	0.5542	-1.0	-1.0	-1.0	-1.0	-1.0	-1.0	0.0	25	0.0	0.0		5688	0	0
1702059833659	t	foyer_test_cue_hallway_left	0.0	0	0	-1.0	925.9200000000001	937.9200000000001	0.4958	-1.0	948.096	955.3599999999999	0.5542	-1.0	-1.0	-1.0	-1.0	-1.0	-1.0	0.0	25	0.0	0.0		5688	0	0
1702059833668	t	foyer_test_cue_hallway_left	0.0	0	0	4.0841	907.776	935.8399999999999	0.65	3.9271	926.064	954.5600000000001	0.5506	-0.3474	-0.0601	0.9358	28.3747	2.6903	-37.8297	0.0	25	0.0	0.0		5688	0	0
1702059833676	t	foyer_test_cue_hallway_left	0.0	0	0	3.8983	890.496	948.64	0.65	4.0035	907.776	952.4800000000001	0.5506	-0.3235	-0.0903	0.9419	28.6304	2.5835	-37.7656	0.0	25	0.0	0.0		5688	0	0
1702059833684	t	foyer_test_cue_hallway_left	0.0	0	0	3.8861	876.24	953.12	0.7613	3.9528	893.952	954.5600000000001	0.6262	-0.3045	-0.0876	0.9485	27.3588	2.4949	-37.7905	0.0	25	0.0	0.0		5688	0	0
1702059833692	t	foyer_test_cue_hallway_left	0.0	0	0	3.9444	862.4159999999999	961.28	0.7613	3.9788	878.9760000000001	957.76	0.6262	-0.2672	-0.0759	0.9606	23.0476	2.3597	-37.9733	0.0	25	0.0	0.0		5688	0	0
1702059833700	t	foyer_test_cue_hallway_left	0.0	0	0	3.7522	851.184	965.9200000000001	0.823	4.0405	867.024	959.0400000000001	0.7074	-0.2691	-0.1056	0.9573	23.4025	2.3972	-37.8823	0.0	25	0.0	0.0		5688	0	0
1702059833709	t	foyer_test_cue_hallway_left	0.0	0	0	3.904	839.232	972.64	0.823	3.9995	854.4960000000001	964.64	0.7074	-0.2587	-0.1245	0.9579	16.7482	2.4608	-38.0529	0.0	25	0.0	0.0		5688	0	0
1702059833717	t	foyer_test_cue_hallway_left	0.0	0	0	3.8197	824.976	976.6400000000001	0.8739	4.048	841.8240000000001	965.1199999999999	0.7169	-0.2432	-0.1317	0.961	13.3822	2.4754	-38.1226	0.0	25	0.0	0.0		5688	0	0
1702059833725	t	foyer_test_cue_hallway_left	0.0	0	0	3.841	813.4559999999999	979.68	0.8739	3.8343	830.16	967.52	0.7169	-0.2299	-0.1358	0.9637	9.4769	2.497	-38.2267	0.0	25	0.0	0.0		5688	0	0
1702059833734	t	foyer_test_cue_hallway_left	0.0	0	0	3.9037	801.216	982.56	0.908	3.948	818.2080000000001	970.72	0.7466	-0.2136	-0.141	0.9667	4.7463	2.5358	-38.3561	0.0	25	0.0	0.0		5688	0	0
1702059833742	t	foyer_test_cue_hallway_left	0.0	0	0	3.9435	790.992	985.92	0.9086	3.9824	809.136	972.8	0.7479	-0.2026	-0.145	0.9684	-3.2451	2.6266	-38.5877	0.0	25	0.0	0.0		5688	0	0
1702059833751	t	foyer_test_cue_hallway_left	0.0	0	0	3.9006	782.784	994.0799999999999	0.9237	3.9416	803.952	977.76	0.7637	-0.1953	-0.1492	0.9693	-3.8965	2.5504	-38.6129	0.0	25	0.0	0.0		5688	0	0
1702059833759	t	foyer_test_cue_hallway_left	0.0	0	0	3.883	775.4399999999999	1000.96	0.9237	3.9494	798.624	982.56	0.7637	-0.1864	-0.1558	0.97	-4.6877	2.4969	-38.6403	0.0	25	0.0	0.0		5688	0	0
1702059833767	t	foyer_test_cue_hallway_left	0.0	0	0	3.8395	771.984	1004.64	0.923	3.983	792.144	992.4799999999999	0.7788	-0.1729	-0.159	0.972	-4.6214	2.3889	-38.6558	0.0	25	0.0	0.0		5688	0	0
1702059833776	t	foyer_test_cue_hallway_left	0.0	0	0	3.9314	771.4079999999999	1015.1999999999999	0.923	3.8856	785.232	999.2	0.7788	-0.1573	-0.1648	0.9737	-4.0688	2.268	-38.6577	0.0	25	0.0	0.0		5688	0	0
1702059833784	t	foyer_test_cue_hallway_left	0.0	0	0	3.8649	769.536	1022.88	0.9439	3.9003	787.1039999999999	1008.16	0.7814	-0.1606	-0.1722	0.9719	-3.4238	2.1612	-38.665	0.0	25	0.0	0.0		5688	0	0
1702059833792	t	foyer_test_cue_hallway_left	0.0	0	0	3.9261	766.368	1025.28	0.9439	3.8632	786.528	1015.04	0.7814	-0.1532	-0.1727	0.973	-1.3317	2.0544	-38.6235	0.0	25	0.0	0.0		5688	0	0
1702059833800	t	foyer_test_cue_hallway_left	0.0	0	0	3.865	765.36	1034.88	0.9671	4.052	783.936	1021.4399999999999	0.8009	-0.1465	-0.1914	0.9705	-2.2015	2.027	-38.6571	0.0	25	0.0	0.0		5688	0	0
1702059833809	t	foyer_test_cue_hallway_left	0.0	0	0	3.8067	765.792	1035.52	0.9671	3.9761	781.056	1027.84	0.8009	-0.1406	-0.2011	0.9694	2.8015	1.9379	-38.5106	0.0	25	0.0	0.0		5688	0	0
1702059833817	t	foyer_test_cue_hallway_left	0.0	0	0	3.8373	762.4799999999999	1034.08	0.9842	3.8983	780.624	1023.3599999999999	0.809	-0.1348	-0.193	0.9719	4.0787	1.9242	-38.4697	0.0	25	0.0	0.0		5688	0	0
1702059833825	t	foyer_test_cue_hallway_left	0.0	0	0	3.8302	761.904	1032.96	0.9842	3.9588	776.3040000000001	1024.6399999999999	0.809	-0.1287	-0.1974	0.9718	4.1936	1.9408	-38.4547	0.0	25	0.0	0.0		5688	0	0
1702059833834	t	foyer_test_cue_hallway_left	0.0	0	0	3.9202	759.024	1027.68	0.9806	3.9606	774.4319999999999	1025.92	0.8165	-0.1205	-0.1931	0.9737	4.3598	1.956	-38.4462	0.0	25	0.0	0.0		5688	0	0
1702059833842	t	foyer_test_cue_hallway_left	0.0	0	0	3.9111	756.8639999999999	1025.44	0.9806	3.9526	774.576	1020.96	0.8165	-0.118	-0.1905	0.9745	2.825	2.0174	-38.4779	0.0	25	0.0	0.0		5688	0	0
1702059833851	t	foyer_test_cue_hallway_left	0.0	0	0	3.96	755.424	1024.0	0.9839	3.925	775.008	1024.0	0.8322	-0.1157	-0.1998	0.973	1.5823	2.0625	-38.5028	0.0	25	0.0	0.0		5688	0	0
1702059833859	t	foyer_test_cue_hallway_left	0.0	0	0	3.7613	757.44	1029.12	0.9839	3.8965	774.0	1025.6	0.8322	-0.1152	-0.2144	0.9699	-1.4906	2.1127	-38.589	0.0	25	0.0	0.0		5688	0	0
1702059833867	t	foyer_test_cue_hallway_left	0.0	0	0	3.8164	759.5999999999999	1026.72	0.9937	3.8537	776.88	1025.1200000000001	0.8414	-0.1224	-0.2096	0.9701	-2.2359	2.1241	-38.6134	0.0	25	0.0	0.0		5688	0	0
1702059833875	t	foyer_test_cue_hallway_left	0.0	0	0	3.9141	755.5680000000001	1022.24	0.9938	3.9816	775.2959999999999	1020.8000000000001	0.8423	-0.1073	-0.1929	0.9753	-2.8193	2.1236	-38.6304	0.0	25	0.0	0.0		5688	0	0
1702059833883	t	foyer_test_cue_hallway_left	0.0	0	0	3.9222	759.312	1022.56	1.0	3.9464	776.0160000000001	1015.04	1.0	-0.1108	-0.1812	0.9772	-2.766	2.1189	-38.6344	0.0	25	0.0	0.0		5688	0	0
1702059833891	t	foyer_test_cue_hallway_left	0.0	0	0	4.0179	757.872	1021.4399999999999	1.0	3.804	777.1679999999999	1026.72	1.0	-0.1073	-0.2019	0.9735	-2.3244	2.1126	-38.6164	0.0	25	0.0	0.0		5688	0	0
1702059833900	t	foyer_test_cue_hallway_left	0.0	0	0	3.9147	759.024	1021.7599999999999	1.0	3.8799	773.856	1022.72	1.0	-0.0986	-0.1976	0.9753	-1.7912	2.1166	-38.5934	0.0	25	0.0	0.0		5688	0	0
1702059833908	t	foyer_test_cue_hallway_left	0.0	0	0	3.9585	759.024	1017.92	1.0	3.6662	768.3839999999999	1022.72	1.0	-0.0839	-0.1999	0.9762	-1.2002	2.1407	-38.5576	0.0	25	0.0	0.0		5688	0	0
1702059833917	t	foyer_test_cue_hallway_left	0.0	0	0	4.0114	760.032	1016.96	0.991	3.8852	774.0	1020.8000000000001	0.8572	-0.0937	-0.2047	0.9743	-1.4462	2.1922	-38.5546	0.0	25	0.0	0.0		5688	0	0
1702059833925	t	foyer_test_cue_hallway_left	0.0	0	0	3.8314	756.7199999999999	1012.1600000000001	0.991	3.814	775.4399999999999	1017.44	0.8572	-0.0887	-0.1978	0.9762	-2.0616	2.2282	-38.5639	0.0	25	0.0	0.0		5688	0	0
1702059833933	t	foyer_test_cue_hallway_left	0.0	0	0	3.8878	757.5840000000001	1011.36	1.0	3.6413	771.696	1016.8	1.0	-0.0824	-0.2063	0.975	-2.6342	2.2816	-38.568	0.0	25	0.0	0.0		5688	0	0
1702059833942	t	foyer_test_cue_hallway_left	0.0	0	0	3.821	755.7120000000001	1000.6399999999999	1.0	3.8727	771.984	1007.84	1.0	-0.0782	-0.1812	0.9803	-3.3108	2.329	-38.5765	0.0	25	0.0	0.0		5688	0	0
1702059833950	t	foyer_test_cue_hallway_left	0.0	0	0	3.8594	755.424	1001.6	1.0	3.7212	771.12	1000.4799999999999	1.0	-0.0748	-0.1763	0.9815	-3.7444	2.3683	-38.5818	0.0	25	0.0	0.0		5688	0	0
1702059833958	t	foyer_test_cue_hallway_left	0.0	0	0	3.829	754.272	998.7199999999999	1.0	3.9461	768.672	1002.2399999999999	1.0	-0.0634	-0.1814	0.9814	-4.236	2.3986	-38.5794	0.0	25	0.0	0.0		5688	0	0
1702059833967	t	foyer_test_cue_hallway_left	0.0	0	0	3.8459	755.28	992.16	1.0	4.0193	772.56	1000.0	1.0	-0.0716	-0.1765	0.9817	-6.0087	2.4579	-38.6106	0.0	25	0.0	0.0		5688	0	0
1702059833976	t	foyer_test_cue_hallway_left	0.0	0	0	3.8745	757.152	991.2	1.0	3.9776	771.5520000000001	996.48	1.0	-0.0702	-0.1796	0.9812	-8.1836	2.5338	-38.6648	0.0	25	0.0	0.0		5688	0	0
1702059833984	t	foyer_test_cue_hallway_left	0.0	0	0	3.9507	758.016	984.4799999999999	0.9975	4.0558	772.128	991.84	0.8873	-0.0719	-0.1709	0.9827	-12.2095	2.6204	-38.7724	0.0	25	0.0	0.0		5688	0	0
1702059833992	t	foyer_test_cue_hallway_left	0.0	0	0	4.0288	757.5840000000001	983.6800000000001	0.9975	3.8883	772.704	994.2399999999999	0.8873	-0.0686	-0.1856	0.9802	-16.4837	2.7014	-38.8909	0.0	25	0.0	0.0		5688	0	0
1702059834001	t	foyer_test_cue_hallway_left	0.0	0	0	3.9115	768.672	981.28	0.9967	3.9326	782.784	985.6	0.9035	-0.0797	-0.1681	0.9825	-17.7262	2.7584	-38.9438	0.0	25	0.0	0.0		5688	0	0
1702059834009	t	foyer_test_cue_hallway_left	0.0	0	0	4.0069	789.84	976.96	0.9967	3.8715	800.496	984.0	0.9041	-0.1109	-0.167	0.9797	-14.9054	2.7747	-38.8865	0.0	25	0.0	0.0		5688	0	0
1702059834017	t	foyer_test_cue_hallway_left	0.0	0	0	4.145	809.4240000000001	974.24	1.0	4.1066	831.6	978.72	1.0	-0.1758	-0.1524	0.9725	-12.816	2.7991	-38.8784	0.0	25	0.0	0.0		5688	0	0
1702059834026	t	foyer_test_cue_hallway_left	0.0	0	0	4.1188	834.192	972.9599999999999	1.0	4.0654	851.76	975.52	1.0	-0.2178	-0.1441	0.9653	-10.2341	2.7999	-38.8393	0.0	25	0.0	0.0		5688	0	0
1702059834034	t	foyer_test_cue_hallway_left	0.0	0	0	3.8626	853.344	968.4799999999999	0.993	4.1505	869.0400000000001	978.0799999999999	0.8267	-0.249	-0.148	0.9571	-6.5066	2.8024	-38.7564	0.0	25	0.0	0.0		5688	0	0
1702059834042	t	foyer_test_cue_hallway_left	0.0	0	0	3.9424	861.696	967.6800000000001	0.993	4.1663	875.9519999999999	974.24	0.8267	-0.2669	-0.1456	0.9527	-6.0407	2.8433	-38.7598	0.0	25	0.0	0.0		5688	0	0
1702059834051	t	foyer_test_cue_hallway_left	0.0	0	0	3.9782	857.808	968.3199999999999	0.9948	4.292	873.792	972.32	0.7925	-0.268	-0.1417	0.9529	-8.0036	2.8605	-38.8106	0.0	25	0.0	0.0		5688	0	0
1702059834059	t	foyer_test_cue_hallway_left	0.0	0	0	3.9183	853.92	965.6	0.9948	4.2753	871.4879999999999	971.52	0.7925	-0.2644	-0.1388	0.9544	-8.871	2.8765	-38.8287	0.0	25	0.0	0.0		5688	0	0
1702059834067	t	foyer_test_cue_hallway_left	0.0	0	0	3.91	853.2	966.7199999999999	1.0	4.1709	869.0400000000001	968.3199999999999	1.0	-0.2611	-0.1366	0.9556	-6.7447	2.8616	-38.7529	0.0	25	0.0	0.0		5688	0	0
1702059834075	t	foyer_test_cue_hallway_left	0.0	0	0	3.9509	850.896	964.8	1.0	4.1191	867.456	969.4399999999999	1.0	-0.2555	-0.1387	0.9568	-2.579	2.82	-38.6101	0.0	25	0.0	0.0		5688	0	0
1702059834084	t	foyer_test_cue_hallway_left	0.0	0	0	3.9092	848.016	964.48	1.0	4.1265	865.2959999999999	969.92	1.0	-0.2484	-0.1409	0.9584	-0.1627	2.7961	-38.5205	0.0	25	0.0	0.0		5688	0	0
1702059834092	t	foyer_test_cue_hallway_left	0.0	0	0	3.9617	847.44	964.0	1.0	4.1595	863.568	970.5600000000001	1.0	-0.2475	-0.1414	0.9585	-2.1225	2.8184	-38.5821	0.0	25	0.0	0.0		5688	0	0
1702059834100	t	foyer_test_cue_hallway_left	0.0	0	0	3.9935	845.28	963.52	1.0	4.1442	864.144	968.3199999999999	1.0	-0.2464	-0.1379	0.9593	-1.3342	2.815	-38.5549	0.0	25	0.0	0.0		5688	0	0
1702059834108	t	foyer_test_cue_hallway_left	0.0	0	0	3.9723	845.5680000000001	962.0799999999999	1.0	4.1458	863.568	969.28	1.0	-0.2471	-0.138	0.9591	-1.3367	2.8192	-38.5544	0.0	25	0.0	0.0		5688	0	0
1702059834117	t	foyer_test_cue_hallway_left	0.0	0	0	3.9464	845.856	962.72	1.0	4.1487	862.9920000000001	969.76	1.0	-0.247	-0.1407	0.9587	-1.2258	2.8207	-38.5492	0.0	25	0.0	0.0		5688	0	0
1702059834125	t	foyer_test_cue_hallway_left	0.0	0	0	3.9514	845.5680000000001	962.0799999999999	1.0	4.1835	861.984	970.72	1.0	-0.2457	-0.1428	0.9588	-1.111	2.8258	-38.54	0.0	25	0.0	0.0		5688	0	0
1702059834133	t	foyer_test_cue_hallway_left	0.0	0	0	3.9622	845.424	961.76	1.0	4.1951	861.984	968.4799999999999	1.0	-0.246	-0.1389	0.9593	-1.058	2.8287	-38.5394	0.0	25	0.0	0.0		5688	0	0
1702059834142	t	foyer_test_cue_hallway_left	0.0	0	0	3.9728	845.424	961.4399999999999	1.0	4.2066	860.832	968.96	1.0	-0.2435	-0.1399	0.9598	-1.0806	2.8301	-38.5387	0.0	25	0.0	0.0		5688	0	0
1702059834151	t	foyer_test_cue_hallway_left	0.0	0	0	3.9832	844.7040000000001	961.76	1.0	4.2207	860.832	968.4799999999999	1.0	-0.2421	-0.1394	0.9602	-0.4748	2.8233	-38.5186	0.0	25	0.0	0.0		5688	0	0
1702059834159	t	foyer_test_cue_hallway_left	0.0	0	0	3.9935	843.9839999999999	962.0799999999999	1.0	4.2065	860.544	968.8000000000001	1.0	-0.2404	-0.1406	0.9604	-0.1783	2.8192	-38.5089	0.0	25	0.0	0.0		5688	0	0
1702059834167	t	foyer_test_cue_hallway_left	0.0	0	0	3.9987	843.9839999999999	961.76	1.0	4.2301	861.12	970.2400000000001	1.0	-0.2404	-0.1402	0.9605	-0.275	2.811	-38.5138	0.0	25	0.0	0.0		5688	0	0
1702059834176	t	foyer_test_cue_hallway_left	0.0	0	0	4.0033	843.8399999999999	962.0799999999999	1.0	4.1408	860.1120000000001	971.84	1.0	-0.2377	-0.1433	0.9607	-0.2245	2.8055	-38.5098	0.0	25	0.0	0.0		5688	0	0
1702059834184	t	foyer_test_cue_hallway_left	0.0	0	0	3.9981	843.552	962.0799999999999	1.0	4.1691	860.4000000000001	971.3599999999999	1.0	-0.2372	-0.1419	0.961	-0.4326	2.805	-38.517	0.0	25	0.0	0.0		5688	0	0
1702059834192	t	foyer_test_cue_hallway_left	0.0	0	0	4.0029	843.12	962.2400000000001	1.0	4.1494	860.544	970.72	1.0	-0.2369	-0.1405	0.9613	-1.2004	2.8102	-38.5426	0.0	25	0.0	0.0		5688	0	0
1702059834201	t	foyer_test_cue_hallway_left	0.0	0	0	4.004	843.12	962.5600000000001	1.0	4.1457	860.544	971.04	1.0	-0.2366	-0.1415	0.9612	-1.1819	2.8092	-38.5418	0.0	25	0.0	0.0		5688	0	0
1702059834209	t	foyer_test_cue_hallway_left	0.0	0	0	4.0052	843.12	963.04	1.0	4.1415	860.688	971.3599999999999	1.0	-0.2364	-0.1427	0.9611	-0.9959	2.8069	-38.5348	0.0	25	0.0	0.0		5688	0	0
1702059834217	t	foyer_test_cue_hallway_left	0.0	0	0	4.0039	843.12	962.72	1.0	4.1452	860.976	971.52	1.0	-0.2368	-0.1423	0.9611	-0.9877	2.8059	-38.5343	0.0	25	0.0	0.0		5688	0	0
1702059834225	t	foyer_test_cue_hallway_left	0.0	0	0	4.0054	843.12	963.04	1.0	4.1492	861.2639999999999	971.3599999999999	1.0	-0.237	-0.1425	0.961	-0.893	2.804	-38.531	0.0	25	0.0	0.0		5688	0	0
1702059834233	t	foyer_test_cue_hallway_left	0.0	0	0	4.0059	843.12	963.52	1.0	4.1508	861.2639999999999	971.3599999999999	1.0	-0.2369	-0.1429	0.961	-1.0332	2.8043	-38.5352	0.0	25	0.0	0.0		5688	0	0
1702059834242	t	foyer_test_cue_hallway_left	0.0	0	0	4.0107	843.12	963.52	1.0	4.1524	861.4079999999999	971.3599999999999	1.0	-0.2367	-0.1426	0.961	-1.1162	2.8032	-38.5376	0.0	25	0.0	0.0		5688	0	0
1702059834250	t	foyer_test_cue_hallway_left	0.0	0	0	4.01	843.12	964.32	1.0	4.1691	861.696	971.3599999999999	1.0	-0.2368	-0.144	0.9608	-1.1123	2.8031	-38.5369	0.0	25	0.0	0.0		5688	0	0
1702059834258	t	foyer_test_cue_hallway_left	0.0	0	0	4.0182	843.12	964.32	1.0	4.1866	861.984	971.3599999999999	1.0	-0.2368	-0.144	0.9608	-1.2349	2.8038	-38.5407	0.0	25	0.0	0.0		5688	0	0
1702059834267	t	foyer_test_cue_hallway_left	0.0	0	0	4.0199	843.12	964.48	1.0	4.1912	861.984	971.52	1.0	-0.2361	-0.1444	0.9609	-1.3363	2.8049	-38.5438	0.0	25	0.0	0.0		5688	0	0
1702059834275	t	foyer_test_cue_hallway_left	0.0	0	0	4.02	843.9839999999999	964.48	1.0	4.1857	861.984	971.68	1.0	-0.237	-0.1446	0.9607	-1.4918	2.8063	-38.5485	0.0	25	0.0	0.0		5688	0	0
1702059834283	t	foyer_test_cue_hallway_left	0.0	0	0	4.0204	844.5600000000001	964.48	1.0	4.1769	862.128	971.52	1.0	-0.2375	-0.1445	0.9606	-1.257	2.8039	-38.5403	0.0	25	0.0	0.0		5688	0	0
1702059834292	t	foyer_test_cue_hallway_left	0.0	0	0	4.0482	845.5680000000001	964.0	1.0	4.2211	864.144	972.64	1.0	-0.2389	-0.15	0.9594	-1.2053	2.8245	-38.5323	0.0	25	0.0	0.0		5688	0	0
1702059834300	t	foyer_test_cue_hallway_left	0.0	0	0	4.1599	833.76	963.84	1.0	4.2149	854.928	965.76	1.0	-0.2258	-0.1499	0.9626	-1.9988	2.8822	-38.5341	0.0	25	0.0	0.0		5688	0	0
1702059834308	t	foyer_test_cue_hallway_left	0.0	0	0	4.0432	806.5440000000001	954.5600000000001	1.0	4.1937	834.336	963.04	1.0	-0.1888	-0.1451	0.9712	-2.7578	2.9317	-38.4921	0.0	25	0.0	0.0		5688	0	0
1702059834317	t	foyer_test_cue_hallway_left	0.0	0	0	4.0603	786.384	949.2800000000001	1.0	4.091	803.952	961.4399999999999	1.0	-0.1348	-0.1421	0.9806	-5.2299	2.9543	-38.488	0.0	25	0.0	0.0		5688	0	0
1702059834325	t	foyer_test_cue_hallway_left	0.0	0	0	3.8865	764.4960000000001	947.5199999999999	1.0	3.6275	779.616	964.48	1.0	-0.0919	-0.1645	0.9821	-28.2383	3.199	-39.2056	0.0	25	0.0	0.0		5688	0	0
1702059834334	t	foyer_test_cue_hallway_left	0.0	0	0	4.043	750.8159999999999	946.88	1.0	3.821	758.4479999999999	955.6800000000001	1.0	-0.0569	-0.1408	0.9884	-30.5545	3.2999	-39.4572	0.0	25	0.0	0.0		5688	0	0
1702059834342	t	foyer_test_cue_hallway_left	0.0	0	0	4.0311	742.3199999999999	949.2800000000001	1.0	4.0513	749.52	951.8399999999999	1.0	-0.0338	-0.1263	0.9914	-30.5355	3.3061	-39.4782	0.0	25	0.0	0.0		5688	0	0
1702059834350	t	foyer_test_cue_hallway_left	0.0	0	0	3.9097	745.7760000000001	948.8	0.9785	3.9714	749.088	950.4	0.9265	-0.031	-0.1234	0.9919	-30.5436	3.3314	-39.5382	0.0	25	0.0	0.0		5688	0	0
1702059834359	t	foyer_test_cue_hallway_left	0.0	0	0	4.1059	746.496	950.24	0.9785	3.7567	753.9839999999999	949.92	0.9265	-0.0499	-0.1207	0.9914	-30.555	3.3104	-39.4921	0.0	25	0.0	0.0		5688	0	0
1702059834367	t	foyer_test_cue_hallway_left	0.0	0	0	3.9901	745.7760000000001	948.0	0.9781	4.0298	755.7120000000001	949.2800000000001	0.9418	-0.0566	-0.1157	0.9917	-30.553	3.2864	-39.4237	0.0	25	0.0	0.0		5688	0	0
1702059834375	t	foyer_test_cue_hallway_left	0.0	0	0	3.8987	744.0480000000001	948.32	0.9781	3.9514	755.856	951.52	0.9418	-0.0596	-0.1247	0.9904	-30.5404	3.303	-39.4708	0.0	25	0.0	0.0		5688	0	0
1702059834384	t	foyer_test_cue_hallway_left	0.0	0	0	4.0106	745.7760000000001	952.3199999999999	0.9934	3.947	759.5999999999999	951.2	0.9202	-0.079	-0.1241	0.9891	-30.4668	3.2869	-39.3959	0.0	25	0.0	0.0		5688	0	0
1702059834392	t	foyer_test_cue_hallway_left	0.0	0	0	4.004	745.7760000000001	952.8000000000001	0.9934	3.9707	757.44	950.24	0.9202	-0.0742	-0.1243	0.9895	-28.2468	3.2749	-39.3319	0.0	25	0.0	0.0		5688	0	0
1702059834401	t	foyer_test_cue_hallway_left	0.0	0	0	3.9923	743.472	951.52	0.9957	3.9928	755.7120000000001	952.16	0.9314	-0.0747	-0.1453	0.9866	29.7612	2.3754	-36.5958	0.0	25	0.0	0.0		5688	0	0
1702059834409	t	foyer_test_cue_hallway_left	0.0	0	0	3.9925	745.3439999999999	948.32	0.9957	3.8409	759.5999999999999	956.64	0.9319	-0.0866	-0.1375	0.9867	29.5408	2.4294	-36.7282	0.0	25	0.0	0.0		5688	0	0
1702059834417	t	foyer_test_cue_hallway_left	0.0	0	0	4.0593	746.208	949.76	0.9974	3.9314	758.88	944.8000000000001	0.9166	-0.0936	-0.1488	0.9844	30.9225	2.3831	-36.4554	0.0	25	0.0	0.0		5688	0	0
1702059834425	t	foyer_test_cue_hallway_left	0.0	0	0	4.0625	747.648	947.3599999999999	0.9974	3.6817	749.9520000000001	946.24	0.9166	-0.1096	-0.1493	0.9827	31.102	2.4284	-36.455	0.0	25	0.0	0.0		5688	0	0
1702059834433	t	foyer_test_cue_hallway_left	0.0	0	0	3.8378	749.376	947.04	0.9691	3.4636	749.376	950.24	0.8393	-0.1181	-0.1588	0.9802	30.9824	2.5909	-36.8463	0.0	25	0.0	0.0		5688	0	0
1702059834442	t	foyer_test_cue_hallway_left	0.0	0	0	3.7543	749.52	946.24	0.9691	2.7943	744.0480000000001	964.9599999999999	0.8393	-0.1249	-0.1728	0.977	31.137	2.4755	-36.1662	0.0	25	0.0	0.0		5688	0	0
1702059834450	t	foyer_test_cue_hallway_left	0.0	0	0	-1.0	745.9200000000001	932.48	0.8422	2.4371	739.8720000000001	981.1199999999999	0.6632	-0.0454	-0.3136	0.9485	-30.3474	3.6413	-39.2577	0.0	25	0.0	0.0		5688	0	0
1702059834458	t	foyer_test_cue_hallway_left	0.0	0	0	-1.0	716.544	935.52	0.8422	-1.0	765.216	973.76	0.6632	-1.0	-1.0	-1.0	-1.0	-1.0	-1.0	0.0	25	0.0	0.0		5688	0	0
1702059834466	t	foyer_test_cue_hallway_left	0.0	0	0	-1.0	702.8639999999999	976.4799999999999	0.73	-1.0	738.1439999999999	1008.4799999999999	0.4264	-1.0	-1.0	-1.0	-1.0	-1.0	-1.0	0.0	25	0.0	0.0		5688	0	0
1702059834473	t	foyer_test_cue_hallway_left	0.0	0	0	-1.0	690.048	971.52	0.73	-1.0	-1440.0	-1600.0	0.4264	-1.0	-1.0	-1.0	-1.0	-1.0	-1.0	0.0	25	0.0	0.0		5688	0	0
1702059834481	t	foyer_test_cue_hallway_left	0.0	0	0	-1.0	726.192	988.8	0.4779	-1.0	-1440.0	-1600.0	0.0269	-1.0	-1.0	-1.0	-1.0	-1.0	-1.0	0.0	25	0.0	0.0		5688	0	0
1702059834489	t	foyer_test_cue_hallway_left	0.0	0	0	-1.0	758.4479999999999	958.7199999999999	0.4779	-1.0	-1440.0	-1600.0	0.0269	-1.0	-1.0	-1.0	-1.0	-1.0	-1.0	0.0	25	0.0	0.0		5688	0	0
1702059834498	t	foyer_test_cue_hallway_left	0.0	0	0	-1.0	514.2239999999999	1078.08	0.2294	-1.0	-1440.0	-1600.0	0.0057	-1.0	-1.0	-1.0	-1.0	-1.0	-1.0	0.0	25	0.0	0.0		5688	0	0
1702059834506	t	foyer_test_cue_hallway_left	0.0	0	0	-1.0	508.032	1082.08	0.2294	-1.0	-1440.0	-1600.0	0.0057	-1.0	-1.0	-1.0	-1.0	-1.0	-1.0	0.0	25	0.0	0.0		5688	0	0
1702059834514	t	foyer_test_cue_hallway_left	0.0	0	0	-1.0	-1440.0	-1600.0	0.0652	-1.0	-1440.0	-1600.0	0.0092	-1.0	-1.0	-1.0	-1.0	-1.0	-1.0	0.0	25	0.0	0.0		5688	0	0
1702059834523	t	foyer_test_cue_hallway_left	0.0	0	0	-1.0	-1440.0	-1600.0	0.0652	-1.0	-1440.0	-1600.0	0.0092	-1.0	-1.0	-1.0	-1.0	-1.0	-1.0	0.0	25	0.0	0.0		5688	0	0
1702059834531	t	foyer_test_cue_hallway_left	0.0	0	0	-1.0	-1440.0	-1600.0	0.0	-1.0	-1440.0	-1600.0	0.0	-1.0	-1.0	-1.0	-1.0	-1.0	-1.0	0.0	25	0.0	0.0		5688	0	0
1702059834540	t	foyer_test_cue_hallway_left	0.0	0	0	-1.0	-1440.0	-1600.0	0.0	-1.0	-1440.0	-1600.0	0.0	-1.0	-1.0	-1.0	-1.0	-1.0	-1.0	0.0	25	0.0	0.0		5688	0	0
1702059834548	t	foyer_test_cue_hallway_left	0.0	0	0	-1.0	748.2239999999999	985.28	0.0054	-1.0	-1440.0	-1600.0	0.0	-1.0	-1.0	-1.0	-1.0	-1.0	-1.0	0.0	25	0.0	0.0		5688	0	0
1702059834557	t	foyer_test_cue_hallway_left	0.0	0	0	-1.0	619.3439999999999	1029.12	0.0054	-1.0	-1440.0	-1600.0	0.0	-1.0	-1.0	-1.0	-1.0	-1.0	-1.0	0.0	25	0.0	0.0		5688	0	0
1702059834564	t	foyer_test_cue_hallway_left	0.0	0	0	-1.0	-1440.0	-1600.0	0.0142	-1.0	-1440.0	-1600.0	0.0	-1.0	-1.0	-1.0	-1.0	-1.0	-1.0	0.0	25	0.0	0.0		5688	0	0
1702059834572	t	foyer_test_cue_hallway_left	0.0	0	0	-1.0	-1440.0	-1600.0	0.0142	-1.0	-1440.0	-1600.0	0.0	-1.0	-1.0	-1.0	-1.0	-1.0	-1.0	0.0	25	0.0	0.0		5688	0	0
1702059834581	t	foyer_test_cue_hallway_left	0.0	0	0	-1.0	628.1279999999999	1027.2	0.0083	-1.0	-1440.0	-1600.0	0.0	-1.0	-1.0	-1.0	-1.0	-1.0	-1.0	0.0	25	0.0	0.0		5688	0	0
1702059834590	t	foyer_test_cue_hallway_left	0.0	0	0	-1.0	675.9359999999999	1015.3600000000001	0.0083	-1.0	498.528	1000.3199999999999	0.0	-1.0	-1.0	-1.0	-1.0	-1.0	-1.0	0.0	25	0.0	0.0		5688	0	0
1702059834599	t	foyer_test_cue_hallway_left	0.0	0	0	-1.0	539.568	1011.2	0.0718	-1.0	500.112	1042.24	0.0	-1.0	-1.0	-1.0	-1.0	-1.0	-1.0	0.0	25	0.0	0.0		5688	0	0
1702059834607	t	foyer_test_cue_hallway_left	0.0	0	0	-1.0	511.2	1026.08	0.0718	-1.0	625.2479999999999	1055.68	0.0	-1.0	-1.0	-1.0	-1.0	-1.0	-1.0	0.0	25	0.0	0.0		5688	0	0
1702059834616	t	foyer_test_cue_hallway_left	0.0	0	0	-1.0	612.8639999999999	984.4799999999999	0.1875	-1.0	633.744	1027.2	0.0541	-1.0	-1.0	-1.0	-1.0	-1.0	-1.0	0.0	25	0.0	0.0		5688	0	0
1702059834624	t	foyer_test_cue_hallway_left	0.0	0	0	-1.0	667.5840000000001	961.4399999999999	0.1875	-1.0	630.576	1010.2399999999999	0.0541	-1.0	-1.0	-1.0	-1.0	-1.0	-1.0	0.0	25	0.0	0.0		5688	0	0
1702059834632	t	foyer_test_cue_hallway_left	0.0	0	0	-1.0	605.952	941.6	0.2759	-1.0	621.936	1001.44	0.032	-1.0	-1.0	-1.0	-1.0	-1.0	-1.0	0.0	25	0.0	0.0		5688	0	0
1702059834641	t	foyer_test_cue_hallway_left	0.0	0	0	-1.0	634.8960000000001	920.8000000000001	0.2759	-1.0	573.12	1006.56	0.032	-1.0	-1.0	-1.0	-1.0	-1.0	-1.0	0.0	25	0.0	0.0		5688	0	0
1702059834649	t	foyer_test_cue_hallway_left	0.0	0	0	-1.0	603.792	940.48	0.3121	-1.0	600.624	977.76	0.0768	-1.0	-1.0	-1.0	-1.0	-1.0	-1.0	0.0	25	0.0	0.0		5688	0	0
1702059834658	t	foyer_test_cue_hallway_left	0.0	0	0	-1.0	610.416	930.5600000000001	0.3121	-1.0	598.752	962.5600000000001	0.0768	-1.0	-1.0	-1.0	-1.0	-1.0	-1.0	0.0	25	0.0	0.0		5688	0	0
1702059834667	t	foyer_test_cue_hallway_left	0.0	0	0	-1.0	628.416	918.0799999999999	0.4309	-1.0	603.648	935.36	0.2334	-1.0	-1.0	-1.0	-1.0	-1.0	-1.0	0.0	25	0.0	0.0		5688	0	0
1702059834675	t	foyer_test_cue_hallway_left	0.0	0	0	-1.0	648.864	920.8000000000001	0.4309	-1.0	627.264	931.1999999999999	0.2334	-1.0	-1.0	-1.0	-1.0	-1.0	-1.0	0.0	25	0.0	0.0		5688	0	0
1702059834683	t	foyer_test_cue_hallway_left	0.0	0	0	-1.0	665.2800000000001	912.32	0.4954	-1.0	647.856	930.24	0.368	-1.0	-1.0	-1.0	-1.0	-1.0	-1.0	0.0	25	0.0	0.0		5688	0	0
1702059834692	t	foyer_test_cue_hallway_left	0.0	0	0	-1.0	685.5840000000001	909.1200000000001	0.4954	-1.0	667.2959999999999	936.96	0.368	-1.0	-1.0	-1.0	-1.0	-1.0	-1.0	0.0	25	0.0	0.0		5688	0	0
1702059834700	t	foyer_test_cue_hallway_left	0.0	0	0	-1.0	698.688	911.2	0.601	-1.0	686.88	949.2800000000001	0.521	-1.0	-1.0	-1.0	-1.0	-1.0	-1.0	0.0	25	0.0	0.0		5688	0	0
1702059834709	t	foyer_test_cue_hallway_left	0.0	0	0	-1.0	704.304	908.64	0.601	-1.0	707.04	942.8800000000001	0.521	-1.0	-1.0	-1.0	-1.0	-1.0	-1.0	0.0	25	0.0	0.0		5688	0	0
1702059834718	t	foyer_test_cue_hallway_left	0.0	0	0	3.7995	713.232	911.8399999999999	0.6984	-1.0	711.36	936.48	0.6529	0.0619	-0.1168	0.9912	31.1836	3.2973	-37.9803	0.0	25	0.0	0.0		5688	0	0
1702059834726	t	foyer_test_cue_hallway_left	0.0	0	0	3.9058	721.296	915.5200000000001	0.6984	-1.0	718.416	936.48	0.6529	0.0583	-0.119	0.9912	31.0274	2.8042	-36.4053	0.0	25	0.0	0.0		5688	0	0
1702059834734	t	foyer_test_cue_hallway_left	0.0	0	0	3.9691	733.536	917.76	0.7772	-1.0	728.928	934.72	0.7118	0.0316	-0.1119	0.9932	30.908	2.5981	-35.9188	0.0	25	0.0	0.0		5688	0	0
1702059834742	t	foyer_test_cue_hallway_left	0.0	0	0	3.9946	740.592	917.76	0.7772	-1.0	741.0239999999999	942.7199999999999	0.7118	0.0256	-0.1081	0.9938	30.8061	2.7055	-36.3622	0.0	25	0.0	0.0		5688	0	0
1702059834751	t	foyer_test_cue_hallway_left	0.0	0	0	3.9166	746.496	923.04	0.8287	-1.0	751.8240000000001	937.12	0.7716	0.0242	-0.1207	0.9924	30.6984	2.6612	-36.3115	0.0	25	0.0	0.0		5688	0	0
1702059834759	t	foyer_test_cue_hallway_left	0.0	0	0	3.9568	753.9839999999999	923.84	0.8287	-1.0	759.024	939.84	0.7716	0.0154	-0.1183	0.9928	30.5955	2.6354	-36.3067	0.0	25	0.0	0.0		5688	0	0
1702059834768	t	foyer_test_cue_hallway_left	0.0	0	0	4.0352	760.752	923.1999999999999	0.8647	-1.0	771.696	940.48	0.8069	0.0111	-0.1047	0.9944	30.4796	2.5086	-36.0377	0.0	25	0.0	0.0		5688	0	0
1702059834776	t	foyer_test_cue_hallway_left	0.0	0	0	3.9807	769.248	923.04	0.8647	3.9388	775.008	945.92	0.8069	-0.0004	-0.1076	0.9942	-31.1643	3.3253	-39.5197	0.0	25	0.0	0.0		5688	0	0
1702059834784	t	foyer_test_cue_hallway_left	0.0	0	0	3.9711	771.12	925.2800000000001	0.8947	3.9556	779.328	944.16	0.837	-0.0095	-0.0926	0.9957	-31.2017	3.2862	-39.5158	0.0	25	0.0	0.0		5688	0	0
1702059834792	t	foyer_test_cue_hallway_left	0.0	0	0	3.9845	771.4079999999999	922.4	0.8947	3.9621	781.3439999999999	945.28	0.837	-0.0128	-0.0887	0.996	-26.8549	3.2048	-39.3126	0.0	25	0.0	0.0		5688	0	0
1702059834801	t	foyer_test_cue_hallway_left	0.0	0	0	3.9586	773.2800000000001	925.92	0.9087	3.9134	780.1919999999999	948.0	0.8541	-0.016	-0.1013	0.9947	17.3709	2.5957	-36.6928	0.0	25	0.0	0.0		5688	0	0
1702059834808	t	foyer_test_cue_hallway_left	0.0	0	0	3.9128	775.584	925.1200000000001	0.9092	3.8605	781.3439999999999	953.4399999999999	0.8549	-0.0255	-0.1011	0.9945	5.0967	2.7248	-37.3803	0.0	25	0.0	0.0		5688	0	0
1702059834817	t	foyer_test_cue_hallway_left	0.0	0	0	4.0635	775.728	929.12	0.9316	3.9258	782.928	951.0400000000001	0.8775	-0.0281	-0.0895	0.9956	-21.9556	3.0279	-38.97	0.0	25	0.0	0.0		5688	0	0
1702059834825	t	foyer_test_cue_hallway_left	0.0	0	0	4.0062	775.152	929.12	0.9316	3.7859	777.744	951.36	0.8775	-0.0161	-0.0937	0.9955	-20.5283	3.0337	-38.9425	0.0	25	0.0	0.0		5688	0	0
1702059834834	t	foyer_test_cue_hallway_left	0.0	0	0	4.0393	774.0	928.8000000000001	0.9418	3.8398	776.592	949.1199999999999	0.8657	-0.0111	-0.0849	0.9963	-28.8413	3.1602	-39.4866	0.0	25	0.0	0.0		5688	0	0
1702059834842	t	foyer_test_cue_hallway_left	0.0	0	0	3.9464	770.4000000000001	925.1200000000001	0.9418	3.9885	777.3119999999999	948.64	0.8657	-0.0178	-0.0859	0.9961	-27.5395	3.1545	-39.3821	0.0	25	0.0	0.0		5688	0	0
1702059834850	t	foyer_test_cue_hallway_left	0.0	0	0	4.0215	770.832	928.96	0.9396	3.8774	773.712	950.7199999999999	0.8749	-0.0099	-0.0973	0.9952	-27.1762	3.1242	-39.2283	0.0	25	0.0	0.0		5688	0	0
1702059834859	t	foyer_test_cue_hallway_left	0.0	0	0	4.0233	771.4079999999999	926.24	0.9396	4.0541	777.024	947.84	0.8749	-0.0293	-0.0978	0.9948	-27.6373	3.2132	-39.3468	0.0	25	0.0	0.0		5688	0	0
1702059834867	t	foyer_test_cue_hallway_left	0.0	0	0	3.9734	766.512	920.8000000000001	0.9015	3.9297	776.0160000000001	944.0	0.8602	-0.0353	-0.0878	0.9955	-14.8347	2.9406	-38.1975	0.0	25	0.0	0.0		5688	0	0
1702059834875	t	foyer_test_cue_hallway_left	0.0	0	0	3.86	764.784	922.56	0.9015	3.5341	776.448	955.3599999999999	0.8602	-0.0403	-0.1488	0.988	-21.8669	3.2967	-39.1193	0.0	25	0.0	0.0		5688	0	0
1702059834883	t	foyer_test_cue_hallway_left	0.0	0	0	-1.0	765.5039999999999	938.72	0.7764	3.2323	766.656	958.24	0.7904	-0.01	-0.1935	0.981	-30.99	3.3949	-39.1176	0.0	25	0.0	0.0		5688	0	0
1702059834891	t	foyer_test_cue_hallway_left	0.0	0	0	-1.0	768.816	951.52	0.7764	-1.0	767.2320000000001	961.28	0.7904	-1.0	-1.0	-1.0	-1.0	-1.0	-1.0	0.0	25	0.0	0.0		5688	0	0
1702059834899	t	foyer_test_cue_hallway_left	0.0	0	0	-1.0	-1440.0	-1600.0	0.524	-1.0	753.264	977.76	0.6561	-1.0	-1.0	-1.0	-1.0	-1.0	-1.0	0.0	25	0.0	0.0		5688	0	0
1702059834907	t	foyer_test_cue_hallway_left	0.0	0	0	-1.0	-1440.0	-1600.0	0.524	-1.0	786.96	1004.32	0.6561	-1.0	-1.0	-1.0	-1.0	-1.0	-1.0	0.0	25	0.0	0.0		5688	0	0
1702059834915	t	foyer_test_cue_hallway_left	0.0	0	0	-1.0	-1440.0	-1600.0	0.0	-1.0	750.9599999999999	1014.72	0.3526	-1.0	-1.0	-1.0	-1.0	-1.0	-1.0	0.0	25	0.0	0.0		5688	0	0
1702059834923	t	foyer_test_cue_hallway_left	0.0	0	0	-1.0	-1440.0	-1600.0	0.0	-1.0	685.008	976.8000000000001	0.3526	-1.0	-1.0	-1.0	-1.0	-1.0	-1.0	0.0	25	0.0	0.0		5688	0	0
1702059834931	t	foyer_test_cue_hallway_left	0.0	0	0	-1.0	-1440.0	-1600.0	0.0	-1.0	674.496	1011.52	0.0368	-1.0	-1.0	-1.0	-1.0	-1.0	-1.0	0.0	25	0.0	0.0		5688	0	0
1702059834940	t	foyer_test_cue_hallway_left	0.0	0	0	-1.0	-1440.0	-1600.0	0.0	-1.0	803.376	1050.56	0.0368	-1.0	-1.0	-1.0	-1.0	-1.0	-1.0	0.0	25	0.0	0.0		5688	0	0
1702059834948	t	foyer_test_cue_hallway_left	0.0	0	0	-1.0	-1440.0	-1600.0	0.0	-1.0	828.432	1088.16	0.0247	-1.0	-1.0	-1.0	-1.0	-1.0	-1.0	0.0	25	0.0	0.0		5688	0	0
1702059834957	t	foyer_test_cue_hallway_left	0.0	0	0	-1.0	-1440.0	-1600.0	0.0	-1.0	832.7520000000001	1074.24	0.0247	-1.0	-1.0	-1.0	-1.0	-1.0	-1.0	0.0	25	0.0	0.0		5688	0	0
1702059834966	t	foyer_test_cue_hallway_left	0.0	0	0	-1.0	866.448	1045.12	0.0	-1.0	844.5600000000001	1053.1200000000001	0.0956	-1.0	-1.0	-1.0	-1.0	-1.0	-1.0	0.0	25	0.0	0.0		5688	0	0
1702059834974	t	foyer_test_cue_hallway_left	0.0	0	0	-1.0	849.024	1060.64	0.0	-1.0	849.8879999999999	1059.04	0.0956	-1.0	-1.0	-1.0	-1.0	-1.0	-1.0	0.0	25	0.0	0.0		5688	0	0
1702059834982	t	foyer_test_cue_hallway_left	0.0	0	0	-1.0	842.112	1071.8400000000001	0.0	-1.0	849.024	1059.04	0.2297	-1.0	-1.0	-1.0	-1.0	-1.0	-1.0	0.0	25	0.0	0.0		5688	0	0
1702059834991	t	foyer_test_cue_hallway_left	0.0	0	0	-1.0	842.544	1047.2	0.0	-1.0	847.296	1054.56	0.2297	-1.0	-1.0	-1.0	-1.0	-1.0	-1.0	0.0	25	0.0	0.0		5688	0	0
1702059835000	t	foyer_test_cue_hallway_left	0.0	0	0	-1.0	833.9039999999999	1045.12	0.0913	-1.0	842.8320000000001	1061.44	0.4196	-1.0	-1.0	-1.0	-1.0	-1.0	-1.0	0.0	25	0.0	0.0		5688	0	0
1702059835009	t	foyer_test_cue_hallway_left	0.0	0	0	-1.0	830.8799999999999	1026.72	0.0913	-1.0	839.8080000000001	1038.72	0.4196	-1.0	-1.0	-1.0	-1.0	-1.0	-1.0	0.0	25	0.0	0.0		5688	0	0
1702059835016	t	foyer_test_cue_hallway_left	0.0	0	0	-1.0	827.1360000000001	1023.3599999999999	0.2569	-1.0	835.7760000000001	1033.76	0.5579	-1.0	-1.0	-1.0	-1.0	-1.0	-1.0	0.0	25	0.0	0.0		5688	0	0
1702059835025	t	foyer_test_cue_hallway_left	0.0	0	0	-1.0	821.664	1016.16	0.2569	-1.0	829.8720000000001	1039.04	0.5579	-1.0	-1.0	-1.0	-1.0	-1.0	-1.0	0.0	25	0.0	0.0		5688	0	0
1702059835034	t	foyer_test_cue_hallway_left	0.0	0	0	4.1937	817.776	1014.56	0.5141	4.1036	829.1519999999999	1032.32	0.6353	-0.189	-0.2836	0.9401	-31.2997	2.7976	-39.6297	0.0	25	0.0	0.0		5688	0	0
1702059835042	t	foyer_test_cue_hallway_left	0.0	0	0	4.1287	816.192	1018.8800000000001	0.5141	4.1467	824.4	1038.4	0.6353	-0.1728	-0.3068	0.936	-31.1543	2.799	-39.6092	0.0	25	0.0	0.0		5688	0	0
1702059835050	t	foyer_test_cue_hallway_left	0.0	0	0	4.1617	813.3119999999999	1019.0400000000001	0.6776	4.0696	824.2560000000001	1032.16	0.6722	-0.1835	-0.2855	0.9406	-15.7842	2.5787	-38.8309	0.0	25	0.0	0.0		5688	0	0
1702059835058	t	foyer_test_cue_hallway_left	0.0	0	0	4.2185	808.704	1015.6800000000001	0.6776	4.114	819.504	1027.52	0.6722	-0.1709	-0.2737	0.9465	-6.9808	2.4549	-38.3771	0.0	25	0.0	0.0		5688	0	0
1702059835066	t	foyer_test_cue_hallway_left	0.0	0	0	4.1811	806.976	1015.3600000000001	0.7353	4.228	822.096	1026.88	0.7183	-0.1799	-0.2716	0.9454	-3.1508	2.4021	-38.1861	0.0	25	0.0	0.0		5688	0	0
1702059835075	t	foyer_test_cue_hallway_left	0.0	0	0	4.1693	804.6719999999999	1015.5200000000001	0.7366	4.1857	818.496	1024.0	0.7197	-0.1752	-0.2674	0.9475	-1.3004	2.372	-38.0868	0.0	25	0.0	0.0		5688	0	0
1702059835083	t	foyer_test_cue_hallway_left	0.0	0	0	4.1745	802.224	1013.7600000000001	0.7623	4.1256	813.5999999999999	1023.04	0.7397	-0.1669	-0.2649	0.9497	0.9156	2.3426	-37.9674	0.0	25	0.0	0.0		5688	0	0
1702059835091	t	foyer_test_cue_hallway_left	0.0	0	0	4.1907	800.928	1016.96	0.7623	4.0441	812.592	1024.8	0.7397	-0.1656	-0.2742	0.9473	1.2109	2.341	-37.9518	0.0	25	0.0	0.0		5688	0	0
1702059835100	t	foyer_test_cue_hallway_left	0.0	0	0	4.2707	801.36	1009.44	0.7797	4.1438	811.44	1026.56	0.7373	-0.1723	-0.2742	0.9461	1.8462	2.3816	-37.9022	0.0	25	0.0	0.0		5688	0	0
1702059835108	t	foyer_test_cue_hallway_left	0.0	0	0	-1.0	804.24	1019.36	0.7797	3.9371	809.2800000000001	1023.1999999999999	0.7373	-0.1498	-0.2908	0.945	-31.1257	2.9409	-39.5381	0.0	25	0.0	0.0		5688	0	0
1702059835116	t	foyer_test_cue_hallway_left	0.0	0	0	-1.0	803.952	1064.6399999999999	0.7379	-1.0	807.6959999999999	1023.04	0.6649	-1.0	-1.0	-1.0	-1.0	-1.0	-1.0	0.0	25	0.0	0.0		5688	0	0
1702059835123	t	foyer_test_cue_hallway_left	0.0	0	0	-1.0	863.424	1062.72	0.7379	-1.0	811.584	1051.04	0.6649	-1.0	-1.0	-1.0	-1.0	-1.0	-1.0	0.0	25	0.0	0.0		5688	0	0
1702059835131	t	foyer_test_cue_hallway_left	0.0	0	0	-1.0	-1440.0	-1600.0	0.1602	-1.0	747.792	1064.48	0.4101	-1.0	-1.0	-1.0	-1.0	-1.0	-1.0	0.0	25	0.0	0.0		5688	0	0
1702059835139	t	foyer_test_cue_hallway_left	0.0	0	0	-1.0	-1440.0	-1600.0	0.1602	-1.0	-1440.0	-1600.0	0.4101	-1.0	-1.0	-1.0	-1.0	-1.0	-1.0	0.0	25	0.0	0.0		5688	0	0
1702059835147	t	foyer_test_cue_hallway_left	0.0	0	0	-1.0	-1440.0	-1600.0	0.0	-1.0	-1440.0	-1600.0	0.0	-1.0	-1.0	-1.0	-1.0	-1.0	-1.0	0.0	25	0.0	0.0		5688	0	0
1702059835156	t	foyer_test_cue_hallway_left	0.0	0	0	-1.0	-1440.0	-1600.0	0.0	-1.0	-1440.0	-1600.0	0.0	-1.0	-1.0	-1.0	-1.0	-1.0	-1.0	0.0	25	0.0	0.0		5688	0	0
1702059835164	t	foyer_test_cue_hallway_left	0.0	0	0	-1.0	-1440.0	-1600.0	0.0	-1.0	-1440.0	-1600.0	0.0122	-1.0	-1.0	-1.0	-1.0	-1.0	-1.0	0.0	25	0.0	0.0		5688	0	0
1702059835172	t	foyer_test_cue_hallway_left	0.0	0	0	-1.0	-1440.0	-1600.0	0.0	-1.0	-1440.0	-1600.0	0.0122	-1.0	-1.0	-1.0	-1.0	-1.0	-1.0	0.0	25	0.0	0.0		5688	0	0
1702059835181	t	foyer_test_cue_hallway_left	0.0	0	0	-1.0	-1440.0	-1600.0	0.0	-1.0	-1440.0	-1600.0	0.0253	-1.0	-1.0	-1.0	-1.0	-1.0	-1.0	0.0	25	0.0	0.0		5688	0	0
1702059835190	t	foyer_test_cue_hallway_left	0.0	0	0	-1.0	-1440.0	-1600.0	0.0	-1.0	782.64	1103.04	0.0253	-1.0	-1.0	-1.0	-1.0	-1.0	-1.0	0.0	25	0.0	0.0		5688	0	0
1702059835199	t	foyer_test_cue_hallway_left	0.0	0	0	-1.0	784.2239999999999	1080.32	0.0	-1.0	767.2320000000001	1105.4399999999998	0.0251	-1.0	-1.0	-1.0	-1.0	-1.0	-1.0	0.0	25	0.0	0.0		5688	0	0
1702059835208	t	foyer_test_cue_hallway_left	0.0	0	0	-1.0	779.616	1077.6	0.0	-1.0	770.2560000000001	1071.52	0.0251	-1.0	-1.0	-1.0	-1.0	-1.0	-1.0	0.0	25	0.0	0.0		5688	0	0
1702059835216	t	foyer_test_cue_hallway_left	0.0	0	0	-1.0	784.3679999999999	1059.3600000000001	0.0473	-1.0	784.9440000000001	1068.8	0.2211	-1.0	-1.0	-1.0	-1.0	-1.0	-1.0	0.0	25	0.0	0.0		5688	0	0
1702059835225	t	foyer_test_cue_hallway_left	0.0	0	0	-1.0	777.6	1042.3999999999999	0.0473	-1.0	776.448	1060.32	0.2211	-1.0	-1.0	-1.0	-1.0	-1.0	-1.0	0.0	25	0.0	0.0		5688	0	0
1702059835233	t	foyer_test_cue_hallway_left	0.0	0	0	-1.0	777.1679999999999	1042.24	0.21	-1.0	790.416	1052.0	0.4235	-1.0	-1.0	-1.0	-1.0	-1.0	-1.0	0.0	25	0.0	0.0		5688	0	0
1702059835242	t	foyer_test_cue_hallway_left	0.0	0	0	-1.0	775.4399999999999	1026.56	0.21	-1.0	787.9680000000001	1036.96	0.4235	-1.0	-1.0	-1.0	-1.0	-1.0	-1.0	0.0	25	0.0	0.0		5688	0	0
1702059835250	t	foyer_test_cue_hallway_left	0.0	0	0	3.9835	775.4399999999999	1027.68	0.4061	3.987	787.2479999999999	1036.8	0.5566	-0.1316	-0.3081	0.9422	5.6876	2.234	-37.7145	0.0	25	0.0	0.0		5688	0	0
1702059835259	t	foyer_test_cue_hallway_left	0.0	0	0	3.9763	770.976	1027.04	0.4061	4.1269	786.24	1035.3600000000001	0.5566	-0.1229	-0.2987	0.9464	9.1305	2.1477	-37.546	0.0	25	0.0	0.0		5688	0	0
1702059835266	t	foyer_test_cue_hallway_left	0.0	0	0	4.1053	769.392	1024.6399999999999	0.6286	3.8038	782.208	1036.1599999999999	0.6505	-0.1107	-0.2969	0.9484	-8.827	2.4194	-38.4424	0.0	25	0.0	0.0		5688	0	0
1702059835275	t	foyer_test_cue_hallway_left	0.0	0	0	3.9687	769.104	1029.44	0.6286	3.8202	784.512	1036.96	0.6505	-0.1156	-0.3018	0.9463	3.1634	2.2217	-37.8521	0.0	25	0.0	0.0		5688	0	0
1702059835285	t	foyer_test_cue_hallway_left	0.0	0	0	4.0284	768.816	1025.6	0.738	3.9106	782.0640000000001	1039.04	0.6849	-0.1109	-0.3007	0.9473	-1.0428	2.2937	-38.0588	0.0	25	0.0	0.0		5688	0	0
1702059835291	t	foyer_test_cue_hallway_left	0.0	0	0	4.0035	770.4000000000001	1023.6800000000001	0.738	3.8471	780.1919999999999	1032.6399999999999	0.6849	-0.1117	-0.2874	0.9513	0.7693	2.2702	-37.9675	0.0	25	0.0	0.0		5688	0	0
1702059835300	t	foyer_test_cue_hallway_left	0.0	0	0	4.0754	765.6479999999999	1021.12	0.7632	3.8583	781.1999999999999	1032.16	0.7252	-0.1034	-0.2836	0.9533	0.7356	2.2764	-37.9674	0.0	25	0.0	0.0		5688	0	0
1702059835308	t	foyer_test_cue_hallway_left	0.0	0	0	3.9714	766.8	1022.4	0.7632	3.9674	781.9200000000001	1032.0	0.7252	-0.1073	-0.288	0.9516	-0.2386	2.3033	-38.0119	0.0	25	0.0	0.0		5688	0	0
1702059835316	t	foyer_test_cue_hallway_left	0.0	0	0	4.0771	767.2320000000001	1021.12	0.8109	3.9539	781.9200000000001	1029.28	0.7389	-0.11	-0.282	0.9531	-0.0738	2.3039	-38.0002	0.0	25	0.0	0.0		5688	0	0
1702059835325	t	foyer_test_cue_hallway_left	0.0	0	0	4.1154	766.368	1021.4399999999999	0.8109	3.9192	778.8960000000001	1030.0800000000002	0.7389	-0.1013	-0.2802	0.9546	0.3276	2.2789	-37.9844	0.0	25	0.0	0.0		5688	0	0
1702059835333	t	foyer_test_cue_hallway_left	0.0	0	0	4.0201	766.8	1022.88	0.8394	3.9883	780.624	1028.3200000000002	0.7736	-0.1064	-0.2811	0.9538	0.5721	2.2813	-37.9717	0.0	25	0.0	0.0		5688	0	0
1702059835341	t	foyer_test_cue_hallway_left	0.0	0	0	4.1035	765.792	1021.7599999999999	0.8404	4.0064	782.352	1027.36	0.7748	-0.1087	-0.2804	0.9537	0.5965	2.2951	-37.9639	0.0	25	0.0	0.0		5688	0	0
1702059835350	t	foyer_test_cue_hallway_left	0.0	0	0	4.0331	765.36	1023.6800000000001	0.8594	3.9076	779.0400000000001	1029.12	0.7865	-0.1034	-0.2896	0.9516	-0.8228	2.3282	-38.0276	0.0	25	0.0	0.0		5688	0	0
1702059835358	t	foyer_test_cue_hallway_left	0.0	0	0	4.0223	766.944	1022.24	0.8594	3.9808	782.352	1028.0	0.7865	-0.1124	-0.2778	0.954	-0.9674	2.3034	-38.0561	0.0	25	0.0	0.0		5688	0	0
1702059835366	t	foyer_test_cue_hallway_left	0.0	0	0	4.0375	764.928	1021.9200000000001	0.9042	3.9521	781.056	1026.72	0.7952	-0.1055	-0.2767	0.9552	-0.9085	2.3071	-38.0485	0.0	25	0.0	0.0		5688	0	0
1702059835375	t	foyer_test_cue_hallway_left	0.0	0	0	4.0696	764.208	1020.64	0.9042	3.8996	779.472	1030.8799999999999	0.7952	-0.1004	-0.2829	0.9539	-0.7935	2.3076	-38.0406	0.0	25	0.0	0.0		5688	0	0
1702059835383	t	foyer_test_cue_hallway_left	0.0	0	0	4.0768	764.4960000000001	1021.28	0.9381	3.98	781.632	1027.52	0.8128	-0.105	-0.2775	0.955	-0.8578	2.3078	-38.0449	0.0	25	0.0	0.0		5688	0	0
1702059835391	t	foyer_test_cue_hallway_left	0.0	0	0	4.069	764.784	1021.9200000000001	0.9381	3.9476	779.76	1026.72	0.8128	-0.1021	-0.2773	0.9553	-0.8985	2.3092	-38.0459	0.0	25	0.0	0.0		5688	0	0
1702059835400	t	foyer_test_cue_hallway_left	0.0	0	0	4.0206	766.944	1021.7599999999999	0.9393	4.0009	780.768	1027.2	0.8388	-0.1081	-0.2801	0.9539	-1.0099	2.3219	-38.0533	0.0	25	0.0	0.0		5688	0	0
1702059835408	t	foyer_test_cue_hallway_left	0.0	0	0	4.0871	765.5039999999999	1020.64	0.9393	3.8394	779.616	1027.2	0.8388	-0.1042	-0.2872	0.9522	-1.4276	2.3666	-38.0534	0.0	25	0.0	0.0		5688	0	0
1702059835416	t	foyer_test_cue_hallway_left	0.0	0	0	4.0212	765.792	1020.8000000000001	0.9195	4.0016	781.9200000000001	1023.5200000000001	0.8098	-0.1063	-0.284	0.9529	-1.679	2.3867	-38.0644	0.0	25	0.0	0.0		5688	0	0
1702059835425	t	foyer_test_cue_hallway_left	0.0	0	0	4.1888	765.5039999999999	1017.2800000000001	0.9195	3.9036	780.1919999999999	1025.28	0.8098	-0.1032	-0.2946	0.95	-1.6273	2.4443	-38.0431	0.0	25	0.0	0.0		5688	0	0
1702059835433	t	foyer_test_cue_hallway_left	0.0	0	0	3.7796	770.688	1028.64	0.8507	3.6644	781.3439999999999	1038.8799999999999	0.7801	-0.1177	-0.3526	0.9283	-1.0784	2.5139	-38.0012	0.0	25	0.0	0.0		5688	0	0
1702059835440	t	foyer_test_cue_hallway_left	0.0	0	0	-1.0	767.952	1044.1599999999999	0.8507	-1.0	778.032	1041.6000000000001	0.7801	-1.0	-1.0	-1.0	-1.0	-1.0	-1.0	0.0	25	0.0	0.0		5688	0	0
1702059835448	t	foyer_test_cue_hallway_left	0.0	0	0	-1.0	763.776	1063.6799999999998	0.702	-1.0	759.8879999999999	1099.68	0.515	-1.0	-1.0	-1.0	-1.0	-1.0	-1.0	0.0	25	0.0	0.0		5688	0	0
1702059835457	t	foyer_test_cue_hallway_left	0.0	0	0	-1.0	774.2879999999999	1088.16	0.702	-1.0	668.592	1078.4	0.515	-1.0	-1.0	-1.0	-1.0	-1.0	-1.0	0.0	25	0.0	0.0		5688	0	0
1702059835464	t	foyer_test_cue_hallway_left	0.0	0	0	-1.0	-1440.0	-1600.0	0.2515	-1.0	689.472	1101.76	0.048	-1.0	-1.0	-1.0	-1.0	-1.0	-1.0	0.0	25	0.0	0.0		5688	0	0
1702059835472	t	foyer_test_cue_hallway_left	0.0	0	0	-1.0	-1440.0	-1600.0	0.2515	-1.0	-1440.0	-1600.0	0.048	-1.0	-1.0	-1.0	-1.0	-1.0	-1.0	0.0	25	0.0	0.0		5688	0	0
1702059835481	t	foyer_test_cue_hallway_left	0.0	0	0	-1.0	810.5759999999999	1119.2	0.0668	-1.0	-1440.0	-1600.0	0.0689	-1.0	-1.0	-1.0	-1.0	-1.0	-1.0	0.0	25	0.0	0.0		5688	0	0
1702059835489	t	foyer_test_cue_hallway_left	0.0	0	0	-1.0	812.4480000000001	1097.12	0.0668	-1.0	-1440.0	-1600.0	0.0689	-1.0	-1.0	-1.0	-1.0	-1.0	-1.0	0.0	25	0.0	0.0		5688	0	0
1702059835498	t	foyer_test_cue_hallway_left	0.0	0	0	-1.0	825.1199999999999	999.5200000000001	0.0577	-1.0	-1440.0	-1600.0	0.068	-1.0	-1.0	-1.0	-1.0	-1.0	-1.0	0.0	25	0.0	0.0		5688	0	0
1702059835508	t	foyer_test_cue_hallway_left	0.0	0	0	-1.0	777.456	1008.4799999999999	0.0577	-1.0	738.864	1015.04	0.068	-1.0	-1.0	-1.0	-1.0	-1.0	-1.0	0.0	25	0.0	0.0		5688	0	0
1702059835516	t	foyer_test_cue_hallway_left	0.0	0	0	-1.0	796.7520000000001	938.24	0.1559	-1.0	764.3520000000001	994.0799999999999	0.0443	-1.0	-1.0	-1.0	-1.0	-1.0	-1.0	0.0	25	0.0	0.0		5688	0	0
1702059835525	t	foyer_test_cue_hallway_left	0.0	0	0	-1.0	771.84	930.5600000000001	0.1559	-1.0	765.792	955.04	0.0443	-1.0	-1.0	-1.0	-1.0	-1.0	-1.0	0.0	25	0.0	0.0		5688	0	0
1702059835534	t	foyer_test_cue_hallway_left	0.0	0	0	-1.0	785.52	905.5999999999999	0.4193	-1.0	760.464	941.6	0.3073	-1.0	-1.0	-1.0	-1.0	-1.0	-1.0	0.0	25	0.0	0.0		5688	0	0
1702059835542	t	foyer_test_cue_hallway_left	0.0	0	0	-1.0	780.336	910.0799999999999	0.4193	-1.0	762.6239999999999	922.08	0.3073	-1.0	-1.0	-1.0	-1.0	-1.0	-1.0	0.0	25	0.0	0.0		5688	0	0
1702059835551	t	foyer_test_cue_hallway_left	0.0	0	0	-1.0	777.1679999999999	910.5600000000001	0.6194	-1.0	782.208	908.96	0.5231	-1.0	-1.0	-1.0	-1.0	-1.0	-1.0	0.0	25	0.0	0.0		5688	0	0
1702059835559	t	foyer_test_cue_hallway_left	0.0	0	0	-1.0	775.152	914.56	0.6194	-1.0	778.4639999999999	916.3199999999999	0.5231	-1.0	-1.0	-1.0	-1.0	-1.0	-1.0	0.0	25	0.0	0.0		5688	0	0
1702059835568	t	foyer_test_cue_hallway_left	0.0	0	0	4.0638	775.872	912.96	0.765	3.8022	780.912	911.2	0.6334	-0.0917	-0.0859	0.9921	-27.534	3.8237	-39.5869	0.0	25	0.0	0.0		5688	0	0
1702059835576	t	foyer_test_cue_hallway_left	0.0	0	0	4.1405	775.872	913.5999999999999	0.765	3.6213	772.56	921.4399999999999	0.6334	-0.0602	-0.1222	0.9907	-28.4247	3.7005	-39.1661	0.0	25	0.0	0.0		5688	0	0
1702059835584	t	foyer_test_cue_hallway_left	0.0	0	0	4.0929	774.72	915.1999999999999	0.861	3.4397	773.1360000000001	922.24	0.7158	-0.0624	-0.113	0.9916	-27.8613	3.7085	-39.4116	0.0	25	0.0	0.0		5688	0	0
1702059835592	t	foyer_test_cue_hallway_left	0.0	0	0	4.0895	772.848	916.64	0.861	3.75	786.672	917.44	0.7158	-0.1127	-0.0851	0.99	-25.41	3.616	-39.2455	0.0	25	0.0	0.0		5688	0	0
1702059835600	t	foyer_test_cue_hallway_left	0.0	0	0	4.0821	771.984	916.8	0.9058	3.6474	768.672	922.72	0.7995	-0.0605	-0.103	0.9928	-11.9205	3.4579	-38.7904	0.0	25	0.0	0.0		5688	0	0
1702059835609	t	foyer_test_cue_hallway_left	0.0	0	0	4.1259	772.848	916.64	0.9064	3.9014	782.928	917.44	0.8007	-0.1008	-0.0849	0.9913	-23.3253	3.567	-39.1005	0.0	25	0.0	0.0		5688	0	0
1702059835617	t	foyer_test_cue_hallway_left	0.0	0	0	4.2052	769.392	919.52	0.9316	3.6265	773.424	923.5200000000001	0.8161	-0.0598	-0.1046	0.9927	-27.9418	3.6711	-39.4869	0.0	25	0.0	0.0		5688	0	0
1702059835625	t	foyer_test_cue_hallway_left	0.0	0	0	4.0135	770.832	918.5600000000001	0.9316	3.7868	783.0719999999999	921.7599999999999	0.8161	-0.099	-0.0954	0.9905	-30.1801	3.6564	-39.4321	0.0	25	0.0	0.0		5688	0	0
1702059835633	t	foyer_test_cue_hallway_left	0.0	0	0	4.1181	770.2560000000001	919.52	0.9411	3.5717	773.1360000000001	927.2	0.8402	-0.059	-0.1133	0.9918	-30.7432	3.6487	-39.4672	0.0	25	0.0	0.0		5688	0	0
1702059835642	t	foyer_test_cue_hallway_left	0.0	0	0	4.1169	770.544	919.52	0.9411	3.6574	772.128	926.72	0.8402	-0.0542	-0.1178	0.9915	-30.7923	3.8044	-39.9015	0.0	25	0.0	0.0		5688	0	0
1702059835650	t	foyer_test_cue_hallway_left	0.0	0	0	4.1556	769.104	920.48	0.9639	3.6932	779.1840000000001	919.9999999999999	0.8807	-0.0854	-0.0891	0.9923	-30.5665	3.8388	-40.0802	0.0	25	0.0	0.0		5688	0	0
1702059835658	t	foyer_test_cue_hallway_left	0.0	0	0	4.0297	769.968	919.52	0.9639	3.6419	775.584	921.9200000000001	0.8807	-0.0827	-0.0974	0.9918	-10.888	3.4534	-38.8802	0.0	25	0.0	0.0		5688	0	0
1702059835667	t	foyer_test_cue_hallway_left	0.0	0	0	4.025	769.536	919.2	0.9935	3.5493	775.4399999999999	925.92	0.9082	-0.1013	-0.0918	0.9906	15.2633	2.7401	-36.7303	0.0	25	0.0	0.0		5688	0	0
1702059835675	t	foyer_test_cue_hallway_left	0.0	0	0	4.1381	770.2560000000001	919.9999999999999	0.9935	3.5808	775.4399999999999	925.2800000000001	0.9082	-0.1134	-0.087	0.9897	26.7571	2.4355	-35.8174	0.0	25	0.0	0.0		5688	0	0
1702059835684	t	foyer_test_cue_hallway_left	0.0	0	0	4.0305	769.68	920.32	0.9885	3.5124	778.4639999999999	924.48	0.9128	-0.1113	-0.0856	0.9901	30.3259	2.3475	-35.5844	0.0	25	0.0	0.0		5688	0	0
1702059835692	t	foyer_test_cue_hallway_left	0.0	0	0	4.0644	768.672	921.4399999999999	0.9885	3.5129	772.56	918.5600000000001	0.9128	-0.1068	-0.0878	0.9904	30.4449	2.3426	-35.5952	0.0	25	0.0	0.0		5688	0	0
1702059835700	t	foyer_test_cue_hallway_left	0.0	0	0	3.9193	768.816	924.16	1.0	3.4968	772.848	921.7599999999999	1.0	-0.1046	-0.0968	0.9898	30.0443	2.3427	-35.6174	0.0	25	0.0	0.0		5688	0	0
1702059835709	t	foyer_test_cue_hallway_left	0.0	0	0	3.9461	771.4079999999999	923.04	1.0	3.5221	773.1360000000001	923.1999999999999	1.0	-0.1087	-0.092	0.9898	23.9826	2.479	-36.0364	0.0	25	0.0	0.0		5688	0	0
1702059835716	t	foyer_test_cue_hallway_left	0.0	0	0	3.8506	766.944	926.4	1.0	3.56	777.888	921.9200000000001	1.0	-0.0935	-0.0905	0.9915	10.0158	2.7801	-37.1009	0.0	25	0.0	0.0		5688	0	0
1702059835725	t	foyer_test_cue_hallway_left	0.0	0	0	3.7444	763.632	938.88	1.0	3.5768	769.536	937.5999999999999	1.0	-0.0801	-0.1017	0.9916	-12.9629	3.1489	-38.7327	0.0	25	0.0	0.0		5688	0	0
1702059835733	t	foyer_test_cue_hallway_left	0.0	0	0	3.6893	764.64	965.44	1.0	3.5069	763.2	965.76	1.0	-0.0815	-0.1559	0.9844	-16.9843	3.0154	-38.9628	0.0	25	0.0	0.0		5688	0	0
1702059835742	t	foyer_test_cue_hallway_left	0.0	0	0	3.8513	767.088	986.4000000000001	1.0	3.3468	757.728	978.72	1.0	-0.0676	-0.1755	0.9821	-26.3823	3.0758	-39.5411	0.0	25	0.0	0.0		5688	0	0
1702059835750	t	foyer_test_cue_hallway_left	0.0	0	0	3.7288	766.512	987.52	1.0	3.2831	754.7040000000001	979.8400000000001	1.0	-0.053	-0.1755	0.983	-28.1623	3.092	-39.6451	0.0	25	0.0	0.0		5688	0	0
1702059835759	t	foyer_test_cue_hallway_left	0.0	0	0	3.7766	765.792	988.32	1.0	3.2742	758.7360000000001	980.9599999999999	1.0	-0.0587	-0.1771	0.9824	-28.0812	3.0833	-39.648	0.0	25	0.0	0.0		5688	0	0
1702059835767	t	foyer_test_cue_hallway_left	0.0	0	0	3.7899	765.5039999999999	989.7600000000001	1.0	3.319	760.752	980.9599999999999	1.0	-0.0578	-0.1747	0.9829	-27.8676	3.0631	-39.6271	0.0	25	0.0	0.0		5688	0	0
1702059835775	t	foyer_test_cue_hallway_left	0.0	0	0	3.7369	765.936	986.88	1.0	3.2809	764.784	984.4799999999999	1.0	-0.0658	-0.1825	0.981	-28.5978	3.0632	-39.6751	0.0	25	0.0	0.0		5688	0	0
1702059835783	t	foyer_test_cue_hallway_left	0.0	0	0	3.6992	768.816	987.36	1.0	3.1665	761.4720000000001	981.9200000000001	1.0	-0.0468	-0.1745	0.9835	-27.7756	3.0436	-39.6297	0.0	25	0.0	0.0		5688	0	0
1702059835791	t	foyer_test_cue_hallway_left	0.0	0	0	3.6864	770.832	982.56	1.0	3.2885	766.08	981.1199999999999	1.0	-0.0613	-0.1763	0.9824	-12.7202	2.761	-38.7306	0.0	25	0.0	0.0		5688	0	0
1702059835800	t	foyer_test_cue_hallway_left	0.0	0	0	3.6014	772.848	980.48	1.0	3.1275	766.512	980.48	1.0	-0.059	-0.1795	0.982	-4.0605	2.6106	-38.2024	0.0	25	0.0	0.0		5688	0	0
1702059835808	t	foyer_test_cue_hallway_left	0.0	0	0	3.485	775.2959999999999	986.88	1.0	3.0505	768.5279999999999	980.48	1.0	-0.0603	-0.196	0.9787	0.8085	2.5328	-37.904	0.0	25	0.0	0.0		5688	0	0
1702059835816	t	foyer_test_cue_hallway_left	0.0	0	0	3.5125	774.4319999999999	975.52	1.0	3.2491	771.696	980.1600000000001	1.0	-0.0523	-0.1774	0.9827	0.2966	2.5571	-37.9395	0.0	25	0.0	0.0		5688	0	0
1702059835825	t	foyer_test_cue_hallway_left	0.0	0	0	3.4405	778.3199999999999	976.16	1.0	3.2432	775.2959999999999	978.2400000000001	1.0	-0.0572	-0.1761	0.9827	-0.7074	2.5797	-37.9968	0.0	25	0.0	0.0		5688	0	0
1702059835833	t	foyer_test_cue_hallway_left	0.0	0	0	3.4395	772.4159999999999	972.1600000000001	0.999	3.2429	773.1360000000001	977.6	0.9653	-0.036	-0.1719	0.9844	-1.5972	2.6127	-38.0478	0.0	25	0.0	0.0		5688	0	0
1702059835841	t	foyer_test_cue_hallway_left	0.0	0	0	3.4382	774.144	968.8000000000001	0.999	3.2616	776.3040000000001	976.0	0.9653	-0.0427	-0.1667	0.9851	-1.8778	2.6376	-38.0682	0.0	25	0.0	0.0		5688	0	0
1702059835850	t	foyer_test_cue_hallway_left	0.0	0	0	3.4746	775.4399999999999	967.84	0.985	3.2724	775.584	975.52	0.9593	-0.0406	-0.1679	0.985	-1.8938	2.6556	-38.0731	0.0	25	0.0	0.0		5688	0	0
1702059835858	t	foyer_test_cue_hallway_left	0.0	0	0	3.4398	777.744	965.1199999999999	0.985	3.2763	777.744	976.0	0.9593	-0.0451	-0.1703	0.9843	-1.8647	2.6867	-38.0762	0.0	25	0.0	0.0		5688	0	0
1702059835866	t	foyer_test_cue_hallway_left	0.0	0	0	3.4281	781.4879999999999	964.0	0.96	3.2543	781.9200000000001	975.6800000000001	0.9721	-0.0308	-0.1639	0.986	-2.2803	2.6719	-38.0953	0.0	25	0.0	0.0		5688	0	0
1702059835875	t	foyer_test_cue_hallway_left	0.0	0	0	3.2349	808.56	966.8799999999999	0.9603	2.9365	807.5519999999999	980.48	0.9723	-0.0607	-0.1704	0.9835	-3.0834	2.6506	-38.1385	0.0	25	0.0	0.0		5688	0	0
1702059835883	t	foyer_test_cue_hallway_left	0.0	0	0	3.477	854.3520000000001	971.68	0.9501	2.9716	852.048	980.64	0.9461	-0.1519	-0.1724	0.9732	1.7372	2.5772	-37.9134	0.0	25	0.0	0.0		5688	0	0
1702059835891	t	foyer_test_cue_hallway_left	0.0	0	0	3.4672	898.848	979.52	0.9501	3.3978	905.472	994.4000000000001	0.9461	-0.246	-0.1977	0.9489	5.597	2.5318	-37.7861	0.0	25	0.0	0.0		5688	0	0
1702059835899	t	foyer_test_cue_hallway_left	0.0	0	0	3.3755	939.168	982.8799999999999	0.9422	3.3107	941.04	990.4	0.9065	-0.3116	-0.1845	0.9321	9.7871	2.4467	-37.6528	0.0	25	0.0	0.0		5688	0	0
1702059835908	t	foyer_test_cue_hallway_left	0.0	0	0	3.44	974.304	989.9200000000001	0.9422	3.4606	969.84	1000.6399999999999	0.9065	-0.3681	-0.1952	0.909	8.2547	2.4704	-37.8775	0.0	25	0.0	0.0		5688	0	0
1702059835916	t	foyer_test_cue_hallway_left	0.0	0	0	3.5524	1002.672	994.2399999999999	0.9443	3.3364	994.608	1002.0799999999999	0.823	-0.4181	-0.1881	0.8887	6.4044	2.487	-38.1181	0.0	25	0.0	0.0		5688	0	0
1702059835924	t	foyer_test_cue_hallway_left	0.0	0	0	3.5129	1022.544	995.2	0.9443	3.4321	1016.064	1014.72	0.823	-0.468	-0.1986	0.8611	-0.891	2.6387	-38.662	0.0	25	0.0	0.0		5688	0	0
1702059835933	t	foyer_test_cue_hallway_left	0.0	0	0	3.5193	1021.248	989.28	0.9522	3.4243	1024.848	1007.1999999999999	0.852	-0.5058	-0.1721	0.8453	-7.4561	2.7642	-39.0997	0.0	25	0.0	0.0		5688	0	0
1702059835941	t	foyer_test_cue_hallway_left	0.0	0	0	3.4285	1001.0880000000001	997.9200000000001	0.9522	3.4564	989.712	1000.16	0.852	-0.439	-0.1873	0.8787	-9.0535	2.7749	-39.0446	0.0	25	0.0	0.0		5688	0	0
1702059835949	t	foyer_test_cue_hallway_left	0.0	0	0	3.4114	981.504	990.4	0.9583	3.391	976.32	1001.2800000000001	0.8731	-0.4188	-0.1894	0.8881	-8.4706	2.7717	-38.9329	0.0	25	0.0	0.0		5688	0	0
1702059835958	t	foyer_test_cue_hallway_left	0.0	0	0	3.5436	964.3679999999999	988.9599999999999	0.9583	3.3427	962.928	996.0000000000001	0.8731	-0.3998	-0.1852	0.8977	-8.5237	2.7805	-38.8767	0.0	25	0.0	0.0		5688	0	0
1702059835966	t	foyer_test_cue_hallway_left	0.0	0	0	3.4166	948.096	985.12	1.0	3.2314	945.36	990.56	1.0	-0.375	-0.1811	0.9091	-6.8922	2.7698	-38.7093	0.0	25	0.0	0.0		5688	0	0
1702059835975	t	foyer_test_cue_hallway_left	0.0	0	0	3.2979	933.8399999999999	981.9200000000001	1.0	3.3174	928.2239999999999	987.8399999999999	1.0	-0.3559	-0.1792	0.9172	-3.8897	2.7228	-38.4669	0.0	25	0.0	0.0		5688	0	0
1702059835983	t	foyer_test_cue_hallway_left	0.0	0	0	3.3534	916.9920000000001	977.44	1.0	3.1672	912.816	984.3199999999999	1.0	-0.3374	-0.1759	0.9247	1.3356	2.6462	-38.0982	0.0	25	0.0	0.0		5688	0	0
1702059835992	t	foyer_test_cue_hallway_left	0.0	0	0	3.2961	896.832	972.8	1.0	3.0578	894.24	985.44	1.0	-0.3026	-0.1774	0.9364	2.8881	2.6227	-37.948	0.0	25	0.0	0.0		5688	0	0
1702059836000	t	foyer_test_cue_hallway_left	0.0	0	0	3.2834	885.024	972.48	1.0	3.0803	881.136	979.36	1.0	-0.2935	-0.1762	0.9396	5.8701	2.5937	-37.7401	0.0	25	0.0	0.0		5688	0	0
1702059836008	t	foyer_test_cue_hallway_left	0.0	0	0	3.256	868.1759999999999	973.6	1.0	3.1156	864.4319999999999	970.5600000000001	1.0	-0.2621	-0.1752	0.949	6.9564	2.5863	-37.6372	0.0	25	0.0	0.0		5688	0	0
1702059836017	t	foyer_test_cue_hallway_left	0.0	0	0	3.2215	856.944	968.4799999999999	1.0	2.9836	853.776	968.96	1.0	-0.2469	-0.1681	0.9543	4.4416	2.6515	-37.7693	0.0	25	0.0	0.0		5688	0	0
1702059836025	t	foyer_test_cue_hallway_left	0.0	0	0	3.3411	845.7120000000001	963.84	1.0	2.5846	820.8	980.32	1.0	-0.2023	-0.1772	0.9631	8.7398	2.5668	-37.474	0.0	25	0.0	0.0		5688	0	0
1702059836033	t	foyer_test_cue_hallway_left	0.0	0	0	3.2278	832.3199999999999	962.5600000000001	1.0	2.7374	813.3119999999999	968.4799999999999	1.0	-0.1797	-0.1697	0.969	9.6473	2.5822	-37.4033	0.0	25	0.0	0.0		5688	0	0
1702059836041	t	foyer_test_cue_hallway_left	0.0	0	0	3.2036	820.656	966.08	1.0	2.8494	808.128	963.52	1.0	-0.1606	-0.1815	0.9702	10.882	2.5934	-37.3141	0.0	25	0.0	0.0		5688	0	0
1702059836050	t	foyer_test_cue_hallway_left	0.0	0	0	3.0788	813.888	967.2	1.0	2.9971	797.184	960.4799999999999	1.0	-0.1521	-0.1853	0.9708	11.8048	2.589	-37.2506	0.0	25	0.0	0.0		5688	0	0
1702059836058	t	foyer_test_cue_hallway_left	0.0	0	0	2.993	798.9119999999999	952.8000000000001	1.0	2.9147	784.0799999999999	958.08	1.0	-0.1155	-0.1517	0.9816	13.9204	2.5726	-37.1759	0.0	25	0.0	0.0		5688	0	0
1702059836066	t	foyer_test_cue_hallway_left	0.0	0	0	2.9545	787.6800000000001	949.6	1.0	2.9375	775.872	958.7199999999999	1.0	-0.0984	-0.1475	0.9841	11.4298	2.6531	-37.409	0.0	25	0.0	0.0		5688	0	0
1702059836075	t	foyer_test_cue_hallway_left	0.0	0	0	3.0077	771.984	952.0	1.0	2.928	763.632	961.76	1.0	-0.0693	-0.1583	0.985	4.3172	2.7974	-37.8875	0.0	25	0.0	0.0		5688	0	0
1702059836084	t	foyer_test_cue_hallway_left	0.0	0	0	3.1026	763.632	954.24	1.0	2.9279	755.5680000000001	962.5600000000001	1.0	-0.0491	-0.1697	0.9843	-19.8922	3.2394	-39.2574	0.0	25	0.0	0.0		5688	0	0
1702059836092	t	foyer_test_cue_hallway_left	0.0	0	0	3.0406	774.72	951.2	1.0	3.005	769.68	956.64	1.0	-0.0563	-0.1568	0.986	-25.4381	3.385	-39.6206	0.0	25	0.0	0.0		5688	0	0
1702059836100	t	foyer_test_cue_hallway_left	0.0	0	0	2.9142	806.976	945.76	1.0	2.8924	805.248	954.24	1.0	-0.1355	-0.1565	0.9783	-26.4856	3.4126	-39.523	0.0	25	0.0	0.0		5688	0	0
1702059836108	t	foyer_test_cue_hallway_left	0.0	0	0	3.1173	845.7120000000001	947.5199999999999	1.0	2.9997	842.4	946.72	1.0	-0.2098	-0.1414	0.9675	-26.1009	3.4857	-39.5586	0.0	25	0.0	0.0		5688	0	0
1702059836117	t	foyer_test_cue_hallway_left	0.0	0	0	3.2259	878.256	940.16	0.9968	3.125	876.672	940.0	0.9158	-0.2866	-0.1224	0.9502	-22.7949	3.4947	-39.432	0.0	25	0.0	0.0		5688	0	0
1702059836125	t	foyer_test_cue_hallway_left	0.0	0	0	3.1624	902.736	935.68	0.9968	3.1775	900.4319999999999	933.2800000000001	0.9158	-0.3222	-0.1019	0.9412	-15.107	3.3805	-39.0433	0.0	25	0.0	0.0		5688	0	0
1702059836133	t	foyer_test_cue_hallway_left	0.0	0	0	3.2568	924.192	941.1199999999999	0.9768	3.0474	916.4159999999999	932.48	0.811	-0.3613	-0.1123	0.9256	4.1937	3.0173	-37.9479	0.0	25	0.0	0.0		5688	0	0
1702059836141	t	foyer_test_cue_hallway_left	0.0	0	0	3.2929	922.6080000000001	939.5200000000001	0.9769	3.0782	911.2320000000001	930.24	0.8121	-0.3562	-0.1081	0.9281	4.8858	3.0104	-37.9023	0.0	25	0.0	0.0		5688	0	0
1702059836149	t	foyer_test_cue_hallway_left	0.0	0	0	3.1623	903.168	932.64	0.9993	3.224	899.2800000000001	930.24	0.8145	-0.319	-0.0996	0.9425	6.1128	2.9828	-37.7881	0.0	25	0.0	0.0		5688	0	0
1702059836159	t	foyer_test_cue_hallway_left	0.0	0	0	3.1763	891.6479999999999	935.0400000000001	0.9993	3.0493	888.048	936.0	0.8145	-0.3099	-0.1169	0.9435	0.7075	3.0947	-38.0764	0.0	25	0.0	0.0		5688	0	0
1702059836167	t	foyer_test_cue_hallway_left	0.0	0	0	3.1794	878.544	938.4000000000001	1.0	3.1127	872.208	928.48	1.0	-0.2839	-0.1075	0.9528	0.5724	3.0616	-38.054	0.0	25	0.0	0.0		5688	0	0
1702059836174	t	foyer_test_cue_hallway_left	0.0	0	0	3.1838	864.72	937.12	1.0	2.9458	860.832	932.48	1.0	-0.2675	-0.1119	0.957	2.5939	3.0038	-37.9118	0.0	25	0.0	0.0		5688	0	0
1702059836183	t	foyer_test_cue_hallway_left	0.0	0	0	2.8002	837.9359999999999	936.96	1.0	3.0076	839.376	936.96	1.0	-0.2133	-0.1248	0.969	-2.9283	3.1006	-38.1727	0.0	25	0.0	0.0		5688	0	0
1702059836191	t	foyer_test_cue_hallway_left	0.0	0	0	3.105	835.6320000000001	934.24	1.0	2.8579	829.2959999999999	936.0	1.0	-0.2266	-0.1172	0.9669	1.9506	3.0072	-37.8973	0.0	25	0.0	0.0		5688	0	0
1702059836200	t	foyer_test_cue_hallway_left	0.0	0	0	3.1994	824.544	936.96	1.0	2.8186	807.84	937.9200000000001	1.0	-0.2007	-0.1246	0.9717	4.9327	2.9321	-37.7064	0.0	25	0.0	0.0		5688	0	0
1702059836208	t	foyer_test_cue_hallway_left	0.0	0	0	3.1613	807.264	938.4000000000001	1.0	2.8148	793.8720000000001	934.4	1.0	-0.1752	-0.1195	0.9772	7.6577	2.8565	-37.5651	0.0	25	0.0	0.0		5688	0	0
1702059836216	t	foyer_test_cue_hallway_left	0.0	0	0	3.1325	794.016	940.0	1.0	2.8744	782.208	935.68	1.0	-0.1543	-0.1223	0.9804	6.2683	2.8965	-37.7446	0.0	25	0.0	0.0		5688	0	0
1702059836225	t	foyer_test_cue_hallway_left	0.0	0	0	3.0877	782.784	940.8	1.0	2.9508	770.976	936.16	1.0	-0.1401	-0.1268	0.982	7.5275	2.9418	-37.899	0.0	25	0.0	0.0		5688	0	0
1702059836233	t	foyer_test_cue_hallway_left	0.0	0	0	3.0413	772.56	944.8000000000001	1.0	2.8238	760.896	933.1200000000001	1.0	-0.1429	-0.1378	0.9801	29.6393	2.4735	-36.6559	0.0	25	0.0	0.0		5688	0	0
1702059836241	t	foyer_test_cue_hallway_left	0.0	0	0	2.9738	761.4720000000001	943.2	1.0	2.8871	755.136	932.8	1.0	-0.1197	-0.1324	0.9839	30.9843	2.5137	-36.8538	0.0	25	0.0	0.0		5688	0	0
1702059836250	t	foyer_test_cue_hallway_left	0.0	0	0	2.9557	751.1039999999999	944.8000000000001	1.0	2.9366	744.336	935.0400000000001	1.0	-0.103	-0.1329	0.9857	31.0729	2.4588	-36.7616	0.0	25	0.0	0.0		5688	0	0
1702059836258	t	foyer_test_cue_hallway_left	0.0	0	0	2.9749	743.472	948.9599999999999	1.0	2.9735	734.688	935.36	1.0	-0.0978	-0.1405	0.9852	30.9418	2.4535	-36.8602	0.0	25	0.0	0.0		5688	0	0
1702059836266	t	foyer_test_cue_hallway_left	0.0	0	0	3.0053	733.536	950.08	1.0	3.0453	729.2159999999999	934.56	1.0	-0.0773	-0.1423	0.9868	30.4612	2.5916	-37.3814	0.0	25	0.0	0.0		5688	0	0
1702059836275	t	foyer_test_cue_hallway_left	0.0	0	0	2.9858	725.76	951.2	1.0	3.0343	722.736	934.8800000000001	1.0	-0.0641	-0.1404	0.988	31.2019	2.432	-36.9516	0.0	25	0.0	0.0		5688	0	0
1702059836283	t	foyer_test_cue_hallway_left	0.0	0	0	3.0256	720.288	950.4	1.0	2.9104	715.392	933.2800000000001	1.0	-0.0603	-0.1374	0.9887	31.5505	2.5366	-37.3282	0.0	25	0.0	0.0		5688	0	0
1702059836292	t	foyer_test_cue_hallway_left	0.0	0	0	3.1018	715.1039999999999	951.8399999999999	1.0	3.0172	708.768	934.0799999999999	1.0	-0.0533	-0.1445	0.9881	31.6875	2.4192	-36.8915	0.0	25	0.0	0.0		5688	0	0
1702059836300	t	foyer_test_cue_hallway_left	0.0	0	0	3.1327	710.352	949.92	1.0	3.0552	705.168	931.84	1.0	-0.0492	-0.1397	0.989	31.7638	2.571	-37.3815	0.0	25	0.0	0.0		5688	0	0
1702059836308	t	foyer_test_cue_hallway_left	0.0	0	0	3.1897	706.4639999999999	949.2800000000001	1.0	2.9593	702.576	930.4	1.0	-0.0456	-0.1384	0.9893	31.8179	2.475	-37.0368	0.0	25	0.0	0.0		5688	0	0
1702059836317	t	foyer_test_cue_hallway_left	0.0	0	0	3.121	702.432	949.1199999999999	1.0	2.9722	702.0	929.5999999999999	1.0	-0.0359	-0.1403	0.9895	31.8368	2.4758	-37.0084	0.0	25	0.0	0.0		5688	0	0
1702059836325	t	foyer_test_cue_hallway_left	0.0	0	0	3.1401	701.712	946.88	1.0	3.0665	699.84	930.4	1.0	-0.0378	-0.1338	0.9903	29.4116	2.5611	-37.2058	0.0	25	0.0	0.0		5688	200	MYKEYWORD 200
