Recording timestamp	type	Scene Name	scene_num	order	djv_reported	PupilDiam_Left	Gaze2d_Left.x	Gaze2d_Left.y	left_eye_openness	PupilDiam_Right	Gaze2d_Right.x	Gaze2d_Right.y	right_eye_openness	gaze_direction_x	gaze_direction_y	gaze_direction_z	gaze_origin_x	gaze_origin_y	gaze_origin_z	gaze_convergence_distance	participant	study_status	scene_familiarity	recall_status	Identifier	Event value	Event message
1701814545362	t	safari_testcue_windmill_left	0.0	0	0	5.6377	798.336	646.5600000000001	0.957	5.301	888.48	937.9200000000001	0.8914	0.0204	-0.1431	0.9895	-2.8725	4.3476	-34.5131	0.0	10	1.0	0.0		1418	100	MYKEYWORD 100
1701814545371	t	safari_testcue_windmill_left	0.0	0	0	5.6474	799.92	646.72	0.957	5.3006	886.32	937.7599999999999	0.8914	0.0216	-0.1427	0.9895	3.1101	4.7274	-34.3039	0.0	10	1.0	0.0		1418	0	0
1701814545379	t	safari_testcue_windmill_left	0.0	0	0	5.6595	799.776	646.5600000000001	0.9704	5.4005	887.6159999999999	936.96	0.8962	0.0202	-0.1427	0.9895	3.0535	4.706	-34.2133	0.0	10	1.0	0.0		1418	0	0
1701814545388	t	safari_testcue_windmill_left	0.0	0	0	5.6543	799.6320000000001	646.4000000000001	0.9704	5.439	888.9119999999999	934.72	0.8962	0.0191	-0.1403	0.9899	6.0114	4.8788	-34.05	0.0	10	1.0	0.0		1418	0	0
1701814545396	t	safari_testcue_windmill_left	0.0	0	0	5.6597	799.776	646.24	0.9773	5.453	887.7600000000001	935.36	0.8976	0.0204	-0.1409	0.9898	7.5698	4.9696	-33.9624	0.0	10	1.0	0.0		1418	0	0
1701814545404	t	safari_testcue_windmill_left	0.0	0	0	5.6872	800.496	646.4000000000001	0.9773	5.4483	888.9119999999999	935.8399999999999	0.8976	0.0175	-0.142	0.9897	9.2809	5.0697	-33.8675	0.0	10	1.0	0.0		1418	0	0
1701814545413	t	safari_testcue_windmill_left	0.0	0	0	5.7148	801.36	646.24	0.9691	5.4451	888.9119999999999	936.6400000000001	0.9104	0.0159	-0.1429	0.9896	12.2277	5.2487	-33.72	0.0	10	1.0	0.0		1418	0	0
1701814545421	t	safari_testcue_windmill_left	0.0	0	0	5.7216	801.216	646.08	0.9691	5.4492	888.9119999999999	937.12	0.9104	0.0164	-0.1434	0.9895	15.1749	5.4298	-33.5831	0.0	10	1.0	0.0		1418	0	0
1701814545429	t	safari_testcue_windmill_left	0.0	0	0	5.7287	801.072	645.92	0.9717	5.4521	888.9119999999999	936.96	0.9129	0.0168	-0.144	0.9894	22.2464	5.8628	-33.25	0.0	10	1.0	0.0		1418	0	0
1701814545438	t	safari_testcue_windmill_left	0.0	0	0	5.7315	801.216	645.76	0.9717	5.4548	888.9119999999999	937.12	0.9129	0.0165	-0.1443	0.9894	26.8249	6.1458	-33.0398	0.0	10	1.0	0.0		1418	0	0
1701814545447	t	safari_testcue_windmill_left	0.0	0	0	5.7313	801.36	645.6	0.9711	5.459	888.9119999999999	937.28	0.9109	0.0163	-0.1442	0.9894	28.5359	6.2528	-32.9638	0.0	10	1.0	0.0		1418	0	0
1701814545455	t	safari_testcue_windmill_left	0.0	0	0	5.733	801.36	645.76	0.9711	5.4552	888.9119999999999	937.12	0.9109	0.0165	-0.1446	0.9893	28.6766	6.2615	-32.9569	0.0	10	1.0	0.0		1418	0	0
1701814545463	t	safari_testcue_windmill_left	0.0	0	0	5.9155	795.7439999999999	640.8000000000001	0.975	5.4164	881.568	931.84	0.9297	0.0241	-0.1425	0.9895	30.1132	6.41	-32.8522	0.0	10	1.0	0.0		1418	0	0
1701814545472	t	safari_testcue_windmill_left	0.0	0	0	6.0741	787.2479999999999	616.16	0.975	5.5879	872.64	913.12	0.9297	0.0312	-0.1063	0.9938	30.0037	6.6611	-33.2313	0.0	10	1.0	0.0		1418	0	0
1701814545480	t	safari_testcue_windmill_left	0.0	0	0	6.042	777.456	600.8	0.9817	5.3701	860.2560000000001	890.24	0.9218	0.0511	-0.0928	0.9944	29.0548	6.7936	-33.345	0.0	10	1.0	0.0		1418	0	0
1701814545489	t	safari_testcue_windmill_left	0.0	0	0	5.8889	775.872	580.32	0.9817	5.3435	844.5600000000001	873.9200000000001	0.9218	0.0651	-0.0571	0.9962	28.8759	6.6127	-32.1667	0.0	10	1.0	0.0		1418	0	0
1701814545497	t	safari_testcue_windmill_left	0.0	0	0	6.1282	780.48	570.88	0.9721	5.324	848.304	868.6400000000001	0.9789	0.054	-0.0386	0.9978	15.839	5.9167	-33.0842	0.0	10	1.0	0.0		1418	0	0
1701814545505	t	safari_testcue_windmill_left	0.0	0	0	6.1024	780.768	572.0	0.9721	5.2654	848.7360000000001	868.3199999999999	0.9789	0.0608	-0.0343	0.9976	-20.7346	3.7391	-35.2876	0.0	10	1.0	0.0		1418	0	0
1701814545513	t	safari_testcue_windmill_left	0.0	0	0	6.1776	779.328	574.56	1.0	5.4727	854.4960000000001	868.96	1.0	0.0515	-0.0302	0.9982	-30.0546	3.175	-35.8949	0.0	10	1.0	0.0		1418	0	0
1701814545522	t	safari_testcue_windmill_left	0.0	0	0	6.1661	779.0400000000001	573.12	1.0	5.525	853.632	869.92	1.0	0.0555	-0.028	0.9981	-33.4254	2.8895	-35.8701	0.0	10	1.0	0.0		1418	0	0
1701814545530	t	safari_testcue_windmill_left	0.0	0	0	6.2791	778.1759999999999	573.12	1.0	5.5657	852.912	870.4000000000001	1.0	0.061	-0.0276	0.9977	-33.6039	2.8716	-35.8949	0.0	10	1.0	0.0		1418	0	0
1701814545538	t	safari_testcue_windmill_left	0.0	0	0	6.2457	777.744	573.4399999999999	1.0	5.5144	854.784	869.28	1.0	0.0549	-0.0239	0.9982	-33.5203	2.8433	-35.7814	0.0	10	1.0	0.0		1418	0	0
1701814545547	t	safari_testcue_windmill_left	0.0	0	0	6.2157	777.456	573.6	1.0	5.499	854.928	868.4799999999999	1.0	0.0559	-0.0222	0.9982	-33.68	2.8605	-35.8709	0.0	10	1.0	0.0		1418	0	0
1701814545555	t	safari_testcue_windmill_left	0.0	0	0	6.216	777.6	573.4399999999999	1.0	5.5227	854.928	870.0799999999999	1.0	0.0563	-0.0267	0.998	-29.8483	3.088	-35.6512	0.0	10	1.0	0.0		1418	0	0
1701814545563	t	safari_testcue_windmill_left	0.0	0	0	6.2177	777.456	573.6	1.0	5.5514	855.072	868.4799999999999	1.0	0.0551	-0.0327	0.9979	9.4434	5.418	-33.2474	0.0	10	1.0	0.0		1418	0	0
1701814545572	t	safari_testcue_windmill_left	0.0	0	0	6.1966	777.024	573.9200000000001	1.0	5.536	854.928	869.28	1.0	0.0566	-0.0281	0.998	-12.5743	4.1044	-34.581	0.0	10	1.0	0.0		1418	0	0
1701814545580	t	safari_testcue_windmill_left	0.0	0	0	6.2203	776.592	574.08	1.0	5.5421	855.936	873.28	1.0	0.0548	-0.0314	0.998	-29.5248	3.0772	-35.6068	0.0	10	1.0	0.0		1418	0	0
1701814545588	t	safari_testcue_windmill_left	0.0	0	0	6.1978	776.448	574.24	1.0	5.5977	858.5279999999999	872.9599999999999	1.0	0.048	-0.0292	0.9984	-31.7213	2.9339	-35.7199	0.0	10	1.0	0.0		1418	0	0
1701814545596	t	safari_testcue_windmill_left	0.0	0	0	6.2024	776.3040000000001	574.4	1.0	5.6062	858.3839999999999	870.72	1.0	0.0489	-0.0233	0.9985	-28.6418	3.1268	-35.5791	0.0	10	1.0	0.0		1418	0	0
1701814545605	t	safari_testcue_windmill_left	0.0	0	0	6.2034	776.448	574.88	1.0	5.4939	858.672	874.56	1.0	0.0484	-0.033	0.9983	-29.2077	3.0957	-35.6308	0.0	10	1.0	0.0		1418	0	0
1701814545613	t	safari_testcue_windmill_left	0.0	0	0	6.2005	776.3040000000001	575.1999999999999	1.0	5.5677	858.3839999999999	874.24	1.0	0.0504	-0.0325	0.9982	-25.0244	3.3437	-35.3731	0.0	10	1.0	0.0		1418	0	0
1701814545622	t	safari_testcue_windmill_left	0.0	0	0	6.2074	775.728	575.1999999999999	1.0	5.4952	858.672	874.56	1.0	0.0498	-0.0337	0.9982	-21.8468	3.5305	-35.1735	0.0	10	1.0	0.0		1418	0	0
1701814545630	t	safari_testcue_windmill_left	0.0	0	0	6.2032	776.3040000000001	575.36	1.0	5.4979	859.104	874.7199999999999	1.0	0.0485	-0.0346	0.9982	-17.667	3.7798	-34.919	0.0	10	1.0	0.0		1418	0	0
1701814545638	t	safari_testcue_windmill_left	0.0	0	0	6.2076	775.728	575.6800000000001	1.0	5.5004	858.816	874.8799999999999	1.0	0.0498	-0.0352	0.9981	-17.6595	3.7827	-34.9287	0.0	10	1.0	0.0		1418	0	0
1701814545648	t	safari_testcue_windmill_left	0.0	0	0	6.2114	775.152	575.52	1.0	5.5397	859.248	875.36	1.0	0.0498	-0.0364	0.9981	-14.6925	3.9658	-34.7661	0.0	10	1.0	0.0		1418	0	0
1701814545655	t	safari_testcue_windmill_left	0.0	0	0	6.211	775.152	575.52	1.0	5.5607	859.68	874.8799999999999	1.0	0.0496	-0.036	0.9981	-10.2932	4.2297	-34.5081	0.0	10	1.0	0.0		1418	0	0
1701814545663	t	safari_testcue_windmill_left	0.0	0	0	6.2108	775.152	576.0	1.0	5.5706	859.68	874.8799999999999	1.0	0.0501	-0.0374	0.998	-6.0039	4.4903	-34.2567	0.0	10	1.0	0.0		1418	0	0
1701814545672	t	safari_testcue_windmill_left	0.0	0	0	6.2278	773.856	576.0	1.0	5.5606	859.68	874.8799999999999	1.0	0.0517	-0.0377	0.9979	-4.6256	4.5765	-34.1875	0.0	10	1.0	0.0		1418	0	0
1701814545680	t	safari_testcue_windmill_left	0.0	0	0	6.2237	773.712	576.0	1.0	5.5708	859.68	874.8799999999999	1.0	0.0516	-0.0376	0.998	-6.4552	4.4734	-34.3193	0.0	10	1.0	0.0		1418	0	0
1701814545688	t	safari_testcue_windmill_left	0.0	0	0	6.2253	773.712	576.0	1.0	5.6997	858.096	874.24	1.0	0.0586	-0.0361	0.9976	-8.0859	4.3615	-34.368	0.0	10	1.0	0.0		1418	0	0
1701814545696	t	safari_testcue_windmill_left	0.0	0	0	6.2235	773.712	575.84	1.0	5.7007	858.5279999999999	876.6400000000001	1.0	0.0583	-0.0393	0.9975	-7.7352	4.3705	-34.315	0.0	10	1.0	0.0		1418	0	0
1701814545705	t	safari_testcue_windmill_left	0.0	0	0	6.2155	773.856	576.0	1.0	5.572	861.12	873.6	1.0	0.0528	-0.0352	0.998	-2.9408	4.6574	-34.0448	0.0	10	1.0	0.0		1418	0	0
1701814545713	t	safari_testcue_windmill_left	0.0	0	0	6.2103	774.576	576.48	1.0	5.6751	861.984	877.6	1.0	0.0508	-0.0406	0.9979	-0.7664	4.7994	-33.9859	0.0	10	1.0	0.0		1418	0	0
1701814545721	t	safari_testcue_windmill_left	0.0	0	0	6.2185	775.152	576.0	1.0	5.6016	861.984	877.28	1.0	0.0495	-0.0389	0.998	-2.8378	4.6677	-34.1031	0.0	10	1.0	0.0		1418	0	0
1701814545730	t	safari_testcue_windmill_left	0.0	0	0	6.2026	775.152	576.0	1.0	5.5727	862.4159999999999	876.0	1.0	0.0496	-0.0352	0.9981	-8.6804	4.3264	-34.5095	0.0	10	1.0	0.0		1418	0	0
1701814545738	t	safari_testcue_windmill_left	0.0	0	0	6.2016	775.4399999999999	576.0	1.0	5.6543	862.704	876.96	1.0	0.0494	-0.0342	0.9982	-14.284	3.9451	-34.7214	0.0	10	1.0	0.0		1418	0	0
1701814545747	t	safari_testcue_windmill_left	0.0	0	0	6.2001	775.872	576.0	1.0	5.5613	867.1679999999999	877.44	1.0	0.04	-0.034	0.9986	-14.0546	3.9292	-34.622	0.0	10	1.0	0.0		1418	0	0
1701814545755	t	safari_testcue_windmill_left	0.0	0	0	6.1963	775.872	576.0	1.0	5.6056	864.144	877.6	1.0	0.0468	-0.0342	0.9983	-13.3463	3.9709	-34.5863	0.0	10	1.0	0.0		1418	0	0
1701814545763	t	safari_testcue_windmill_left	0.0	0	0	6.189	776.592	576.48	1.0	5.6537	863.424	877.76	1.0	0.049	-0.0344	0.9982	-11.4803	4.075	-34.464	0.0	10	1.0	0.0		1418	0	0
1701814545772	t	safari_testcue_windmill_left	0.0	0	0	6.1788	777.3119999999999	576.48	1.0	5.6483	865.728	877.12	1.0	0.0443	-0.0349	0.9984	-3.1486	4.6147	-34.1102	0.0	10	1.0	0.0		1418	0	0
1701814545780	t	safari_testcue_windmill_left	0.0	0	0	6.1685	777.744	576.9599999999999	1.0	5.6311	865.2959999999999	877.28	1.0	0.0445	-0.0375	0.9983	3.3405	5.0356	-33.8237	0.0	10	1.0	0.0		1418	0	0
1701814545788	t	safari_testcue_windmill_left	0.0	0	0	6.1515	777.888	576.48	1.0	5.5701	864.864	879.36	1.0	0.0443	-0.0414	0.9982	12.6816	5.6544	-33.4485	0.0	10	1.0	0.0		1418	0	0
1701814545797	t	safari_testcue_windmill_left	0.0	0	0	6.1358	778.608	576.9599999999999	1.0	5.6235	864.576	878.0799999999999	1.0	0.0427	-0.0427	0.9982	17.8069	5.9933	-33.2413	0.0	10	1.0	0.0		1418	0	0
1701814545804	t	safari_testcue_windmill_left	0.0	0	0	6.1328	778.608	578.4	1.0	5.5884	864.864	878.4000000000001	1.0	0.0422	-0.0466	0.998	20.0179	6.1405	-33.1548	0.0	10	1.0	0.0		1418	0	0
1701814545813	t	safari_testcue_windmill_left	0.0	0	0	6.1279	778.752	577.9200000000001	1.0	5.6199	865.008	878.5600000000001	1.0	0.044	-0.0428	0.9981	11.0858	5.5498	-33.515	0.0	10	1.0	0.0		1418	0	0
1701814545821	t	safari_testcue_windmill_left	0.0	0	0	6.1277	779.1840000000001	577.9200000000001	1.0	5.5876	865.008	878.4000000000001	1.0	0.0443	-0.0406	0.9982	4.7071	5.1283	-33.7752	0.0	10	1.0	0.0		1418	0	0
1701814545830	t	safari_testcue_windmill_left	0.0	0	0	6.1324	779.904	578.24	1.0	5.591	865.008	878.5600000000001	1.0	0.0438	-0.0396	0.9982	3.2422	5.0232	-33.8359	0.0	10	1.0	0.0		1418	0	0
1701814545838	t	safari_testcue_windmill_left	0.0	0	0	6.0543	780.1919999999999	587.36	1.0	5.4894	864.4319999999999	881.6	1.0	0.0447	-0.0378	0.9983	-19.3161	3.4816	-34.7163	0.0	10	1.0	0.0		1418	0	0
1701814545846	t	safari_testcue_windmill_left	0.0	0	0	6.1504	772.56	600.96	1.0	5.493	846.144	897.4399999999999	1.0	0.0567	-0.0687	0.996	17.9579	5.8678	-33.6012	0.0	10	1.0	0.0		1418	0	0
1701814545855	t	safari_testcue_windmill_left	0.0	0	0	6.0486	759.7439999999999	628.48	1.0	5.4051	818.496	916.0	1.0	0.0802	-0.113	0.9903	30.7176	6.4882	-33.0412	0.0	10	1.0	0.0		1418	0	0
1701814545863	t	safari_testcue_windmill_left	0.0	0	0	5.9913	752.4	651.52	1.0	5.3758	809.856	940.64	1.0	0.0871	-0.1498	0.9849	30.85	6.6013	-34.0862	0.0	10	1.0	0.0		1418	0	0
1701814545871	t	safari_testcue_windmill_left	0.0	0	0	5.9964	752.8320000000001	661.4399999999999	1.0	5.2978	809.136	947.84	1.0	0.0885	-0.1582	0.9834	30.8187	6.2892	-33.2804	0.0	10	1.0	0.0		1418	0	0
1701814545881	t	safari_testcue_windmill_left	0.0	0	0	6.0705	752.6880000000001	661.4399999999999	1.0	5.3362	816.192	951.52	1.0	0.0876	-0.158	0.9836	30.8243	6.2613	-33.1726	0.0	10	1.0	0.0		1418	0	0
1701814545888	t	safari_testcue_windmill_left	0.0	0	0	6.0097	749.664	661.28	1.0	5.3874	818.64	946.5600000000001	1.0	0.093	-0.1583	0.983	30.848	6.249	-33.0941	0.0	10	1.0	0.0		1418	0	0
1701814545896	t	safari_testcue_windmill_left	0.0	0	0	5.9855	747.648	660.48	1.0	5.3848	817.4879999999999	949.76	1.0	0.0964	-0.1574	0.9828	30.8633	6.2533	-33.0808	0.0	10	1.0	0.0		1418	0	0
1701814545904	t	safari_testcue_windmill_left	0.0	0	0	6.0123	747.072	660.8	1.0	5.3228	816.768	947.6800000000001	1.0	0.0968	-0.159	0.9825	30.8688	6.2592	-33.0825	0.0	10	1.0	0.0		1418	0	0
1701814545913	t	safari_testcue_windmill_left	0.0	0	0	6.0419	747.648	661.28	1.0	5.2109	818.0640000000001	945.76	1.0	0.0935	-0.1606	0.9826	30.5247	6.2437	-33.1186	0.0	10	1.0	0.0		1418	0	0
1701814545921	t	safari_testcue_windmill_left	0.0	0	0	6.057	748.0799999999999	660.96	1.0	5.3178	818.2080000000001	947.84	1.0	0.0949	-0.1583	0.9828	23.581	5.8395	-33.5125	0.0	10	1.0	0.0		1418	0	0
1701814545930	t	safari_testcue_windmill_left	0.0	0	0	6.015	746.352	659.68	1.0	5.3437	818.928	947.6800000000001	1.0	0.1046	-0.1528	0.9827	6.3255	4.8317	-34.479	0.0	10	1.0	0.0		1418	0	0
1701814545938	t	safari_testcue_windmill_left	0.0	0	0	6.0128	748.5120000000001	658.4	1.0	5.2957	819.792	946.88	1.0	0.097	-0.1508	0.9838	9.9233	5.0762	-34.412	0.0	10	1.0	0.0		1418	0	0
1701814545946	t	safari_testcue_windmill_left	0.0	0	0	6.0345	747.792	659.1999999999999	1.0	5.3143	819.072	947.1999999999999	1.0	0.0901	-0.1557	0.9837	26.9545	6.0723	-33.4573	0.0	10	1.0	0.0		1418	0	0
1701814545955	t	safari_testcue_windmill_left	0.0	0	0	6.0382	747.504	658.88	1.0	5.2808	819.504	947.3599999999999	1.0	0.0917	-0.1547	0.9837	24.6119	5.9355	-33.5786	0.0	10	1.0	0.0		1418	0	0
1701814545963	t	safari_testcue_windmill_left	0.0	0	0	6.0266	747.216	659.52	1.0	5.3021	819.936	947.1999999999999	1.0	0.0924	-0.1559	0.9834	22.8615	5.8347	-33.678	0.0	10	1.0	0.0		1418	0	0
1701814545971	t	safari_testcue_windmill_left	0.0	0	0	6.0152	747.072	658.88	1.0	5.3023	820.3679999999999	947.1999999999999	1.0	0.0916	-0.1549	0.9837	24.3067	5.9192	-33.5943	0.0	10	1.0	0.0		1418	0	0
1701814545980	t	safari_testcue_windmill_left	0.0	0	0	6.0134	746.352	658.72	1.0	5.3028	820.656	947.1999999999999	1.0	0.0926	-0.1552	0.9835	26.0423	6.021	-33.4957	0.0	10	1.0	0.0		1418	0	0
1701814545988	t	safari_testcue_windmill_left	0.0	0	0	6.0107	746.208	658.72	1.0	5.3036	820.656	947.1999999999999	1.0	0.0936	-0.1547	0.9835	24.0275	5.9048	-33.6126	0.0	10	1.0	0.0		1418	0	0
1701814545996	t	safari_testcue_windmill_left	0.0	0	0	6.0128	746.352	658.72	1.0	5.3049	820.656	947.1999999999999	1.0	0.0952	-0.1541	0.9834	19.1677	5.6231	-33.8928	0.0	10	1.0	0.0		1418	0	0
1701814546005	t	safari_testcue_windmill_left	0.0	0	0	6.0148	746.352	658.72	1.0	5.3049	820.8	947.1999999999999	1.0	0.0988	-0.1525	0.9834	10.5994	5.1261	-34.3875	0.0	10	1.0	0.0		1418	0	0
1701814546013	t	safari_testcue_windmill_left	0.0	0	0	6.0123	746.352	658.72	1.0	5.3045	820.8	947.1999999999999	1.0	0.1023	-0.1513	0.9832	3.5967	4.7197	-34.7906	0.0	10	1.0	0.0		1418	0	0
1701814546021	t	safari_testcue_windmill_left	0.0	0	0	6.0149	746.208	658.72	1.0	5.293	822.816	944.48	1.0	0.1017	-0.1479	0.9838	2.3289	4.6434	-34.851	0.0	10	1.0	0.0		1418	0	0
1701814546030	t	safari_testcue_windmill_left	0.0	0	0	6.0122	746.064	658.72	1.0	5.2806	822.528	946.5600000000001	1.0	0.1025	-0.1502	0.9833	2.1999	4.6313	-34.8461	0.0	10	1.0	0.0		1418	0	0
1701814546038	t	safari_testcue_windmill_left	0.0	0	0	6.0143	746.208	658.72	1.0	5.4172	823.536	944.16	1.0	0.1011	-0.1476	0.9839	3.785	4.7173	-34.7361	0.0	10	1.0	0.0		1418	0	0
1701814546047	t	safari_testcue_windmill_left	0.0	0	0	6.0118	746.064	658.72	1.0	5.3505	824.2560000000001	947.3599999999999	1.0	0.0966	-0.1528	0.9835	11.6538	5.1699	-34.2665	0.0	10	1.0	0.0		1418	0	0
1701814546055	t	safari_testcue_windmill_left	0.0	0	0	6.0089	746.064	658.72	1.0	5.354	823.3919999999999	947.04	1.0	0.0949	-0.1539	0.9835	17.722	5.5317	-33.9467	0.0	10	1.0	0.0		1418	0	0
1701814546063	t	safari_testcue_windmill_left	0.0	0	0	6.0083	746.064	658.72	1.0	5.3564	824.2560000000001	946.72	1.0	0.0931	-0.1547	0.9836	21.1269	5.7367	-33.7714	0.0	10	1.0	0.0		1418	0	0
1701814546071	t	safari_testcue_windmill_left	0.0	0	0	6.0081	746.064	658.72	1.0	5.3544	823.104	946.88	1.0	0.0937	-0.1547	0.9835	21.2775	5.7474	-33.7706	0.0	10	1.0	0.0		1418	0	0
1701814546080	t	safari_testcue_windmill_left	0.0	0	0	5.8875	753.9839999999999	656.0	1.0	5.2823	830.8799999999999	945.28	1.0	0.1093	-0.1437	0.9836	-26.2935	3.0623	-36.6908	0.0	10	1.0	0.0		1418	0	0
1701814546088	t	safari_testcue_windmill_left	0.0	0	0	6.0198	781.056	645.6	1.0	5.5122	861.5520000000001	932.64	1.0	0.0534	-0.1258	0.9906	-16.9265	3.5328	-35.5291	0.0	10	1.0	0.0		1418	0	0
1701814546096	t	safari_testcue_windmill_left	0.0	0	0	6.0055	813.168	618.4	1.0	5.6621	890.208	911.0400000000001	1.0	0.0068	-0.0872	0.9962	-21.0264	3.4081	-35.5318	0.0	10	1.0	0.0		1418	0	0
1701814546105	t	safari_testcue_windmill_left	0.0	0	0	5.932	838.2239999999999	602.24	1.0	5.7658	915.2640000000001	897.7600000000001	1.0	-0.0332	-0.0664	0.9972	-8.7782	4.1328	-34.3929	0.0	10	1.0	0.0		1418	0	0
1701814546113	t	safari_testcue_windmill_left	0.0	0	0	5.9951	855.072	585.28	1.0	5.7353	924.768	888.1600000000001	1.0	-0.049	-0.0449	0.9978	-9.3304	4.0556	-33.9419	0.0	10	1.0	0.0		1418	0	0
1701814546121	t	safari_testcue_windmill_left	0.0	0	0	6.1119	858.816	581.6	1.0	5.8377	926.496	887.52	1.0	-0.0508	-0.0458	0.9977	24.6485	6.2264	-32.1167	0.0	10	1.0	0.0		1418	0	0
1701814546130	t	safari_testcue_windmill_left	0.0	0	0	6.0093	855.936	579.1999999999999	1.0	5.7689	925.7760000000001	887.52	1.0	-0.0456	-0.0392	0.9982	15.7143	5.6639	-32.6185	0.0	10	1.0	0.0		1418	0	0
1701814546138	t	safari_testcue_windmill_left	0.0	0	0	5.922	851.6160000000001	578.56	1.0	5.7503	927.072	888.64	1.0	-0.0409	-0.0368	0.9985	16.991	5.7277	-32.557	0.0	10	1.0	0.0		1418	0	0
1701814546146	t	safari_testcue_windmill_left	0.0	0	0	6.1682	854.784	588.16	1.0	5.6518	925.488	889.12	1.0	-0.0502	-0.0545	0.9972	14.8491	5.6033	-32.7464	0.0	10	1.0	0.0		1418	0	0
1701814546155	t	safari_testcue_windmill_left	0.0	0	0	5.8333	848.7360000000001	578.88	1.0	5.7094	926.352	889.4399999999999	1.0	-0.0426	-0.0387	0.9983	-14.1714	3.7458	-34.2298	0.0	10	1.0	0.0		1418	0	0
1701814546163	t	safari_testcue_windmill_left	0.0	0	0	5.9064	849.312	580.64	1.0	5.7426	927.072	889.7600000000001	1.0	-0.0387	-0.0413	0.9984	23.16	6.1442	-32.3524	0.0	10	1.0	0.0		1418	0	0
1701814546171	t	safari_testcue_windmill_left	0.0	0	0	6.0632	852.7679999999999	586.08	1.0	5.7348	927.216	889.4399999999999	1.0	-0.0514	-0.0551	0.9971	28.8123	6.5096	-32.066	0.0	10	1.0	0.0		1418	0	0
1701814546180	t	safari_testcue_windmill_left	0.0	0	0	5.9736	852.6239999999999	586.56	1.0	5.7328	927.216	889.4399999999999	1.0	-0.0521	-0.0546	0.9971	24.6812	6.2299	-32.2315	0.0	10	1.0	0.0		1418	0	0
1701814546188	t	safari_testcue_windmill_left	0.0	0	0	6.0128	851.904	588.64	1.0	5.7292	927.216	889.6000000000001	1.0	-0.0519	-0.0594	0.9969	26.2734	6.3215	-32.1268	0.0	10	1.0	0.0		1418	0	0
1701814546196	t	safari_testcue_windmill_left	0.0	0	0	6.0221	850.032	584.32	1.0	5.7259	927.216	889.4399999999999	1.0	-0.0475	-0.049	0.9977	26.6106	6.3403	-32.1051	0.0	10	1.0	0.0		1418	0	0
1701814546205	t	safari_testcue_windmill_left	0.0	0	0	6.0309	848.16	580.0	1.0	5.7132	927.216	889.28	1.0	-0.0443	-0.0384	0.9983	-5.5214	4.2824	-33.7493	0.0	10	1.0	0.0		1418	0	0
1701814546213	t	safari_testcue_windmill_left	0.0	0	0	6.0427	849.8879999999999	584.32	1.0	5.6999	927.216	889.4399999999999	1.0	-0.0466	-0.0429	0.998	-5.41	4.2894	-33.7529	0.0	10	1.0	0.0		1418	0	0
1701814546221	t	safari_testcue_windmill_left	0.0	0	0	5.9924	849.7439999999999	583.52	1.0	5.6953	927.216	889.6000000000001	1.0	-0.0477	-0.0421	0.998	-5.0455	4.3158	-33.7585	0.0	10	1.0	0.0		1418	0	0
1701814546229	t	safari_testcue_windmill_left	0.0	0	0	6.0894	849.456	588.32	1.0	5.6989	927.216	889.7600000000001	1.0	-0.0479	-0.0469	0.9977	-6.1797	4.246	-33.8392	0.0	10	1.0	0.0		1418	0	0
1701814546238	t	safari_testcue_windmill_left	0.0	0	0	5.9767	845.424	584.64	1.0	5.7111	927.216	889.6000000000001	1.0	-0.0426	-0.0426	0.9982	-8.2802	4.1158	-33.9598	0.0	10	1.0	0.0		1418	0	0
1701814546246	t	safari_testcue_windmill_left	0.0	0	0	5.9302	848.7360000000001	582.56	1.0	5.7231	927.216	889.7600000000001	1.0	-0.0461	-0.0405	0.9981	-11.359	3.9222	-34.1257	0.0	10	1.0	0.0		1418	0	0
1701814546255	t	safari_testcue_windmill_left	0.0	0	0	5.9476	849.168	585.44	1.0	5.7257	927.216	889.9200000000001	1.0	-0.0459	-0.0427	0.998	-15.2907	3.6716	-34.3263	0.0	10	1.0	0.0		1418	0	0
1701814546263	t	safari_testcue_windmill_left	0.0	0	0	5.9657	848.7360000000001	588.32	1.0	5.7224	927.216	890.08	1.0	-0.0452	-0.0439	0.998	-18.7461	3.4488	-34.5022	0.0	10	1.0	0.0		1418	0	0
1701814546271	t	safari_testcue_windmill_left	0.0	0	0	5.9947	848.7360000000001	585.9200000000001	1.0	5.7227	927.504	890.08	1.0	-0.0455	-0.0416	0.9981	-20.0227	3.3637	-34.5665	0.0	10	1.0	0.0		1418	0	0
1701814546279	t	safari_testcue_windmill_left	0.0	0	0	6.0231	848.5920000000001	588.16	1.0	5.7124	927.9359999999999	890.08	1.0	-0.0468	-0.0428	0.998	-19.4532	3.3993	-34.5405	0.0	10	1.0	0.0		1418	0	0
1701814546288	t	safari_testcue_windmill_left	0.0	0	0	5.9937	848.4479999999999	587.84	1.0	5.6977	927.9359999999999	890.08	1.0	-0.047	-0.043	0.998	-17.677	3.5142	-34.4591	0.0	10	1.0	0.0		1418	0	0
1701814546296	t	safari_testcue_windmill_left	0.0	0	0	5.9907	848.304	587.36	1.0	5.6975	927.9359999999999	890.24	1.0	-0.0473	-0.0439	0.9979	-13.9444	3.7554	-34.2852	0.0	10	1.0	0.0		1418	0	0
1701814546305	t	safari_testcue_windmill_left	0.0	0	0	5.9903	848.4479999999999	587.84	1.0	5.6973	927.9359999999999	890.24	1.0	-0.0478	-0.0452	0.9978	-10.8602	3.9552	-34.1389	0.0	10	1.0	0.0		1418	0	0
1701814546313	t	safari_testcue_windmill_left	0.0	0	0	5.9905	848.304	588.16	1.0	5.6964	927.9359999999999	890.4	1.0	-0.0476	-0.0464	0.9978	-8.5058	4.1066	-34.0275	0.0	10	1.0	0.0		1418	0	0
1701814546321	t	safari_testcue_windmill_left	0.0	0	0	6.0054	848.304	588.16	1.0	5.6965	928.0799999999999	890.56	1.0	-0.0473	-0.0462	0.9978	-7.6559	4.159	-33.9904	0.0	10	1.0	0.0		1418	0	0
1701814546330	t	safari_testcue_windmill_left	0.0	0	0	6.0207	848.304	588.16	1.0	5.6925	928.5120000000001	890.7199999999999	1.0	-0.048	-0.0459	0.9978	-7.2178	4.1831	-33.9731	0.0	10	1.0	0.0		1418	0	0
1701814546338	t	safari_testcue_windmill_left	0.0	0	0	6.015	848.304	588.32	1.0	5.7073	928.5120000000001	890.8799999999999	1.0	-0.0477	-0.046	0.9978	-5.4962	4.2844	-33.8664	0.0	10	1.0	0.0		1418	0	0
1701814546347	t	safari_testcue_windmill_left	0.0	0	0	6.0096	848.16	588.16	1.0	5.717	928.5120000000001	890.8799999999999	1.0	-0.0482	-0.0466	0.9977	-1.9766	4.5045	-33.6793	0.0	10	1.0	0.0		1418	0	0
1701814546355	t	safari_testcue_windmill_left	0.0	0	0	6.0706	847.152	587.04	1.0	5.6958	927.792	892.16	1.0	-0.0463	-0.047	0.9978	-1.3488	4.5568	-33.7075	0.0	10	1.0	0.0		1418	200	MYKEYWORD 200
