Recording timestamp	type	Scene Name	scene_num	order	djv_reported	PupilDiam_Left	Gaze2d_Left.x	Gaze2d_Left.y	left_eye_openness	PupilDiam_Right	Gaze2d_Right.x	Gaze2d_Right.y	right_eye_openness	gaze_direction_x	gaze_direction_y	gaze_direction_z	gaze_origin_x	gaze_origin_y	gaze_origin_z	gaze_convergence_distance	participant	study_status	scene_familiarity	recall_status	Identifier	Event value	Event message
1701883112083	t	nursery_testcue_tearoom_right	0.0	0	0	4.3634	500.976	620.64	1.0	4.3725	476.352	727.68	1.0	0.073	0.0344	0.9967	22.4356	6.325	-35.6309	0.0	12	0.0	0.0		3711	100	MYKEYWORD 100
1701883112091	t	nursery_testcue_tearoom_right	0.0	0	0	4.3635	511.056	598.24	1.0	4.2166	485.13599999999997	718.4	1.0	0.0303	0.0508	0.9982	-24.8889	4.4902	-32.6682	0.0	12	0.0	0.0		3711	0	0
1701883112099	t	nursery_testcue_tearoom_right	0.0	0	0	4.4404	524.592	572.9599999999999	1.0	4.1207	488.30400000000003	694.7199999999999	1.0	0.017	0.1008	0.9948	-26.3889	4.6011	-32.5503	0.0	12	0.0	0.0		3711	0	0
1701883112108	t	nursery_testcue_tearoom_right	0.0	0	0	4.4831	535.68	551.04	1.0	4.3391	491.76000000000005	668.32	1.0	0.0081	0.1599	0.9871	-26.3971	4.8354	-32.6859	0.0	12	0.0	0.0		3711	0	0
1701883112116	t	nursery_testcue_tearoom_right	0.0	0	0	4.4872	542.88	529.92	1.0	4.3179	493.34400000000005	652.8	1.0	-0.0003	0.1804	0.9836	-26.2893	5.0917	-32.9852	0.0	12	0.0	0.0		3711	0	0
1701883112124	t	nursery_testcue_tearoom_right	0.0	0	0	4.3094	533.808	519.84	1.0	4.1842	490.608	644.0	1.0	0.01	0.2008	0.9796	-25.96	5.1712	-33.0467	0.0	12	0.0	0.0		3711	0	0
1701883112132	t	nursery_testcue_tearoom_right	0.0	0	0	4.4283	541.152	524.16	1.0	4.23	493.056	648.0	1.0	0.009	0.1882	0.9821	-24.8688	5.205	-33.0936	0.0	12	0.0	0.0		3711	0	0
1701883112141	t	nursery_testcue_tearoom_right	0.0	0	0	4.432	538.704	532.3199999999999	1.0	4.3476	498.096	651.1999999999999	1.0	0.0014	0.1837	0.983	-22.0964	5.2862	-33.2449	0.0	12	0.0	0.0		3711	0	0
1701883112149	t	nursery_testcue_tearoom_right	0.0	0	0	4.3804	538.848	531.68	1.0	4.2154	501.408	651.8399999999999	1.0	-0.0046	0.1872	0.9823	-19.2649	5.3798	-33.4096	0.0	12	0.0	0.0		3711	0	0
1701883112158	t	nursery_testcue_tearoom_right	0.0	0	0	4.3045	537.264	531.68	1.0	4.2763	503.42400000000004	654.88	1.0	-0.0022	0.182	0.9833	-20.15	5.3229	-33.3631	0.0	12	0.0	0.0		3711	0	0
1701883112166	t	nursery_testcue_tearoom_right	0.0	0	0	4.4904	540.0	538.4000000000001	1.0	4.1974	509.184	659.68	1.0	-0.0201	0.1698	0.9853	-25.2407	5.0829	-33.0775	0.0	12	0.0	0.0		3711	0	0
1701883112174	t	nursery_testcue_tearoom_right	0.0	0	0	4.3136	542.304	543.36	1.0	4.0558	506.15999999999997	663.04	1.0	0.0029	0.1735	0.9848	5.8503	6.2942	-34.8141	0.0	12	0.0	0.0		3711	0	0
1701883112183	t	nursery_testcue_tearoom_right	0.0	0	0	4.3877	544.608	546.72	1.0	4.1316	512.0640000000001	667.04	1.0	-0.0056	0.1704	0.9853	8.6742	6.3661	-34.9621	0.0	12	0.0	0.0		3711	0	0
1701883112191	t	nursery_testcue_tearoom_right	0.0	0	0	4.3871	547.6320000000001	550.5600000000001	1.0	4.0106	509.76	666.88	1.0	-0.0023	0.1662	0.9861	-6.3363	5.727	-34.0802	0.0	12	0.0	0.0		3711	0	0
1701883112199	t	nursery_testcue_tearoom_right	0.0	0	0	4.2923	550.08	551.1999999999999	1.0	3.9753	510.048	670.24	1.0	0.0027	0.1613	0.9869	-13.08	5.4242	-33.695	0.0	12	0.0	0.0		3711	0	0
1701883112207	t	nursery_testcue_tearoom_right	0.0	0	0	4.3127	550.6560000000001	554.4	1.0	4.2028	517.9680000000001	673.6	1.0	-0.0155	0.1545	0.9879	-20.0759	5.1214	-33.3312	0.0	12	0.0	0.0		3711	0	0
1701883112216	t	nursery_testcue_tearoom_right	0.0	0	0	4.2831	553.104	557.28	1.0	4.1725	519.9839999999999	677.6	1.0	-0.0181	0.1408	0.9899	-24.9272	4.91	-33.0454	0.0	12	0.0	0.0		3711	0	0
1701883112224	t	nursery_testcue_tearoom_right	0.0	0	0	4.2705	555.12	556.96	1.0	4.224	521.568	677.12	1.0	-0.0172	0.1448	0.9893	-25.9521	4.8657	-33.0165	0.0	12	0.0	0.0		3711	0	0
1701883112232	t	nursery_testcue_tearoom_right	0.0	0	0	4.326	556.992	560.8	1.0	4.2035	524.736	677.9200000000001	1.0	-0.0216	0.1425	0.9895	-26.7901	4.8408	-33.0129	0.0	12	0.0	0.0		3711	0	0
1701883112241	t	nursery_testcue_tearoom_right	0.0	0	0	4.3221	556.704	562.5600000000001	1.0	4.2279	523.8720000000001	679.84	1.0	-0.0132	0.1372	0.9904	-27.0176	4.8215	-32.996	0.0	12	0.0	0.0		3711	0	0
1701883112249	t	nursery_testcue_tearoom_right	0.0	0	0	4.2885	558.576	565.4399999999999	1.0	4.1317	527.04	683.1999999999999	1.0	-0.0227	0.1268	0.9917	-27.0853	4.7985	-32.9557	0.0	12	0.0	0.0		3711	0	0
1701883112257	t	nursery_testcue_tearoom_right	0.0	0	0	4.3244	559.44	568.64	1.0	4.1199	530.064	684.64	1.0	-0.0302	0.1267	0.9915	-27.111	4.7758	-32.9597	0.0	12	0.0	0.0		3711	0	0
1701883112266	t	nursery_testcue_tearoom_right	0.0	0	0	4.4364	561.168	571.1999999999999	1.0	4.1034	533.088	690.08	1.0	-0.0375	0.1116	0.993	-27.137	4.7546	-32.9702	0.0	12	0.0	0.0		3711	0	0
1701883112274	t	nursery_testcue_tearoom_right	0.0	0	0	4.3176	564.192	577.76	1.0	4.0795	533.088	694.88	1.0	-0.0317	0.1038	0.9941	-27.1627	4.7074	-32.9899	0.0	12	0.0	0.0		3711	0	0
1701883112283	t	nursery_testcue_tearoom_right	0.0	0	0	4.3995	564.768	581.6	1.0	4.1229	536.544	699.6800000000001	1.0	-0.0404	0.0957	0.9946	-27.1892	4.6732	-33.0227	0.0	12	0.0	0.0		3711	0	0
1701883112291	t	nursery_testcue_tearoom_right	0.0	0	0	4.3846	565.7760000000001	583.1999999999999	1.0	4.0733	539.136	698.08	1.0	-0.045	0.1059	0.9934	-27.2203	4.6505	-33.0072	0.0	12	0.0	0.0		3711	0	0
1701883112299	t	nursery_testcue_tearoom_right	0.0	0	0	4.3755	565.9200000000001	584.64	1.0	4.1245	540.72	701.2800000000001	1.0	-0.0501	0.091	0.9946	-27.2283	4.6768	-33.0602	0.0	12	0.0	0.0		3711	0	0
1701883112307	t	nursery_testcue_tearoom_right	0.0	0	0	4.3901	566.64	591.2	1.0	4.0873	541.584	705.2800000000001	1.0	-0.0505	0.0817	0.9954	-27.2417	4.6506	-33.0646	0.0	12	0.0	0.0		3711	0	0
1701883112316	t	nursery_testcue_tearoom_right	0.0	0	0	4.3826	564.192	589.28	1.0	4.1088	539.712	704.96	1.0	-0.0479	0.0778	0.9958	-27.0644	4.7001	-33.1488	0.0	12	0.0	0.0		3711	0	0
1701883112324	t	nursery_testcue_tearoom_right	0.0	0	0	4.3503	550.08	561.5999999999999	1.0	4.1976	522.0	683.04	1.0	-0.0094	0.1395	0.9902	-26.9221	4.7449	-32.9563	0.0	12	0.0	0.0		3711	0	0
1701883112332	t	nursery_testcue_tearoom_right	0.0	0	0	4.334	546.624	535.36	1.0	4.1393	513.36	658.72	1.0	0.0005	0.1853	0.9827	-26.9312	4.97	-33.0281	0.0	12	0.0	0.0		3711	0	0
1701883112341	t	nursery_testcue_tearoom_right	0.0	0	0	4.2986	540.576	504.96	1.0	4.0244	505.00800000000004	637.28	1.0	0.0014	0.2216	0.9751	-26.7824	5.1819	-33.062	0.0	12	0.0	0.0		3711	0	0
1701883112349	t	nursery_testcue_tearoom_right	0.0	0	0	4.2697	534.096	479.04	1.0	4.2537	496.79999999999995	614.88	1.0	0.0095	0.2666	0.9637	-26.6661	5.3841	-33.1327	0.0	12	0.0	0.0		3711	0	0
1701883112357	t	nursery_testcue_tearoom_right	0.0	0	0	4.3093	526.4639999999999	462.4	1.0	4.1391	491.32800000000003	598.7199999999999	1.0	0.0123	0.2976	0.9546	-26.5826	5.5255	-33.1798	0.0	12	0.0	0.0		3711	0	0
1701883112366	t	nursery_testcue_tearoom_right	0.0	0	0	4.4024	518.112	456.48	1.0	4.2436	486.86400000000003	598.7199999999999	1.0	0.0242	0.2889	0.957	-26.5513	5.5608	-33.1662	0.0	12	0.0	0.0		3711	0	0
1701883112374	t	nursery_testcue_tearoom_right	0.0	0	0	4.1598	512.352	465.92	1.0	4.2132	486.72	598.88	1.0	0.0271	0.293	0.9557	-26.5638	5.5388	-33.1689	0.0	12	0.0	0.0		3711	0	0
1701883112382	t	nursery_testcue_tearoom_right	0.0	0	0	4.2138	513.936	471.35999999999996	1.0	4.2319	484.704	604.64	1.0	0.0399	0.2804	0.959	-26.5812	5.4912	-33.1452	0.0	12	0.0	0.0		3711	0	0
1701883112391	t	nursery_testcue_tearoom_right	0.0	0	0	3.9261	509.32800000000003	469.44	1.0	4.2005	483.264	605.44	1.0	0.0471	0.2852	0.9573	-26.5269	5.4576	-33.1535	0.0	12	0.0	0.0		3711	0	0
1701883112399	t	nursery_testcue_tearoom_right	0.0	0	0	4.0493	507.168	481.92	1.0	4.1998	483.98400000000004	609.2800000000001	1.0	0.0555	0.2905	0.9552	-13.0271	5.9004	-33.7534	0.0	12	0.0	0.0		3711	0	0
1701883112407	t	nursery_testcue_tearoom_right	0.0	0	0	4.0711	508.032	479.84	1.0	4.1734	485.28000000000003	612.0	1.0	0.0555	0.2995	0.9525	-6.025	6.1151	-34.0731	0.0	12	0.0	0.0		3711	0	0
1701883112416	t	nursery_testcue_tearoom_right	0.0	0	0	4.1766	510.336	493.11999999999995	1.0	4.3822	482.11199999999997	616.96	1.0	0.0634	0.2879	0.9556	-2.7553	6.1661	-34.1924	0.0	12	0.0	0.0		3711	0	0
1701883112424	t	nursery_testcue_tearoom_right	0.0	0	0	4.2242	511.2	496.0	1.0	4.3094	488.88000000000005	621.12	1.0	0.0484	0.2853	0.9572	-2.1948	6.1396	-34.2135	0.0	12	0.0	0.0		3711	0	0
1701883112432	t	nursery_testcue_tearoom_right	0.0	0	0	4.2883	512.352	500.0	1.0	4.4319	488.16	624.16	1.0	0.0512	0.2806	0.9584	-1.9588	6.1128	-34.2137	0.0	12	0.0	0.0		3711	0	0
1701883112441	t	nursery_testcue_tearoom_right	0.0	0	0	3.9652	506.88	496.15999999999997	1.0	4.2608	488.01599999999996	631.04	1.0	0.0645	0.2745	0.9594	-0.0625	6.1634	-34.2934	0.0	12	0.0	0.0		3711	0	0
1701883112449	t	nursery_testcue_tearoom_right	0.0	0	0	4.0715	509.32800000000003	498.4	1.0	4.385	489.168	630.4	1.0	0.0608	0.2785	0.9585	2.2948	6.2367	-34.3975	0.0	12	0.0	0.0		3711	0	0
1701883112457	t	nursery_testcue_tearoom_right	0.0	0	0	4.1828	510.47999999999996	501.44	1.0	4.2289	490.176	631.68	1.0	0.0574	0.2728	0.9603	2.6986	6.2431	-34.4097	0.0	12	0.0	0.0		3711	0	0
1701883112466	t	nursery_testcue_tearoom_right	0.0	0	0	4.2935	510.91200000000003	504.32	1.0	4.3692	491.76000000000005	631.36	1.0	0.0544	0.27	0.9613	3.3332	6.2664	-34.4376	0.0	12	0.0	0.0		3711	0	0
1701883112474	t	nursery_testcue_tearoom_right	0.0	0	0	4.3122	511.2	504.48	1.0	4.2015	495.504	629.28	1.0	0.0475	0.2743	0.9605	5.1808	6.338	-34.5236	0.0	12	0.0	0.0		3711	0	0
1701883112482	t	nursery_testcue_tearoom_right	0.0	0	0	4.3309	511.488	504.48	1.0	4.2943	494.928	632.8000000000001	1.0	0.0488	0.2683	0.9621	5.0655	6.328	-34.5048	0.0	12	0.0	0.0		3711	0	0
1701883112491	t	nursery_testcue_tearoom_right	0.0	0	0	4.3113	511.2	505.6	1.0	4.2922	495.648	634.5600000000001	1.0	0.0485	0.2631	0.9635	5.2245	6.3327	-34.5078	0.0	12	0.0	0.0		3711	0	0
1701883112499	t	nursery_testcue_tearoom_right	0.0	0	0	4.2932	510.91200000000003	505.28000000000003	1.0	4.2577	495.35999999999996	633.12	1.0	0.0495	0.2661	0.9627	4.6363	6.3105	-34.483	0.0	12	0.0	0.0		3711	0	0
1701883112507	t	nursery_testcue_tearoom_right	0.0	0	0	4.0202	506.15999999999997	505.6	1.0	4.1587	496.944	639.36	1.0	0.0569	0.2613	0.9636	4.7261	6.2745	-34.4839	0.0	12	0.0	0.0		3711	0	0
1701883112516	t	nursery_testcue_tearoom_right	0.0	0	0	4.095	511.632	536.48	1.0	4.2828	492.624	659.52	1.0	0.0541	0.211	0.976	3.6964	6.0205	-34.3512	0.0	12	0.0	0.0		3711	0	0
1701883112524	t	nursery_testcue_tearoom_right	0.0	0	0	4.2905	519.696	572.0	1.0	4.2397	488.88000000000005	692.3199999999999	1.0	0.0598	0.1584	0.9855	27.1184	6.5716	-35.2274	0.0	12	0.0	0.0		3711	0	0
1701883112532	t	nursery_testcue_tearoom_right	0.0	0	0	4.492	529.056	613.76	1.0	4.3735	487.728	727.68	1.0	0.0302	0.0789	0.9964	-6.9776	4.8466	-33.2919	0.0	12	0.0	0.0		3711	0	0
1701883112541	t	nursery_testcue_tearoom_right	0.0	0	0	4.3713	541.44	649.4399999999999	1.0	4.2592	488.16	762.5600000000001	1.0	0.0107	0.0017	0.9999	-24.497	4.0441	-33.0347	0.0	12	0.0	0.0		3711	0	0
1701883112549	t	nursery_testcue_tearoom_right	0.0	0	0	4.139	554.2560000000001	686.56	1.0	4.1672	487.296	794.88	1.0	0.0113	-0.0716	0.9974	-18.3273	4.2766	-34.1554	0.0	12	0.0	0.0		3711	0	0
1701883112557	t	nursery_testcue_tearoom_right	0.0	0	0	4.1501	563.328	710.56	1.0	4.1888	490.89599999999996	819.2	1.0	0.0036	-0.1133	0.9935	34.8196	5.9162	-35.8773	0.0	12	0.0	0.0		3711	0	0
1701883112566	t	nursery_testcue_tearoom_right	0.0	0	0	4.1308	563.184	733.28	1.0	4.1152	497.376	834.72	1.0	0.0159	-0.1645	0.9862	35.0154	5.8744	-36.2298	0.0	12	0.0	0.0		3711	0	0
1701883112574	t	nursery_testcue_tearoom_right	0.0	0	0	4.0585	565.7760000000001	744.16	1.0	4.1675	496.512	844.8000000000001	1.0	0.0109	-0.1891	0.9819	34.9938	5.764	-36.0613	0.0	12	0.0	0.0		3711	0	0
1701883112582	t	nursery_testcue_tearoom_right	0.0	0	0	3.9447	565.2	740.32	1.0	4.1624	499.248	842.4	1.0	-0.0071	-0.1749	0.9845	35.0973	5.7674	-36.0958	0.0	12	0.0	0.0		3711	0	0
1701883112591	t	nursery_testcue_tearoom_right	0.0	0	0	3.9914	561.744	741.92	1.0	4.1102	505.00800000000004	844.0	1.0	-0.0069	-0.1859	0.9825	35.1589	5.7962	-36.1077	0.0	12	0.0	0.0		3711	0	0
1701883112599	t	nursery_testcue_tearoom_right	0.0	0	0	4.0674	559.728	740.16	1.0	4.2686	505.00800000000004	841.44	1.0	-0.0054	-0.1852	0.9827	35.1854	5.8757	-36.3075	0.0	12	0.0	0.0		3711	0	0
1701883112607	t	nursery_testcue_tearoom_right	0.0	0	0	4.0943	557.856	739.36	1.0	4.095	505.00800000000004	843.36	1.0	-0.0022	-0.1871	0.9823	35.1844	5.9252	-36.4158	0.0	12	0.0	0.0		3711	0	0
1701883112616	t	nursery_testcue_tearoom_right	0.0	0	0	4.2041	554.2560000000001	739.8399999999999	1.0	4.1288	503.28	837.9200000000001	1.0	0.0105	-0.1892	0.9819	34.869	5.7802	-35.8682	0.0	12	0.0	0.0		3711	0	0
1701883112624	t	nursery_testcue_tearoom_right	0.0	0	0	4.1414	556.704	739.36	1.0	4.165	506.44800000000004	839.04	1.0	-0.0079	-0.1897	0.9818	27.7688	5.6632	-36.0386	0.0	12	0.0	0.0		3711	0	0
1701883112632	t	nursery_testcue_tearoom_right	0.0	0	0	4.1465	551.664	736.32	1.0	4.2125	507.312	840.9599999999999	1.0	-0.0001	-0.1829	0.9831	7.4793	4.9863	-35.3657	0.0	12	0.0	0.0		3711	0	0
1701883112641	t	nursery_testcue_tearoom_right	0.0	0	0	4.0651	552.96	739.2	1.0	4.2132	505.872	838.4000000000001	1.0	-0.0036	-0.1835	0.983	-1.5171	4.7229	-35.1944	0.0	12	0.0	0.0		3711	0	0
1701883112649	t	nursery_testcue_tearoom_right	0.0	0	0	4.158	548.784	737.12	1.0	4.1924	504.71999999999997	836.96	1.0	0.0013	-0.176	0.9844	-14.5109	4.3463	-34.9729	0.0	12	0.0	0.0		3711	0	0
1701883112657	t	nursery_testcue_tearoom_right	0.0	0	0	4.1649	548.784	734.0799999999999	1.0	4.2032	504.144	838.5600000000001	1.0	0.002	-0.179	0.9838	-18.9331	4.2172	-34.8928	0.0	12	0.0	0.0		3711	0	0
1701883112666	t	nursery_testcue_tearoom_right	0.0	0	0	4.1421	546.192	734.0799999999999	1.0	4.216	504.71999999999997	838.5600000000001	1.0	0.0013	-0.1791	0.9838	-19.1363	4.2088	-34.875	0.0	12	0.0	0.0		3711	0	0
1701883112675	t	nursery_testcue_tearoom_right	0.0	0	0	4.1756	545.616	733.6	1.0	4.2046	505.00800000000004	837.7599999999999	1.0	-0.0006	-0.1766	0.9843	-22.6971	4.1036	-34.8131	0.0	12	0.0	0.0		3711	0	0
1701883112682	t	nursery_testcue_tearoom_right	0.0	0	0	4.1908	544.608	736.8000000000001	1.0	4.2805	504.86400000000003	838.24	1.0	0.0048	-0.1787	0.9839	-19.3106	4.2055	-34.8929	0.0	12	0.0	0.0		3711	0	0
1701883112691	t	nursery_testcue_tearoom_right	0.0	0	0	4.2188	544.032	736.48	1.0	4.256	506.88	840.0	1.0	0.0073	-0.1845	0.9828	-1.0625	4.744	-35.208	0.0	12	0.0	0.0		3711	0	0
1701883112699	t	nursery_testcue_tearoom_right	0.0	0	0	4.1982	541.296	737.28	1.0	4.2203	507.45599999999996	842.0799999999999	1.0	-0.0043	-0.1908	0.9816	-26.5428	3.9784	-34.7152	0.0	12	0.0	0.0		3711	0	0
1701883112707	t	nursery_testcue_tearoom_right	0.0	0	0	4.2182	542.016	736.64	1.0	4.2412	506.44800000000004	839.84	1.0	0.0015	-0.1831	0.9831	-26.8442	3.971	-34.7206	0.0	12	0.0	0.0		3711	0	0
1701883112716	t	nursery_testcue_tearoom_right	0.0	0	0	4.2201	541.296	737.28	1.0	4.3158	506.44800000000004	841.44	1.0	0.0047	-0.1883	0.9821	-26.8732	3.9889	-34.7874	0.0	12	0.0	0.0		3711	0	0
1701883112724	t	nursery_testcue_tearoom_right	0.0	0	0	4.2153	541.584	737.92	1.0	4.2104	506.30400000000003	842.8800000000001	1.0	0.0066	-0.1935	0.9811	-26.8847	3.9976	-34.8197	0.0	12	0.0	0.0		3711	0	0
1701883112733	t	nursery_testcue_tearoom_right	0.0	0	0	4.2366	541.44	745.12	1.0	4.2361	505.58400000000006	849.2800000000001	1.0	0.0009	-0.2077	0.9782	-26.8336	3.863	-34.4893	0.0	12	0.0	0.0		3711	0	0
1701883112742	t	nursery_testcue_tearoom_right	0.0	0	0	4.2339	535.5360000000001	767.36	1.0	4.0854	493.20000000000005	868.3199999999999	1.0	0.0187	-0.2376	0.9712	-26.6667	3.6016	-34.2301	0.0	12	0.0	0.0		3711	0	0
1701883112750	t	nursery_testcue_tearoom_right	0.0	0	0	4.4198	539.424	793.76	1.0	4.2278	483.69599999999997	889.4399999999999	1.0	0.0304	-0.2755	0.9608	-26.4365	3.4203	-34.2168	0.0	12	0.0	0.0		3711	0	0
1701883112758	t	nursery_testcue_tearoom_right	0.0	0	0	4.2647	546.048	806.56	1.0	4.4309	476.784	909.2800000000001	1.0	0.037	-0.3206	0.9465	-25.8207	3.3215	-34.2394	0.0	12	0.0	0.0		3711	0	0
1701883112766	t	nursery_testcue_tearoom_right	0.0	0	0	4.2099	542.16	803.68	0.7788	4.2049	475.20000000000005	898.4	0.9095	0.0531	-0.2842	0.9573	-24.3964	3.3688	-34.2842	0.0	12	0.0	0.0		3711	0	0
1701883112775	t	nursery_testcue_tearoom_right	0.0	0	0	4.2981	540.288	802.72	0.7788	4.1007	481.248	892.4799999999999	0.9095	0.0386	-0.2681	0.9626	-22.3641	3.4519	-34.3531	0.0	12	0.0	0.0		3711	0	0
1701883112783	t	nursery_testcue_tearoom_right	0.0	0	0	4.3754	539.712	808.96	0.6764	4.2609	481.392	904.96	0.8088	0.0432	-0.3133	0.9487	-17.5911	3.6178	-34.4861	0.0	12	0.0	0.0		3711	0	0
1701883112791	t	nursery_testcue_tearoom_right	0.0	0	0	4.2726	535.968	802.0799999999999	0.6764	4.2951	481.53599999999994	909.1200000000001	0.8088	0.0463	-0.3217	0.9457	-12.8958	3.7768	-34.625	0.0	12	0.0	0.0		3711	0	0
1701883112800	t	nursery_testcue_tearoom_right	0.0	0	0	4.2592	535.1039999999999	800.8	0.6404	4.2346	480.09599999999995	900.96	0.7644	0.0513	-0.3005	0.9524	-16.9464	3.6536	-34.5034	0.0	12	0.0	0.0		3711	0	0
1701883112808	t	nursery_testcue_tearoom_right	0.0	0	0	4.3046	534.528	803.36	0.642	4.3306	480.67199999999997	900.0	0.7656	0.0522	-0.3016	0.952	-20.0814	3.5664	-34.4077	0.0	12	0.0	0.0		3711	0	0
1701883112816	t	nursery_testcue_tearoom_right	0.0	0	0	4.2808	535.1039999999999	803.52	0.6259	4.2812	481.104	900.3199999999999	0.7529	0.0525	-0.3037	0.9513	3.7396	4.3242	-35.1212	0.0	12	0.0	0.0		3711	0	0
1701883112825	t	nursery_testcue_tearoom_right	0.0	0	0	4.2719	533.376	802.2399999999999	0.6259	4.3038	479.376	900.0	0.7529	0.06	-0.3018	0.9515	4.0918	4.338	-35.1326	0.0	12	0.0	0.0		3711	0	0
1701883112833	t	nursery_testcue_tearoom_right	0.0	0	0	4.1962	531.6479999999999	800.8	0.6156	4.2673	480.96000000000004	895.04	0.7572	0.0609	-0.2925	0.9543	4.7614	4.3676	-35.1522	0.0	12	0.0	0.0		3711	0	0
1701883112841	t	nursery_testcue_tearoom_right	0.0	0	0	4.2439	530.496	800.3199999999999	0.6156	4.2612	481.392	899.04	0.7572	0.0628	-0.3003	0.9518	4.995	4.3833	-35.1565	0.0	12	0.0	0.0		3711	0	0
1701883112850	t	nursery_testcue_tearoom_right	0.0	0	0	4.2632	530.928	799.84	0.5851	4.2228	482.256	899.3600000000001	0.7639	0.0599	-0.3015	0.9516	5.0273	4.3909	-35.1555	0.0	12	0.0	0.0		3711	0	0
1701883112858	t	nursery_testcue_tearoom_right	0.0	0	0	4.2151	529.2	800.4799999999999	0.5851	4.2667	481.53599999999994	902.3999999999999	0.7639	0.0643	-0.3094	0.9487	4.8104	4.3923	-35.1467	0.0	12	0.0	0.0		3711	0	0
1701883112866	t	nursery_testcue_tearoom_right	0.0	0	0	4.1848	530.352	798.56	0.5881	4.3328	480.09599999999995	897.28	0.7509	0.0637	-0.2989	0.9521	4.7483	4.3962	-35.1411	0.0	12	0.0	0.0		3711	0	0
1701883112875	t	nursery_testcue_tearoom_right	0.0	0	0	4.1809	525.888	799.6800000000001	0.5881	4.278	479.952	895.68	0.7509	0.071	-0.2991	0.9516	3.829	4.3728	-35.1143	0.0	12	0.0	0.0		3711	0	0
1701883112883	t	nursery_testcue_tearoom_right	0.0	0	0	4.2195	525.888	798.08	0.5779	4.2516	478.8	898.24	0.7627	0.0697	-0.3014	0.9509	3.7745	4.3731	-35.1104	0.0	12	0.0	0.0		3711	0	0
1701883112891	t	nursery_testcue_tearoom_right	0.0	0	0	4.2147	524.592	798.56	0.5779	4.2561	477.36	895.8399999999999	0.7627	0.0717	-0.2984	0.9518	5.0034	4.4124	-35.1465	0.0	12	0.0	0.0		3711	0	0
1701883112899	t	nursery_testcue_tearoom_right	0.0	0	0	4.2203	525.888	799.84	0.5736	4.2267	477.792	896.1600000000001	0.7477	0.0655	-0.3018	0.9511	5.0307	4.416	-35.1457	0.0	12	0.0	0.0		3711	0	0
1701883112908	t	nursery_testcue_tearoom_right	0.0	0	0	4.1764	525.168	802.3999999999999	0.5736	4.2093	477.072	894.88	0.7477	0.066	-0.3044	0.9503	5.1038	4.4199	-35.1485	0.0	12	0.0	0.0		3711	0	0
1701883112916	t	nursery_testcue_tearoom_right	0.0	0	0	4.2192	520.8480000000001	799.2	0.5813	4.2543	477.21599999999995	897.28	0.7383	0.0722	-0.3037	0.95	4.9491	4.4187	-35.1476	0.0	12	0.0	0.0		3711	0	0
1701883112925	t	nursery_testcue_tearoom_right	0.0	0	0	4.171	519.12	798.7199999999999	0.5813	4.1473	474.624	897.12	0.7383	0.0784	-0.3029	0.9498	4.0326	4.3911	-35.12	0.0	12	0.0	0.0		3711	0	0
1701883112933	t	nursery_testcue_tearoom_right	0.0	0	0	4.1918	519.12	799.84	0.5779	4.1635	475.63199999999995	896.48	0.7215	0.0753	-0.3042	0.9496	3.6383	4.3805	-35.1067	0.0	12	0.0	0.0		3711	0	0
1701883112941	t	nursery_testcue_tearoom_right	0.0	0	0	4.1798	515.952	796.64	0.5796	4.1792	476.49600000000004	896.0000000000001	0.7229	0.0783	-0.2988	0.9511	2.7307	4.3564	-35.0803	0.0	12	0.0	0.0		3711	0	0
1701883112950	t	nursery_testcue_tearoom_right	0.0	0	0	4.191	516.24	797.92	0.5639	4.1632	475.63199999999995	896.64	0.7404	0.0783	-0.303	0.9498	2.8047	4.3635	-35.0814	0.0	12	0.0	0.0		3711	0	0
1701883112958	t	nursery_testcue_tearoom_right	0.0	0	0	4.2667	513.792	798.08	0.5639	4.1778	474.624	896.0000000000001	0.7404	0.0831	-0.3031	0.9493	2.6631	4.3645	-35.0772	0.0	12	0.0	0.0		3711	0	0
1701883112966	t	nursery_testcue_tearoom_right	0.0	0	0	4.2629	512.352	794.24	0.5545	4.1883	474.336	895.8399999999999	0.7358	0.0849	-0.2976	0.9509	2.8218	4.3729	-35.082	0.0	12	0.0	0.0		3711	0	0
1701883112974	t	nursery_testcue_tearoom_right	0.0	0	0	4.2372	513.792	798.56	0.5545	4.1991	474.048	895.8399999999999	0.7358	0.0811	-0.3049	0.9489	3.0994	4.3835	-35.0888	0.0	12	0.0	0.0		3711	0	0
1701883112983	t	nursery_testcue_tearoom_right	0.0	0	0	4.223	512.0640000000001	798.08	0.5563	4.2288	473.61600000000004	897.4399999999999	0.7443	0.0831	-0.3108	0.9468	3.4131	4.4102	-35.093	0.0	12	0.0	0.0		3711	0	0
1701883112991	t	nursery_testcue_tearoom_right	0.0	0	0	4.1596	510.048	795.84	0.5563	4.1089	469.87199999999996	894.72	0.7443	0.0902	-0.3004	0.9496	3.9982	4.4202	-35.115	0.0	12	0.0	0.0		3711	0	0
1701883113000	t	nursery_testcue_tearoom_right	0.0	0	0	4.1906	510.624	796.16	0.5618	4.1046	470.592	891.36	0.75	0.0846	-0.2957	0.9515	4.8445	4.4498	-35.1399	0.0	12	0.0	0.0		3711	0	0
1701883113008	t	nursery_testcue_tearoom_right	0.0	0	0	4.1422	507.88800000000003	794.08	0.5618	4.1842	469.44	894.5600000000001	0.75	0.0882	-0.298	0.9505	4.8467	4.4511	-35.1405	0.0	12	0.0	0.0		3711	0	0
1701883113016	t	nursery_testcue_tearoom_right	0.0	0	0	4.3047	507.45599999999996	792.9599999999999	0.5457	4.1572	468.43199999999996	892.3199999999999	0.7393	0.0872	-0.2935	0.952	4.8913	4.4553	-35.1393	0.0	12	0.0	0.0		3711	0	0
1701883113025	t	nursery_testcue_tearoom_right	0.0	0	0	4.2958	505.152	791.52	0.5457	4.1912	468.144	894.5600000000001	0.7393	0.0876	-0.2934	0.952	4.1132	4.4236	-35.1187	0.0	12	0.0	0.0		3711	0	0
1701883113033	t	nursery_testcue_tearoom_right	0.0	0	0	4.2782	504.144	791.6800000000001	0.5521	4.0257	466.41600000000005	893.76	0.7498	0.0901	-0.2924	0.952	3.9438	4.4182	-35.1136	0.0	12	0.0	0.0		3711	0	0
1701883113044	t	nursery_testcue_tearoom_right	0.0	0	0	4.2651	504.57599999999996	793.12	0.539	4.085	464.40000000000003	891.36	0.7381	0.0918	-0.2904	0.9525	4.0773	4.4211	-35.1177	0.0	12	0.0	0.0		3711	0	0
1701883113049	t	nursery_testcue_tearoom_right	0.0	0	0	4.2528	504.144	791.6800000000001	0.539	4.1411	463.248	892.4799999999999	0.7381	0.0937	-0.2903	0.9523	4.1235	4.4245	-35.1197	0.0	12	0.0	0.0		3711	0	0
1701883113058	t	nursery_testcue_tearoom_right	0.0	0	0	4.2303	503.99999999999994	791.36	0.539	4.0984	463.39199999999994	891.84	0.7381	0.0931	-0.2889	0.9528	4.2639	4.4302	-35.1235	0.0	12	0.0	0.0		3711	0	0
1701883113066	t	nursery_testcue_tearoom_right	0.0	0	0	4.209	503.856	791.2	0.5582	4.0555	463.68	891.2	0.7601	0.0925	-0.2876	0.9532	4.3403	4.4339	-35.1253	0.0	12	0.0	0.0		3711	0	0
1701883113074	t	nursery_testcue_tearoom_right	0.0	0	0	4.2085	503.712	791.04	0.5599	4.0603	463.536	891.04	0.7614	0.0931	-0.2875	0.9532	4.4225	4.4377	-35.1273	0.0	12	0.0	0.0		3711	0	0
1701883113083	t	nursery_testcue_tearoom_right	0.0	0	0	4.2089	503.56800000000004	791.2	0.5547	4.0565	463.39199999999994	890.8799999999999	0.7516	0.0935	-0.2875	0.9532	5.1264	4.4611	-35.1485	0.0	12	0.0	0.0		3711	0	0
1701883113091	t	nursery_testcue_tearoom_right	0.0	0	0	4.2083	503.28	791.04	0.5547	4.0559	463.39199999999994	890.56	0.7516	0.0934	-0.2872	0.9533	4.8346	4.4535	-35.139	0.0	12	0.0	0.0		3711	0	0
1701883113099	t	nursery_testcue_tearoom_right	0.0	0	0	4.2079	503.13599999999997	791.04	0.5645	4.0566	463.248	890.08	0.759	0.0934	-0.2869	0.9534	4.7187	4.4514	-35.1348	0.0	12	0.0	0.0		3711	0	0
1701883113108	t	nursery_testcue_tearoom_right	0.0	0	0	4.2083	502.272	791.04	0.5645	4.0562	463.104	889.7600000000001	0.759	0.0945	-0.2875	0.9531	4.1671	4.4402	-35.1166	0.0	12	0.0	0.0		3711	0	0
1701883113116	t	nursery_testcue_tearoom_right	0.0	0	0	4.1549	504.288	788.16	0.5524	3.993	464.97600000000006	886.5600000000001	0.7764	0.0956	-0.2841	0.954	4.0416	4.471	-35.1045	0.0	12	0.0	0.0		3711	0	0
1701883113124	t	nursery_testcue_tearoom_right	0.0	0	0	4.1402	528.768	785.12	0.5524	3.9033	488.16	879.68	0.7764	0.0446	-0.2782	0.9595	3.3566	4.508	-35.0648	0.0	12	0.0	0.0		3711	0	0
1701883113133	t	nursery_testcue_tearoom_right	0.0	0	0	3.8717	563.472	777.28	0.5766	3.8493	502.55999999999995	875.2	0.7574	0.0033	-0.2683	0.9633	-1.1027	4.4261	-34.9157	0.0	12	0.0	0.0		3711	0	0
1701883113142	t	nursery_testcue_tearoom_right	0.0	0	0	3.8015	583.776	768.1600000000001	0.5937	3.9303	530.928	869.4399999999999	0.7545	-0.0466	-0.2565	0.9654	-5.8072	4.3606	-34.7972	0.0	12	0.0	0.0		3711	0	0
1701883113150	t	nursery_testcue_tearoom_right	0.0	0	0	3.9365	610.56	766.08	0.5937	3.8393	545.04	866.8799999999999	0.7545	-0.0781	-0.257	0.9632	-11.4781	4.2411	-34.661	0.0	12	0.0	0.0		3711	0	0
1701883113158	t	nursery_testcue_tearoom_right	0.0	0	0	3.9419	625.392	765.28	0.5937	3.7167	562.752	863.84	0.7545	-0.107	-0.2524	0.9617	-15.3808	4.1589	-34.5813	0.0	12	0.0	0.0		3711	0	0
1701883113166	t	nursery_testcue_tearoom_right	0.0	0	0	3.7811	651.024	760.96	0.7034	3.8975	586.656	864.8	0.7514	-0.1703	-0.2524	0.9525	-15.9397	4.1802	-34.614	0.0	12	0.0	0.0		3711	0	0
1701883113175	t	nursery_testcue_tearoom_right	0.0	0	0	3.8827	658.224	762.24	0.7034	3.8491	592.128	866.4	0.7514	-0.1699	-0.2614	0.9502	-14.9744	4.2351	-34.6492	0.0	12	0.0	0.0		3711	0	0
1701883113183	t	nursery_testcue_tearoom_right	0.0	0	0	3.878	652.8960000000001	759.1999999999999	0.7852	3.8299	591.696	864.1600000000001	0.8228	-0.1575	-0.2556	0.9539	-14.0879	4.2752	-34.6754	0.0	12	0.0	0.0		3711	0	0
1701883113191	t	nursery_testcue_tearoom_right	0.0	0	0	3.9048	654.9119999999999	758.88	0.7852	3.7871	594.0	863.1999999999999	0.8228	-0.1632	-0.2493	0.9546	-10.852	4.3681	-34.7778	0.0	12	0.0	0.0		3711	0	0
1701883113200	t	nursery_testcue_tearoom_right	0.0	0	0	3.8735	653.184	759.84	0.8512	3.835	600.048	862.0799999999999	0.938	-0.1693	-0.2362	0.9568	13.583	5.0996	-35.4733	0.0	12	0.0	0.0		3711	0	0
1701883113208	t	nursery_testcue_tearoom_right	0.0	0	0	3.8055	652.32	757.12	0.8521	3.8721	601.6320000000001	864.48	0.9384	-0.1682	-0.2333	0.9577	11.8202	5.0468	-35.4423	0.0	12	0.0	0.0		3711	0	0
1701883113216	t	nursery_testcue_tearoom_right	0.0	0	0	3.8226	650.88	759.04	0.8655	3.8101	598.032	864.64	0.9384	-0.1614	-0.2384	0.9577	8.5059	4.9372	-35.3475	0.0	12	0.0	0.0		3711	0	0
1701883113225	t	nursery_testcue_tearoom_right	0.0	0	0	3.7973	651.168	760.0	0.8655	3.7527	598.3199999999999	877.28	0.9384	-0.165	-0.2607	0.9512	6.7822	4.8873	-35.2981	0.0	12	0.0	0.0		3711	0	0
1701883113233	t	nursery_testcue_tearoom_right	0.0	0	0	3.7177	648.576	758.08	0.8998	3.7054	600.912	868.96	0.9718	-0.1662	-0.2448	0.9552	6.5524	4.8837	-35.2989	0.0	12	0.0	0.0		3711	0	0
1701883113241	t	nursery_testcue_tearoom_right	0.0	0	0	3.8624	646.704	758.08	0.8998	3.7618	603.5039999999999	870.2400000000001	0.9718	-0.1684	-0.2455	0.9546	8.1756	4.9356	-35.345	0.0	12	0.0	0.0		3711	0	0
1701883113249	t	nursery_testcue_tearoom_right	0.0	0	0	3.8727	645.264	758.24	0.9087	3.8052	601.6320000000001	865.76	0.9554	-0.1639	-0.242	0.9563	6.9932	4.9086	-35.3153	0.0	12	0.0	0.0		3711	0	0
1701883113258	t	nursery_testcue_tearoom_right	0.0	0	0	3.7817	643.2479999999999	757.5999999999999	0.9087	3.7554	599.904	869.6	0.9554	-0.1565	-0.2489	0.9558	7.0535	4.9211	-35.3233	0.0	12	0.0	0.0		3711	0	0
1701883113266	t	nursery_testcue_tearoom_right	0.0	0	0	3.8118	643.6800000000001	756.48	0.8861	3.8022	600.624	866.7199999999999	0.9202	-0.1594	-0.2428	0.9569	6.201	4.8965	-35.3056	0.0	12	0.0	0.0		3711	0	0
1701883113274	t	nursery_testcue_tearoom_right	0.0	0	0	3.7884	642.096	758.72	0.8861	3.7731	595.008	864.0	0.9202	-0.1444	-0.2448	0.9588	6.1252	4.8959	-35.2892	0.0	12	0.0	0.0		3711	0	0
1701883113283	t	nursery_testcue_tearoom_right	0.0	0	0	3.8453	641.376	757.9200000000001	0.8432	3.4464	591.12	870.0799999999999	0.8963	-0.1365	-0.2554	0.9572	7.0319	4.933	-35.2944	0.0	12	0.0	0.0		3711	0	0
1701883113291	t	nursery_testcue_tearoom_right	0.0	0	0	3.7536	639.648	756.32	0.8432	3.7649	595.872	862.2400000000001	0.8963	-0.1398	-0.2418	0.9602	7.2858	4.9523	-35.3139	0.0	12	0.0	0.0		3711	0	0
1701883113299	t	nursery_testcue_tearoom_right	0.0	0	0	3.8439	638.3520000000001	755.04	0.7992	3.6092	595.4399999999999	874.24	0.8449	-0.1333	-0.2631	0.9555	8.0394	5.0113	-35.3443	0.0	12	0.0	0.0		3711	0	0
1701883113308	t	nursery_testcue_tearoom_right	0.0	0	0	3.9703	660.24	751.52	0.7992	3.8572	616.7520000000001	858.7199999999999	0.8449	-0.1833	-0.241	0.953	7.8748	5.0697	-35.352	0.0	12	0.0	0.0		3711	0	0
1701883113315	t	nursery_testcue_tearoom_right	0.0	0	0	-1.0	692.496	749.76	0.6014	-1.0	638.064	851.2	0.7008	-1.0	-1.0	-1.0	-1.0	-1.0	-1.0	0.0	12	0.0	0.0		3711	0	0
1701883113324	t	nursery_testcue_tearoom_right	0.0	0	0	-1.0	722.88	742.5600000000001	0.6014	-1.0	662.976	847.5199999999999	0.7008	-1.0	-1.0	-1.0	-1.0	-1.0	-1.0	0.0	12	0.0	0.0		3711	0	0
1701883113332	t	nursery_testcue_tearoom_right	0.0	0	0	-1.0	740.592	766.88	0.2329	-1.0	638.784	855.3599999999999	0.4488	-1.0	-1.0	-1.0	-1.0	-1.0	-1.0	0.0	12	0.0	0.0		3711	0	0
1701883113340	t	nursery_testcue_tearoom_right	0.0	0	0	-1.0	712.8	799.6800000000001	0.2329	-1.0	630.288	827.52	0.4488	-1.0	-1.0	-1.0	-1.0	-1.0	-1.0	0.0	12	0.0	0.0		3711	0	0
1701883113348	t	nursery_testcue_tearoom_right	0.0	0	0	-1.0	-1440.0	-1600.0	0.0	-1.0	639.936	838.72	0.204	-1.0	-1.0	-1.0	-1.0	-1.0	-1.0	0.0	12	0.0	0.0		3711	0	0
1701883113355	t	nursery_testcue_tearoom_right	0.0	0	0	-1.0	-1440.0	-1600.0	0.0	-1.0	-1440.0	-1600.0	0.204	-1.0	-1.0	-1.0	-1.0	-1.0	-1.0	0.0	12	0.0	0.0		3711	0	0
1701883113363	t	nursery_testcue_tearoom_right	0.0	0	0	-1.0	-1440.0	-1600.0	0.0	-1.0	-1440.0	-1600.0	0.1451	-1.0	-1.0	-1.0	-1.0	-1.0	-1.0	0.0	12	0.0	0.0		3711	0	0
1701883113372	t	nursery_testcue_tearoom_right	0.0	0	0	-1.0	-1440.0	-1600.0	0.0	-1.0	-1440.0	-1600.0	0.1451	-1.0	-1.0	-1.0	-1.0	-1.0	-1.0	0.0	12	0.0	0.0		3711	0	0
1701883113380	t	nursery_testcue_tearoom_right	0.0	0	0	-1.0	-1440.0	-1600.0	0.0	-1.0	-1440.0	-1600.0	0.1403	-1.0	-1.0	-1.0	-1.0	-1.0	-1.0	0.0	12	0.0	0.0		3711	0	0
1701883113388	t	nursery_testcue_tearoom_right	0.0	0	0	-1.0	-1440.0	-1600.0	0.0	-1.0	-1440.0	-1600.0	0.1403	-1.0	-1.0	-1.0	-1.0	-1.0	-1.0	0.0	12	0.0	0.0		3711	0	0
1701883113397	t	nursery_testcue_tearoom_right	0.0	0	0	-1.0	-1440.0	-1600.0	0.0	-1.0	-1440.0	-1600.0	0.1409	-1.0	-1.0	-1.0	-1.0	-1.0	-1.0	0.0	12	0.0	0.0		3711	0	0
1701883113405	t	nursery_testcue_tearoom_right	0.0	0	0	-1.0	-1440.0	-1600.0	0.0	-1.0	-1440.0	-1600.0	0.1409	-1.0	-1.0	-1.0	-1.0	-1.0	-1.0	0.0	12	0.0	0.0		3711	0	0
1701883113413	t	nursery_testcue_tearoom_right	0.0	0	0	-1.0	-1440.0	-1600.0	0.0	-1.0	-1440.0	-1600.0	0.1456	-1.0	-1.0	-1.0	-1.0	-1.0	-1.0	0.0	12	0.0	0.0		3711	0	0
1701883113422	t	nursery_testcue_tearoom_right	0.0	0	0	-1.0	-1440.0	-1600.0	0.0	-1.0	-1440.0	-1600.0	0.1456	-1.0	-1.0	-1.0	-1.0	-1.0	-1.0	0.0	12	0.0	0.0		3711	0	0
1701883113430	t	nursery_testcue_tearoom_right	0.0	0	0	-1.0	-1440.0	-1600.0	0.0	-1.0	-1440.0	-1600.0	0.2085	-1.0	-1.0	-1.0	-1.0	-1.0	-1.0	0.0	12	0.0	0.0		3711	0	0
1701883113438	t	nursery_testcue_tearoom_right	0.0	0	0	-1.0	-1440.0	-1600.0	0.0	-1.0	-1440.0	-1600.0	0.2085	-1.0	-1.0	-1.0	-1.0	-1.0	-1.0	0.0	12	0.0	0.0		3711	0	0
1701883113447	t	nursery_testcue_tearoom_right	0.0	0	0	-1.0	-1440.0	-1600.0	0.0	-1.0	-1440.0	-1600.0	0.329	-1.0	-1.0	-1.0	-1.0	-1.0	-1.0	0.0	12	0.0	0.0		3711	0	0
1701883113456	t	nursery_testcue_tearoom_right	0.0	0	0	-1.0	-1440.0	-1600.0	0.0	-1.0	761.904	779.6800000000001	0.329	-1.0	-1.0	-1.0	-1.0	-1.0	-1.0	0.0	12	0.0	0.0		3711	0	0
1701883113465	t	nursery_testcue_tearoom_right	0.0	0	0	-1.0	-1440.0	-1600.0	0.1417	-1.0	798.336	723.68	0.5936	-1.0	-1.0	-1.0	-1.0	-1.0	-1.0	0.0	12	0.0	0.0		3711	0	0
1701883113473	t	nursery_testcue_tearoom_right	0.0	0	0	-1.0	-1440.0	-1600.0	0.1417	-1.0	771.4079999999999	719.0400000000001	0.5936	-1.0	-1.0	-1.0	-1.0	-1.0	-1.0	0.0	12	0.0	0.0		3711	0	0
1701883113482	t	nursery_testcue_tearoom_right	0.0	0	0	-1.0	830.448	645.4399999999999	0.43	-1.0	768.672	707.36	0.7856	-1.0	-1.0	-1.0	-1.0	-1.0	-1.0	0.0	12	0.0	0.0		3711	0	0
1701883113491	t	nursery_testcue_tearoom_right	0.0	0	0	-1.0	830.736	636.8000000000001	0.43	-1.0	767.952	708.48	0.7856	-1.0	-1.0	-1.0	-1.0	-1.0	-1.0	0.0	12	0.0	0.0		3711	0	0
1701883113499	t	nursery_testcue_tearoom_right	0.0	0	0	-1.0	842.6880000000001	614.88	0.7217	-1.0	765.936	707.6800000000001	0.8578	-1.0	-1.0	-1.0	-1.0	-1.0	-1.0	0.0	12	0.0	0.0		3711	0	0
1701883113507	t	nursery_testcue_tearoom_right	0.0	0	0	-1.0	843.9839999999999	623.68	0.7217	-1.0	769.248	706.4	0.8578	-1.0	-1.0	-1.0	-1.0	-1.0	-1.0	0.0	12	0.0	0.0		3711	0	0
1701883113516	t	nursery_testcue_tearoom_right	0.0	0	0	-1.0	847.0079999999999	617.76	0.9022	-1.0	767.952	708.0	0.9312	-1.0	-1.0	-1.0	-1.0	-1.0	-1.0	0.0	12	0.0	0.0		3711	0	0
1701883113524	t	nursery_testcue_tearoom_right	0.0	0	0	-1.0	844.5600000000001	622.88	0.9022	-1.0	766.8	708.16	0.9312	-1.0	-1.0	-1.0	-1.0	-1.0	-1.0	0.0	12	0.0	0.0		3711	0	0
1701883113533	t	nursery_testcue_tearoom_right	0.0	0	0	-1.0	830.304	631.04	1.0	-1.0	756.8639999999999	711.36	1.0	-1.0	-1.0	-1.0	-1.0	-1.0	-1.0	0.0	12	0.0	0.0		3711	0	0
1701883113541	t	nursery_testcue_tearoom_right	0.0	0	0	-1.0	819.648	621.6	1.0	-1.0	749.232	709.76	1.0	-1.0	-1.0	-1.0	-1.0	-1.0	-1.0	0.0	12	0.0	0.0		3711	0	0
1701883113549	t	nursery_testcue_tearoom_right	0.0	0	0	-1.0	805.104	621.44	1.0	-1.0	743.04	715.0400000000001	1.0	-1.0	-1.0	-1.0	-1.0	-1.0	-1.0	0.0	12	0.0	0.0		3711	0	0
1701883113558	t	nursery_testcue_tearoom_right	0.0	0	0	-1.0	796.1759999999999	621.76	1.0	-1.0	730.512	714.4	1.0	-1.0	-1.0	-1.0	-1.0	-1.0	-1.0	0.0	12	0.0	0.0		3711	0	0
1701883113566	t	nursery_testcue_tearoom_right	0.0	0	0	-1.0	785.52	621.12	1.0	-1.0	725.616	713.12	1.0	-1.0	-1.0	-1.0	-1.0	-1.0	-1.0	0.0	12	0.0	0.0		3711	0	0
1701883113575	t	nursery_testcue_tearoom_right	0.0	0	0	-1.0	769.536	623.84	1.0	-1.0	713.808	711.84	1.0	-1.0	-1.0	-1.0	-1.0	-1.0	-1.0	0.0	12	0.0	0.0		3711	0	0
1701883113584	t	nursery_testcue_tearoom_right	0.0	0	0	3.9924	758.016	619.0400000000001	1.0	3.8794	702.432	712.0	1.0	-0.3856	0.0476	0.9214	-11.1419	5.6976	-35.0866	0.0	12	0.0	0.0		3711	0	0
1701883113592	t	nursery_testcue_tearoom_right	0.0	0	0	3.8582	744.768	618.4	1.0	3.9672	691.488	711.68	1.0	-0.362	0.0476	0.9309	-11.199	5.6752	-35.0278	0.0	12	0.0	0.0		3711	0	0
1701883113600	t	nursery_testcue_tearoom_right	0.0	0	0	3.9158	732.2399999999999	614.0799999999999	1.0	3.9595	681.408	713.6	1.0	-0.344	0.0441	0.9379	-11.5113	5.6537	-34.9672	0.0	12	0.0	0.0		3711	0	0
1701883113608	t	nursery_testcue_tearoom_right	0.0	0	0	4.0422	723.888	616.8000000000001	1.0	4.0212	672.48	712.96	1.0	-0.3292	0.0454	0.9431	-10.1794	5.6642	-34.9654	0.0	12	0.0	0.0		3711	0	0
1701883113616	t	nursery_testcue_tearoom_right	0.0	0	0	3.9729	713.376	617.28	1.0	3.9955	663.84	716.16	1.0	-0.3102	0.044	0.9496	15.3799	6.3495	-35.5718	0.0	12	0.0	0.0		3711	0	0
1701883113625	t	nursery_testcue_tearoom_right	0.0	0	0	4.0338	702.288	619.84	1.0	3.9818	655.4879999999999	713.44	1.0	-0.2843	0.0415	0.9578	15.1972	6.3184	-35.5171	0.0	12	0.0	0.0		3711	0	0
1701883113633	t	nursery_testcue_tearoom_right	0.0	0	0	3.9664	690.912	621.12	1.0	3.7687	649.728	715.84	1.0	-0.2701	0.0368	0.9621	-7.2337	5.6429	-34.8183	0.0	12	0.0	0.0		3711	0	0
1701883113641	t	nursery_testcue_tearoom_right	0.0	0	0	3.9539	688.032	622.88	1.0	3.9138	649.872	716.64	1.0	-0.2747	0.0342	0.9609	-25.5833	5.1505	-34.435	0.0	12	0.0	0.0		3711	0	0
1701883113649	t	nursery_testcue_tearoom_right	0.0	0	0	4.0808	720.5759999999999	635.36	1.0	4.0052	672.48	724.64	1.0	-0.3399	0.0268	0.9401	-26.3991	5.0875	-34.5483	0.0	12	0.0	0.0		3711	0	0
1701883113658	t	nursery_testcue_tearoom_right	0.0	0	0	3.936	746.9280000000001	647.36	1.0	3.9253	687.744	732.8000000000001	1.0	-0.3842	0.0117	0.9232	-26.9849	5.043	-34.6148	0.0	12	0.0	0.0		3711	0	0
1701883113666	t	nursery_testcue_tearoom_right	0.0	0	0	3.9234	746.7839999999999	666.08	1.0	3.9425	686.592	741.12	1.0	-0.3744	-0.0078	0.9272	-27.1295	4.9761	-34.5943	0.0	12	0.0	0.0		3711	0	0
1701883113674	t	nursery_testcue_tearoom_right	0.0	0	0	3.9582	767.952	677.6	1.0	4.0395	699.264	753.4399999999999	1.0	-0.4232	-0.0311	0.9055	-27.0978	4.9211	-34.6629	0.0	12	0.0	0.0		3711	0	0
1701883113683	t	nursery_testcue_tearoom_right	0.0	0	0	4.1503	776.1600000000001	693.92	1.0	3.8732	702.0	767.04	1.0	-0.4324	-0.0647	0.8993	-26.8236	4.8546	-34.6765	0.0	12	0.0	0.0		3711	0	0
1701883113691	t	nursery_testcue_tearoom_right	0.0	0	0	3.9779	776.592	701.12	1.0	3.9273	703.7280000000001	779.36	1.0	-0.4395	-0.0882	0.8939	-26.4426	4.7755	-34.6982	0.0	12	0.0	0.0		3711	0	0
1701883113699	t	nursery_testcue_tearoom_right	0.0	0	0	4.0285	774.72	707.2	1.0	4.0243	703.152	784.8	1.0	-0.4337	-0.0935	0.8962	-26.9255	4.6938	-34.6907	0.0	12	0.0	0.0		3711	0	0
1701883113708	t	nursery_testcue_tearoom_right	0.0	0	0	4.126	791.28	714.24	1.0	4.1325	718.56	788.0	1.0	-0.4739	-0.0929	0.8756	-27.4022	4.6778	-34.769	0.0	12	0.0	0.0		3711	0	0
1701883113716	t	nursery_testcue_tearoom_right	0.0	0	0	4.0977	800.496	715.2	1.0	4.1046	727.4879999999999	792.9599999999999	1.0	-0.4868	-0.1031	0.8674	-23.5741	4.7591	-34.9191	0.0	12	0.0	0.0		3711	0	0
1701883113724	t	nursery_testcue_tearoom_right	0.0	0	0	4.0706	791.8560000000001	712.8	1.0	4.0381	724.752	793.12	1.0	-0.455	-0.1025	0.8846	-8.0191	5.1032	-35.2875	0.0	12	0.0	0.0		3711	0	0
1701883113733	t	nursery_testcue_tearoom_right	0.0	0	0	3.9784	783.2160000000001	707.0400000000001	1.0	3.9819	718.704	794.4	1.0	-0.4305	-0.0974	0.8973	8.2619	5.4884	-35.6435	0.0	12	0.0	0.0		3711	0	0
1701883113741	t	nursery_testcue_tearoom_right	0.0	0	0	3.9314	779.472	704.48	1.0	4.061	716.544	787.04	1.0	-0.4314	-0.0841	0.8982	9.4908	5.5277	-35.6632	0.0	12	0.0	0.0		3711	0	0
1701883113749	t	nursery_testcue_tearoom_right	0.0	0	0	4.0788	767.808	703.52	1.0	4.1303	709.776	787.2	1.0	-0.4137	-0.0911	0.9058	7.3989	5.4959	-35.5587	0.0	12	0.0	0.0		3711	0	0
1701883113758	t	nursery_testcue_tearoom_right	0.0	0	0	4.1876	758.304	700.48	1.0	4.1028	699.696	784.8	1.0	-0.3974	-0.0909	0.9131	6.5077	5.4966	-35.4871	0.0	12	0.0	0.0		3711	0	0
1701883113766	t	nursery_testcue_tearoom_right	0.0	0	0	3.9935	747.792	702.08	1.0	4.0756	691.776	784.32	1.0	-0.3824	-0.0988	0.9187	-1.3387	5.308	-35.2505	0.0	12	0.0	0.0		3711	0	0
1701883113774	t	nursery_testcue_tearoom_right	0.0	0	0	4.1912	743.04	700.3199999999999	1.0	4.0534	684.864	785.28	1.0	-0.3761	-0.0987	0.9213	-3.7756	5.2366	-35.1593	0.0	12	0.0	0.0		3711	0	0
1701883113783	t	nursery_testcue_tearoom_right	0.0	0	0	4.0265	733.68	699.36	1.0	4.09	679.104	783.52	1.0	-0.36	-0.0957	0.928	-6.3667	5.1643	-35.071	0.0	12	0.0	0.0		3711	0	0
1701883113791	t	nursery_testcue_tearoom_right	0.0	0	0	4.0339	726.192	695.84	1.0	4.1026	674.64	783.04	1.0	-0.3445	-0.0885	0.9346	-5.9134	5.1564	-35.0651	0.0	12	0.0	0.0		3711	0	0
1701883113800	t	nursery_testcue_tearoom_right	0.0	0	0	4.0346	720.864	695.52	1.0	4.108	671.616	783.04	1.0	-0.3313	-0.0856	0.9396	10.9496	5.5742	-35.4709	0.0	12	0.0	0.0		3711	0	0
1701883113808	t	nursery_testcue_tearoom_right	0.0	0	0	4.0313	714.816	694.88	1.0	4.1779	669.888	783.1999999999999	1.0	-0.3185	-0.0889	0.9437	10.1629	5.5667	-35.4345	0.0	12	0.0	0.0		3711	0	0
1701883113816	t	nursery_testcue_tearoom_right	0.0	0	0	3.8831	707.3280000000001	690.7199999999999	1.0	4.2455	665.424	779.84	1.0	-0.3047	-0.0888	0.9483	-5.7952	5.1976	-35.0191	0.0	12	0.0	0.0		3711	0	0
1701883113825	t	nursery_testcue_tearoom_right	0.0	0	0	3.5802	696.096	691.6800000000001	1.0	4.2278	662.256	776.48	1.0	-0.296	-0.0931	0.9506	-7.1216	5.2013	-34.9471	0.0	12	0.0	0.0		3711	0	0
1701883113833	t	nursery_testcue_tearoom_right	0.0	0	0	3.6666	687.168	689.44	1.0	4.214	654.624	776.32	1.0	-0.2775	-0.0975	0.9558	-8.5852	5.1808	-34.8718	0.0	12	0.0	0.0		3711	0	0
1701883113841	t	nursery_testcue_tearoom_right	0.0	0	0	3.8237	684.576	686.24	1.0	4.1747	649.44	775.36	1.0	-0.2778	-0.0931	0.9561	-8.9906	5.1777	-34.8766	0.0	12	0.0	0.0		3711	0	0
1701883113850	t	nursery_testcue_tearoom_right	0.0	0	0	3.8594	678.9599999999999	687.2	1.0	4.1858	641.52	774.08	1.0	-0.2719	-0.0923	0.9579	-27.3886	4.6906	-34.3721	0.0	12	0.0	0.0		3711	0	0
1701883113858	t	nursery_testcue_tearoom_right	0.0	0	0	3.9511	673.344	684.0	1.0	4.2653	634.4639999999999	774.56	1.0	-0.2513	-0.0896	0.9637	-27.2486	4.6542	-34.3374	0.0	12	0.0	0.0		3711	0	0
1701883113866	t	nursery_testcue_tearoom_right	0.0	0	0	3.9633	668.736	684.8	1.0	4.1705	633.6	772.0	1.0	-0.2547	-0.0788	0.9638	-27.3766	4.6446	-34.3374	0.0	12	0.0	0.0		3711	0	0
1701883113875	t	nursery_testcue_tearoom_right	0.0	0	0	3.9768	663.84	684.48	1.0	4.0037	627.264	775.84	1.0	-0.2339	-0.0953	0.9676	-27.5911	4.6322	-34.3028	0.0	12	0.0	0.0		3711	0	0
1701883113883	t	nursery_testcue_tearoom_right	0.0	0	0	3.9685	660.528	687.04	1.0	3.9732	628.848	771.1999999999999	1.0	-0.2361	-0.0734	0.9689	-27.8914	4.6037	-34.3158	0.0	12	0.0	0.0		3711	0	0
1701883113891	t	nursery_testcue_tearoom_right	0.0	0	0	3.7946	691.1999999999999	716.48	1.0	4.057	649.1519999999999	786.88	1.0	-0.2973	-0.0952	0.95	-28.0324	4.4871	-34.415	0.0	12	0.0	0.0		3711	0	0
1701883113899	t	nursery_testcue_tearoom_right	0.0	0	0	4.0159	728.64	747.2	1.0	3.9748	665.136	820.8000000000001	1.0	-0.3479	-0.1707	0.9218	-28.1528	4.3118	-34.5012	0.0	12	0.0	0.0		3711	0	0
1701883113908	t	nursery_testcue_tearoom_right	0.0	0	0	3.9778	744.192	766.4	1.0	4.1076	670.752	839.84	1.0	-0.3602	-0.2033	0.9104	-28.2192	4.1636	-34.5462	0.0	12	0.0	0.0		3711	0	0
1701883113916	t	nursery_testcue_tearoom_right	0.0	0	0	4.1575	747.216	787.5200000000001	1.0	4.0456	673.0559999999999	857.76	1.0	-0.371	-0.2356	0.8983	-28.1221	4.0328	-34.5938	0.0	12	0.0	0.0		3711	0	0
1701883113924	t	nursery_testcue_tearoom_right	0.0	0	0	4.0529	739.1519999999999	793.12	1.0	3.9513	663.12	865.6	1.0	-0.3511	-0.256	0.9007	-27.9711	3.9765	-34.5485	0.0	12	0.0	0.0		3711	0	0
1701883113933	t	nursery_testcue_tearoom_right	0.0	0	0	4.0132	731.52	800.4799999999999	1.0	4.053	658.8000000000001	875.84	1.0	-0.3419	-0.2843	0.8957	-25.1173	4.0012	-34.6101	0.0	12	0.0	0.0		3711	0	0
1701883113941	t	nursery_testcue_tearoom_right	0.0	0	0	3.9292	730.224	803.36	1.0	4.0667	656.208	875.0400000000001	1.0	-0.3369	-0.2809	0.8986	-26.3404	3.9595	-34.5682	0.0	12	0.0	0.0		3711	0	0
1701883113949	t	nursery_testcue_tearoom_right	0.0	0	0	4.0617	724.4639999999999	797.6	0.9622	3.9249	654.336	875.84	0.8188	-0.3262	-0.2869	0.9007	-25.5815	3.9888	-34.5784	0.0	12	0.0	0.0		3711	0	0
1701883113957	t	nursery_testcue_tearoom_right	0.0	0	0	3.7785	716.1120000000001	796.96	0.9622	3.902	652.464	874.24	0.8188	-0.3146	-0.284	0.9057	-23.3555	4.0477	-34.6297	0.0	12	0.0	0.0		3711	0	0
1701883113966	t	nursery_testcue_tearoom_right	0.0	0	0	3.6903	712.8	793.28	0.9179	3.8793	651.024	871.3599999999999	0.7681	-0.2969	-0.2698	0.916	-2.013	4.5433	-35.2068	0.0	12	0.0	0.0		3711	0	0
1701883113974	t	nursery_testcue_tearoom_right	0.0	0	0	3.8835	708.048	793.28	0.9179	3.8066	646.704	872.1600000000001	0.7681	-0.2856	-0.2754	0.9179	-1.2624	4.5691	-35.2057	0.0	12	0.0	0.0		3711	0	0
1701883113982	t	nursery_testcue_tearoom_right	0.0	0	0	3.9831	705.456	792.0	0.9117	3.9683	644.832	870.4000000000001	0.7696	-0.2829	-0.274	0.9192	-2.9237	4.5458	-35.1551	0.0	12	0.0	0.0		3711	0	0
1701883113991	t	nursery_testcue_tearoom_right	0.0	0	0	3.9334	700.128	790.88	0.9117	3.6834	643.2479999999999	868.6400000000001	0.7696	-0.277	-0.2738	0.921	-4.3549	4.5265	-35.1005	0.0	12	0.0	0.0		3711	0	0
1701883113999	t	nursery_testcue_tearoom_right	0.0	0	0	4.074	697.1039999999999	789.12	0.8877	3.8566	640.6560000000001	864.1600000000001	0.7587	-0.2755	-0.2656	0.9239	-4.278	4.5428	-35.0914	0.0	12	0.0	0.0		3711	0	0
1701883114007	t	nursery_testcue_tearoom_right	0.0	0	0	3.988	692.208	789.12	0.8884	3.7434	636.48	866.56	0.7599	-0.2631	-0.2758	0.9245	-3.2361	4.5829	-35.1004	0.0	12	0.0	0.0		3711	0	0
1701883114016	t	nursery_testcue_tearoom_right	0.0	0	0	3.9827	688.032	786.88	0.8875	3.8361	633.744	865.44	0.7729	-0.2567	-0.2754	0.9264	-2.4417	4.6202	-35.1047	0.0	12	0.0	0.0		3711	0	0
1701883114024	t	nursery_testcue_tearoom_right	0.0	0	0	3.9696	684.288	785.12	0.8875	3.9159	630.0	859.2	0.7729	-0.2477	-0.2636	0.9323	-1.1527	4.6591	-35.1278	0.0	12	0.0	0.0		3711	0	0
1701883114032	t	nursery_testcue_tearoom_right	0.0	0	0	3.9479	678.672	784.9599999999999	0.8832	3.7069	625.968	861.76	0.7781	-0.2356	-0.2709	0.9333	-0.0088	4.6895	-35.1431	0.0	12	0.0	0.0		3711	0	0
1701883114041	t	nursery_testcue_tearoom_right	0.0	0	0	3.9618	673.9200000000001	783.6800000000001	0.8832	3.8302	625.68	859.68	0.7781	-0.2325	-0.2652	0.9358	-0.3502	4.6812	-35.1336	0.0	12	0.0	0.0		3711	0	0
1701883114049	t	nursery_testcue_tearoom_right	0.0	0	0	3.978	669.888	784.64	0.8777	3.7643	623.232	858.7199999999999	0.8702	-0.2258	-0.2652	0.9374	-0.6404	4.6707	-35.1196	0.0	12	0.0	0.0		3711	0	0
1701883114058	t	nursery_testcue_tearoom_right	0.0	0	0	4.0865	668.1600000000001	778.72	0.8777	3.6562	620.64	861.92	0.8702	-0.2236	-0.2641	0.9382	-0.7827	4.6713	-35.1101	0.0	12	0.0	0.0		3711	0	0
1701883114066	t	nursery_testcue_tearoom_right	0.0	0	0	3.9461	664.2719999999999	779.84	0.8663	3.8974	619.2	855.84	0.8167	-0.2169	-0.2553	0.9422	-0.9657	4.67	-35.1	0.0	12	0.0	0.0		3711	0	0
1701883114074	t	nursery_testcue_tearoom_right	0.0	0	0	3.9508	663.408	776.0	0.8663	3.7576	613.008	857.76	0.8167	-0.2051	-0.2563	0.9446	-0.9124	4.6767	-35.0842	0.0	12	0.0	0.0		3711	200	MYKEYWORD 200
