Recording timestamp	type	Scene Name	scene_num	order	djv_reported	PupilDiam_Left	Gaze2d_Left.x	Gaze2d_Left.y	left_eye_openness	PupilDiam_Right	Gaze2d_Right.x	Gaze2d_Right.y	right_eye_openness	gaze_direction_x	gaze_direction_y	gaze_direction_z	gaze_origin_x	gaze_origin_y	gaze_origin_z	gaze_convergence_distance	participant	study_status	scene_familiarity	recall_status	Identifier	Event value	Event message
1701977224209	t	parking_garage_test_cue_gameroom_left	0.0	5	0	4.1466	523.8720000000001	1170.88	1.0	4.0368	551.664	1200.8	1.0	0.4017	0.112	0.9089	-25.1513	-6.3853	-27.479	0.0	18	1.0	0.0		3332	100	MYKEYWORD 100
1701977224217	t	parking_garage_test_cue_gameroom_left	0.0	5	0	4.2678	495.504	1184.8000000000002	1.0	3.9564	523.4399999999999	1213.76	1.0	0.4402	0.0908	0.8933	-27.9166	-6.492	-27.5235	0.0	18	1.0	0.0		3332	0	0
1701977224226	t	parking_garage_test_cue_gameroom_left	0.0	5	0	4.3123	465.984	1193.28	1.0	3.7677	493.34400000000005	1219.04	1.0	0.4854	0.0963	0.8689	-29.3527	-6.5532	-27.6628	0.0	18	1.0	0.0		3332	0	0
1701977224234	t	parking_garage_test_cue_gameroom_left	0.0	5	0	4.6431	446.4	1193.76	0.7144	3.9004	468.0	1236.3200000000002	1.0	0.5254	0.0631	0.8485	-29.8628	-6.6104	-27.7474	0.0	18	1.0	0.0		3332	0	0
1701977224242	t	parking_garage_test_cue_gameroom_left	0.0	5	0	4.0693	431.136	1221.12	0.7159	3.9512	454.752	1240.96	1.0	0.5418	0.074	0.8372	-27.2812	-6.6679	-27.9109	0.0	18	1.0	0.0		3332	0	0
1701977224250	t	parking_garage_test_cue_gameroom_left	0.0	5	0	4.5294	417.59999999999997	1220.96	0.605	4.0051	443.52	1253.76	1.0	0.5624	0.0615	0.8245	-26.6144	-6.755	-27.9867	0.0	18	1.0	0.0		3332	0	0
1701977224259	t	parking_garage_test_cue_gameroom_left	0.0	5	0	4.3676	418.608	1231.68	0.605	3.3594	421.056	1278.88	1.0	0.6229	0.0092	0.7822	-24.9751	-6.7877	-28.0969	0.0	18	1.0	0.0		3332	0	0
1701977224267	t	parking_garage_test_cue_gameroom_left	0.0	5	0	4.2486	421.2	1232.0	0.5781	3.0172	427.104	1289.28	1.0	0.6187	-0.0084	0.7856	-22.4178	-6.8365	-28.0976	0.0	18	1.0	0.0		3332	0	0
1701977224276	t	parking_garage_test_cue_gameroom_left	0.0	5	0	3.907	429.984	1238.4	0.5781	3.9818	462.52799999999996	1265.12	1.0	0.5675	0.0433	0.8222	-18.1938	-6.7926	-28.0523	0.0	18	1.0	0.0		3332	0	0
1701977224284	t	parking_garage_test_cue_gameroom_left	0.0	5	0	3.8073	450.576	1224.9599999999998	0.6114	3.8764	481.968	1260.64	1.0	0.5413	0.0529	0.8391	-13.604	-6.7351	-28.0524	0.0	18	1.0	0.0		3332	0	0
1701977224292	t	parking_garage_test_cue_gameroom_left	0.0	5	0	4.3657	461.95199999999994	1218.5600000000002	0.6114	3.836	492.192	1252.48	1.0	0.546	0.0643	0.8353	16.5814	-6.2016	-28.6503	0.0	18	1.0	0.0		3332	0	0
1701977224301	t	parking_garage_test_cue_gameroom_left	0.0	5	0	4.4151	466.128	1215.52	0.6393	3.7957	502.272	1254.4	1.0	0.5461	0.0628	0.8353	16.607	-6.1783	-28.6096	0.0	18	1.0	0.0		3332	0	0
1701977224309	t	parking_garage_test_cue_gameroom_left	0.0	5	0	4.2073	481.968	1215.8400000000001	0.6393	4.0621	512.784	1244.48	1.0	0.5146	0.0581	0.8554	16.521	-6.1769	-28.5081	0.0	18	1.0	0.0		3332	0	0
1701977224317	t	parking_garage_test_cue_gameroom_left	0.0	5	0	4.2452	487.87199999999996	1205.6	0.6859	3.8526	521.136	1247.04	1.0	0.5105	0.0656	0.8574	18.68	-6.0832	-28.5179	0.0	18	1.0	0.0		3332	0	0
1701977224326	t	parking_garage_test_cue_gameroom_left	0.0	5	0	4.1165	494.64000000000004	1206.72	0.6859	3.9136	534.24	1239.8400000000001	1.0	0.4953	0.0618	0.8665	18.4731	-6.0821	-28.4641	0.0	18	1.0	0.0		3332	0	0
1701977224334	t	parking_garage_test_cue_gameroom_left	0.0	5	0	4.2523	501.408	1200.48	0.7193	3.8527	540.288	1244.1599999999999	1.0	0.4813	0.0613	0.8744	19.2095	-6.0271	-28.4292	0.0	18	1.0	0.0		3332	0	0
1701977224342	t	parking_garage_test_cue_gameroom_left	0.0	5	0	4.0477	504.144	1204.8	0.7193	3.65	546.048	1241.44	1.0	0.4611	0.0438	0.8863	-12.1705	-6.52	-27.7361	0.0	18	1.0	0.0		3332	0	0
1701977224351	t	parking_garage_test_cue_gameroom_left	0.0	5	0	4.0601	509.184	1198.56	0.7748	3.8589	551.808	1230.4	1.0	0.4498	0.07	0.8904	-11.8324	-6.4811	-27.7479	0.0	18	1.0	0.0		3332	0	0
1701977224359	t	parking_garage_test_cue_gameroom_left	0.0	5	0	3.8415	512.208	1193.76	0.7748	3.8879	559.44	1222.72	1.0	0.4461	0.08	0.8914	10.7025	-6.1152	-28.2073	0.0	18	1.0	0.0		3332	0	0
1701977224367	t	parking_garage_test_cue_gameroom_left	0.0	5	0	4.2077	523.008	1182.24	0.8055	3.9326	565.632	1216.96	1.0	0.4135	0.1115	0.9036	10.7206	-6.1202	-28.1987	0.0	18	1.0	0.0		3332	0	0
1701977224376	t	parking_garage_test_cue_gameroom_left	0.0	5	0	4.1033	524.304	1183.84	0.8066	3.9655	567.216	1216.8	1.0	0.4091	0.1057	0.9063	10.6374	-6.1203	-28.1807	0.0	18	1.0	0.0		3332	0	0
1701977224384	t	parking_garage_test_cue_gameroom_left	0.0	5	0	4.0811	526.7520000000001	1183.52	1.0	3.9157	575.2800000000001	1214.4	1.0	0.3945	0.1109	0.9122	10.7413	-6.1386	-28.1727	0.0	18	1.0	0.0		3332	0	0
1701977224393	t	parking_garage_test_cue_gameroom_left	0.0	5	0	4.2316	528.912	1178.4	1.0	3.9086	577.1519999999999	1213.28	1.0	0.3772	0.1237	0.9178	9.2092	-6.1647	-28.1467	0.0	18	1.0	0.0		3332	0	0
1701977224401	t	parking_garage_test_cue_gameroom_left	0.0	5	0	4.2831	502.848	1197.28	1.0	3.9346	552.096	1211.36	1.0	0.429	0.1011	0.8976	6.8934	-6.1984	-28.1935	0.0	18	1.0	0.0		3332	0	0
1701977224409	t	parking_garage_test_cue_gameroom_left	0.0	5	0	4.1702	480.816	1198.24	1.0	3.8149	515.808	1227.36	1.0	0.48	0.09	0.8726	8.31	-6.1789	-28.3537	0.0	18	1.0	0.0		3332	0	0
1701977224417	t	parking_garage_test_cue_gameroom_left	0.0	5	0	4.21	456.48	1201.92	0.8068	3.815	492.33599999999996	1224.32	1.0	0.4989	0.0955	0.8613	-11.2839	-6.4023	-28.0708	0.0	18	1.0	0.0		3332	0	0
1701977224425	t	parking_garage_test_cue_gameroom_left	0.0	5	0	3.8286	436.03200000000004	1212.8	0.8068	3.5496	465.55199999999996	1236.48	1.0	0.5286	0.0681	0.8461	-19.5097	-6.5191	-27.9956	0.0	18	1.0	0.0		3332	0	0
1701977224434	t	parking_garage_test_cue_gameroom_left	0.0	5	0	4.0623	414.144	1214.4	0.6842	3.8148	445.68	1236.96	1.0	0.5522	0.088	0.829	-22.9863	-6.589	-28.0723	0.0	18	1.0	0.0		3332	0	0
1701977224442	t	parking_garage_test_cue_gameroom_left	0.0	5	0	-1.0	387.504	1237.12	0.6842	3.6362	424.656	1250.3999999999999	1.0	0.5819	0.0596	0.8111	-30.3579	-6.7048	-27.9938	0.0	18	1.0	0.0		3332	0	0
1701977224451	t	parking_garage_test_cue_gameroom_left	0.0	5	0	3.9607	384.912	1247.04	0.6104	3.759	405.072	1252.96	1.0	0.6192	0.0707	0.782	-25.2977	-6.6574	-28.2602	0.0	18	1.0	0.0		3332	0	0
1701977224459	t	parking_garage_test_cue_gameroom_left	0.0	5	0	4.2093	380.88	1240.16	0.6104	3.8802	398.30400000000003	1254.72	1.0	0.6246	0.0752	0.7773	-23.5717	-6.6462	-28.3549	0.0	18	1.0	0.0		3332	0	0
1701977224467	t	parking_garage_test_cue_gameroom_left	0.0	5	0	-1.0	360.28799999999995	1251.84	0.5863	-1.0	381.6	1285.44	1.0	-1.0	-1.0	-1.0	-1.0	-1.0	-1.0	0.0	18	1.0	0.0		3332	0	0
1701977224477	t	parking_garage_test_cue_gameroom_left	0.0	5	0	-1.0	347.904	1284.1599999999999	0.5863	-1.0	369.93600000000004	1293.92	1.0	-1.0	-1.0	-1.0	-1.0	-1.0	-1.0	0.0	18	1.0	0.0		3332	0	0
1701977224484	t	parking_garage_test_cue_gameroom_left	0.0	5	0	-1.0	354.67199999999997	1279.36	0.5945	-1.0	365.61600000000004	1288.32	1.0	-1.0	-1.0	-1.0	-1.0	-1.0	-1.0	0.0	18	1.0	0.0		3332	0	0
1701977224493	t	parking_garage_test_cue_gameroom_left	0.0	5	0	-1.0	383.04	1236.1599999999999	0.5945	3.6768	413.42400000000004	1258.3999999999999	1.0	0.6048	0.0645	0.7937	-30.2955	-6.8025	-28.0805	0.0	18	1.0	0.0		3332	0	0
1701977224501	t	parking_garage_test_cue_gameroom_left	0.0	5	0	4.0002	395.856	1247.52	0.6205	3.4465	421.488	1262.24	1.0	0.6203	0.038	0.7835	-4.5583	-6.469	-28.5946	0.0	18	1.0	0.0		3332	0	0
1701977224509	t	parking_garage_test_cue_gameroom_left	0.0	5	0	4.3442	418.608	1231.68	0.6221	3.7515	445.96799999999996	1245.9199999999998	1.0	0.575	0.0784	0.8144	-6.3457	-6.5088	-28.4418	0.0	18	1.0	0.0		3332	0	0
1701977224517	t	parking_garage_test_cue_gameroom_left	0.0	5	0	4.0929	430.272	1222.8799999999999	0.6298	3.8671	470.16	1236.3200000000002	1.0	0.5381	0.0929	0.8377	-10.3072	-6.5426	-28.2458	0.0	18	1.0	0.0		3332	0	0
1701977224526	t	parking_garage_test_cue_gameroom_left	0.0	5	0	4.0341	449.136	1220.96	0.6298	3.646	490.176	1230.72	1.0	0.4984	0.0962	0.8616	-18.3645	-6.6437	-27.9516	0.0	18	1.0	0.0		3332	0	0
1701977224534	t	parking_garage_test_cue_gameroom_left	0.0	5	0	4.1263	469.29600000000005	1206.72	0.6664	3.8894	507.59999999999997	1224.9599999999998	1.0	0.469	0.1158	0.8756	-23.3789	-6.7104	-27.7739	0.0	18	1.0	0.0		3332	0	0
1701977224542	t	parking_garage_test_cue_gameroom_left	0.0	5	0	4.0194	486.43199999999996	1203.04	0.6664	3.8778	524.448	1231.8400000000001	1.0	0.442	0.0885	0.8926	-25.0714	-6.7498	-27.6276	0.0	18	1.0	0.0		3332	0	0
1701977224551	t	parking_garage_test_cue_gameroom_left	0.0	5	0	4.1857	502.704	1195.04	0.7377	3.896	542.592	1225.44	1.0	0.4148	0.1046	0.9039	-21.5902	-6.7017	-27.6504	0.0	18	1.0	0.0		3332	0	0
1701977224559	t	parking_garage_test_cue_gameroom_left	0.0	5	0	4.0748	523.008	1193.28	0.7377	3.7697	561.456	1215.68	1.0	0.3824	0.1235	0.9157	-24.3405	-6.7161	-27.5548	0.0	18	1.0	0.0		3332	0	0
1701977224567	t	parking_garage_test_cue_gameroom_left	0.0	5	0	4.2342	541.584	1183.68	1.0	3.9465	575.136	1213.12	1.0	0.37	0.1325	0.9195	-27.0169	-6.7503	-27.4659	0.0	18	1.0	0.0		3332	0	0
1701977224576	t	parking_garage_test_cue_gameroom_left	0.0	5	0	4.2465	555.264	1178.88	1.0	3.8348	596.448	1212.0	1.0	0.3303	0.1303	0.9348	-26.8022	-6.7526	-27.4108	0.0	18	1.0	0.0		3332	0	0
1701977224584	t	parking_garage_test_cue_gameroom_left	0.0	5	0	4.1811	573.84	1176.0	1.0	3.8992	613.296	1212.96	1.0	0.3014	0.1257	0.9452	-27.8258	-6.7778	-27.3459	0.0	18	1.0	0.0		3332	0	0
1701977224593	t	parking_garage_test_cue_gameroom_left	0.0	5	0	4.0867	588.816	1176.96	1.0	3.944	627.984	1212.16	1.0	0.28	0.1262	0.9517	-29.8257	-6.8133	-27.2756	0.0	18	1.0	0.0		3332	0	0
1701977224601	t	parking_garage_test_cue_gameroom_left	0.0	5	0	4.1975	603.648	1174.08	1.0	3.8777	645.408	1214.0800000000002	1.0	0.2464	0.1169	0.9621	-29.1025	-6.8157	-27.2301	0.0	18	1.0	0.0		3332	0	0
1701977224609	t	parking_garage_test_cue_gameroom_left	0.0	5	0	3.9846	620.496	1175.0400000000002	1.0	3.8185	659.664	1211.36	1.0	0.224	0.122	0.9669	-27.7498	-6.7911	-27.235	0.0	18	1.0	0.0		3332	0	0
1701977224618	t	parking_garage_test_cue_gameroom_left	0.0	5	0	3.8088	630.72	1177.6	1.0	3.8298	673.0559999999999	1209.44	1.0	0.1995	0.1228	0.9722	-28.569	-6.7558	-27.2966	0.0	18	1.0	0.0		3332	0	0
1701977224626	t	parking_garage_test_cue_gameroom_left	0.0	5	0	4.0715	621.792	1174.56	1.0	3.742	665.2800000000001	1210.08	1.0	0.2162	0.1272	0.968	-25.6972	-6.7652	-27.28	0.0	18	1.0	0.0		3332	0	0
1701977224634	t	parking_garage_test_cue_gameroom_left	0.0	5	0	4.1777	588.096	1180.64	1.0	3.9132	632.016	1214.24	1.0	0.2952	0.1292	0.9466	-19.6609	-6.7154	-27.4686	0.0	18	1.0	0.0		3332	0	0
1701977224642	t	parking_garage_test_cue_gameroom_left	0.0	5	0	4.2422	564.768	1186.08	1.0	3.8973	605.52	1220.8	1.0	0.3354	0.1185	0.9346	-16.3744	-6.6969	-27.5753	0.0	18	1.0	0.0		3332	0	0
1701977224651	t	parking_garage_test_cue_gameroom_left	0.0	5	0	4.0668	546.048	1202.72	1.0	3.7643	582.48	1219.84	1.0	0.3673	0.1208	0.9222	-13.767	-6.7085	-27.6997	0.0	18	1.0	0.0		3332	0	0
1701977224659	t	parking_garage_test_cue_gameroom_left	0.0	5	0	4.0527	534.528	1213.44	1.0	4.0746	562.0319999999999	1230.0800000000002	1.0	0.4037	0.1036	0.909	-11.6611	-6.7399	-27.7784	0.0	18	1.0	0.0		3332	0	0
1701977224667	t	parking_garage_test_cue_gameroom_left	0.0	5	0	4.0475	521.424	1220.48	1.0	4.1169	552.6719999999999	1236.48	1.0	0.4276	0.0955	0.8989	-13.5181	-6.8054	-27.7742	0.0	18	1.0	0.0		3332	0	0
1701977224675	t	parking_garage_test_cue_gameroom_left	0.0	5	0	4.0692	525.6	1213.92	1.0	4.005	557.712	1236.8	1.0	0.4179	0.0965	0.9034	-16.6579	-6.8348	-27.6988	0.0	18	1.0	0.0		3332	0	0
1701977224684	t	parking_garage_test_cue_gameroom_left	0.0	5	0	4.1843	545.472	1210.08	0.8012	3.7213	577.5840000000001	1233.44	1.0	0.373	0.0967	0.9228	-16.9081	-6.8369	-27.6226	0.0	18	1.0	0.0		3332	0	0
1701977224692	t	parking_garage_test_cue_gameroom_left	0.0	5	0	4.1008	551.664	1208.16	0.8012	3.7803	592.992	1221.28	1.0	0.3575	0.1225	0.9259	-12.7016	-6.7641	-27.6954	0.0	18	1.0	0.0		3332	0	0
1701977224701	t	parking_garage_test_cue_gameroom_left	0.0	5	0	4.3222	560.448	1194.4	1.0	3.7986	600.192	1224.48	1.0	0.3585	0.1219	0.9255	-2.6698	-6.5967	-27.8545	0.0	18	1.0	0.0		3332	0	0
1701977224710	t	parking_garage_test_cue_gameroom_left	0.0	5	0	4.1418	574.5600000000001	1192.8000000000002	1.0	3.9271	611.28	1219.04	1.0	0.3422	0.1196	0.932	5.7149	-6.4409	-27.9561	0.0	18	1.0	0.0		3332	0	0
1701977224717	t	parking_garage_test_cue_gameroom_left	0.0	5	0	4.289	584.496	1184.6399999999999	1.0	3.8172	622.6560000000001	1218.24	1.0	0.3158	0.1259	0.9404	-3.8264	-6.5363	-27.7582	0.0	18	1.0	0.0		3332	0	0
1701977224726	t	parking_garage_test_cue_gameroom_left	0.0	5	0	4.3354	592.992	1182.8799999999999	1.0	3.9175	635.472	1216.48	1.0	0.2912	0.1207	0.949	-7.2875	-6.5463	-27.6572	0.0	18	1.0	0.0		3332	0	0
1701977224734	t	parking_garage_test_cue_gameroom_left	0.0	5	0	4.2128	602.928	1177.1200000000001	1.0	3.986	642.096	1216.48	1.0	0.2821	0.1216	0.9516	-9.1915	-6.5484	-27.6039	0.0	18	1.0	0.0		3332	0	0
1701977224744	t	parking_garage_test_cue_gameroom_left	0.0	5	0	4.2236	612.432	1173.12	1.0	3.966	652.752	1216.16	1.0	0.2584	0.121	0.9584	-11.8011	-6.5741	-27.5337	0.0	18	1.0	0.0		3332	0	0
1701977224751	t	parking_garage_test_cue_gameroom_left	0.0	5	0	4.178	620.64	1172.16	1.0	4.0108	661.248	1214.24	1.0	0.2468	0.122	0.9613	-10.3112	-6.5314	-27.5483	0.0	18	1.0	0.0		3332	0	0
1701977224759	t	parking_garage_test_cue_gameroom_left	0.0	5	0	4.0363	630.864	1174.08	1.0	4.0177	670.608	1211.04	1.0	0.228	0.1209	0.9661	-10.2771	-6.5152	-27.5262	0.0	18	1.0	0.0		3332	0	0
1701977224767	t	parking_garage_test_cue_gameroom_left	0.0	5	0	4.1907	637.3439999999999	1171.2	1.0	4.1348	678.816	1204.8	1.0	0.2125	0.1366	0.9676	-12.2044	-6.5149	-27.5177	0.0	18	1.0	0.0		3332	0	0
1701977224776	t	parking_garage_test_cue_gameroom_left	0.0	5	0	4.1857	645.696	1165.28	1.0	4.0354	685.152	1202.08	1.0	0.1988	0.1446	0.9693	-14.7537	-6.5393	-27.4542	0.0	18	1.0	0.0		3332	0	0
1701977224784	t	parking_garage_test_cue_gameroom_left	0.0	5	0	4.1467	651.168	1163.8400000000001	1.0	4.059	691.776	1199.3600000000001	1.0	0.1876	0.15	0.9707	-15.3869	-6.5269	-27.4603	0.0	18	1.0	0.0		3332	0	0
1701977224793	t	parking_garage_test_cue_gameroom_left	0.0	5	0	4.2011	660.528	1162.56	1.0	3.9371	699.408	1199.52	1.0	0.1667	0.143	0.9756	-16.1043	-6.5021	-27.4569	0.0	18	1.0	0.0		3332	0	0
1701977224801	t	parking_garage_test_cue_gameroom_left	0.0	5	0	4.0241	671.184	1160.48	1.0	4.0138	706.176	1200.48	1.0	0.1496	0.1385	0.979	-14.5817	-6.4642	-27.4721	0.0	18	1.0	0.0		3332	0	0
1701977224809	t	parking_garage_test_cue_gameroom_left	0.0	5	0	4.0841	674.928	1156.0	1.0	4.0228	710.64	1200.32	1.0	0.1446	0.1411	0.9794	-11.4032	-6.3999	-27.5207	0.0	18	1.0	0.0		3332	0	0
1701977224818	t	parking_garage_test_cue_gameroom_left	0.0	5	0	4.041	680.688	1155.36	1.0	3.9008	717.696	1199.04	1.0	0.1298	0.1373	0.982	-8.4232	-6.3209	-27.5654	0.0	18	1.0	0.0		3332	0	0
1701977224826	t	parking_garage_test_cue_gameroom_left	0.0	5	0	4.1703	684.0	1154.0800000000002	1.0	3.9733	725.76	1198.08	1.0	0.1182	0.1394	0.9831	-6.6109	-6.2769	-27.5956	0.0	18	1.0	0.0		3332	0	0
1701977224834	t	parking_garage_test_cue_gameroom_left	0.0	5	0	4.0952	691.488	1155.36	1.0	3.9362	730.656	1197.12	1.0	0.1058	0.1342	0.9853	-5.2472	-6.2358	-27.6042	0.0	18	1.0	0.0		3332	0	0
1701977224842	t	parking_garage_test_cue_gameroom_left	0.0	5	0	4.0491	694.5120000000001	1152.8	1.0	4.0924	737.568	1194.5600000000002	1.0	0.0974	0.1355	0.986	-5.5916	-6.205	-27.5763	0.0	18	1.0	0.0		3332	0	0
1701977224851	t	parking_garage_test_cue_gameroom_left	0.0	5	0	4.0853	698.544	1150.88	1.0	3.9657	740.304	1196.16	1.0	0.0942	0.1255	0.9876	-4.9283	-6.1448	-27.5976	0.0	18	1.0	0.0		3332	0	0
1701977224859	t	parking_garage_test_cue_gameroom_left	0.0	5	0	3.996	704.304	1150.3999999999999	1.0	3.8989	745.1999999999999	1190.24	1.0	0.0803	0.1322	0.988	-5.2894	-6.1262	-27.583	0.0	18	1.0	0.0		3332	0	0
1701977224867	t	parking_garage_test_cue_gameroom_left	0.0	5	0	4.1058	711.072	1148.16	1.0	3.9453	750.672	1188.96	1.0	0.0665	0.1323	0.989	-5.2255	-6.0972	-27.5665	0.0	18	1.0	0.0		3332	0	0
1701977224876	t	parking_garage_test_cue_gameroom_left	0.0	5	0	4.1626	713.52	1148.0	1.0	3.9561	755.28	1188.64	1.0	0.0596	0.128	0.99	-3.6382	-6.0517	-27.5656	0.0	18	1.0	0.0		3332	0	0
1701977224884	t	parking_garage_test_cue_gameroom_left	0.0	5	0	4.0249	715.68	1144.32	1.0	3.9661	757.728	1187.04	1.0	0.0512	0.1274	0.9905	1.7987	-5.9279	-27.6378	0.0	18	1.0	0.0		3332	0	0
1701977224892	t	parking_garage_test_cue_gameroom_left	0.0	5	0	3.8042	696.384	1127.36	1.0	3.7721	737.1360000000001	1172.96	1.0	0.1008	0.1636	0.9814	-1.9229	-5.8723	-27.6598	0.0	18	1.0	0.0		3332	0	0
1701977224901	t	parking_garage_test_cue_gameroom_left	0.0	5	0	4.0832	677.664	1118.3999999999999	1.0	4.0274	713.952	1158.24	1.0	0.1457	0.1888	0.9711	-4.7331	-5.7876	-27.668	0.0	18	1.0	0.0		3332	0	0
1701977224909	t	parking_garage_test_cue_gameroom_left	0.0	5	0	4.1759	679.68	1113.76	1.0	4.0033	707.472	1149.12	1.0	0.1357	0.195	0.9714	-8.2198	-5.7333	-27.6227	0.0	18	1.0	0.0		3332	0	0
1701977224917	t	parking_garage_test_cue_gameroom_left	0.0	5	0	4.0022	680.4	1109.92	1.0	3.9384	711.504	1148.0	1.0	0.1245	0.1917	0.9735	-12.6679	-5.7491	-27.5505	0.0	18	1.0	0.0		3332	0	0
1701977224926	t	parking_garage_test_cue_gameroom_left	0.0	5	0	4.0748	683.712	1112.3200000000002	1.0	3.8988	718.1279999999999	1147.52	1.0	0.113	0.1816	0.9769	-13.9324	-5.7292	-27.5088	0.0	18	1.0	0.0		3332	0	0
1701977224934	t	parking_garage_test_cue_gameroom_left	0.0	5	0	3.9771	681.12	1109.76	0.8782	3.869	716.976	1145.44	0.9192	0.1263	0.1882	0.974	-13.6314	-5.7133	-27.5308	0.0	18	1.0	0.0		3332	0	0
1701977224942	t	parking_garage_test_cue_gameroom_left	0.0	5	0	4.0102	685.7280000000001	1105.28	0.8782	3.7794	720.144	1142.24	0.9192	0.1197	0.1956	0.9733	-10.8649	-5.6479	-27.5816	0.0	18	1.0	0.0		3332	0	0
1701977224950	t	parking_garage_test_cue_gameroom_left	0.0	5	0	4.0516	688.032	1103.04	0.8762	3.8146	724.752	1138.8799999999999	0.9262	0.1108	0.2025	0.973	8.3379	-5.3655	-27.8757	0.0	18	1.0	0.0		3332	0	0
1701977224959	t	parking_garage_test_cue_gameroom_left	0.0	5	0	3.9841	689.04	1098.08	0.8762	3.7473	728.928	1139.36	0.9262	0.1079	0.2076	0.9722	6.2223	-5.3688	-27.8557	0.0	18	1.0	0.0		3332	0	0
1701977224967	t	parking_garage_test_cue_gameroom_left	0.0	5	0	3.8831	694.656	1100.96	0.8728	3.7887	730.512	1138.24	0.9244	0.0992	0.1952	0.9757	3.4459	-5.3808	-27.7876	0.0	18	1.0	0.0		3332	0	0
1701977224975	t	parking_garage_test_cue_gameroom_left	0.0	5	0	4.04	697.536	1099.04	0.8728	3.7487	732.672	1138.72	0.9244	0.0922	0.1989	0.9757	1.46	-5.4062	-27.7618	0.0	18	1.0	0.0		3332	0	0
1701977224984	t	parking_garage_test_cue_gameroom_left	0.0	5	0	4.0054	698.4	1097.76	0.8822	3.83	737.9999999999999	1136.1599999999999	0.9023	0.0875	0.2063	0.9746	1.731	-5.3978	-27.7783	0.0	18	1.0	0.0		3332	0	0
1701977224992	t	parking_garage_test_cue_gameroom_left	0.0	5	0	3.8914	702.8639999999999	1099.2	0.8822	3.5852	739.008	1136.8	0.9023	0.0825	0.2008	0.9762	0.6879	-5.4184	-27.7542	0.0	18	1.0	0.0		3332	0	0
1701977225000	t	parking_garage_test_cue_gameroom_left	0.0	5	0	3.729	705.456	1097.28	0.8879	3.6482	742.4639999999999	1136.48	0.8952	0.0764	0.2041	0.976	-0.3433	-5.4295	-27.7439	0.0	18	1.0	0.0		3332	0	0
1701977225009	t	parking_garage_test_cue_gameroom_left	0.0	5	0	3.9047	705.888	1097.92	0.8879	3.6458	743.616	1139.04	0.8952	0.0782	0.1987	0.9769	0.0804	-5.4233	-27.74	0.0	18	1.0	0.0		3332	0	0
1701977225017	t	parking_garage_test_cue_gameroom_left	0.0	5	0	3.7233	709.3439999999999	1095.52	0.9016	3.654	746.064	1133.76	0.8617	0.071	0.2084	0.9754	0.3107	-5.3987	-27.7614	0.0	18	1.0	0.0		3332	0	0
1701977225025	t	parking_garage_test_cue_gameroom_left	0.0	5	0	3.9224	710.64	1092.8000000000002	0.9016	3.6754	747.36	1135.2	0.8617	0.0692	0.2086	0.9755	-0.3795	-5.3915	-27.7492	0.0	18	1.0	0.0		3332	0	0
1701977225034	t	parking_garage_test_cue_gameroom_left	0.0	5	0	3.822	712.6560000000001	1094.4	0.9115	3.6967	749.664	1136.96	0.8736	0.0662	0.1983	0.9779	-0.5827	-5.3803	-27.7322	0.0	18	1.0	0.0		3332	0	0
1701977225042	t	parking_garage_test_cue_gameroom_left	0.0	5	0	3.8719	711.6479999999999	1092.96	0.9121	3.6895	751.6800000000001	1136.3200000000002	0.8743	0.0654	0.2011	0.9774	0.3223	-5.3574	-27.7494	0.0	18	1.0	0.0		3332	0	0
1701977225051	t	parking_garage_test_cue_gameroom_left	0.0	5	0	3.9472	713.52	1092.32	0.9296	3.746	754.7040000000001	1134.08	0.8771	0.0525	0.2115	0.976	0.8846	-5.3666	-27.7767	0.0	18	1.0	0.0		3332	0	0
1701977225059	t	parking_garage_test_cue_gameroom_left	0.0	5	0	3.9029	714.672	1092.48	0.9296	3.6498	756.8639999999999	1133.92	0.8771	0.0499	0.2124	0.9759	0.9906	-5.3729	-27.7775	0.0	18	1.0	0.0		3332	0	0
1701977225067	t	parking_garage_test_cue_gameroom_left	0.0	5	0	3.8537	718.848	1095.52	0.9256	3.7259	758.88	1134.08	0.8762	0.0393	0.2087	0.9772	1.2817	-5.3824	-27.7733	0.0	18	1.0	0.0		3332	0	0
1701977225076	t	parking_garage_test_cue_gameroom_left	0.0	5	0	3.8616	716.832	1094.4	0.9256	3.6239	756.7199999999999	1137.92	0.8762	0.0481	0.2039	0.9778	1.2074	-5.3874	-27.7674	0.0	18	1.0	0.0		3332	0	0
1701977225084	t	parking_garage_test_cue_gameroom_left	0.0	5	0	3.7153	718.416	1091.2	0.9392	3.6842	758.5920000000001	1136.64	0.8845	0.0439	0.2094	0.9768	1.1298	-5.3738	-27.7771	0.0	18	1.0	0.0		3332	0	0
1701977225092	t	parking_garage_test_cue_gameroom_left	0.0	5	0	3.7973	720.0	1094.08	0.9392	3.6297	758.016	1135.52	0.8845	0.0433	0.2049	0.9778	0.731	-5.3777	-27.762	0.0	18	1.0	0.0		3332	0	0
1701977225101	t	parking_garage_test_cue_gameroom_left	0.0	5	0	3.7636	719.856	1091.04	0.9562	3.6118	759.312	1136.0	0.8837	0.0428	0.2077	0.9772	0.491	-5.3696	-27.7651	0.0	18	1.0	0.0		3332	0	0
1701977225109	t	parking_garage_test_cue_gameroom_left	0.0	5	0	3.7995	721.44	1092.32	0.9562	3.6473	760.896	1133.92	0.8837	0.0379	0.2089	0.9772	0.5756	-5.3656	-27.7661	0.0	18	1.0	0.0		3332	0	0
1701977225117	t	parking_garage_test_cue_gameroom_left	0.0	5	0	3.7454	723.168	1092.48	0.9605	3.6977	765.072	1133.28	0.9007	0.0277	0.2098	0.9774	0.2085	-5.3699	-27.763	0.0	18	1.0	0.0		3332	0	0
1701977225126	t	parking_garage_test_cue_gameroom_left	0.0	5	0	3.7603	724.176	1090.24	0.9605	3.6931	765.216	1133.28	0.9007	0.0266	0.2137	0.9765	0.0469	-5.3696	-27.7676	0.0	18	1.0	0.0		3332	0	0
1701977225134	t	parking_garage_test_cue_gameroom_left	0.0	5	0	3.7508	723.744	1091.3600000000001	0.9729	3.7489	765.36	1134.08	0.9054	0.0291	0.2112	0.977	0.2081	-5.3708	-27.7664	0.0	18	1.0	0.0		3332	0	0
1701977225142	t	parking_garage_test_cue_gameroom_left	0.0	5	0	3.7175	723.4559999999999	1093.28	0.9729	3.6677	764.784	1135.2	0.9054	0.031	0.2056	0.9781	0.3851	-5.3726	-27.7633	0.0	18	1.0	0.0		3332	0	0
1701977225151	t	parking_garage_test_cue_gameroom_left	0.0	5	0	3.7349	724.896	1090.4	0.9881	3.659	765.36	1134.24	0.9273	0.0267	0.2121	0.9769	0.5431	-5.3649	-27.7745	0.0	18	1.0	0.0		3332	0	0
1701977225159	t	parking_garage_test_cue_gameroom_left	0.0	5	0	3.598	724.608	1094.5600000000002	0.9881	3.6346	764.784	1135.04	0.9273	0.0288	0.201	0.9792	0.3169	-5.3688	-27.757	0.0	18	1.0	0.0		3332	0	0
1701977225167	t	parking_garage_test_cue_gameroom_left	0.0	5	0	3.6511	724.896	1090.8799999999999	0.9987	3.539	765.792	1134.08	0.948	0.0257	0.205	0.9784	0.2391	-5.3453	-27.7614	0.0	18	1.0	0.0		3332	0	0
1701977225176	t	parking_garage_test_cue_gameroom_left	0.0	5	0	3.7102	725.904	1090.08	0.9987	3.7048	765.36	1132.48	0.9483	0.0249	0.2074	0.9779	-0.4925	-5.3405	-27.7528	0.0	18	1.0	0.0		3332	0	0
1701977225184	t	parking_garage_test_cue_gameroom_left	0.0	5	0	3.7508	725.616	1090.8799999999999	0.9934	3.6524	766.368	1132.96	0.946	0.0238	0.2038	0.9787	-0.6789	-5.3395	-27.7459	0.0	18	1.0	0.0		3332	0	0
1701977225192	t	parking_garage_test_cue_gameroom_left	0.0	5	0	3.8434	725.472	1087.2	0.9934	3.6035	767.2320000000001	1132.48	0.946	0.0223	0.2108	0.9772	-0.9649	-5.3348	-27.7528	0.0	18	1.0	0.0		3332	0	0
1701977225201	t	parking_garage_test_cue_gameroom_left	0.0	5	0	3.6149	726.3359999999999	1091.04	0.9897	3.6239	767.808	1132.48	0.9157	0.021	0.2029	0.979	-1.0844	-5.34	-27.7402	0.0	18	1.0	0.0		3332	0	0
1701977225209	t	parking_garage_test_cue_gameroom_left	0.0	5	0	3.6334	726.048	1089.4399999999998	0.9897	3.6033	768.3839999999999	1132.48	0.9157	0.0206	0.2056	0.9784	-1.0114	-5.3371	-27.744	0.0	18	1.0	0.0		3332	0	0
1701977225217	t	parking_garage_test_cue_gameroom_left	0.0	5	0	3.6323	726.048	1088.32	0.9873	3.5848	768.672	1132.48	0.9121	0.0208	0.2075	0.978	-1.1978	-5.3377	-27.7478	0.0	18	1.0	0.0		3332	0	0
1701977225226	t	parking_garage_test_cue_gameroom_left	0.0	5	0	3.6148	726.624	1088.64	0.9873	3.6029	768.96	1132.48	0.9121	0.0199	0.2064	0.9783	-1.3177	-5.3384	-27.7448	0.0	18	1.0	0.0		3332	0	0
1701977225234	t	parking_garage_test_cue_gameroom_left	0.0	5	0	3.6046	727.3439999999999	1089.12	0.9708	3.5847	768.96	1132.32	0.9009	0.0187	0.2056	0.9784	-1.3295	-5.3384	-27.7442	0.0	18	1.0	0.0		3332	0	0
1701977225242	t	parking_garage_test_cue_gameroom_left	0.0	5	0	3.6145	727.3439999999999	1088.64	0.9708	3.5667	769.104	1132.32	0.9009	0.0188	0.2064	0.9783	-1.2079	-5.3364	-27.7464	0.0	18	1.0	0.0		3332	0	0
1701977225251	t	parking_garage_test_cue_gameroom_left	0.0	5	0	3.6705	727.2	1088.0	0.9825	3.5655	769.248	1132.32	0.9064	0.0189	0.2078	0.978	-1.272	-5.3365	-27.7457	0.0	18	1.0	0.0		3332	0	0
1701977225259	t	parking_garage_test_cue_gameroom_left	0.0	5	0	3.7259	727.3439999999999	1087.36	0.9825	3.5824	771.2639999999999	1131.04	0.9064	0.0168	0.2061	0.9784	-1.1921	-5.3069	-27.7461	0.0	18	1.0	0.0		3332	0	0
1701977225267	t	parking_garage_test_cue_gameroom_left	0.0	5	0	3.7007	727.2	1087.36	0.9759	3.558	771.4079999999999	1132.0	0.9001	0.0172	0.2028	0.9791	-0.6019	-5.292	-27.7508	0.0	18	1.0	0.0		3332	0	0
1701977225276	t	parking_garage_test_cue_gameroom_left	0.0	5	0	3.6956	727.3439999999999	1087.2	0.9759	3.5269	771.984	1130.72	0.9001	0.0156	0.204	0.9788	-0.4497	-5.2825	-27.756	0.0	18	1.0	0.0		3332	0	0
1701977225284	t	parking_garage_test_cue_gameroom_left	0.0	5	0	3.6846	727.3439999999999	1087.36	0.9792	3.5897	770.688	1129.92	0.888	0.0176	0.2047	0.9787	-0.1394	-5.273	-27.7621	0.0	18	1.0	0.0		3332	0	0
1701977225292	t	parking_garage_test_cue_gameroom_left	0.0	5	0	3.6931	727.3439999999999	1087.2	0.9792	3.5788	771.5520000000001	1129.44	0.888	0.0161	0.2056	0.9785	-0.0622	-5.2704	-27.7645	0.0	18	1.0	0.0		3332	0	0
1701977225301	t	parking_garage_test_cue_gameroom_left	0.0	5	0	3.6829	727.3439999999999	1087.36	0.9733	3.5646	771.2639999999999	1129.92	0.8805	0.0162	0.204	0.9788	-0.4464	-5.2746	-27.7598	0.0	18	1.0	0.0		3332	0	0
1701977225309	t	parking_garage_test_cue_gameroom_left	0.0	5	0	3.6725	727.4879999999999	1087.36	0.9735	3.5469	771.4079999999999	1130.72	0.8812	0.0158	0.2021	0.9792	-0.3554	-5.2723	-27.7604	0.0	18	1.0	0.0		3332	0	0
1701977225317	t	parking_garage_test_cue_gameroom_left	0.0	5	0	3.6574	727.4879999999999	1087.36	0.9808	3.5651	771.2639999999999	1129.92	0.8971	0.0158	0.2039	0.9789	-0.2958	-5.2731	-27.7622	0.0	18	1.0	0.0		3332	0	0
1701977225326	t	parking_garage_test_cue_gameroom_left	0.0	5	0	3.6429	727.632	1087.36	0.9808	3.565	771.4079999999999	1130.56	0.8971	0.0157	0.2031	0.979	-0.4136	-5.2765	-27.7609	0.0	18	1.0	0.0		3332	0	0
1701977225334	t	parking_garage_test_cue_gameroom_left	0.0	5	0	3.6295	727.776	1087.36	0.9738	3.5642	771.5520000000001	1130.4	0.9005	0.0151	0.2033	0.979	-0.4997	-5.2789	-27.76	0.0	18	1.0	0.0		3332	0	0
1701977225342	t	parking_garage_test_cue_gameroom_left	0.0	5	0	3.6162	728.0640000000001	1087.36	0.9738	3.5652	771.84	1130.56	0.9005	0.014	0.2031	0.979	-0.5486	-5.2804	-27.7594	0.0	18	1.0	0.0		3332	0	0
1701977225351	t	parking_garage_test_cue_gameroom_left	0.0	5	0	3.6425	728.2080000000001	1087.36	0.9729	3.5664	772.272	1130.72	0.8901	0.0129	0.203	0.9791	-0.4276	-5.2783	-27.762	0.0	18	1.0	0.0		3332	0	0
1701977225359	t	parking_garage_test_cue_gameroom_left	0.0	5	0	3.6421	728.3520000000001	1087.36	0.9729	3.565	772.272	1130.8799999999999	0.8901	0.0125	0.2029	0.9791	-0.3247	-5.2772	-27.7639	0.0	18	1.0	0.0		3332	0	0
1701977225367	t	parking_garage_test_cue_gameroom_left	0.0	5	0	3.6418	728.928	1087.52	0.9714	3.566	772.272	1131.04	0.8828	0.0115	0.2028	0.9791	-0.3501	-5.2789	-27.7642	0.0	18	1.0	0.0		3332	0	0
1701977225376	t	parking_garage_test_cue_gameroom_left	0.0	5	0	3.5984	729.2159999999999	1088.32	0.9714	3.5771	772.4159999999999	1131.04	0.8828	0.0108	0.2012	0.9795	0.0179	-5.2735	-27.7707	0.0	18	1.0	0.0		3332	0	0
1701977225384	t	parking_garage_test_cue_gameroom_left	0.0	5	0	3.5974	729.2159999999999	1088.48	0.9778	3.5883	772.704	1131.04	0.8788	0.0105	0.2008	0.9796	-0.5115	-5.2813	-27.7641	0.0	18	1.0	0.0		3332	0	0
1701977225392	t	parking_garage_test_cue_gameroom_left	0.0	5	0	3.5958	729.504	1088.48	0.9778	3.5768	772.704	1131.2	0.8788	0.01	0.2007	0.9796	-0.6342	-5.284	-27.7628	0.0	18	1.0	0.0		3332	0	0
1701977225401	t	parking_garage_test_cue_gameroom_left	0.0	5	0	3.5959	729.504	1088.48	0.9833	3.5659	772.704	1131.36	0.8799	0.0099	0.2004	0.9797	-0.673	-5.2848	-27.7624	0.0	18	1.0	0.0		3332	0	0
1701977225409	t	parking_garage_test_cue_gameroom_left	0.0	5	0	3.5836	729.504	1088.64	0.9833	3.5635	773.1360000000001	1131.36	0.8799	0.0094	0.2005	0.9796	-0.6763	-5.286	-27.7626	0.0	18	1.0	0.0		3332	0	0
1701977225417	t	parking_garage_test_cue_gameroom_left	0.0	5	0	3.5745	729.504	1088.8	0.988	3.5662	773.856	1131.36	0.8957	0.0085	0.2002	0.9797	-0.623	-5.2861	-27.7635	0.0	18	1.0	0.0		3332	0	0
1701977225426	t	parking_garage_test_cue_gameroom_left	0.0	5	0	3.5728	730.512	1089.12	0.988	3.5677	773.856	1131.04	0.8957	0.0076	0.2006	0.9796	-0.5363	-5.2878	-27.7652	0.0	18	1.0	0.0		3332	0	0
1701977225434	t	parking_garage_test_cue_gameroom_left	0.0	5	0	3.5539	730.656	1089.28	0.9922	3.5899	774.144	1131.04	0.8925	0.0074	0.2008	0.9796	-0.4518	-5.2883	-27.7667	0.0	18	1.0	0.0		3332	0	0
1701977225442	t	parking_garage_test_cue_gameroom_left	0.0	5	0	3.5543	730.9440000000001	1089.28	0.9923	3.5928	774.4319999999999	1131.36	0.8932	0.0067	0.2009	0.9796	-0.348	-5.2886	-27.7688	0.0	18	1.0	0.0		3332	0	0
1701977225451	t	parking_garage_test_cue_gameroom_left	0.0	5	0	3.5723	730.9440000000001	1089.6000000000001	1.0	3.59	774.72	1131.36	1.0	0.0061	0.2005	0.9797	-0.1546	-5.287	-27.7719	0.0	18	1.0	0.0		3332	0	0
1701977225459	t	parking_garage_test_cue_gameroom_left	0.0	5	0	3.5727	731.0880000000001	1089.76	1.0	3.6108	774.864	1131.36	1.0	0.0057	0.2009	0.9796	-0.0494	-5.2868	-27.7745	0.0	18	1.0	0.0		3332	0	0
1701977225468	t	parking_garage_test_cue_gameroom_left	0.0	5	0	3.5681	731.0880000000001	1089.76	1.0	3.6151	774.864	1131.36	1.0	0.0058	0.2017	0.9794	-0.3683	-5.2955	-27.7719	0.0	18	1.0	0.0		3332	0	0
1701977225476	t	parking_garage_test_cue_gameroom_left	0.0	5	0	3.6422	732.2399999999999	1091.52	1.0	3.6194	774.4319999999999	1132.48	1.0	0.0026	0.2035	0.9791	-0.3857	-5.3267	-27.7752	0.0	18	1.0	0.0		3332	0	0
1701977225484	t	parking_garage_test_cue_gameroom_left	0.0	5	0	3.6583	722.736	1098.4	0.9998	3.5829	763.488	1135.84	0.9074	0.0205	0.2002	0.9795	-0.4438	-5.4107	-27.7703	0.0	18	1.0	0.0		3332	0	0
1701977225493	t	parking_garage_test_cue_gameroom_left	0.0	5	0	3.6726	697.824	1122.56	0.9998	3.7106	729.3599999999999	1157.6000000000001	0.9074	0.0897	0.1669	0.9819	1.8084	-5.6426	-27.7703	0.0	18	1.0	0.0		3332	0	0
1701977225501	t	parking_garage_test_cue_gameroom_left	0.0	5	0	3.7737	670.032	1151.84	0.9537	3.6852	691.488	1182.08	0.9195	0.1554	0.1189	0.9807	6.7679	-5.8139	-27.8777	0.0	18	1.0	0.0		3332	0	0
1701977225509	t	parking_garage_test_cue_gameroom_left	0.0	5	0	3.7784	641.952	1176.64	0.9537	3.7431	659.376	1205.28	0.9195	0.2086	0.0996	0.9729	11.4668	-6.0968	-27.9259	0.0	18	1.0	0.0		3332	0	0
1701977225518	t	parking_garage_test_cue_gameroom_left	0.0	5	0	3.982	617.04	1189.76	0.8642	3.7631	632.16	1222.56	0.9977	0.258	0.0964	0.9613	15.3132	-6.2501	-28.0564	0.0	18	1.0	0.0		3332	0	0
1701977225526	t	parking_garage_test_cue_gameroom_left	0.0	5	0	3.8814	590.688	1226.3999999999999	0.8642	3.8247	609.12	1246.72	0.9977	0.3079	0.0313	0.9509	15.23	-6.4803	-28.0845	0.0	18	1.0	0.0		3332	0	0
1701977225534	t	parking_garage_test_cue_gameroom_left	0.0	5	0	3.7586	572.256	1250.56	0.9022	3.6051	584.0640000000001	1276.1599999999999	0.9681	0.3459	-0.0169	0.9381	15.727	-6.6485	-28.1395	0.0	18	1.0	0.0		3332	0	0
1701977225542	t	parking_garage_test_cue_gameroom_left	0.0	5	0	3.8215	562.752	1256.8	0.9022	3.7017	568.512	1284.48	0.9681	0.3655	-0.0238	0.9305	-15.1506	-7.0729	-27.6567	0.0	18	1.0	0.0		3332	0	0
1701977225550	t	parking_garage_test_cue_gameroom_left	0.0	5	0	3.9234	563.616	1253.6	0.7492	3.8249	576.144	1275.84	0.8734	0.3501	-0.0058	0.9367	-16.5759	-7.0616	-27.6257	0.0	18	1.0	0.0		3332	0	0
1701977225559	t	parking_garage_test_cue_gameroom_left	0.0	5	0	3.8716	570.528	1243.52	0.7492	3.6623	581.904	1276.8000000000002	0.8734	0.3337	-0.0027	0.9427	-15.6869	-7.0587	-27.625	0.0	18	1.0	0.0		3332	0	0
1701977225567	t	parking_garage_test_cue_gameroom_left	0.0	5	0	3.7058	558.0	1268.96	0.7026	3.5814	581.328	1281.28	0.8626	0.3483	-0.0308	0.9369	-13.054	-7.0564	-27.6634	0.0	18	1.0	0.0		3332	0	0
1701977225575	t	parking_garage_test_cue_gameroom_left	0.0	5	0	4.0187	556.704	1255.52	0.7041	3.7153	579.168	1277.76	0.8634	0.3568	-0.0084	0.9341	-11.6896	-7.0272	-27.7134	0.0	18	1.0	0.0		3332	0	0
1701977225584	t	parking_garage_test_cue_gameroom_left	0.0	5	0	3.9597	558.72	1256.48	0.7028	3.6285	579.456	1280.32	0.8694	0.3569	-0.0163	0.934	-2.9838	-6.9299	-27.8533	0.0	18	1.0	0.0		3332	0	0
1701977225592	t	parking_garage_test_cue_gameroom_left	0.0	5	0	4.0348	562.32	1256.0	0.7028	3.5538	582.624	1283.84	0.8694	0.3442	-0.0214	0.9386	-0.4498	-6.9152	-27.8808	0.0	18	1.0	0.0		3332	0	0
1701977225600	t	parking_garage_test_cue_gameroom_left	0.0	5	0	3.9749	557.424	1259.2	0.6918	3.769	579.888	1281.12	0.8919	0.3582	-0.0152	0.9335	-1.019	-6.9368	-27.8979	0.0	18	1.0	0.0		3332	0	0
1701977225609	t	parking_garage_test_cue_gameroom_left	0.0	5	0	3.971	560.304	1260.96	0.6918	3.8856	581.904	1275.2	0.8919	0.3494	-0.0078	0.9369	-0.3549	-6.9309	-27.906	0.0	18	1.0	0.0		3332	0	0
1701977225617	t	parking_garage_test_cue_gameroom_left	0.0	5	0	3.8596	559.728	1254.72	0.6858	3.8017	583.632	1281.4399999999998	0.8975	0.3465	-0.0118	0.938	0.5684	-6.9123	-27.9174	0.0	18	1.0	0.0		3332	0	0
1701977225625	t	parking_garage_test_cue_gameroom_left	0.0	5	0	3.9987	562.0319999999999	1254.0800000000002	0.6858	3.7827	583.0559999999999	1281.4399999999998	0.8975	0.3432	-0.0113	0.9392	-0.3827	-6.9224	-27.8955	0.0	18	1.0	0.0		3332	0	0
1701977225634	t	parking_garage_test_cue_gameroom_left	0.0	5	0	3.9966	563.328	1255.52	0.6662	3.5986	590.544	1284.96	0.8877	0.3271	-0.0183	0.9448	0.033	-6.9426	-27.8857	0.0	18	1.0	0.0		3332	0	0
1701977225642	t	parking_garage_test_cue_gameroom_left	0.0	5	0	3.7727	572.4	1242.08	0.6662	3.6739	592.992	1285.44	0.8877	0.3081	-0.0018	0.9513	0.6094	-6.9282	-27.8897	0.0	18	1.0	0.0		3332	0	0
1701977225650	t	parking_garage_test_cue_gameroom_left	0.0	5	0	3.8687	569.376	1247.52	0.6701	3.59	588.672	1287.52	0.9066	0.3216	-0.0148	0.9467	1.8282	-6.9004	-27.9056	0.0	18	1.0	0.0		3332	0	0
1701977225659	t	parking_garage_test_cue_gameroom_left	0.0	5	0	3.8781	566.208	1247.04	0.6701	3.7567	588.816	1281.6000000000001	0.9066	0.3302	-0.006	0.9439	2.174	-6.8769	-27.9189	0.0	18	1.0	0.0		3332	0	0
1701977225667	t	parking_garage_test_cue_gameroom_left	0.0	5	0	3.9252	565.344	1249.12	0.6836	3.7607	590.688	1282.8799999999999	0.9043	0.3294	-0.0122	0.9441	2.6983	-6.8673	-27.9215	0.0	18	1.0	0.0		3332	0	0
1701977225676	t	parking_garage_test_cue_gameroom_left	0.0	5	0	3.9454	566.208	1247.04	0.6836	3.6316	589.104	1281.76	0.9043	0.3338	-0.0157	0.9425	3.5522	-6.8148	-27.9165	0.0	18	1.0	0.0		3332	0	0
1701977225684	t	parking_garage_test_cue_gameroom_left	0.0	5	0	3.9614	566.208	1247.2	0.6943	3.5737	588.528	1283.68	0.9294	0.3348	-0.0186	0.9421	4.4849	-6.8047	-27.9314	0.0	18	1.0	0.0		3332	0	0
1701977225692	t	parking_garage_test_cue_gameroom_left	0.0	5	0	3.9446	566.208	1247.04	0.6943	3.7759	594.576	1276.48	0.9294	0.3259	-0.0083	0.9454	4.9306	-6.7939	-27.94	0.0	18	1.0	0.0		3332	0	0
1701977225701	t	parking_garage_test_cue_gameroom_left	0.0	5	0	4.0314	570.24	1245.9199999999998	0.7038	3.7607	594.432	1278.24	0.9072	0.3171	-0.0092	0.9483	6.247	-6.7809	-27.9509	0.0	18	1.0	0.0		3332	0	0
1701977225709	t	parking_garage_test_cue_gameroom_left	0.0	5	0	3.796	560.0160000000001	1251.52	0.7053	3.7847	594.0	1279.8400000000001	0.9077	0.3416	-0.0218	0.9396	6.4366	-6.7703	-27.9676	0.0	18	1.0	0.0		3332	0	0
1701977225717	t	parking_garage_test_cue_gameroom_left	0.0	5	0	3.914	563.184	1245.76	0.7162	3.8164	600.768	1276.1599999999999	0.9204	0.326	-0.0082	0.9453	6.2809	-6.7637	-27.9598	0.0	18	1.0	0.0		3332	0	0
1701977225726	t	parking_garage_test_cue_gameroom_left	0.0	5	0	3.9709	561.888	1248.96	0.7162	3.9098	598.3199999999999	1274.24	0.9204	0.3361	-0.0112	0.9418	5.3688	-6.766	-27.9464	0.0	18	1.0	0.0		3332	0	0
1701977225734	t	parking_garage_test_cue_gameroom_left	0.0	5	0	3.9752	565.4879999999999	1248.6399999999999	0.7123	3.9071	598.1759999999999	1271.6799999999998	0.9302	0.3316	-0.0087	0.9434	3.8151	-6.7781	-27.911	0.0	18	1.0	0.0		3332	0	0
1701977225742	t	parking_garage_test_cue_gameroom_left	0.0	5	0	3.7619	568.3679999999999	1242.3999999999999	0.7123	3.9391	602.784	1273.92	0.9302	0.3219	-0.007	0.9467	2.6677	-6.7768	-27.8786	0.0	18	1.0	0.0		3332	0	0
1701977225751	t	parking_garage_test_cue_gameroom_left	0.0	5	0	3.7874	568.656	1245.9199999999998	0.7145	3.7094	604.368	1275.52	0.9564	0.3206	-0.0187	0.947	3.0558	-6.7675	-27.8694	0.0	18	1.0	0.0		3332	0	0
1701977225759	t	parking_garage_test_cue_gameroom_left	0.0	5	0	3.7844	570.384	1239.52	0.7145	3.7526	607.1039999999999	1269.9199999999998	0.9564	0.3169	-0.0015	0.9484	2.5116	-6.7556	-27.8681	0.0	18	1.0	0.0		3332	0	0
1701977225767	t	parking_garage_test_cue_gameroom_left	0.0	5	0	3.8378	574.4159999999999	1242.24	0.7142	3.8071	610.128	1266.08	0.9506	0.3078	-0.0015	0.9514	2.0427	-6.7599	-27.8427	0.0	18	1.0	0.0		3332	0	0
1701977225775	t	parking_garage_test_cue_gameroom_left	0.0	5	0	3.8956	573.552	1238.8799999999999	0.7142	3.7773	615.168	1265.92	0.9506	0.306	0.0011	0.952	2.765	-6.7349	-27.8499	0.0	18	1.0	0.0		3332	0	0
1701977225784	t	parking_garage_test_cue_gameroom_left	0.0	5	0	3.9541	577.008	1235.04	0.6947	3.9055	616.3199999999999	1264.0	0.9844	0.3015	0.0078	0.9534	-0.061	-6.7542	-27.7926	0.0	18	1.0	0.0		3332	0	0
1701977225792	t	parking_garage_test_cue_gameroom_left	0.0	5	0	3.9054	577.008	1238.0800000000002	0.6947	3.7822	621.36	1256.6399999999999	0.9844	0.2984	0.011	0.9544	4.0395	-6.6971	-27.8554	0.0	18	1.0	0.0		3332	0	0
1701977225800	t	parking_garage_test_cue_gameroom_left	0.0	5	0	3.9161	579.312	1237.12	0.7288	3.7934	623.232	1253.6	0.9643	0.2949	0.013	0.9554	5.5138	-6.6646	-27.8755	0.0	18	1.0	0.0		3332	0	0
1701977225808	t	parking_garage_test_cue_gameroom_left	0.0	5	0	4.0243	578.592	1230.72	0.7288	3.8412	623.952	1253.44	0.9643	0.2989	0.023	0.954	6.4985	-6.6301	-27.9012	0.0	18	1.0	0.0		3332	0	0
1701977225817	t	parking_garage_test_cue_gameroom_left	0.0	5	0	4.043	577.44	1227.36	0.7545	3.8005	623.52	1252.1599999999999	0.9821	0.305	0.0268	0.952	6.3145	-6.6023	-27.9052	0.0	18	1.0	0.0		3332	0	0
1701977225825	t	parking_garage_test_cue_gameroom_left	0.0	5	0	4.0681	579.168	1228.64	0.7545	3.8841	625.5360000000001	1248.48	0.9821	0.301	0.0244	0.9533	6.1355	-6.5809	-27.8904	0.0	18	1.0	0.0		3332	0	0
1701977225833	t	parking_garage_test_cue_gameroom_left	0.0	5	0	3.8673	580.608	1235.68	0.7581	3.789	625.824	1250.72	0.9736	0.2985	0.0018	0.9544	5.345	-6.58	-27.8447	0.0	18	1.0	0.0		3332	0	0
1701977225842	t	parking_garage_test_cue_gameroom_left	0.0	5	0	3.8318	579.168	1231.52	0.7593	3.8218	626.976	1249.6000000000001	0.9737	0.3012	0.0077	0.9535	3.9075	-6.5701	-27.8261	0.0	18	1.0	0.0		3332	0	0
1701977225850	t	parking_garage_test_cue_gameroom_left	0.0	5	0	3.8341	583.0559999999999	1223.52	0.7657	3.8651	628.9920000000001	1249.92	1.0	0.2917	0.0175	0.9563	2.2207	-6.5719	-27.7923	0.0	18	1.0	0.0		3332	0	0
1701977225859	t	parking_garage_test_cue_gameroom_left	0.0	5	0	3.9909	584.784	1221.44	0.7657	3.8301	630.144	1248.8	1.0	0.287	0.0202	0.9577	0.8388	-6.5729	-27.7609	0.0	18	1.0	0.0		3332	0	0
1701977225867	t	parking_garage_test_cue_gameroom_left	0.0	5	0	3.926	586.9440000000001	1219.04	0.7715	3.7684	629.28	1247.8400000000001	1.0	0.2857	0.0226	0.958	-1.1042	-6.5862	-27.7221	0.0	18	1.0	0.0		3332	0	0
1701977225875	t	parking_garage_test_cue_gameroom_left	0.0	5	0	3.8781	585.36	1221.92	0.7715	3.7796	628.848	1245.9199999999998	1.0	0.2911	0.0202	0.9565	-1.4205	-6.5809	-27.7181	0.0	18	1.0	0.0		3332	0	0
1701977225884	t	parking_garage_test_cue_gameroom_left	0.0	5	0	3.8523	588.096	1217.92	0.7856	3.7854	630.432	1248.32	1.0	0.2856	0.0207	0.9581	-1.6777	-6.5845	-27.701	0.0	18	1.0	0.0		3332	0	0
1701977225892	t	parking_garage_test_cue_gameroom_left	0.0	5	0	3.8951	587.664	1219.52	0.7856	3.7356	633.024	1248.0	1.0	0.2819	0.0174	0.9593	-1.6586	-6.5853	-27.6812	0.0	18	1.0	0.0		3332	0	0
1701977225900	t	parking_garage_test_cue_gameroom_left	0.0	5	0	3.9034	589.536	1210.88	0.7735	3.8134	636.48	1247.52	1.0	0.2803	0.0341	0.9593	5.2375	-6.4948	-27.8002	0.0	18	1.0	0.0		3332	0	0
1701977225909	t	parking_garage_test_cue_gameroom_left	0.0	5	0	3.8973	609.408	1205.76	0.7735	3.7619	654.9119999999999	1228.8	1.0	0.256	0.0422	0.9657	27.8399	-6.1337	-28.1042	0.0	18	1.0	0.0		3332	0	0
1701977225917	t	parking_garage_test_cue_gameroom_left	0.0	5	0	3.7788	642.24	1178.56	0.7825	3.6728	684.288	1209.44	1.0	0.2005	0.0883	0.9757	28.8748	-5.8825	-28.1843	0.0	18	1.0	0.0		3332	0	0
1701977225925	t	parking_garage_test_cue_gameroom_left	0.0	5	0	3.8125	680.688	1149.92	0.7825	3.6349	711.216	1184.6399999999999	1.0	0.1374	0.1148	0.9838	33.2587	-5.477	-28.177	0.0	18	1.0	0.0		3332	0	0
1701977225934	t	parking_garage_test_cue_gameroom_left	0.0	5	0	3.9067	714.384	1121.92	1.0	3.5546	737.9999999999999	1169.6	1.0	0.0832	0.1717	0.9816	32.9703	-5.2427	-28.2032	0.0	18	1.0	0.0		3332	0	0
1701977225942	t	parking_garage_test_cue_gameroom_left	0.0	5	0	3.7179	748.944	1105.28	1.0	3.7328	767.3760000000001	1155.52	1.0	0.0264	0.1878	0.9818	32.643	-5.0256	-28.2084	0.0	18	1.0	0.0		3332	0	0
1701977225950	t	parking_garage_test_cue_gameroom_left	0.0	5	0	3.6816	770.2560000000001	1097.12	0.9163	3.7264	786.672	1147.04	0.9374	-0.0095	0.197	0.9803	32.5294	-4.9177	-28.2209	0.0	18	1.0	0.0		3332	0	0
1701977225959	t	parking_garage_test_cue_gameroom_left	0.0	5	0	3.7632	783.504	1094.08	0.9163	3.7304	793.7280000000001	1140.8	0.9374	-0.0338	0.2039	0.9784	32.4753	-4.8828	-28.2332	0.0	18	1.0	0.0		3332	0	0
1701977225967	t	parking_garage_test_cue_gameroom_left	0.0	5	0	3.8711	782.208	1093.76	1.0	3.7092	792.8639999999999	1141.6000000000001	1.0	-0.0282	0.2066	0.978	32.4538	-4.8841	-28.2353	0.0	18	1.0	0.0		3332	0	0
1701977225975	t	parking_garage_test_cue_gameroom_left	0.0	5	0	3.7704	782.352	1095.36	1.0	3.7915	797.904	1147.52	1.0	-0.0306	0.2065	0.978	32.3197	-4.922	-28.2342	0.0	18	1.0	0.0		3332	0	0
1701977225984	t	parking_garage_test_cue_gameroom_left	0.0	5	0	3.7206	782.784	1096.0	1.0	3.7032	801.36	1147.52	1.0	-0.0336	0.2084	0.9775	31.7849	-4.9531	-28.2316	0.0	18	1.0	0.0		3332	0	0
1701977225992	t	parking_garage_test_cue_gameroom_left	0.0	5	0	3.7229	781.632	1097.28	1.0	3.7404	800.496	1149.44	1.0	-0.0327	0.2066	0.9779	26.9361	-5.0518	-28.1652	0.0	18	1.0	0.0		3332	0	0
1701977226000	t	parking_garage_test_cue_gameroom_left	0.0	5	0	3.7792	777.744	1097.92	1.0	3.6999	801.072	1153.44	1.0	-0.0244	0.2071	0.978	22.2739	-5.1521	-28.1043	0.0	18	1.0	0.0		3332	0	0
1701977226009	t	parking_garage_test_cue_gameroom_left	0.0	5	0	3.7871	775.4399999999999	1099.84	1.0	3.7115	798.048	1151.3600000000001	1.0	-0.0253	0.2064	0.9781	3.0007	-5.5023	-27.8525	0.0	18	1.0	0.0		3332	0	0
1701977226019	t	parking_garage_test_cue_gameroom_left	0.0	5	0	3.8337	771.84	1100.48	1.0	3.8359	798.048	1153.6	1.0	-0.0253	0.2069	0.978	1.6731	-5.5473	-27.8372	0.0	18	1.0	0.0		3332	0	0
1701977226025	t	parking_garage_test_cue_gameroom_left	0.0	5	0	3.878	766.512	1104.16	1.0	3.5969	792.432	1154.56	1.0	-0.0168	0.1992	0.9798	0.4506	-5.5852	-27.8054	0.0	18	1.0	0.0		3332	0	0
1701977226034	t	parking_garage_test_cue_gameroom_left	0.0	5	0	3.7626	762.7679999999999	1100.96	1.0	3.7906	787.9680000000001	1153.44	1.0	-0.0124	0.2081	0.978	-1.757	-5.6235	-27.7892	0.0	18	1.0	0.0		3332	0	0
1701977226042	t	parking_garage_test_cue_gameroom_left	0.0	5	0	3.7594	757.872	1103.04	1.0	3.7924	786.24	1151.84	1.0	-0.012	0.2066	0.9783	-3.0689	-5.6451	-27.7658	0.0	18	1.0	0.0		3332	0	0
1701977226050	t	parking_garage_test_cue_gameroom_left	0.0	5	0	3.7735	753.12	1103.36	1.0	3.7171	780.624	1150.3999999999999	1.0	-0.0028	0.2085	0.978	-3.8094	-5.6564	-27.759	0.0	18	1.0	0.0		3332	0	0
1701977226059	t	parking_garage_test_cue_gameroom_left	0.0	5	0	3.7516	750.24	1102.24	1.0	3.7007	779.0400000000001	1150.24	1.0	-0.0011	0.2101	0.9777	-3.5781	-5.6519	-27.765	0.0	18	1.0	0.0		3332	0	0
1701977226067	t	parking_garage_test_cue_gameroom_left	0.0	5	0	3.7551	746.9280000000001	1102.3999999999999	1.0	3.7872	773.712	1151.3600000000001	1.0	0.0078	0.2076	0.9782	-2.8917	-5.6418	-27.7669	0.0	18	1.0	0.0		3332	0	0
1701977226075	t	parking_garage_test_cue_gameroom_left	0.0	5	0	3.7072	745.1999999999999	1101.1200000000001	1.0	3.7412	771.696	1152.0	1.0	0.0103	0.2071	0.9783	-2.1546	-5.6253	-27.7776	0.0	18	1.0	0.0		3332	0	0
1701977226084	t	parking_garage_test_cue_gameroom_left	0.0	5	0	3.6633	741.6	1100.16	1.0	3.8365	769.68	1151.84	1.0	0.0161	0.2083	0.9779	-1.4192	-5.6079	-27.7892	0.0	18	1.0	0.0		3332	0	0
1701977226093	t	parking_garage_test_cue_gameroom_left	0.0	5	0	3.6163	735.696	1100.0	1.0	3.8135	763.056	1150.72	1.0	0.0339	0.2075	0.9776	-0.8914	-5.5856	-27.7987	0.0	18	1.0	0.0		3332	0	0
1701977226100	t	parking_garage_test_cue_gameroom_left	0.0	5	0	3.6631	731.808	1099.3600000000001	1.0	3.7149	757.872	1150.24	1.0	0.0446	0.2085	0.977	-1.0064	-5.5847	-27.7986	0.0	18	1.0	0.0		3332	0	0
1701977226109	t	parking_garage_test_cue_gameroom_left	0.0	5	0	3.7742	726.4799999999999	1097.76	1.0	3.7882	754.272	1149.28	1.0	0.0534	0.2133	0.9755	-1.1165	-5.5806	-27.8047	0.0	18	1.0	0.0		3332	0	0
1701977226117	t	parking_garage_test_cue_gameroom_left	0.0	5	0	3.7533	733.68	1098.56	1.0	3.7726	762.048	1152.32	1.0	0.0441	0.2078	0.9772	-1.401	-5.5947	-27.7939	0.0	18	1.0	0.0		3332	0	0
1701977226125	t	parking_garage_test_cue_gameroom_left	0.0	5	0	3.8778	762.192	1102.24	1.0	3.6291	796.7520000000001	1165.76	1.0	-0.0221	0.1928	0.981	-1.9068	-5.6781	-27.7778	0.0	18	1.0	0.0		3332	0	0
1701977226134	t	parking_garage_test_cue_gameroom_left	0.0	5	0	4.0039	801.072	1108.6399999999999	1.0	3.8663	836.496	1176.96	1.0	-0.1025	0.1913	0.9761	4.9142	-5.6492	-27.8875	0.0	18	1.0	0.0		3332	0	0
1701977226142	t	parking_garage_test_cue_gameroom_left	0.0	5	0	3.8017	836.208	1110.3999999999999	1.0	3.911	863.424	1177.28	1.0	-0.1383	0.1996	0.97	5.8115	-5.6603	-27.9595	0.0	18	1.0	0.0		3332	0	0
1701977226150	t	parking_garage_test_cue_gameroom_left	0.0	5	0	4.0443	874.512	1108.8	1.0	4.1642	898.704	1184.6399999999999	1.0	-0.2039	0.2287	0.9519	14.4353	-5.5633	-28.1611	0.0	18	1.0	0.0		3332	0	0
1701977226158	t	parking_garage_test_cue_gameroom_left	0.0	5	0	3.9964	906.192	1117.44	1.0	4.1658	934.272	1194.5600000000002	1.0	-0.2455	0.2131	0.9457	24.834	-5.3665	-28.3336	0.0	18	1.0	0.0		3332	0	0
1701977226168	t	parking_garage_test_cue_gameroom_left	0.0	5	0	4.2117	940.032	1124.6399999999999	1.0	4.0829	965.376	1215.04	1.0	-0.3021	0.2111	0.9296	27.9899	-5.347	-28.4616	0.0	18	1.0	0.0		3332	0	0
1701977226175	t	parking_garage_test_cue_gameroom_left	0.0	5	0	4.0439	967.9680000000001	1139.68	1.0	4.1987	988.272	1228.0	1.0	-0.3398	0.1814	0.9228	29.1797	-5.3983	-28.5321	0.0	18	1.0	0.0		3332	0	0
1701977226184	t	parking_garage_test_cue_gameroom_left	0.0	5	0	4.2835	995.76	1154.72	1.0	3.9007	1022.256	1242.56	1.0	-0.3851	0.1658	0.9079	29.3598	-5.5023	-28.6176	0.0	18	1.0	0.0		3332	0	0
1701977226192	t	parking_garage_test_cue_gameroom_left	0.0	5	0	4.0793	1020.384	1157.2800000000002	1.0	4.0673	1041.12	1259.68	1.0	-0.4349	0.1727	0.8838	28.9494	-5.524	-28.7425	0.0	18	1.0	0.0		3332	0	0
1701977226200	t	parking_garage_test_cue_gameroom_left	0.0	5	0	4.1034	1035.072	1169.28	1.0	4.0906	1064.016	1272.0	0.7539	-0.4596	0.1515	0.8751	28.445	-5.5985	-28.7837	0.0	18	1.0	0.0		3332	200	MYKEYWORD 200
