Recording timestamp	type	Scene Name	scene_num	order	djv_reported	PupilDiam_Left	Gaze2d_Left.x	Gaze2d_Left.y	left_eye_openness	PupilDiam_Right	Gaze2d_Right.x	Gaze2d_Right.y	right_eye_openness	gaze_direction_x	gaze_direction_y	gaze_direction_z	gaze_origin_x	gaze_origin_y	gaze_origin_z	gaze_convergence_distance	participant	study_status	scene_familiarity	recall_status	Identifier	Event value	Event message
1702055734001	t	desert_test_cue_parking_lot_left	0.0	5	0	3.8326	621.792	584.0	1.0	3.6871	373.68	792.3199999999999	1.0	0.4271	-0.2049	0.8807	10.6879	7.6324	-35.6767	0.0	24	1.0	0.0		3435	100	MYKEYWORD 100
1702055734010	t	desert_test_cue_parking_lot_left	0.0	5	0	3.8124	621.936	585.12	1.0	3.5829	378.864	795.84	1.0	0.4256	-0.2054	0.8813	12.3998	7.6774	-35.5576	0.0	24	1.0	0.0		3435	0	0
1702055734018	t	desert_test_cue_parking_lot_left	0.0	5	0	3.8083	621.36	589.6	1.0	3.6242	378.43199999999996	800.8	1.0	0.4301	-0.212	0.8775	10.9881	7.5744	-35.665	0.0	24	1.0	0.0		3435	0	0
1702055734026	t	desert_test_cue_parking_lot_left	0.0	5	0	3.7638	624.096	592.16	1.0	3.745	378.864	801.12	1.0	0.4258	-0.2112	0.8798	10.7787	7.5316	-35.6793	0.0	24	1.0	0.0		3435	0	0
1702055734035	t	desert_test_cue_parking_lot_left	0.0	5	0	3.7847	623.376	592.16	1.0	3.6546	380.016	804.1600000000001	1.0	0.4278	-0.2085	0.8795	10.9704	7.5096	-35.6743	0.0	24	1.0	0.0		3435	0	0
1702055734043	t	desert_test_cue_parking_lot_left	0.0	5	0	3.8148	623.952	596.64	1.0	3.621	381.888	803.2	1.0	0.4246	-0.2115	0.8803	8.1028	7.358	-35.8657	0.0	24	1.0	0.0		3435	0	0
1702055734051	t	desert_test_cue_parking_lot_left	0.0	5	0	3.771	626.544	598.4	1.0	3.6113	383.184	804.8	1.0	0.4185	-0.2123	0.883	8.1377	7.331	-35.8599	0.0	24	1.0	0.0		3435	0	0
1702055734060	t	desert_test_cue_parking_lot_left	0.0	5	0	3.8439	626.832	597.76	1.0	3.5964	381.888	804.8	1.0	0.4222	-0.205	0.883	8.3618	7.3162	-35.8537	0.0	24	1.0	0.0		3435	0	0
1702055734068	t	desert_test_cue_parking_lot_left	0.0	5	0	3.8139	629.568	599.04	1.0	3.6273	382.75199999999995	806.4	1.0	0.4171	-0.2061	0.8852	8.582	7.303	-35.8335	0.0	24	1.0	0.0		3435	0	0
1702055734076	t	desert_test_cue_parking_lot_left	0.0	5	0	3.8078	626.832	600.96	1.0	3.6291	385.05600000000004	808.3199999999999	1.0	0.4224	-0.2091	0.882	8.3774	7.2828	-35.8559	0.0	24	1.0	0.0		3435	0	0
1702055734085	t	desert_test_cue_parking_lot_left	0.0	5	0	3.859	628.272	604.8	1.0	3.6729	385.63199999999995	810.72	1.0	0.4207	-0.219	0.8803	8.5643	7.2823	-35.8398	0.0	24	1.0	0.0		3435	0	0
1702055734093	t	desert_test_cue_parking_lot_left	0.0	5	0	3.8877	628.272	601.76	1.0	3.7204	385.92	808.3199999999999	1.0	0.424	-0.2082	0.8814	8.6142	7.2816	-35.8361	0.0	24	1.0	0.0		3435	0	0
1702055734101	t	desert_test_cue_parking_lot_left	0.0	5	0	3.8107	630.144	603.36	1.0	3.6933	386.49600000000004	810.3999999999999	1.0	0.4215	-0.216	0.8807	8.8164	7.2953	-35.814	0.0	24	1.0	0.0		3435	0	0
1702055734110	t	desert_test_cue_parking_lot_left	0.0	5	0	3.8321	630.72	602.7199999999999	1.0	3.6505	388.224	809.1200000000001	1.0	0.42	-0.2146	0.8818	9.2834	7.3224	-35.7754	0.0	24	1.0	0.0		3435	0	0
1702055734118	t	desert_test_cue_parking_lot_left	0.0	5	0	3.8121	631.44	601.6	1.0	3.6529	388.368	810.2399999999999	1.0	0.4207	-0.2155	0.8812	9.6534	7.3464	-35.7451	0.0	24	1.0	0.0		3435	0	0
1702055734126	t	desert_test_cue_parking_lot_left	0.0	5	0	3.7981	632.88	598.08	1.0	3.65	390.09599999999995	809.44	1.0	0.4175	-0.2084	0.8844	9.7642	7.3564	-35.7277	0.0	24	1.0	0.0		3435	0	0
1702055734135	t	desert_test_cue_parking_lot_left	0.0	5	0	3.8208	632.88	599.6800000000001	1.0	3.6515	391.68	808.3199999999999	1.0	0.4174	-0.2113	0.8838	10.0938	7.3747	-35.7034	0.0	24	1.0	0.0		3435	0	0
1702055734143	t	desert_test_cue_parking_lot_left	0.0	5	0	3.7561	635.76	599.36	1.0	3.6448	390.67199999999997	807.3600000000001	1.0	0.4123	-0.2102	0.8865	9.7813	7.3624	-35.7145	0.0	24	1.0	0.0		3435	0	0
1702055734152	t	desert_test_cue_parking_lot_left	0.0	5	0	3.7997	634.4639999999999	599.84	1.0	3.6651	391.248	807.5200000000001	1.0	0.4152	-0.2115	0.8848	9.2837	7.3433	-35.7488	0.0	24	1.0	0.0		3435	0	0
1702055734160	t	desert_test_cue_parking_lot_left	0.0	5	0	3.7864	633.6	599.36	1.0	3.6861	390.67199999999997	807.3600000000001	1.0	0.4189	-0.2116	0.883	9.3149	7.3544	-35.7499	0.0	24	1.0	0.0		3435	0	0
1702055734168	t	desert_test_cue_parking_lot_left	0.0	5	0	3.861	634.7520000000001	597.44	1.0	3.6772	393.408	806.88	1.0	0.4125	-0.2105	0.8863	9.3363	7.3674	-35.7366	0.0	24	1.0	0.0		3435	0	0
1702055734176	t	desert_test_cue_parking_lot_left	0.0	5	0	3.7566	637.3439999999999	598.88	1.0	3.621	391.968	805.5999999999999	1.0	0.4075	-0.2162	0.8872	9.0415	7.3693	-35.7454	0.0	24	1.0	0.0		3435	0	0
1702055734185	t	desert_test_cue_parking_lot_left	0.0	5	0	3.6797	637.4879999999999	595.2	1.0	3.6547	392.97599999999994	805.28	1.0	0.4059	-0.2117	0.889	8.7607	7.374	-35.7576	0.0	24	1.0	0.0		3435	0	0
1702055734193	t	desert_test_cue_parking_lot_left	0.0	5	0	3.8474	635.328	593.28	1.0	3.6525	390.384	804.1600000000001	1.0	0.4155	-0.2084	0.8854	8.892	7.3957	-35.7566	0.0	24	1.0	0.0		3435	0	0
1702055734201	t	desert_test_cue_parking_lot_left	0.0	5	0	3.7629	635.616	593.44	1.0	3.6861	393.12	803.52	1.0	0.4102	-0.2111	0.8872	9.0063	7.4126	-35.7424	0.0	24	1.0	0.0		3435	0	0
1702055734210	t	desert_test_cue_parking_lot_left	0.0	5	0	3.7953	635.184	594.7199999999999	1.0	3.6621	390.96000000000004	804.32	1.0	0.4136	-0.2188	0.8838	8.966	7.4322	-35.746	0.0	24	1.0	0.0		3435	0	0
1702055734218	t	desert_test_cue_parking_lot_left	0.0	5	0	3.7838	637.6320000000001	591.84	1.0	3.6389	392.54400000000004	801.2800000000001	1.0	0.4093	-0.2223	0.8849	7.4244	7.4252	-35.8196	0.0	24	1.0	0.0		3435	0	0
1702055734226	t	desert_test_cue_parking_lot_left	0.0	5	0	3.8217	633.456	582.88	1.0	3.6424	392.40000000000003	797.92	1.0	0.4132	-0.2138	0.8852	8.7444	7.5554	-35.7306	0.0	24	1.0	0.0		3435	0	0
1702055734235	t	desert_test_cue_parking_lot_left	0.0	5	0	3.9892	638.064	565.6	1.0	3.5137	408.816	787.36	1.0	0.3996	-0.2008	0.8944	8.2238	7.6961	-35.6796	0.0	24	1.0	0.0		3435	0	0
1702055734243	t	desert_test_cue_parking_lot_left	0.0	5	0	3.566	646.1279999999999	559.04	0.8426	3.7341	429.84	769.28	1.0	0.394	-0.209	0.895	9.459	7.9781	-35.5002	0.0	24	1.0	0.0		3435	0	0
1702055734251	t	desert_test_cue_parking_lot_left	0.0	5	0	-1.0	684.0	584.0	0.8436	3.758	458.35200000000003	754.4	1.0	0.3233	-0.1713	0.9307	-27.0709	6.396	-37.7517	0.0	24	1.0	0.0		3435	0	0
1702055734259	t	desert_test_cue_parking_lot_left	0.0	5	0	-1.0	1069.056	642.4000000000001	0.4189	-1.0	483.408	744.48	0.746	-1.0	-1.0	-1.0	-1.0	-1.0	-1.0	0.0	24	1.0	0.0		3435	0	0
1702055734266	t	desert_test_cue_parking_lot_left	0.0	5	0	-1.0	1107.936	714.56	0.4189	-1.0	502.12800000000004	920.96	0.746	-1.0	-1.0	-1.0	-1.0	-1.0	-1.0	0.0	24	1.0	0.0		3435	0	0
1702055734275	t	desert_test_cue_parking_lot_left	0.0	5	0	-1.0	314.64	798.08	0.0655	-1.0	535.5360000000001	848.48	0.3824	-1.0	-1.0	-1.0	-1.0	-1.0	-1.0	0.0	24	1.0	0.0		3435	0	0
1702055734283	t	desert_test_cue_parking_lot_left	0.0	5	0	-1.0	282.816	857.44	0.0655	-1.0	1186.992	1196.64	0.3824	-1.0	-1.0	-1.0	-1.0	-1.0	-1.0	0.0	24	1.0	0.0		3435	0	0
1702055734291	t	desert_test_cue_parking_lot_left	0.0	5	0	-1.0	308.88	849.44	0.0	-1.0	1128.24	1187.2	0.1085	-1.0	-1.0	-1.0	-1.0	-1.0	-1.0	0.0	24	1.0	0.0		3435	0	0
1702055734300	t	desert_test_cue_parking_lot_left	0.0	5	0	-1.0	298.944	853.5999999999999	0.0	-1.0	826.4159999999999	1037.12	0.1085	-1.0	-1.0	-1.0	-1.0	-1.0	-1.0	0.0	24	1.0	0.0		3435	0	0
1702055734308	t	desert_test_cue_parking_lot_left	0.0	5	0	-1.0	277.2	828.16	0.0	-1.0	809.136	1042.88	0.0587	-1.0	-1.0	-1.0	-1.0	-1.0	-1.0	0.0	24	1.0	0.0		3435	0	0
1702055734316	t	desert_test_cue_parking_lot_left	0.0	5	0	-1.0	258.192	853.12	0.0	-1.0	1091.088	1132.16	0.0587	-1.0	-1.0	-1.0	-1.0	-1.0	-1.0	0.0	24	1.0	0.0		3435	0	0
1702055734325	t	desert_test_cue_parking_lot_left	0.0	5	0	-1.0	293.904	845.12	0.0	-1.0	1084.032	1126.88	0.0666	-1.0	-1.0	-1.0	-1.0	-1.0	-1.0	0.0	24	1.0	0.0		3435	0	0
1702055734333	t	desert_test_cue_parking_lot_left	0.0	5	0	-1.0	294.47999999999996	834.72	0.0	-1.0	-1440.0	-1600.0	0.0666	-1.0	-1.0	-1.0	-1.0	-1.0	-1.0	0.0	24	1.0	0.0		3435	0	0
1702055734341	t	desert_test_cue_parking_lot_left	0.0	5	0	-1.0	551.808	813.7600000000001	0.0	-1.0	-1440.0	-1600.0	0.0582	-1.0	-1.0	-1.0	-1.0	-1.0	-1.0	0.0	24	1.0	0.0		3435	0	0
1702055734349	t	desert_test_cue_parking_lot_left	0.0	5	0	-1.0	488.736	817.92	0.0	-1.0	-1440.0	-1600.0	0.0582	-1.0	-1.0	-1.0	-1.0	-1.0	-1.0	0.0	24	1.0	0.0		3435	0	0
1702055734357	t	desert_test_cue_parking_lot_left	0.0	5	0	-1.0	913.8240000000001	699.2	0.0	-1.0	-1440.0	-1600.0	0.0758	-1.0	-1.0	-1.0	-1.0	-1.0	-1.0	0.0	24	1.0	0.0		3435	0	0
1702055734366	t	desert_test_cue_parking_lot_left	0.0	5	0	-1.0	827.1360000000001	702.56	0.0	-1.0	1206.432	1139.8400000000001	0.0758	-1.0	-1.0	-1.0	-1.0	-1.0	-1.0	0.0	24	1.0	0.0		3435	0	0
1702055734375	t	desert_test_cue_parking_lot_left	0.0	5	0	-1.0	418.032	720.64	0.0	-1.0	1251.648	1163.6799999999998	0.1144	-1.0	-1.0	-1.0	-1.0	-1.0	-1.0	0.0	24	1.0	0.0		3435	0	0
1702055734383	t	desert_test_cue_parking_lot_left	0.0	5	0	-1.0	441.36	710.56	0.0	-1.0	1218.096	1094.72	0.1144	-1.0	-1.0	-1.0	-1.0	-1.0	-1.0	0.0	24	1.0	0.0		3435	0	0
1702055734391	t	desert_test_cue_parking_lot_left	0.0	5	0	-1.0	810.4319999999999	616.64	0.0	-1.0	1223.136	1092.8000000000002	0.1743	-1.0	-1.0	-1.0	-1.0	-1.0	-1.0	0.0	24	1.0	0.0		3435	0	0
1702055734401	t	desert_test_cue_parking_lot_left	0.0	5	0	-1.0	841.1039999999999	593.28	0.0	-1.0	664.992	813.7600000000001	0.1743	-1.0	-1.0	-1.0	-1.0	-1.0	-1.0	0.0	24	1.0	0.0		3435	0	0
1702055734409	t	desert_test_cue_parking_lot_left	0.0	5	0	-1.0	942.336	522.56	0.0197	-1.0	674.928	800.6399999999999	0.2604	-1.0	-1.0	-1.0	-1.0	-1.0	-1.0	0.0	24	1.0	0.0		3435	0	0
1702055734418	t	desert_test_cue_parking_lot_left	0.0	5	0	-1.0	899.712	522.72	0.0197	-1.0	681.408	789.6	0.2604	-1.0	-1.0	-1.0	-1.0	-1.0	-1.0	0.0	24	1.0	0.0		3435	0	0
1702055734426	t	desert_test_cue_parking_lot_left	0.0	5	0	-1.0	918.72	560.32	0.2214	-1.0	681.8399999999999	788.64	0.3498	-1.0	-1.0	-1.0	-1.0	-1.0	-1.0	0.0	24	1.0	0.0		3435	0	0
1702055734435	t	desert_test_cue_parking_lot_left	0.0	5	0	-1.0	913.104	559.1999999999999	0.2214	-1.0	677.52	789.76	0.3498	-1.0	-1.0	-1.0	-1.0	-1.0	-1.0	0.0	24	1.0	0.0		3435	0	0
1702055734443	t	desert_test_cue_parking_lot_left	0.0	5	0	-1.0	905.904	571.3599999999999	0.3614	-1.0	681.984	777.9200000000001	0.4741	-1.0	-1.0	-1.0	-1.0	-1.0	-1.0	0.0	24	1.0	0.0		3435	0	0
1702055734451	t	desert_test_cue_parking_lot_left	0.0	5	0	-1.0	904.4639999999999	551.04	0.3614	-1.0	676.9440000000001	775.6800000000001	0.4741	-1.0	-1.0	-1.0	-1.0	-1.0	-1.0	0.0	24	1.0	0.0		3435	0	0
1702055734460	t	desert_test_cue_parking_lot_left	0.0	5	0	4.077	907.2	541.12	0.441	3.3297	678.096	777.76	0.5686	-0.0533	-0.2068	0.9769	-29.5442	6.1246	-37.6966	0.0	24	1.0	0.0		3435	0	0
1702055734468	t	desert_test_cue_parking_lot_left	0.0	5	0	4.0326	905.616	551.68	0.441	3.4894	678.528	772.0	0.5686	-0.0562	-0.181	0.9819	-29.5368	6.1109	-37.7086	0.0	24	1.0	0.0		3435	0	0
1702055734476	t	desert_test_cue_parking_lot_left	0.0	5	0	4.0195	904.608	548.96	0.5306	3.38	678.9599999999999	777.44	0.6311	-0.0565	-0.1952	0.9791	-29.5452	6.0824	-37.7187	0.0	24	1.0	0.0		3435	0	0
1702055734485	t	desert_test_cue_parking_lot_left	0.0	5	0	3.9726	906.192	547.68	0.5306	3.4418	678.096	774.88	0.6311	-0.0561	-0.1849	0.9811	-29.5299	6.0803	-37.7148	0.0	24	1.0	0.0		3435	0	0
1702055734493	t	desert_test_cue_parking_lot_left	0.0	5	0	3.7987	909.072	551.36	0.5634	3.2979	678.24	776.64	0.6775	-0.058	-0.1914	0.9798	-29.5278	6.0787	-37.7157	0.0	24	1.0	0.0		3435	0	0
1702055734501	t	desert_test_cue_parking_lot_left	0.0	5	0	3.7308	907.776	556.96	0.5634	3.4686	678.672	774.24	0.6775	-0.0613	-0.1853	0.9808	-21.9209	6.4334	-37.1958	0.0	24	1.0	0.0		3435	0	0
1702055734510	t	desert_test_cue_parking_lot_left	0.0	5	0	3.6581	906.192	555.1999999999999	0.615	3.5089	678.816	770.88	0.7181	-0.0624	-0.178	0.982	-21.8242	6.4561	-37.1826	0.0	24	1.0	0.0		3435	0	0
1702055734518	t	desert_test_cue_parking_lot_left	0.0	5	0	3.8712	903.744	550.08	0.6167	3.4872	676.512	771.84	0.7195	-0.0551	-0.1834	0.9815	-19.674	6.578	-37.049	0.0	24	1.0	0.0		3435	0	0
1702055734526	t	desert_test_cue_parking_lot_left	0.0	5	0	3.8319	904.032	552.96	0.6399	3.504	675.648	769.9200000000001	0.7626	-0.0526	-0.1824	0.9818	-17.6651	6.6784	-36.8941	0.0	24	1.0	0.0		3435	0	0
1702055734534	t	desert_test_cue_parking_lot_left	0.0	5	0	3.8456	904.176	550.5600000000001	0.6399	3.6041	677.952	766.88	0.7626	-0.0611	-0.1747	0.9827	-19.8413	6.5939	-37.026	0.0	24	1.0	0.0		3435	0	0
1702055734542	t	desert_test_cue_parking_lot_left	0.0	5	0	3.8217	904.032	547.04	0.7131	3.5634	675.216	767.04	0.7797	-0.0508	-0.1805	0.9823	-20.2128	6.6024	-37.0249	0.0	24	1.0	0.0		3435	0	0
1702055734551	t	desert_test_cue_parking_lot_left	0.0	5	0	3.839	903.4559999999999	548.48	0.7131	3.5512	676.512	764.64	0.7797	-0.0589	-0.1805	0.9818	-22.2805	6.543	-37.1687	0.0	24	1.0	0.0		3435	0	0
1702055734559	t	desert_test_cue_parking_lot_left	0.0	5	0	3.8788	907.4879999999999	549.12	0.7514	3.5351	675.216	764.48	0.8099	-0.0613	-0.1784	0.982	-19.0045	6.6743	-36.9391	0.0	24	1.0	0.0		3435	0	0
1702055734567	t	desert_test_cue_parking_lot_left	0.0	5	0	3.8585	905.04	548.48	0.7514	3.541	675.9359999999999	764.64	0.8099	-0.0618	-0.1759	0.9825	-11.922	6.9773	-36.4522	0.0	24	1.0	0.0		3435	0	0
1702055734576	t	desert_test_cue_parking_lot_left	0.0	5	0	3.8381	903.168	548.0	0.7748	3.4672	674.496	765.6	0.8483	-0.0568	-0.178	0.9824	-6.706	7.2064	-36.0838	0.0	24	1.0	0.0		3435	0	0
1702055734584	t	desert_test_cue_parking_lot_left	0.0	5	0	3.8312	904.32	547.36	0.7748	3.5257	674.928	764.48	0.8483	-0.0612	-0.1735	0.9829	-5.3242	7.2612	-35.9821	0.0	24	1.0	0.0		3435	0	0
1702055734592	t	desert_test_cue_parking_lot_left	0.0	5	0	3.8377	902.592	546.72	0.8212	3.5422	675.216	764.32	0.8667	-0.0585	-0.175	0.9828	-9.5419	7.105	-36.35	0.0	24	1.0	0.0		3435	0	0
1702055734601	t	desert_test_cue_parking_lot_left	0.0	5	0	3.7564	903.024	545.4399999999999	0.8212	3.5502	673.2	763.52	0.8667	-0.0538	-0.1698	0.984	-5.4187	7.2825	-36.0703	0.0	24	1.0	0.0		3435	0	0
1702055734609	t	desert_test_cue_parking_lot_left	0.0	5	0	3.8663	903.4559999999999	547.2	0.8552	3.4856	674.352	762.88	0.8775	-0.0609	-0.1714	0.9833	-3.7648	7.3496	-35.93	0.0	24	1.0	0.0		3435	0	0
1702055734617	t	desert_test_cue_parking_lot_left	0.0	5	0	3.9492	904.32	547.8399999999999	0.8552	3.5599	674.64	765.12	0.8775	-0.0644	-0.1778	0.9819	-4.0276	7.3369	-35.9322	0.0	24	1.0	0.0		3435	0	0
1702055734626	t	desert_test_cue_parking_lot_left	0.0	5	0	3.9176	902.592	549.6	0.8991	3.5928	672.48	763.84	0.8889	-0.0565	-0.1781	0.9824	-5.7947	7.2488	-35.9981	0.0	24	1.0	0.0		3435	0	0
1702055734635	t	desert_test_cue_parking_lot_left	0.0	5	0	3.9802	902.88	548.96	0.8991	3.5607	673.2	763.84	0.8889	-0.0592	-0.1795	0.982	-10.2502	7.06	-36.2848	0.0	24	1.0	0.0		3435	0	0
1702055734643	t	desert_test_cue_parking_lot_left	0.0	5	0	3.9853	902.3040000000001	548.0	0.9179	3.6005	672.336	761.28	0.8873	-0.0567	-0.175	0.9829	-14.4305	6.8913	-36.5734	0.0	24	1.0	0.0		3435	0	0
1702055734652	t	desert_test_cue_parking_lot_left	0.0	5	0	3.9784	902.88	547.04	0.9185	3.4978	673.0559999999999	760.96	0.888	-0.0612	-0.1771	0.9823	-18.2423	6.7428	-36.837	0.0	24	1.0	0.0		3435	0	0
1702055734660	t	desert_test_cue_parking_lot_left	0.0	5	0	3.9144	902.592	544.8000000000001	0.9332	3.6003	672.192	759.84	0.8936	-0.0571	-0.1787	0.9822	-19.922	6.707	-36.9845	0.0	24	1.0	0.0		3435	0	0
1702055734668	t	desert_test_cue_parking_lot_left	0.0	5	0	3.9367	903.3119999999999	544.8000000000001	0.9332	3.593	674.496	759.04	0.8936	-0.0645	-0.1801	0.9815	-20.8741	6.6837	-37.0488	0.0	24	1.0	0.0		3435	0	0
1702055734677	t	desert_test_cue_parking_lot_left	0.0	5	0	3.9658	905.76	544.64	0.9545	3.6445	673.344	757.28	0.9114	-0.0578	-0.1778	0.9823	-20.8817	6.7036	-37.0673	0.0	24	1.0	0.0		3435	0	0
1702055734685	t	desert_test_cue_parking_lot_left	0.0	5	0	3.9808	905.472	544.0	0.9545	3.5706	676.512	756.96	0.9114	-0.0668	-0.1802	0.9813	-23.4269	6.6123	-37.2387	0.0	24	1.0	0.0		3435	0	0
1702055734693	t	desert_test_cue_parking_lot_left	0.0	5	0	3.9324	906.192	543.04	0.9786	3.6232	676.512	754.08	0.9208	-0.0607	-0.1725	0.9831	-26.2691	6.5056	-37.4419	0.0	24	1.0	0.0		3435	0	0
1702055734702	t	desert_test_cue_parking_lot_left	0.0	5	0	3.9371	907.2	541.92	0.9786	3.6326	676.8	752.0	0.9208	-0.0578	-0.1676	0.9842	-26.5506	6.5088	-37.4725	0.0	24	1.0	0.0		3435	0	0
1702055734710	t	desert_test_cue_parking_lot_left	0.0	5	0	3.9293	908.0640000000001	539.8399999999999	1.0	3.6418	679.248	749.92	0.9425	-0.0616	-0.1639	0.9845	-25.3225	6.5793	-37.3785	0.0	24	1.0	0.0		3435	0	0
1702055734718	t	desert_test_cue_parking_lot_left	0.0	5	0	3.884	908.496	540.16	1.0	3.5994	680.688	748.64	0.9425	-0.0616	-0.1607	0.9851	-26.5392	6.5335	-37.451	0.0	24	1.0	0.0		3435	0	0
1702055734727	t	desert_test_cue_parking_lot_left	0.0	5	0	3.8378	910.224	539.52	0.999	3.6537	683.568	747.8399999999999	0.9434	-0.0666	-0.1613	0.9846	-26.7321	6.5404	-37.4522	0.0	24	1.0	0.0		3435	0	0
1702055734735	t	desert_test_cue_parking_lot_left	0.0	5	0	3.8394	910.656	536.0	0.999	3.6021	684.432	747.36	0.9434	-0.067	-0.1624	0.9844	-26.2658	6.5675	-37.381	0.0	24	1.0	0.0		3435	0	0
1702055734743	t	desert_test_cue_parking_lot_left	0.0	5	0	3.7873	912.96	535.8399999999999	0.9844	3.5161	686.16	746.4000000000001	0.9498	-0.0715	-0.1636	0.9839	-28.6114	6.4937	-37.5606	0.0	24	1.0	0.0		3435	0	0
1702055734752	t	desert_test_cue_parking_lot_left	0.0	5	0	3.8197	910.8	539.36	0.9844	3.6564	683.28	748.0	0.9498	-0.0657	-0.1646	0.9842	-28.6166	6.4739	-37.5811	0.0	24	1.0	0.0		3435	0	0
1702055734760	t	desert_test_cue_parking_lot_left	0.0	5	0	3.9707	907.632	549.28	1.0	3.5761	675.072	760.1600000000001	0.9449	-0.0565	-0.1822	0.9816	-28.388	6.356	-37.5955	0.0	24	1.0	0.0		3435	0	0
1702055734768	t	desert_test_cue_parking_lot_left	0.0	5	0	3.7731	892.6560000000001	562.72	1.0	3.5353	662.4	768.48	0.9449	-0.0459	-0.1926	0.9802	-26.1602	6.3462	-37.4707	0.0	24	1.0	0.0		3435	0	0
1702055734776	t	desert_test_cue_parking_lot_left	0.0	5	0	3.8322	879.9839999999999	569.9200000000001	1.0	3.5855	641.376	784.16	0.9522	0.0	-0.2214	0.9752	-21.5855	6.4083	-37.1613	0.0	24	1.0	0.0		3435	0	0
1702055734785	t	desert_test_cue_parking_lot_left	0.0	5	0	3.7351	867.456	580.9599999999999	1.0	3.5385	632.016	790.08	0.9525	0.0121	-0.2255	0.9742	-20.0291	6.383	-37.0959	0.0	24	1.0	0.0		3435	0	0
1702055734793	t	desert_test_cue_parking_lot_left	0.0	5	0	3.7505	865.008	583.84	0.9588	3.5052	626.688	789.76	0.9395	0.0284	-0.2286	0.9731	-20.3764	6.3771	-37.1149	0.0	24	1.0	0.0		3435	0	0
1702055734801	t	desert_test_cue_parking_lot_left	0.0	5	0	3.732	864.72	585.12	0.9588	3.4737	628.272	791.36	0.9395	0.0214	-0.2352	0.9717	-19.2629	6.4284	-37.0377	0.0	24	1.0	0.0		3435	0	0
1702055734810	t	desert_test_cue_parking_lot_left	0.0	5	0	3.7311	864.4319999999999	584.8	0.9409	3.4655	629.136	789.9200000000001	0.9426	0.0185	-0.232	0.9725	-18.4102	6.4706	-36.9783	0.0	24	1.0	0.0		3435	0	0
1702055734818	t	desert_test_cue_parking_lot_left	0.0	5	0	3.7141	864.4319999999999	584.32	0.9409	3.4288	629.856	790.56	0.9426	0.0136	-0.2346	0.972	-18.9858	6.4516	-37.0229	0.0	24	1.0	0.0		3435	0	0
1702055734826	t	desert_test_cue_parking_lot_left	0.0	5	0	3.6901	861.5520000000001	580.0	0.9484	3.4363	629.568	790.56	0.9565	0.0178	-0.2301	0.973	-7.2355	6.9532	-36.2162	0.0	24	1.0	0.0		3435	0	0
1702055734835	t	desert_test_cue_parking_lot_left	0.0	5	0	3.7087	862.704	581.44	0.9484	3.4001	628.416	789.6	0.9565	0.0146	-0.2335	0.9722	-6.3466	7.0062	-36.149	0.0	24	1.0	0.0		3435	0	0
1702055734843	t	desert_test_cue_parking_lot_left	0.0	5	0	3.7511	859.104	579.6800000000001	0.9785	3.4264	626.256	788.48	0.9733	0.0225	-0.2332	0.9722	4.5252	7.4937	-35.396	0.0	24	1.0	0.0		3435	0	0
1702055734851	t	desert_test_cue_parking_lot_left	0.0	5	0	3.6328	857.088	574.24	0.9785	3.5148	624.24	786.88	0.9733	0.0215	-0.224	0.9744	5.3668	7.5527	-35.3482	0.0	24	1.0	0.0		3435	0	0
1702055734860	t	desert_test_cue_parking_lot_left	0.0	5	0	3.6053	856.224	577.76	0.9868	3.4374	622.3679999999999	787.84	0.9714	0.0157	-0.2345	0.972	6.0145	7.5822	-35.2896	0.0	24	1.0	0.0		3435	0	0
1702055734868	t	desert_test_cue_parking_lot_left	0.0	5	0	3.6407	852.7679999999999	573.28	0.9868	3.4008	620.496	788.9599999999999	0.9714	0.0193	-0.2268	0.9737	5.6758	7.5669	-35.323	0.0	24	1.0	0.0		3435	0	0
1702055734876	t	desert_test_cue_parking_lot_left	0.0	5	0	3.6222	851.4720000000001	574.08	1.0	3.3704	619.6320000000001	789.12	0.9726	0.0198	-0.2309	0.9728	5.73	7.5808	-35.3219	0.0	24	1.0	0.0		3435	0	0
1702055734885	t	desert_test_cue_parking_lot_left	0.0	5	0	3.3714	848.7360000000001	569.6	1.0	3.3985	619.776	788.64	0.9726	0.0244	-0.2231	0.9745	5.4105	7.5795	-35.3505	0.0	24	1.0	0.0		3435	0	0
1702055734893	t	desert_test_cue_parking_lot_left	0.0	5	0	3.4766	844.128	571.3599999999999	1.0	3.3857	618.192	788.48	0.9738	0.036	-0.2279	0.973	5.1023	7.5715	-35.3677	0.0	24	1.0	0.0		3435	0	0
1702055734901	t	desert_test_cue_parking_lot_left	0.0	5	0	3.4991	843.552	574.56	1.0	3.4534	616.6080000000001	789.9200000000001	0.9738	0.0385	-0.2359	0.971	4.9336	7.5592	-35.3756	0.0	24	1.0	0.0		3435	0	0
1702055734910	t	desert_test_cue_parking_lot_left	0.0	5	0	3.5747	845.424	577.44	1.0	3.2606	616.176	789.28	0.9826	0.033	-0.2373	0.9709	4.7742	7.533	-35.3854	0.0	24	1.0	0.0		3435	0	0
1702055734918	t	desert_test_cue_parking_lot_left	0.0	5	0	3.5458	844.7040000000001	576.9599999999999	1.0	3.4071	615.168	789.6	0.9827	0.0344	-0.2312	0.9723	4.9772	7.5165	-35.3758	0.0	24	1.0	0.0		3435	0	0
1702055734926	t	desert_test_cue_parking_lot_left	0.0	5	0	3.6079	842.976	578.08	1.0	3.2922	616.7520000000001	791.52	0.9869	0.0353	-0.2326	0.9719	5.0726	7.5019	-35.3751	0.0	24	1.0	0.0		3435	0	0
1702055734935	t	desert_test_cue_parking_lot_left	0.0	5	0	3.469	840.096	578.88	1.0	3.3013	617.184	792.8	0.9869	0.0385	-0.2301	0.9724	5.1553	7.482	-35.3845	0.0	24	1.0	0.0		3435	0	0
1702055734943	t	desert_test_cue_parking_lot_left	0.0	5	0	3.5893	841.392	584.16	1.0	3.2853	615.456	795.04	0.9924	0.034	-0.2397	0.9702	5.5203	7.4735	-35.3642	0.0	24	1.0	0.0		3435	0	0
1702055734952	t	desert_test_cue_parking_lot_left	0.0	5	0	3.5822	840.9599999999999	585.6	1.0	3.2311	613.584	795.04	0.9924	0.0335	-0.2374	0.9708	5.7422	7.4582	-35.3571	0.0	24	1.0	0.0		3435	0	0
1702055734960	t	desert_test_cue_parking_lot_left	0.0	5	0	3.575	840.672	584.8	1.0	3.267	614.88	794.24	0.9855	0.0294	-0.2313	0.9724	5.8022	7.4455	-35.3568	0.0	24	1.0	0.0		3435	0	0
1702055734968	t	desert_test_cue_parking_lot_left	0.0	5	0	3.5682	839.376	586.4	1.0	3.2052	611.424	795.2	0.9855	0.037	-0.2357	0.9711	6.0204	7.4535	-35.3453	0.0	24	1.0	0.0		3435	0	0
1702055734976	t	desert_test_cue_parking_lot_left	0.0	5	0	3.5593	839.232	584.48	1.0	3.2725	610.704	794.88	0.9792	0.0373	-0.2358	0.9711	6.3847	7.491	-35.3195	0.0	24	1.0	0.0		3435	0	0
1702055734984	t	desert_test_cue_parking_lot_left	0.0	5	0	3.6106	837.504	581.76	1.0	3.3309	610.704	791.52	0.9792	0.039	-0.233	0.9717	6.5309	7.5341	-35.3068	0.0	24	1.0	0.0		3435	0	0
1702055734992	t	desert_test_cue_parking_lot_left	0.0	5	0	3.6069	837.792	577.9200000000001	1.0	3.2719	608.832	787.2	0.9803	0.0372	-0.228	0.9729	6.8741	7.5891	-35.2744	0.0	24	1.0	0.0		3435	0	0
1702055735001	t	desert_test_cue_parking_lot_left	0.0	5	0	3.5554	834.768	575.36	1.0	3.3394	606.096	784.8	0.9803	0.0446	-0.2303	0.9721	7.6468	7.6761	-35.2161	0.0	24	1.0	0.0		3435	0	0
1702055735009	t	desert_test_cue_parking_lot_left	0.0	5	0	3.5227	833.616	572.48	1.0	3.3533	604.656	782.24	1.0	0.0459	-0.2312	0.9718	7.8988	7.7336	-35.1858	0.0	24	1.0	0.0		3435	0	0
1702055735018	t	desert_test_cue_parking_lot_left	0.0	5	0	3.5527	833.328	568.8	1.0	3.3239	602.64	780.16	1.0	0.0467	-0.2247	0.9733	8.2354	7.7669	-35.1538	0.0	24	1.0	0.0		3435	0	0
1702055735026	t	desert_test_cue_parking_lot_left	0.0	5	0	3.6399	829.4399999999999	571.1999999999999	1.0	3.365	599.904	779.04	1.0	0.0541	-0.2265	0.9725	8.7774	7.7792	-35.1239	0.0	24	1.0	0.0		3435	0	0
1702055735035	t	desert_test_cue_parking_lot_left	0.0	5	0	3.5414	829.008	571.1999999999999	1.0	3.3087	599.76	780.8	1.0	0.0498	-0.2212	0.974	8.735	7.7469	-35.1495	0.0	24	1.0	0.0		3435	0	0
1702055735043	t	desert_test_cue_parking_lot_left	0.0	5	0	3.5457	827.712	571.6800000000001	1.0	3.3228	596.448	782.24	0.9979	0.0551	-0.2194	0.9741	8.2927	7.7048	-35.1909	0.0	24	1.0	0.0		3435	0	0
1702055735051	t	desert_test_cue_parking_lot_left	0.0	5	0	3.5256	825.552	570.88	1.0	3.2701	595.4399999999999	783.36	0.9979	0.057	-0.2173	0.9744	7.9344	7.6797	-35.2188	0.0	24	1.0	0.0		3435	0	0
1702055735060	t	desert_test_cue_parking_lot_left	0.0	5	0	3.465	823.536	570.24	1.0	3.2765	592.992	782.4	0.9967	0.0595	-0.2127	0.9753	7.9752	7.673	-35.2217	0.0	24	1.0	0.0		3435	0	0
1702055735068	t	desert_test_cue_parking_lot_left	0.0	5	0	3.5458	818.928	572.48	1.0	3.2683	592.128	782.88	0.9967	0.0685	-0.2138	0.9745	7.7117	7.6387	-35.2362	0.0	24	1.0	0.0		3435	0	0
1702055735076	t	desert_test_cue_parking_lot_left	0.0	5	0	3.5459	816.048	573.12	1.0	3.2193	589.968	784.48	1.0	0.0722	-0.213	0.9744	7.0089	7.5853	-35.2918	0.0	24	1.0	0.0		3435	0	0
1702055735085	t	desert_test_cue_parking_lot_left	0.0	5	0	3.4579	815.04	575.1999999999999	1.0	3.3341	586.512	783.84	1.0	0.0735	-0.2105	0.9748	6.9424	7.556	-35.3099	0.0	24	1.0	0.0		3435	0	0
1702055735093	t	desert_test_cue_parking_lot_left	0.0	5	0	3.5845	813.024	577.9200000000001	1.0	3.3184	584.352	785.12	1.0	0.0751	-0.2142	0.9739	6.5276	7.5192	-35.3467	0.0	24	1.0	0.0		3435	0	0
1702055735101	t	desert_test_cue_parking_lot_left	0.0	5	0	3.5945	811.872	577.44	1.0	3.2515	583.488	783.6800000000001	1.0	0.073	-0.2096	0.9751	6.4026	7.5041	-35.3561	0.0	24	1.0	0.0		3435	0	0
1702055735110	t	desert_test_cue_parking_lot_left	0.0	5	0	3.6224	808.704	576.32	1.0	3.2424	580.464	786.72	1.0	0.077	-0.2121	0.9742	6.5082	7.5108	-35.3566	0.0	24	1.0	0.0		3435	0	0
1702055735118	t	desert_test_cue_parking_lot_left	0.0	5	0	3.6493	807.12	577.28	1.0	3.2812	579.888	785.44	1.0	0.076	-0.2129	0.9741	6.1906	7.4972	-35.3801	0.0	24	1.0	0.0		3435	0	0
1702055735126	t	desert_test_cue_parking_lot_left	0.0	5	0	3.6009	805.5360000000001	577.6	1.0	3.403	578.016	788.48	1.0	0.078	-0.2159	0.9733	6.0741	7.4842	-35.3966	0.0	24	1.0	0.0		3435	0	0
1702055735134	t	desert_test_cue_parking_lot_left	0.0	5	0	3.6587	804.8159999999999	576.0	1.0	3.2364	577.2959999999999	788.16	1.0	0.0756	-0.2118	0.9744	6.1193	7.4828	-35.3996	0.0	24	1.0	0.0		3435	0	0
1702055735143	t	desert_test_cue_parking_lot_left	0.0	5	0	3.6908	803.088	575.36	1.0	3.3829	576.144	790.24	1.0	0.0804	-0.2152	0.9733	6.0791	7.4899	-35.4043	0.0	24	1.0	0.0		3435	0	0
1702055735151	t	desert_test_cue_parking_lot_left	0.0	5	0	3.6123	806.112	577.44	1.0	3.3822	578.448	789.6	1.0	0.0832	-0.2132	0.9734	6.3848	7.4808	-35.3774	0.0	24	1.0	0.0		3435	0	0
1702055735159	t	desert_test_cue_parking_lot_left	0.0	5	0	3.6319	823.104	587.5200000000001	1.0	3.3338	591.12	802.88	0.9971	0.064	-0.2264	0.9719	7.0768	7.394	-35.3396	0.0	24	1.0	0.0		3435	0	0
1702055735168	t	desert_test_cue_parking_lot_left	0.0	5	0	3.5103	847.44	604.8	1.0	3.3092	609.9839999999999	818.5600000000001	0.9971	0.03	-0.253	0.967	8.5379	7.3226	-35.2581	0.0	24	1.0	0.0		3435	0	0
1702055735176	t	desert_test_cue_parking_lot_left	0.0	5	0	3.5934	874.0799999999999	618.0799999999999	1.0	3.362	633.8879999999999	831.5200000000001	0.9728	-0.0173	-0.2776	0.9605	3.6355	7.014	-35.5995	0.0	24	1.0	0.0		3435	0	0
1702055735184	t	desert_test_cue_parking_lot_left	0.0	5	0	3.6138	889.2	632.16	1.0	3.2617	642.24	842.7199999999999	0.973	-0.0407	-0.3075	0.9507	-1.347	6.7352	-35.965	0.0	24	1.0	0.0		3435	0	0
1702055735193	t	desert_test_cue_parking_lot_left	0.0	5	0	3.5211	892.6560000000001	635.8399999999999	0.9562	3.2032	645.12	847.1999999999999	0.9321	-0.0519	-0.3166	0.9471	-4.4947	6.5764	-36.1911	0.0	24	1.0	0.0		3435	0	0
1702055735201	t	desert_test_cue_parking_lot_left	0.0	5	0	3.5883	888.192	636.16	0.9562	3.2653	643.968	846.08	0.9321	-0.0411	-0.316	0.9479	-5.7647	6.5235	-36.2725	0.0	24	1.0	0.0		3435	0	0
1702055735209	t	desert_test_cue_parking_lot_left	0.0	5	0	3.4779	887.328	635.04	0.8668	3.3357	643.3919999999999	846.4000000000001	0.9036	-0.0381	-0.3122	0.9492	-5.765	6.5101	-36.2743	0.0	24	1.0	0.0		3435	0	0
1702055735218	t	desert_test_cue_parking_lot_left	0.0	5	0	3.5342	885.7439999999999	636.48	0.8668	3.3143	639.504	845.92	0.9036	-0.0281	-0.3116	0.9498	-5.1467	6.528	-36.2331	0.0	24	1.0	0.0		3435	0	0
1702055735226	t	desert_test_cue_parking_lot_left	0.0	5	0	3.5276	883.2959999999999	637.4399999999999	0.8774	3.2381	641.664	848.0	0.8928	-0.0352	-0.3159	0.9481	-2.1808	6.6515	-36.0351	0.0	24	1.0	0.0		3435	0	0
1702055735234	t	desert_test_cue_parking_lot_left	0.0	5	0	3.5696	877.9680000000001	634.24	0.8774	3.2885	640.08	849.2800000000001	0.8928	-0.0273	-0.3096	0.9505	1.5878	6.8018	-35.783	0.0	24	1.0	0.0		3435	0	0
1702055735242	t	desert_test_cue_parking_lot_left	0.0	5	0	3.4938	877.1039999999999	637.12	0.8782	3.3381	641.088	849.76	0.8933	-0.0322	-0.3119	0.9496	4.21	6.9036	-35.6139	0.0	24	1.0	0.0		3435	0	0
1702055735251	t	desert_test_cue_parking_lot_left	0.0	5	0	3.5448	874.512	636.8000000000001	0.8782	3.2799	639.072	851.0400000000001	0.8933	-0.026	-0.3113	0.9499	4.6031	6.9108	-35.5893	0.0	24	1.0	0.0		3435	0	0
1702055735259	t	desert_test_cue_parking_lot_left	0.0	5	0	3.4614	872.784	639.04	0.893	3.4757	633.744	853.28	0.9109	-0.0152	-0.3151	0.9489	4.7736	6.8981	-35.5837	0.0	24	1.0	0.0		3435	0	0
1702055735267	t	desert_test_cue_parking_lot_left	0.0	5	0	3.616	873.36	639.52	0.893	3.3985	632.16	853.28	0.9109	-0.0189	-0.3123	0.9498	4.9829	6.8886	-35.5739	0.0	24	1.0	0.0		3435	0	0
1702055735276	t	desert_test_cue_parking_lot_left	0.0	5	0	3.5797	873.648	641.28	0.8801	3.4465	631.728	856.1600000000001	0.9064	-0.0235	-0.3145	0.949	6.0779	6.912	-35.5097	0.0	24	1.0	0.0		3435	0	0
1702055735284	t	desert_test_cue_parking_lot_left	0.0	5	0	3.6159	871.4879999999999	643.04	0.8801	3.4583	631.296	855.6800000000001	0.9064	-0.0228	-0.3128	0.9495	7.6511	6.9587	-35.4132	0.0	24	1.0	0.0		3435	0	0
1702055735292	t	desert_test_cue_parking_lot_left	0.0	5	0	3.5999	867.888	644.8000000000001	0.8823	3.4648	632.592	856.48	0.9119	-0.0219	-0.314	0.9492	7.3389	6.929	-35.4452	0.0	24	1.0	0.0		3435	0	0
1702055735301	t	desert_test_cue_parking_lot_left	0.0	5	0	3.6296	866.1600000000001	643.8399999999999	0.8823	3.4845	634.7520000000001	857.1199999999999	0.9119	-0.0282	-0.3128	0.9494	6.9654	6.9108	-35.4742	0.0	24	1.0	0.0		3435	0	0
1702055735309	t	desert_test_cue_parking_lot_left	0.0	5	0	3.6103	864.72	641.92	0.9167	3.4578	628.56	858.08	0.9165	-0.0186	-0.3089	0.9509	6.9124	6.9021	-35.4774	0.0	24	1.0	0.0		3435	0	0
1702055735317	t	desert_test_cue_parking_lot_left	0.0	5	0	3.644	861.2639999999999	642.24	0.9173	3.4685	628.1279999999999	857.44	0.917	-0.0128	-0.309	0.951	6.2948	6.8746	-35.5207	0.0	24	1.0	0.0		3435	0	0
1702055735325	t	desert_test_cue_parking_lot_left	0.0	5	0	3.6006	860.688	644.8000000000001	0.9173	3.4836	627.12	857.1199999999999	0.9287	-0.0107	-0.3127	0.9498	5.6466	6.8417	-35.5698	0.0	24	1.0	0.0		3435	0	0
1702055735334	t	desert_test_cue_parking_lot_left	0.0	5	0	3.5963	862.704	646.4000000000001	0.9173	3.4932	625.392	856.9599999999999	0.9287	-0.0134	-0.3125	0.9498	5.7113	6.8292	-35.5701	0.0	24	1.0	0.0		3435	0	0
1702055735342	t	desert_test_cue_parking_lot_left	0.0	5	0	3.6783	864.2879999999999	645.92	0.915	3.5655	630.864	856.64	0.9246	-0.0221	-0.3101	0.9504	5.8243	6.8287	-35.5605	0.0	24	1.0	0.0		3435	0	0
1702055735351	t	desert_test_cue_parking_lot_left	0.0	5	0	3.6126	861.84	644.48	0.915	3.4756	633.744	858.08	0.9246	-0.0103	-0.3077	0.9514	6.2089	6.8427	-35.5354	0.0	24	1.0	0.0		3435	0	0
1702055735361	t	desert_test_cue_parking_lot_left	0.0	5	0	3.6498	866.1600000000001	648.1600000000001	0.9219	3.5226	634.176	856.1600000000001	0.9176	-0.0145	-0.3125	0.9498	6.3699	6.8501	-35.5243	0.0	24	1.0	0.0		3435	0	0
1702055735368	t	desert_test_cue_parking_lot_left	0.0	5	0	3.654	867.888	648.96	0.9219	3.4608	634.32	857.2800000000001	0.9176	-0.0133	-0.3117	0.9501	6.0862	6.8212	-35.5524	0.0	24	1.0	0.0		3435	0	0
1702055735376	t	desert_test_cue_parking_lot_left	0.0	5	0	3.601	867.744	652.64	0.9194	3.4922	640.08	857.1199999999999	0.9179	-0.0149	-0.3114	0.9501	5.4269	6.7584	-35.6042	0.0	24	1.0	0.0		3435	0	0
1702055735384	t	desert_test_cue_parking_lot_left	0.0	5	0	3.5566	869.472	652.8	0.9194	3.4815	639.216	858.56	0.9179	-0.0118	-0.3082	0.9512	4.9851	6.7131	-35.6371	0.0	24	1.0	0.0		3435	0	0
1702055735393	t	desert_test_cue_parking_lot_left	0.0	5	0	3.5816	869.616	657.28	0.9447	3.5184	641.52	860.16	0.9073	-0.0133	-0.3141	0.9493	4.5805	6.6734	-35.6743	0.0	24	1.0	0.0		3435	0	0
1702055735401	t	desert_test_cue_parking_lot_left	0.0	5	0	3.6214	867.024	653.76	0.9447	3.4895	636.768	852.0	0.9073	-0.0078	-0.3084	0.9512	4.6752	6.7365	-35.6533	0.0	24	1.0	0.0		3435	0	0
1702055735409	t	desert_test_cue_parking_lot_left	0.0	5	0	3.7393	858.816	638.24	0.9266	3.4855	631.152	836.0	0.8968	0.0043	-0.2809	0.9597	7.9451	6.9876	-35.3983	0.0	24	1.0	0.0		3435	0	0
1702055735418	t	desert_test_cue_parking_lot_left	0.0	5	0	3.7099	848.5920000000001	622.72	0.9266	3.4901	619.6320000000001	819.2	0.8968	0.0227	-0.2515	0.9676	9.2389	7.1594	-35.2847	0.0	24	1.0	0.0		3435	0	0
1702055735425	t	desert_test_cue_parking_lot_left	0.0	5	0	3.6624	838.8000000000001	607.36	0.9045	3.4471	611.28	806.4	0.8791	0.0435	-0.2234	0.9738	11.6399	7.3586	-35.1019	0.0	24	1.0	0.0		3435	0	0
1702055735434	t	desert_test_cue_parking_lot_left	0.0	5	0	3.7359	833.76	599.52	0.9045	3.4688	603.648	792.64	0.8791	0.0582	-0.1988	0.9783	14.0117	7.4952	-34.9451	0.0	24	1.0	0.0		3435	0	0
1702055735442	t	desert_test_cue_parking_lot_left	0.0	5	0	3.77	832.8960000000001	596.16	0.8957	3.4797	601.056	790.4	0.9078	0.0632	-0.1886	0.98	15.0437	7.5407	-34.8859	0.0	24	1.0	0.0		3435	0	0
1702055735451	t	desert_test_cue_parking_lot_left	0.0	5	0	3.7617	833.472	596.8	0.8963	3.4938	605.376	789.9200000000001	0.9084	0.0669	-0.1838	0.9807	15.1019	7.5154	-34.8809	0.0	24	1.0	0.0		3435	0	0
1702055735459	t	desert_test_cue_parking_lot_left	0.0	5	0	3.7745	835.1999999999999	598.08	0.9407	3.48	607.9680000000001	790.88	0.9434	0.0628	-0.1823	0.9812	14.7876	7.4766	-34.9042	0.0	24	1.0	0.0		3435	0	0
1702055735467	t	desert_test_cue_parking_lot_left	0.0	5	0	3.7684	836.352	604.16	0.9407	3.4857	608.688	793.12	0.9434	0.0585	-0.1909	0.9799	13.5865	7.3894	-34.9959	0.0	24	1.0	0.0		3435	0	0
1702055735475	t	desert_test_cue_parking_lot_left	0.0	5	0	3.6943	837.648	604.0	0.9523	3.5662	612.432	797.44	0.9565	0.0552	-0.1877	0.9807	11.0053	7.2578	-35.1702	0.0	24	1.0	0.0		3435	0	0
1702055735484	t	desert_test_cue_parking_lot_left	0.0	5	0	3.5804	838.8000000000001	609.2800000000001	0.9523	3.5358	614.16	799.52	0.9565	0.056	-0.1954	0.9791	9.4606	7.1679	-35.2795	0.0	24	1.0	0.0		3435	0	0
1702055735492	t	desert_test_cue_parking_lot_left	0.0	5	0	3.6708	838.368	609.92	0.9492	3.5428	615.7439999999999	800.8	0.97	0.0616	-0.1899	0.9799	8.9116	7.1078	-35.3204	0.0	24	1.0	0.0		3435	0	0
1702055735501	t	desert_test_cue_parking_lot_left	0.0	5	0	3.5943	841.8240000000001	614.4	0.9492	3.5861	618.336	804.1600000000001	0.97	0.0549	-0.1955	0.9791	8.5475	7.0521	-35.3462	0.0	24	1.0	0.0		3435	0	0
1702055735509	t	desert_test_cue_parking_lot_left	0.0	5	0	3.5554	841.248	618.88	0.9797	3.5623	617.616	807.84	0.9774	0.061	-0.2001	0.9779	7.8888	6.9812	-35.4012	0.0	24	1.0	0.0		3435	0	0
1702055735517	t	desert_test_cue_parking_lot_left	0.0	5	0	3.6871	842.4	624.96	0.9797	3.605	619.776	809.1200000000001	0.9774	0.055	-0.2044	0.9773	6.4362	6.8805	-35.5191	0.0	24	1.0	0.0		3435	0	0
1702055735526	t	desert_test_cue_parking_lot_left	0.0	5	0	3.6877	844.7040000000001	627.36	0.9732	3.5594	623.52	812.64	0.9645	0.0504	-0.2095	0.9765	6.2358	6.85	-35.5324	0.0	24	1.0	0.0		3435	0	0
1702055735534	t	desert_test_cue_parking_lot_left	0.0	5	0	3.75	847.44	627.0400000000001	0.9732	3.5608	625.392	813.4399999999999	0.9645	0.0458	-0.2081	0.977	6.0354	6.8338	-35.543	0.0	24	1.0	0.0		3435	0	0
1702055735542	t	desert_test_cue_parking_lot_left	0.0	5	0	3.7211	849.168	628.0	0.9586	3.5766	626.688	815.04	0.9763	0.045	-0.2133	0.9759	5.9309	6.8343	-35.5442	0.0	24	1.0	0.0		3435	0	0
1702055735551	t	desert_test_cue_parking_lot_left	0.0	5	0	3.7411	851.184	626.88	0.9586	3.5376	627.984	812.48	0.9763	0.0437	-0.2098	0.9768	5.5786	6.8331	-35.5656	0.0	24	1.0	0.0		3435	0	0
1702055735559	t	desert_test_cue_parking_lot_left	0.0	5	0	3.6816	852.6239999999999	625.92	0.9694	3.5484	631.584	809.76	0.9712	0.0392	-0.2084	0.9772	6.1078	6.8765	-35.5285	0.0	24	1.0	0.0		3435	0	0
1702055735567	t	desert_test_cue_parking_lot_left	0.0	5	0	3.7772	855.36	622.56	0.9694	3.4846	630.0	809.2800000000001	0.9712	0.0368	-0.2074	0.9776	6.0959	6.9068	-35.5194	0.0	24	1.0	0.0		3435	0	0
1702055735576	t	desert_test_cue_parking_lot_left	0.0	5	0	3.7283	856.656	621.44	0.9756	3.4809	632.88	803.52	0.9816	0.0324	-0.2061	0.978	6.5826	6.9684	-35.4821	0.0	24	1.0	0.0		3435	0	0
1702055735584	t	desert_test_cue_parking_lot_left	0.0	5	0	3.7276	857.088	618.4	0.9758	3.4405	636.192	799.2	0.9817	0.0293	-0.2045	0.9784	7.2316	7.0437	-35.4289	0.0	24	1.0	0.0		3435	0	0
1702055735595	t	desert_test_cue_parking_lot_left	0.0	5	0	3.7271	859.248	615.0400000000001	0.9721	3.397	638.784	794.88	0.9869	0.0225	-0.2005	0.9794	7.8083	7.1075	-35.3894	0.0	24	1.0	0.0		3435	0	0
1702055735601	t	desert_test_cue_parking_lot_left	0.0	5	0	3.6627	861.2639999999999	612.0	0.9721	3.4731	638.928	793.44	0.9869	0.0208	-0.205	0.9785	8.2407	7.1813	-35.3327	0.0	24	1.0	0.0		3435	0	0
1702055735609	t	desert_test_cue_parking_lot_left	0.0	5	0	3.6614	861.4079999999999	607.84	0.9898	3.4722	639.216	792.3199999999999	0.9893	0.0239	-0.2026	0.979	8.3813	7.2235	-35.3056	0.0	24	1.0	0.0		3435	0	0
1702055735617	t	desert_test_cue_parking_lot_left	0.0	5	0	3.6833	862.848	605.76	0.9898	3.451	640.08	790.7199999999999	0.9893	0.0229	-0.2031	0.9789	4.1655	7.1051	-35.5753	0.0	24	1.0	0.0		3435	0	0
1702055735626	t	desert_test_cue_parking_lot_left	0.0	5	0	3.573	862.848	601.92	0.9855	3.4388	640.944	790.7199999999999	0.985	0.0236	-0.203	0.9789	2.9315	7.0995	-35.6701	0.0	24	1.0	0.0		3435	0	0
1702055735634	t	desert_test_cue_parking_lot_left	0.0	5	0	3.6374	865.008	601.6	0.9855	3.5566	642.096	786.4	0.985	0.02	-0.2029	0.979	3.3626	7.1594	-35.6637	0.0	24	1.0	0.0		3435	0	0
1702055735642	t	desert_test_cue_parking_lot_left	0.0	5	0	3.6445	866.0160000000001	599.6800000000001	1.0	3.5347	641.376	786.4	1.0	0.0218	-0.2062	0.9783	4.1528	7.2195	-35.6039	0.0	24	1.0	0.0		3435	0	0
1702055735651	t	desert_test_cue_parking_lot_left	0.0	5	0	3.6051	865.584	596.0	1.0	3.4524	643.6800000000001	784.32	1.0	0.0169	-0.1987	0.9799	4.8519	7.258	-35.549	0.0	24	1.0	0.0		3435	0	0
1702055735659	t	desert_test_cue_parking_lot_left	0.0	5	0	3.6649	865.872	596.3199999999999	1.0	3.4843	642.96	782.24	0.9898	0.0161	-0.2027	0.9791	5.1021	7.2937	-35.5044	0.0	24	1.0	0.0		3435	0	0
1702055735667	t	desert_test_cue_parking_lot_left	0.0	5	0	3.4502	864.576	588.0	1.0	3.3589	643.824	780.8	0.9898	0.0142	-0.1935	0.981	5.2598	7.3429	-35.4782	0.0	24	1.0	0.0		3435	0	0
1702055735676	t	desert_test_cue_parking_lot_left	0.0	5	0	3.5636	863.712	586.24	1.0	3.4162	641.52	779.36	1.0	0.0147	-0.1978	0.9801	5.1642	7.3904	-35.5012	0.0	24	1.0	0.0		3435	0	0
1702055735684	t	desert_test_cue_parking_lot_left	0.0	5	0	3.6449	865.008	584.8	1.0	3.3467	641.232	776.48	1.0	0.0078	-0.2006	0.9796	5.231	7.4465	-35.521	0.0	24	1.0	0.0		3435	0	0
1702055735693	t	desert_test_cue_parking_lot_left	0.0	5	0	3.5832	864.4319999999999	580.9599999999999	1.0	3.3454	639.7919999999999	774.08	0.9906	0.0084	-0.199	0.98	4.9724	7.4872	-35.5543	0.0	24	1.0	0.0		3435	0	0
1702055735701	t	desert_test_cue_parking_lot_left	0.0	5	0	3.5906	865.584	580.48	1.0	3.2925	640.08	772.48	0.9906	0.0044	-0.202	0.9794	4.9842	7.5381	-35.6334	0.0	24	1.0	0.0		3435	0	0
1702055735709	t	desert_test_cue_parking_lot_left	0.0	5	0	3.5571	864.0	577.76	1.0	3.3099	638.208	771.04	0.9911	0.0107	-0.2013	0.9795	0.4297	7.4061	-35.9741	0.0	24	1.0	0.0		3435	0	0
1702055735718	t	desert_test_cue_parking_lot_left	0.0	5	0	3.5822	864.2879999999999	574.88	1.0	3.3095	639.072	770.56	0.9912	0.0075	-0.2025	0.9792	-5.7982	7.1968	-36.3862	0.0	24	1.0	0.0		3435	0	0
1702055735726	t	desert_test_cue_parking_lot_left	0.0	5	0	3.5378	863.856	573.76	1.0	3.3076	640.6560000000001	769.28	1.0	0.003	-0.2025	0.9793	-6.9014	7.1645	-36.418	0.0	24	1.0	0.0		3435	0	0
1702055735734	t	desert_test_cue_parking_lot_left	0.0	5	0	3.6316	865.2959999999999	572.8	1.0	3.2805	639.504	769.6	1.0	0.0035	-0.2055	0.9786	-3.7661	7.298	-36.1839	0.0	24	1.0	0.0		3435	0	0
1702055735743	t	desert_test_cue_parking_lot_left	0.0	5	0	3.6297	862.4159999999999	574.4	1.0	3.2902	639.36	768.48	0.9909	0.0105	-0.2101	0.9776	0.364	7.4847	-35.9281	0.0	24	1.0	0.0		3435	0	0
1702055735751	t	desert_test_cue_parking_lot_left	0.0	5	0	3.6072	864.864	570.72	1.0	3.2601	638.208	767.6800000000001	0.9909	0.0075	-0.2057	0.9786	3.0338	7.6076	-35.7548	0.0	24	1.0	0.0		3435	0	0
1702055735759	t	desert_test_cue_parking_lot_left	0.0	5	0	3.6081	864.576	570.4	1.0	3.2492	636.48	768.64	0.9927	0.0096	-0.2085	0.978	4.2293	7.6507	-35.6207	0.0	24	1.0	0.0		3435	0	0
1702055735768	t	desert_test_cue_parking_lot_left	0.0	5	0	3.647	861.84	569.6	1.0	3.3763	636.192	771.6800000000001	0.9927	0.014	-0.2102	0.9776	4.8127	7.6784	-35.629	0.0	24	1.0	0.0		3435	0	0
1702055735776	t	desert_test_cue_parking_lot_left	0.0	5	0	3.5672	861.984	571.52	1.0	3.3246	635.472	775.6800000000001	0.9831	0.0123	-0.2163	0.9762	8.0007	7.7971	-35.432	0.0	24	1.0	0.0		3435	0	0
1702055735784	t	desert_test_cue_parking_lot_left	0.0	5	0	3.538	860.688	572.64	1.0	3.3574	633.024	781.6	0.9831	0.0154	-0.2211	0.9751	9.3389	7.8251	-35.3279	0.0	24	1.0	0.0		3435	0	0
1702055735793	t	desert_test_cue_parking_lot_left	0.0	5	0	3.4398	859.824	571.84	1.0	3.3227	629.712	783.84	0.9788	0.0183	-0.2149	0.9765	10.5948	7.8502	-35.2647	0.0	24	1.0	0.0		3435	0	0
1702055735801	t	desert_test_cue_parking_lot_left	0.0	5	0	3.4355	859.536	577.76	1.0	3.3098	631.728	784.64	0.9788	0.0125	-0.2231	0.9747	9.6519	7.772	-35.3031	0.0	24	1.0	0.0		3435	0	0
1702055735809	t	desert_test_cue_parking_lot_left	0.0	5	0	3.4328	858.5279999999999	578.72	1.0	3.3923	631.296	788.48	0.9868	0.0149	-0.2206	0.9752	10.0041	7.741	-35.2748	0.0	24	1.0	0.0		3435	0	0
1702055735818	t	desert_test_cue_parking_lot_left	0.0	5	0	3.5521	860.688	584.16	1.0	3.3566	632.16	790.4	0.9868	0.0097	-0.2287	0.9734	10.0084	7.7037	-35.2632	0.0	24	1.0	0.0		3435	0	0
1702055735826	t	desert_test_cue_parking_lot_left	0.0	5	0	3.6033	860.688	587.2	1.0	3.3509	632.88	792.0	0.977	0.0104	-0.2341	0.9721	4.7339	7.4616	-35.6055	0.0	24	1.0	0.0		3435	0	0
1702055735834	t	desert_test_cue_parking_lot_left	0.0	5	0	3.5935	863.2800000000001	588.16	1.0	3.3795	634.032	793.12	0.977	0.0072	-0.2341	0.9722	4.3213	7.4265	-35.6278	0.0	24	1.0	0.0		3435	0	0
1702055735842	t	desert_test_cue_parking_lot_left	0.0	5	0	3.6288	863.856	590.08	1.0	3.4151	634.7520000000001	794.4	0.9809	0.0088	-0.2357	0.9718	4.119	7.3989	-35.6436	0.0	24	1.0	0.0		3435	0	0
1702055735851	t	desert_test_cue_parking_lot_left	0.0	5	0	3.572	863.424	593.44	1.0	3.3339	637.4879999999999	795.36	0.981	0.0102	-0.2358	0.9718	4.8515	7.3951	-35.6034	0.0	24	1.0	0.0		3435	0	0
1702055735859	t	desert_test_cue_parking_lot_left	0.0	5	0	3.6012	865.4399999999999	597.12	1.0	3.3157	638.064	798.4	0.9823	0.0108	-0.2352	0.9719	5.0708	7.3455	-35.5954	0.0	24	1.0	0.0		3435	0	0
1702055735868	t	desert_test_cue_parking_lot_left	0.0	5	0	3.5789	867.456	598.4	1.0	3.3599	641.088	800.3199999999999	0.9823	0.0068	-0.2321	0.9727	5.2238	7.3149	-35.5983	0.0	24	1.0	0.0		3435	0	0
1702055735876	t	desert_test_cue_parking_lot_left	0.0	5	0	3.5996	867.888	599.84	1.0	3.3448	641.808	803.68	0.9957	0.0152	-0.2347	0.9719	8.0248	7.4105	-35.4161	0.0	24	1.0	0.0		3435	0	0
1702055735884	t	desert_test_cue_parking_lot_left	0.0	5	0	3.4654	878.688	598.4	1.0	3.373	652.0319999999999	803.9999999999999	0.9957	0.0034	-0.2352	0.9719	8.2886	7.4431	-35.3885	0.0	24	1.0	0.0		3435	0	0
1702055735893	t	desert_test_cue_parking_lot_left	0.0	5	0	3.5534	899.2800000000001	593.44	1.0	3.3358	668.304	802.88	1.0	-0.0317	-0.2303	0.9726	8.2248	7.483	-35.3772	0.0	24	1.0	0.0		3435	0	0
1702055735901	t	desert_test_cue_parking_lot_left	0.0	5	0	3.5398	923.04	586.08	1.0	3.3766	682.128	798.88	1.0	-0.0604	-0.2209	0.9734	2.8163	7.309	-35.7084	0.0	24	1.0	0.0		3435	0	0
1702055735910	t	desert_test_cue_parking_lot_left	0.0	5	0	3.5555	928.944	586.24	1.0	3.3329	693.36	800.3199999999999	0.9786	-0.0669	-0.2281	0.9713	0.2562	7.2246	-35.8761	0.0	24	1.0	0.0		3435	0	0
1702055735918	t	desert_test_cue_parking_lot_left	0.0	5	0	3.4804	933.264	584.48	1.0	3.3089	696.24	794.56	0.9786	-0.0751	-0.2219	0.9722	-2.0381	7.1596	-36.0239	0.0	24	1.0	0.0		3435	0	0
1702055735926	t	desert_test_cue_parking_lot_left	0.0	5	0	3.5826	933.6959999999999	582.08	1.0	3.25	695.952	789.28	1.0	-0.0727	-0.2182	0.9732	-3.2237	7.1532	-36.0881	0.0	24	1.0	0.0		3435	0	0
1702055735934	t	desert_test_cue_parking_lot_left	0.0	5	0	3.4752	935.28	580.16	1.0	3.2238	697.248	784.8	1.0	-0.0731	-0.2156	0.9737	-3.2805	7.1961	-36.0849	0.0	24	1.0	0.0		3435	0	0
1702055735942	t	desert_test_cue_parking_lot_left	0.0	5	0	3.5256	936.7199999999999	574.72	1.0	3.215	698.112	781.9200000000001	1.0	-0.0815	-0.2119	0.9739	-2.5263	7.2766	-36.0313	0.0	24	1.0	0.0		3435	0	0
1702055735951	t	desert_test_cue_parking_lot_left	0.0	5	0	3.436	933.12	572.9599999999999	1.0	3.3037	696.384	781.28	1.0	-0.0727	-0.2139	0.9741	0.5019	7.4309	-35.8165	0.0	24	1.0	0.0		3435	0	0
1702055735959	t	desert_test_cue_parking_lot_left	0.0	5	0	3.452	932.4	571.52	1.0	3.2235	693.36	778.88	0.9979	-0.0683	-0.2116	0.975	4.6861	7.6281	-35.5279	0.0	24	1.0	0.0		3435	0	0
1702055735967	t	desert_test_cue_parking_lot_left	0.0	5	0	3.4882	930.384	568.32	1.0	3.3282	693.36	778.72	0.9979	-0.0674	-0.2083	0.9757	6.6219	7.7243	-35.386	0.0	24	1.0	0.0		3435	0	0
1702055735976	t	desert_test_cue_parking_lot_left	0.0	5	0	3.5564	932.256	570.72	1.0	3.2373	692.496	779.84	1.0	-0.0749	-0.2158	0.9735	7.0289	7.7436	-35.3568	0.0	24	1.0	0.0		3435	0	0
1702055735984	t	desert_test_cue_parking_lot_left	0.0	5	0	3.5019	930.384	568.32	1.0	3.348	692.64	779.84	1.0	-0.0716	-0.2081	0.9755	5.3472	7.6595	-35.4677	0.0	24	1.0	0.0		3435	0	0
1702055735992	t	desert_test_cue_parking_lot_left	0.0	5	0	3.5085	930.384	569.12	1.0	3.3418	692.352	783.1999999999999	1.0	-0.0709	-0.2117	0.9747	4.4328	7.6052	-35.5318	0.0	24	1.0	0.0		3435	200	MYKEYWORD 200
