Recording timestamp	type	Scene Name	scene_num	order	djv_reported	PupilDiam_Left	Gaze2d_Left.x	Gaze2d_Left.y	left_eye_openness	PupilDiam_Right	Gaze2d_Right.x	Gaze2d_Right.y	right_eye_openness	gaze_direction_x	gaze_direction_y	gaze_direction_z	gaze_origin_x	gaze_origin_y	gaze_origin_z	gaze_convergence_distance	participant	study_status	scene_familiarity	recall_status	Identifier	Event value	Event message
1701804736628	t	clothingstore_testcue_lobby_left	0.0	1	0	3.7121	815.472	740.32	1.0	3.5087	838.368	902.88	1.0	0.0837	0.1774	0.9806	-31.5708	2.7513	-40.1441	0.0	8	1.0	0.0		3879	100	MYKEYWORD 100
1701804736637	t	clothingstore_testcue_lobby_left	0.0	1	0	3.8398	818.496	760.48	1.0	3.5299	845.5680000000001	919.36	1.0	0.0713	0.1581	0.9848	-32.3488	2.6147	-40.4279	0.0	8	1.0	0.0		3879	0	0
1701804736645	t	clothingstore_testcue_lobby_left	0.0	1	0	3.7094	821.2320000000001	777.76	1.0	3.5173	847.5840000000001	936.6400000000001	1.0	0.0703	0.1393	0.9877	-32.6167	2.3602	-40.2717	0.0	8	1.0	0.0		3879	0	0
1701804736654	t	clothingstore_testcue_lobby_left	0.0	1	0	3.6122	825.408	792.3199999999999	1.0	3.6202	851.904	952.0	1.0	0.0635	0.1314	0.9893	-26.1501	2.1359	-39.2294	0.0	8	1.0	0.0		3879	0	0
1701804736662	t	clothingstore_testcue_lobby_left	0.0	1	0	3.7547	825.2640000000001	806.08	1.0	3.5606	853.776	962.5600000000001	1.0	0.0632	0.1444	0.9875	27.5245	2.9103	-34.583	0.0	8	1.0	0.0		3879	0	0
1701804736670	t	clothingstore_testcue_lobby_left	0.0	1	0	3.724	825.696	817.1200000000001	1.0	3.3741	853.488	977.6	1.0	0.0655	0.1366	0.9884	28.1323	2.7086	-34.3308	0.0	8	1.0	0.0		3879	0	0
1701804736679	t	clothingstore_testcue_lobby_left	0.0	1	0	3.7079	827.712	825.44	1.0	3.4835	857.3760000000001	985.6	1.0	0.0572	0.131	0.9897	28.9034	2.564	-34.122	0.0	8	1.0	0.0		3879	0	0
1701804736687	t	clothingstore_testcue_lobby_left	0.0	1	0	3.7567	828.288	833.2800000000001	1.0	3.493	860.1120000000001	990.08	1.0	0.0563	0.118	0.9914	28.9203	2.5527	-34.3464	0.0	8	1.0	0.0		3879	0	0
1701804736695	t	clothingstore_testcue_lobby_left	0.0	1	0	3.7319	826.1279999999999	840.0	1.0	3.4426	861.4079999999999	995.8399999999999	1.0	0.0628	0.1048	0.9925	28.9316	2.4775	-34.2825	0.0	8	1.0	0.0		3879	0	0
1701804736703	t	clothingstore_testcue_lobby_left	0.0	1	0	3.7598	825.984	842.4	1.0	3.5089	861.5520000000001	998.24	1.0	0.0609	0.1016	0.993	28.9479	2.4933	-34.4446	0.0	8	1.0	0.0		3879	0	0
1701804736712	t	clothingstore_testcue_lobby_left	0.0	1	0	3.6901	829.584	844.8000000000001	1.0	3.5757	861.84	1001.12	1.0	0.0444	0.0914	0.9948	28.9557	2.4898	-34.4224	0.0	8	1.0	0.0		3879	0	0
1701804736720	t	clothingstore_testcue_lobby_left	0.0	1	0	3.7521	829.1519999999999	845.76	1.0	3.5194	863.424	1001.92	1.0	0.0453	0.0876	0.9951	28.9576	2.4811	-34.3706	0.0	8	1.0	0.0		3879	0	0
1701804736728	t	clothingstore_testcue_lobby_left	0.0	1	0	3.6407	827.856	846.88	1.0	3.4011	863.568	1002.2399999999999	1.0	0.0523	0.0782	0.9956	28.9444	2.4955	-34.3539	0.0	8	1.0	0.0		3879	0	0
1701804736737	t	clothingstore_testcue_lobby_left	0.0	1	0	3.6247	829.584	845.4399999999999	1.0	3.5298	867.024	1003.04	1.0	0.047	0.0797	0.9957	28.7572	2.5112	-34.3738	0.0	8	1.0	0.0		3879	0	0
1701804736745	t	clothingstore_testcue_lobby_left	0.0	1	0	3.6583	830.8799999999999	840.9599999999999	1.0	3.421	868.8960000000001	997.12	1.0	0.0475	0.0906	0.9948	27.8949	2.4257	-34.0717	0.0	8	1.0	0.0		3879	0	0
1701804736753	t	clothingstore_testcue_lobby_left	0.0	1	0	3.6821	838.2239999999999	826.8800000000001	1.0	3.4915	879.264	980.48	1.0	0.0284	0.1029	0.9943	-5.1388	1.8786	-36.4159	0.0	8	1.0	0.0		3879	0	0
1701804736762	t	clothingstore_testcue_lobby_left	0.0	1	0	3.6048	850.464	810.2399999999999	1.0	3.4157	888.48	965.1199999999999	1.0	0.0085	0.1295	0.9915	-9.7181	1.8568	-36.499	0.0	8	1.0	0.0		3879	0	0
1701804736770	t	clothingstore_testcue_lobby_left	0.0	1	0	3.6809	862.4159999999999	793.6	1.0	3.4183	897.984	945.12	1.0	-0.0207	0.1596	0.987	-29.3484	1.6387	-38.0291	0.0	8	1.0	0.0		3879	0	0
1701804736778	t	clothingstore_testcue_lobby_left	0.0	1	0	3.6232	876.24	776.9599999999999	1.0	3.6965	905.904	925.92	1.0	-0.0237	0.1894	0.9816	-15.5606	2.4271	-38.0366	0.0	8	1.0	0.0		3879	0	0
1701804736787	t	clothingstore_testcue_lobby_left	0.0	1	0	3.6989	883.44	764.1600000000001	1.0	3.5239	915.552	913.5999999999999	1.0	-0.0266	0.2233	0.9744	27.8409	3.2138	-34.1492	0.0	8	1.0	0.0		3879	0	0
1701804736795	t	clothingstore_testcue_lobby_left	0.0	1	0	3.6475	886.0319999999999	760.0	1.0	3.5186	915.408	909.6	1.0	-0.0334	0.2233	0.9742	28.234	3.3584	-34.3682	0.0	8	1.0	0.0		3879	0	0
1701804736803	t	clothingstore_testcue_lobby_left	0.0	1	0	3.6461	885.7439999999999	760.0	1.0	3.4952	913.536	911.52	1.0	-0.0398	0.221	0.9745	28.2782	3.358	-34.3279	0.0	8	1.0	0.0		3879	0	0
1701804736812	t	clothingstore_testcue_lobby_left	0.0	1	0	3.5763	885.312	760.32	1.0	3.5729	915.552	911.9999999999999	1.0	-0.0443	0.2185	0.9748	28.3095	3.3512	-34.2907	0.0	8	1.0	0.0		3879	0	0
1701804736820	t	clothingstore_testcue_lobby_left	0.0	1	0	3.5961	880.8480000000001	761.5999999999999	1.0	3.4171	914.2560000000001	911.36	1.0	-0.0314	0.2155	0.976	28.3285	3.3161	-34.1847	0.0	8	1.0	0.0		3879	0	0
1701804736828	t	clothingstore_testcue_lobby_left	0.0	1	0	3.5037	881.568	765.12	1.0	3.5463	911.664	915.3600000000001	1.0	-0.0408	0.2066	0.9776	28.3536	3.2412	-33.9895	0.0	8	1.0	0.0		3879	0	0
1701804736837	t	clothingstore_testcue_lobby_left	0.0	1	0	3.5967	877.9680000000001	768.32	1.0	3.5143	910.9440000000001	916.3199999999999	1.0	-0.0374	0.2052	0.978	28.364	3.1089	-33.6626	0.0	8	1.0	0.0		3879	0	0
1701804736845	t	clothingstore_testcue_lobby_left	0.0	1	0	3.6677	875.664	767.84	1.0	3.5063	910.08	917.92	1.0	-0.0332	0.1934	0.9806	-7.0563	2.6989	-37.3069	0.0	8	1.0	0.0		3879	0	0
1701804736853	t	clothingstore_testcue_lobby_left	0.0	1	0	3.5564	873.2160000000001	769.12	1.0	3.4993	909.504	921.5999999999999	1.0	-0.0328	0.1678	0.9853	-33.3651	2.3815	-39.9282	0.0	8	1.0	0.0		3879	0	0
1701804736862	t	clothingstore_testcue_lobby_left	0.0	1	0	3.4721	870.768	771.1999999999999	1.0	3.502	909.3599999999999	917.92	1.0	-0.0347	0.1798	0.9831	-33.2968	2.3956	-39.9474	0.0	8	1.0	0.0		3879	0	0
1701804736870	t	clothingstore_testcue_lobby_left	0.0	1	0	3.67	868.032	772.8	1.0	3.5411	907.4879999999999	918.4	1.0	-0.0309	0.1751	0.9841	-33.3217	2.4046	-39.9391	0.0	8	1.0	0.0		3879	0	0
1701804736878	t	clothingstore_testcue_lobby_left	0.0	1	0	3.4116	866.1600000000001	771.6800000000001	1.0	3.4403	905.1840000000001	919.68	1.0	-0.0258	0.1684	0.9854	-33.2378	2.4079	-39.9133	0.0	8	1.0	0.0		3879	0	0
1701804736887	t	clothingstore_testcue_lobby_left	0.0	1	0	3.5438	864.2879999999999	773.28	1.0	3.3567	904.32	922.08	1.0	-0.0255	0.1566	0.9873	-32.6757	2.4206	-39.8317	0.0	8	1.0	0.0		3879	0	0
1701804736895	t	clothingstore_testcue_lobby_left	0.0	1	0	3.3391	863.568	762.08	1.0	3.2775	904.896	909.2800000000001	1.0	-0.0279	0.1781	0.9836	-31.801	2.5533	-39.7937	0.0	8	1.0	0.0		3879	0	0
1701804736903	t	clothingstore_testcue_lobby_left	0.0	1	0	3.4666	868.032	741.28	1.0	3.4137	906.3359999999999	891.5200000000001	1.0	-0.0384	0.2129	0.9763	-32.021	2.7085	-39.8716	0.0	8	1.0	0.0		3879	0	0
1701804736911	t	clothingstore_testcue_lobby_left	0.0	1	0	3.3967	872.64	724.0	1.0	3.3512	908.2080000000001	873.6	1.0	-0.0501	0.2496	0.9671	-32.8964	2.8342	-40.0103	0.0	8	1.0	0.0		3879	0	0
1701804736920	t	clothingstore_testcue_lobby_left	0.0	1	0	3.4304	876.96	713.6	1.0	3.2872	910.512	865.1199999999999	1.0	-0.0591	0.2684	0.9615	-33.1469	2.8915	-40.0667	0.0	8	1.0	0.0		3879	0	0
1701804736928	t	clothingstore_testcue_lobby_left	0.0	1	0	3.3989	874.2239999999999	718.88	1.0	3.3451	907.632	867.2	1.0	-0.0485	0.2663	0.9627	-33.1946	2.863	-40.0633	0.0	8	1.0	0.0		3879	0	0
1701804736936	t	clothingstore_testcue_lobby_left	0.0	1	0	3.3659	873.2160000000001	720.8000000000001	1.0	3.3207	907.056	871.3599999999999	1.0	-0.0444	0.2645	0.9633	-33.162	2.8017	-40.0549	0.0	8	1.0	0.0		3879	0	0
1701804736945	t	clothingstore_testcue_lobby_left	0.0	1	0	3.3848	871.632	724.48	1.0	3.242	905.616	874.56	1.0	-0.0401	0.259	0.965	-32.8813	2.7716	-40.0181	0.0	8	1.0	0.0		3879	0	0
1701804736953	t	clothingstore_testcue_lobby_left	0.0	1	0	3.4044	870.48	726.88	1.0	3.3541	906.3359999999999	877.76	1.0	-0.0409	0.2505	0.9672	-31.54	2.7808	-39.8785	0.0	8	1.0	0.0		3879	0	0
1701804736961	t	clothingstore_testcue_lobby_left	0.0	1	0	3.4975	870.1919999999999	726.24	1.0	3.2829	904.896	880.0000000000001	1.0	-0.0357	0.2496	0.9677	-23.7086	2.8811	-39.1412	0.0	8	1.0	0.0		3879	0	0
1701804736970	t	clothingstore_testcue_lobby_left	0.0	1	0	3.3159	867.3119999999999	731.36	1.0	3.251	905.1840000000001	881.6	1.0	-0.0336	0.256	0.9661	-6.0296	3.1004	-37.4922	0.0	8	1.0	0.0		3879	0	0
1701804736978	t	clothingstore_testcue_lobby_left	0.0	1	0	3.4436	865.584	732.96	1.0	3.2154	906.624	883.84	1.0	-0.0343	0.2566	0.9659	-2.011	3.1325	-37.1161	0.0	8	1.0	0.0		3879	0	0
1701804736986	t	clothingstore_testcue_lobby_left	0.0	1	0	3.3912	865.584	735.04	1.0	3.3373	903.168	887.36	1.0	-0.0291	0.252	0.9673	-1.4874	3.1132	-37.0573	0.0	8	1.0	0.0		3879	0	0
1701804736995	t	clothingstore_testcue_lobby_left	0.0	1	0	3.3079	865.4399999999999	738.88	1.0	3.1974	903.3119999999999	889.7600000000001	1.0	-0.0306	0.2442	0.9692	-1.474	3.0877	-37.0446	0.0	8	1.0	0.0		3879	0	0
1701804737003	t	clothingstore_testcue_lobby_left	0.0	1	0	3.3557	864.72	741.28	1.0	3.202	902.736	892.0	1.0	-0.03	0.2395	0.9704	-1.4916	3.068	-37.0404	0.0	8	1.0	0.0		3879	0	0
1701804737011	t	clothingstore_testcue_lobby_left	0.0	1	0	3.3694	864.2879999999999	739.8399999999999	1.0	3.2279	901.728	891.6800000000001	1.0	-0.0286	0.246	0.9688	-1.4788	3.0566	-37.0479	0.0	8	1.0	0.0		3879	0	0
1701804737020	t	clothingstore_testcue_lobby_left	0.0	1	0	3.2814	864.576	742.24	1.0	3.1265	903.888	895.36	1.0	-0.0347	0.2364	0.971	-1.6941	3.0394	-37.0547	0.0	8	1.0	0.0		3879	0	0
1701804737028	t	clothingstore_testcue_lobby_left	0.0	1	0	3.3255	862.56	743.68	1.0	3.144	903.3119999999999	895.36	1.0	-0.032	0.2353	0.9714	-2.331	3.0203	-37.11	0.0	8	1.0	0.0		3879	0	0
1701804737036	t	clothingstore_testcue_lobby_left	0.0	1	0	3.3406	862.272	744.8000000000001	1.0	3.1453	903.888	895.36	1.0	-0.0345	0.2349	0.9714	-2.7617	3.0049	-37.151	0.0	8	1.0	0.0		3879	0	0
1701804737045	t	clothingstore_testcue_lobby_left	0.0	1	0	3.3341	861.696	744.16	1.0	3.1368	903.3119999999999	895.36	1.0	-0.0333	0.2382	0.9706	-2.5734	2.9999	-37.139	0.0	8	1.0	0.0		3879	0	0
1701804737053	t	clothingstore_testcue_lobby_left	0.0	1	0	3.2528	861.4079999999999	745.4399999999999	1.0	3.1462	903.3119999999999	895.36	1.0	-0.0331	0.2368	0.971	-2.6534	2.9913	-37.1445	0.0	8	1.0	0.0		3879	0	0
1701804737062	t	clothingstore_testcue_lobby_left	0.0	1	0	3.2762	861.12	745.6	1.0	3.1454	903.024	895.8399999999999	1.0	-0.0326	0.2368	0.971	-2.5298	2.989	-37.1335	0.0	8	1.0	0.0		3879	0	0
1701804737070	t	clothingstore_testcue_lobby_left	0.0	1	0	3.2494	862.128	745.12	1.0	3.1449	902.88	896.1600000000001	1.0	-0.0343	0.2377	0.9707	-2.3524	2.9886	-37.1182	0.0	8	1.0	0.0		3879	0	0
1701804737078	t	clothingstore_testcue_lobby_left	0.0	1	0	3.2473	862.848	745.6	1.0	3.1451	902.4480000000001	896.32	1.0	-0.0346	0.2368	0.9709	-2.4209	2.9858	-37.1253	0.0	8	1.0	0.0		3879	0	0
1701804737086	t	clothingstore_testcue_lobby_left	0.0	1	0	3.2492	862.9920000000001	748.32	1.0	3.1451	902.88	896.64	1.0	-0.0349	0.234	0.9716	-2.694	2.9671	-37.1438	0.0	8	1.0	0.0		3879	0	0
1701804737095	t	clothingstore_testcue_lobby_left	0.0	1	0	3.2692	863.1360000000001	747.68	1.0	3.1661	902.88	897.9200000000001	1.0	-0.0329	0.239	0.9704	-2.6617	2.9389	-37.1382	0.0	8	1.0	0.0		3879	0	0
1701804737103	t	clothingstore_testcue_lobby_left	0.0	1	0	3.1812	862.9920000000001	750.88	1.0	3.155	905.76	896.96	1.0	-0.0369	0.2383	0.9705	-2.8017	2.9194	-37.1513	0.0	8	1.0	0.0		3879	0	0
1701804737112	t	clothingstore_testcue_lobby_left	0.0	1	0	3.141	862.704	759.84	1.0	3.0592	905.3280000000001	903.68	1.0	-0.0344	0.2291	0.9728	-3.1233	2.8175	-37.1714	0.0	8	1.0	0.0		3879	0	0
1701804737120	t	clothingstore_testcue_lobby_left	0.0	1	0	3.2316	871.3439999999999	786.4	1.0	3.0447	904.608	933.92	1.0	-0.041	0.1709	0.9844	-16.4535	2.3459	-38.1843	0.0	8	1.0	0.0		3879	0	0
1701804737129	t	clothingstore_testcue_lobby_left	0.0	1	0	3.2436	880.992	825.6	1.0	3.0526	902.592	974.4	1.0	-0.053	0.1211	0.9912	28.4282	2.6101	-34.1692	0.0	8	1.0	0.0		3879	0	0
1701804737137	t	clothingstore_testcue_lobby_left	0.0	1	0	3.1478	891.7919999999999	868.16	1.0	3.1038	901.584	1015.04	1.0	-0.0603	0.0408	0.9973	28.2594	2.2674	-34.2611	0.0	8	1.0	0.0		3879	0	0
1701804737146	t	clothingstore_testcue_lobby_left	0.0	1	0	3.1622	901.44	904.48	1.0	3.0818	902.016	1056.0	1.0	-0.0827	-0.0071	0.9965	28.1575	1.7256	-33.7748	0.0	8	1.0	0.0		3879	0	0
1701804737154	t	clothingstore_testcue_lobby_left	0.0	1	0	3.2261	909.792	947.04	1.0	3.0859	906.3359999999999	1091.52	1.0	-0.0827	-0.0967	0.9919	28.0309	1.6649	-34.6472	0.0	8	1.0	0.0		3879	0	0
1701804737162	t	clothingstore_testcue_lobby_left	0.0	1	0	3.1862	915.84	984.4799999999999	1.0	3.1424	911.808	1136.0	1.0	-0.1011	-0.1541	0.9829	27.9954	1.2129	-34.3481	0.0	8	1.0	0.0		3879	0	0
1701804737170	t	clothingstore_testcue_lobby_left	0.0	1	0	3.2783	920.448	1026.3999999999999	1.0	3.0721	915.552	1186.24	1.0	-0.1024	-0.2256	0.9688	27.914	0.8272	-34.2825	0.0	8	1.0	0.0		3879	0	0
1701804737179	t	clothingstore_testcue_lobby_left	0.0	1	0	3.2875	920.0160000000001	1057.92	0.9863	3.1454	917.28	1217.44	0.9044	-0.0979	-0.2826	0.9542	27.9113	0.5971	-34.3546	0.0	8	1.0	0.0		3879	0	0
1701804737187	t	clothingstore_testcue_lobby_left	0.0	1	0	3.2732	922.1759999999999	1079.36	0.9863	3.181	923.184	1244.8	0.9044	-0.0936	-0.3071	0.9471	27.8574	0.3774	-34.4188	0.0	8	1.0	0.0		3879	0	0
1701804737195	t	clothingstore_testcue_lobby_left	0.0	1	0	3.2456	931.392	1100.0	0.9111	3.0847	933.12	1260.0	0.862	-0.1167	-0.3443	0.9315	27.8036	0.2464	-34.4797	0.0	8	1.0	0.0		3879	0	0
1701804737204	t	clothingstore_testcue_lobby_left	0.0	1	0	3.279	930.672	1097.6000000000001	0.9111	3.1773	935.28	1257.2800000000002	0.862	-0.1199	-0.3385	0.9333	27.8304	0.255	-34.4773	0.0	8	1.0	0.0		3879	0	0
1701804737212	t	clothingstore_testcue_lobby_left	0.0	1	0	3.2824	927.648	1091.68	0.9279	3.2396	940.608	1251.68	0.7654	-0.1148	-0.3284	0.9375	27.8605	0.2945	-34.4587	0.0	8	1.0	0.0		3879	0	0
1701804737220	t	clothingstore_testcue_lobby_left	0.0	1	0	3.1795	926.064	1085.9199999999998	0.9279	3.1946	948.672	1246.0800000000002	0.7654	-0.1083	-0.3253	0.9394	27.8597	0.3674	-34.4336	0.0	8	1.0	0.0		3879	0	0
1701804737229	t	clothingstore_testcue_lobby_left	0.0	1	0	3.266	926.9280000000001	1077.76	0.932	3.1689	952.272	1240.6399999999999	0.7759	-0.1093	-0.3131	0.9434	27.8425	0.4388	-34.4159	0.0	8	1.0	0.0		3879	0	0
1701804737237	t	clothingstore_testcue_lobby_left	0.0	1	0	3.2987	930.672	1069.44	0.932	3.1391	954.864	1234.08	0.7759	-0.1206	-0.3133	0.9419	9.1691	0.2856	-35.9874	0.0	8	1.0	0.0		3879	0	0
1701804737244	t	clothingstore_testcue_lobby_left	0.0	1	0	3.2537	933.9839999999999	1062.72	0.9415	3.143	961.3439999999999	1215.68	0.7762	-0.134	-0.2953	0.9459	8.5708	0.3495	-36.0213	0.0	8	1.0	0.0		3879	0	0
1701804737253	t	clothingstore_testcue_lobby_left	0.0	1	0	3.261	935.7120000000001	1056.96	0.9415	3.1821	964.512	1208.96	0.7762	-0.1372	-0.2872	0.948	8.075	0.3988	-36.0446	0.0	8	1.0	0.0		3879	0	0
1701804737262	t	clothingstore_testcue_lobby_left	0.0	1	0	3.2736	935.28	1049.76	0.9482	3.2093	964.512	1206.4	0.8037	-0.1306	-0.2798	0.9511	6.4619	0.4286	-36.1631	0.0	8	1.0	0.0		3879	0	0
1701804737270	t	clothingstore_testcue_lobby_left	0.0	1	0	3.2537	934.416	1045.28	0.9482	3.1773	966.816	1202.88	0.8037	-0.1279	-0.2756	0.9527	4.6168	0.4452	-36.3053	0.0	8	1.0	0.0		3879	0	0
1701804737278	t	clothingstore_testcue_lobby_left	0.0	1	0	3.1633	931.968	1040.96	0.9623	3.2784	969.696	1196.8	0.8042	-0.1221	-0.2668	0.956	5.2999	0.4889	-36.2361	0.0	8	1.0	0.0		3879	0	0
1701804737287	t	clothingstore_testcue_lobby_left	0.0	1	0	3.1591	931.248	1035.04	0.9623	3.2734	971.8560000000001	1196.48	0.8042	-0.1211	-0.2622	0.9574	3.0451	0.4969	-36.4236	0.0	8	1.0	0.0		3879	0	0
1701804737295	t	clothingstore_testcue_lobby_left	0.0	1	0	3.2532	933.6959999999999	1030.24	0.9681	3.1414	973.5840000000001	1190.8799999999999	0.7842	-0.13	-0.2614	0.9564	-7.2844	0.418	-37.2968	0.0	8	1.0	0.0		3879	0	0
1701804737303	t	clothingstore_testcue_lobby_left	0.0	1	0	3.2955	935.424	1025.92	0.9681	3.252	971.28	1186.56	0.7842	-0.1258	-0.2581	0.9579	-7.5233	0.4625	-37.3036	0.0	8	1.0	0.0		3879	0	0
1701804737311	t	clothingstore_testcue_lobby_left	0.0	1	0	3.2746	937.0079999999999	1017.92	0.9645	3.1786	976.0319999999999	1175.52	0.7904	-0.1362	-0.2428	0.9605	-7.3417	0.5445	-37.2753	0.0	8	1.0	0.0		3879	0	0
1701804737320	t	clothingstore_testcue_lobby_left	0.0	1	0	3.3008	935.424	1012.1600000000001	0.9645	3.2369	973.7280000000001	1166.56	0.7904	-0.1299	-0.2361	0.963	-6.3009	0.6406	-37.1628	0.0	8	1.0	0.0		3879	0	0
1701804737328	t	clothingstore_testcue_lobby_left	0.0	1	0	3.1422	932.8320000000001	1001.12	0.9762	3.1736	977.472	1162.24	0.8137	-0.1339	-0.2311	0.9637	-5.3425	0.7522	-37.0664	0.0	8	1.0	0.0		3879	0	0
1701804737336	t	clothingstore_testcue_lobby_left	0.0	1	0	3.1206	931.5360000000001	996.1600000000001	0.9762	3.194	977.472	1157.92	0.8137	-0.133	-0.228	0.9645	-4.377	0.8242	-36.97	0.0	8	1.0	0.0		3879	0	0
1701804737345	t	clothingstore_testcue_lobby_left	0.0	1	0	3.2631	931.968	988.8	0.9683	3.1855	974.448	1151.3600000000001	0.8295	-0.129	-0.2186	0.9672	-2.4653	0.9206	-36.7971	0.0	8	1.0	0.0		3879	0	0
1701804737353	t	clothingstore_testcue_lobby_left	0.0	1	0	3.2934	934.848	984.16	0.9683	3.1176	975.456	1139.68	0.8295	-0.1384	-0.2031	0.9693	-0.9604	0.9992	-36.6707	0.0	8	1.0	0.0		3879	0	0
1701804737361	t	clothingstore_testcue_lobby_left	0.0	1	0	3.1265	933.12	980.0000000000001	0.9841	3.1797	971.28	1136.0	0.8469	-0.1282	-0.2	0.9714	0.5992	1.0675	-36.5294	0.0	8	1.0	0.0		3879	0	0
1701804737370	t	clothingstore_testcue_lobby_left	0.0	1	0	3.2487	934.992	976.96	0.9841	3.1599	973.8720000000001	1126.08	0.8469	-0.1387	-0.1859	0.9727	1.4613	1.1121	-36.4641	0.0	8	1.0	0.0		3879	0	0
1701804737378	t	clothingstore_testcue_lobby_left	0.0	1	0	3.1133	933.408	975.2	0.98	3.1789	971.424	1126.08	0.8606	-0.1339	-0.1851	0.9735	1.6273	1.1283	-36.4591	0.0	8	1.0	0.0		3879	0	0
1701804737386	t	clothingstore_testcue_lobby_left	0.0	1	0	3.3134	924.48	978.0799999999999	0.98	3.2294	964.6560000000001	1128.96	0.8606	-0.1204	-0.1869	0.975	1.3147	1.0791	-36.485	0.0	8	1.0	0.0		3879	0	0
1701804737395	t	clothingstore_testcue_lobby_left	0.0	1	0	3.2824	915.1199999999999	988.9599999999999	0.9646	3.203	949.68	1142.7199999999998	0.8664	-0.1023	-0.2195	0.9702	2.2901	1.0395	-36.3926	0.0	8	1.0	0.0		3879	0	0
1701804737403	t	clothingstore_testcue_lobby_left	0.0	1	0	3.2677	907.4879999999999	991.84	0.9646	3.3082	944.064	1141.28	0.8664	-0.0897	-0.2187	0.9716	2.7732	1.0201	-36.3645	0.0	8	1.0	0.0		3879	0	0
1701804737411	t	clothingstore_testcue_lobby_left	0.0	1	0	3.2611	906.3359999999999	991.84	0.9568	3.2716	942.048	1138.72	0.8689	-0.0892	-0.2156	0.9724	2.0892	1.0129	-36.4312	0.0	8	1.0	0.0		3879	0	0
1701804737420	t	clothingstore_testcue_lobby_left	0.0	1	0	3.1561	906.4799999999999	992.6399999999999	0.9568	3.2533	940.608	1139.04	0.8689	-0.0885	-0.2197	0.9715	0.9365	1.0021	-36.518	0.0	8	1.0	0.0		3879	0	0
1701804737428	t	clothingstore_testcue_lobby_left	0.0	1	0	3.2433	902.88	991.2	0.9485	3.2347	936.288	1138.56	0.8809	-0.0763	-0.2209	0.9723	0.5396	1.0179	-36.5486	0.0	8	1.0	0.0		3879	0	0
1701804737436	t	clothingstore_testcue_lobby_left	0.0	1	0	3.1439	900.288	989.12	0.9485	3.2449	938.4479999999999	1139.2	0.8809	-0.076	-0.2173	0.9731	0.1182	1.0094	-36.59	0.0	8	1.0	0.0		3879	0	0
1701804737445	t	clothingstore_testcue_lobby_left	0.0	1	0	3.1281	898.416	989.9200000000001	0.9428	3.2348	937.44	1138.56	0.8777	-0.071	-0.2156	0.9739	-0.1869	0.992	-36.615	0.0	8	1.0	0.0		3879	0	0
1701804737453	t	clothingstore_testcue_lobby_left	0.0	1	0	3.1704	898.128	989.7600000000001	0.9428	3.2451	938.88	1138.8799999999999	0.8777	-0.0734	-0.2112	0.9747	-1.1064	0.9588	-36.6967	0.0	8	1.0	0.0		3879	0	0
1701804737461	t	clothingstore_testcue_lobby_left	0.0	1	0	3.1892	897.984	990.8799999999999	0.9586	3.1656	939.456	1146.4	0.8816	-0.0756	-0.2209	0.9724	-1.9342	0.9271	-36.7638	0.0	8	1.0	0.0		3879	0	0
1701804737470	t	clothingstore_testcue_lobby_left	0.0	1	0	3.2452	900.0	990.24	0.9586	3.3571	938.5920000000001	1135.52	0.8816	-0.0799	-0.2034	0.9758	-3.6478	0.9079	-36.9099	0.0	8	1.0	0.0		3879	0	0
1701804737478	t	clothingstore_testcue_lobby_left	0.0	1	0	3.2591	898.992	990.08	0.9426	3.3319	939.168	1136.8	0.8723	-0.0804	-0.2052	0.9754	-3.3351	0.9133	-36.8869	0.0	8	1.0	0.0		3879	0	0
1701804737486	t	clothingstore_testcue_lobby_left	0.0	1	0	3.1567	897.12	988.8	0.9426	3.3074	938.5920000000001	1138.0800000000002	0.8723	-0.0757	-0.2042	0.976	-2.9677	0.9136	-36.8639	0.0	8	1.0	0.0		3879	0	0
1701804737495	t	clothingstore_testcue_lobby_left	0.0	1	0	3.2418	894.8159999999999	984.6399999999999	0.9352	3.3322	937.5840000000001	1136.8	0.8702	-0.0714	-0.1967	0.9778	-4.0499	0.911	-36.9716	0.0	8	1.0	0.0		3879	0	0
1701804737503	t	clothingstore_testcue_lobby_left	0.0	1	0	3.2653	892.5120000000001	981.4399999999999	0.9352	3.3965	937.296	1135.2	0.8702	-0.0701	-0.1939	0.9785	-6.8663	0.897	-37.2214	0.0	8	1.0	0.0		3879	0	0
1701804737511	t	clothingstore_testcue_lobby_left	0.0	1	0	3.2421	892.5120000000001	978.72	0.9529	3.3504	934.848	1135.3600000000001	0.8849	-0.068	-0.1971	0.978	-12.6725	0.8378	-37.7158	0.0	8	1.0	0.0		3879	0	0
1701804737520	t	clothingstore_testcue_lobby_left	0.0	1	0	3.1861	892.5120000000001	977.12	0.9529	3.403	941.04	1132.0	0.8849	-0.0851	-0.1917	0.9778	-20.1575	0.7435	-38.3439	0.0	8	1.0	0.0		3879	0	0
1701804737528	t	clothingstore_testcue_lobby_left	0.0	1	0	3.2485	890.6400000000001	975.0400000000001	0.9584	3.2189	935.28	1136.96	0.8689	-0.0764	-0.2167	0.9733	-27.4668	0.6638	-38.9071	0.0	8	1.0	0.0		3879	0	0
1701804737536	t	clothingstore_testcue_lobby_left	0.0	1	0	3.2533	891.072	973.9200000000001	0.9584	3.4094	932.976	1136.3200000000002	0.8689	-0.0697	-0.2197	0.9731	-31.2362	0.615	-39.1923	0.0	8	1.0	0.0		3879	0	0
1701804737545	t	clothingstore_testcue_lobby_left	0.0	1	0	3.2492	892.08	974.56	0.9387	3.3099	936.144	1132.96	0.8607	-0.0822	-0.2061	0.9751	-32.1021	0.5868	-39.2704	0.0	8	1.0	0.0		3879	0	0
1701804737553	t	clothingstore_testcue_lobby_left	0.0	1	0	3.3706	901.872	989.4399999999999	0.9387	3.3605	939.312	1140.48	0.8607	-0.0892	-0.2145	0.9726	-31.5013	0.5207	-39.2299	0.0	8	1.0	0.0		3879	0	0
1701804737561	t	clothingstore_testcue_lobby_left	0.0	1	0	3.3965	913.104	993.28	0.9428	3.3629	948.816	1145.76	0.8626	-0.1141	-0.2128	0.9704	-30.5167	0.464	-39.1791	0.0	8	1.0	0.0		3879	0	0
1701804737570	t	clothingstore_testcue_lobby_left	0.0	1	0	3.34	916.56	994.2399999999999	0.9428	3.4931	951.4079999999999	1153.6	0.8626	-0.1147	-0.2259	0.9674	-29.1665	0.4428	-39.0795	0.0	8	1.0	0.0		3879	0	0
1701804737578	t	clothingstore_testcue_lobby_left	0.0	1	0	3.3184	917.424	993.12	0.951	3.4337	953.856	1155.68	0.865	-0.1203	-0.2334	0.9649	-27.7478	0.4792	-38.9596	0.0	8	1.0	0.0		3879	0	0
1701804737586	t	clothingstore_testcue_lobby_left	0.0	1	0	3.3685	915.2640000000001	991.6800000000001	0.951	3.4304	953.856	1144.8	0.865	-0.1209	-0.2094	0.9703	-27.0113	0.5265	-38.8938	0.0	8	1.0	0.0		3879	0	0
1701804737595	t	clothingstore_testcue_lobby_left	0.0	1	0	3.4509	913.9680000000001	988.64	0.9192	3.4392	951.2639999999999	1145.44	0.8438	-0.1121	-0.2168	0.9698	-27.7271	0.5407	-38.9391	0.0	8	1.0	0.0		3879	0	0
1701804737603	t	clothingstore_testcue_lobby_left	0.0	1	0	3.4367	914.832	987.36	0.9192	3.4255	947.952	1137.28	0.8438	-0.1039	-0.2002	0.9742	-28.2864	0.5626	-38.9768	0.0	8	1.0	0.0		3879	0	0
1701804737611	t	clothingstore_testcue_lobby_left	0.0	1	0	3.451	913.9680000000001	983.04	0.9293	3.4211	954.0	1135.04	0.8473	-0.1226	-0.1986	0.9724	-24.4728	0.6622	-38.6734	0.0	8	1.0	0.0		3879	0	0
1701804737620	t	clothingstore_testcue_lobby_left	0.0	1	0	3.5003	914.544	980.48	0.9293	3.4724	952.56	1129.92	0.8473	-0.1185	-0.1878	0.975	-12.2517	0.8685	-37.6854	0.0	8	1.0	0.0		3879	0	0
1701804737628	t	clothingstore_testcue_lobby_left	0.0	1	0	3.4381	912.3840000000001	979.36	0.9356	3.5401	950.832	1132.8	0.8433	-0.1107	-0.1921	0.9751	-0.4895	1.0543	-36.7287	0.0	8	1.0	0.0		3879	0	0
1701804737636	t	clothingstore_testcue_lobby_left	0.0	1	0	3.5082	909.648	974.24	0.9356	3.5562	949.968	1132.0	0.8433	-0.1043	-0.1845	0.9773	-0.8494	1.0721	-36.7831	0.0	8	1.0	0.0		3879	0	0
1701804737645	t	clothingstore_testcue_lobby_left	0.0	1	0	3.4169	909.504	973.6	0.9381	3.5428	949.248	1127.36	0.8502	-0.1045	-0.1853	0.9771	-5.5464	1.0414	-37.1775	0.0	8	1.0	0.0		3879	0	0
1701804737653	t	clothingstore_testcue_lobby_left	0.0	1	0	3.3511	909.504	968.16	0.9381	3.5057	948.096	1126.24	0.8502	-0.1043	-0.1902	0.9762	-17.5433	0.9127	-38.1684	0.0	8	1.0	0.0		3879	0	0
1701804737661	t	clothingstore_testcue_lobby_left	0.0	1	0	3.3072	906.192	964.9599999999999	0.9642	3.5002	946.08	1121.92	0.8642	-0.0997	-0.1962	0.9755	-32.3769	0.721	-39.2754	0.0	8	1.0	0.0		3879	0	0
1701804737670	t	clothingstore_testcue_lobby_left	0.0	1	0	3.3592	907.776	960.96	0.9642	3.5078	948.096	1118.88	0.8642	-0.1083	-0.194	0.975	-33.6824	0.7346	-39.3588	0.0	8	1.0	0.0		3879	0	0
1701804737678	t	clothingstore_testcue_lobby_left	0.0	1	0	3.3704	910.656	958.7199999999999	0.97	3.4846	946.656	1118.08	0.8642	-0.1036	-0.1986	0.9746	-33.7196	0.7629	-39.35	0.0	8	1.0	0.0		3879	0	0
1701804737686	t	clothingstore_testcue_lobby_left	0.0	1	0	3.3934	908.784	956.32	0.97	3.5026	947.3760000000001	1112.48	0.8642	-0.1055	-0.1873	0.9766	-33.7294	0.7981	-39.3487	0.0	8	1.0	0.0		3879	0	0
1701804737695	t	clothingstore_testcue_lobby_left	0.0	1	0	3.4546	908.784	951.0400000000001	0.9879	3.4547	949.248	1110.24	0.8776	-0.1128	-0.1839	0.9764	-33.7299	0.8172	-39.3477	0.0	8	1.0	0.0		3879	0	0
1701804737703	t	clothingstore_testcue_lobby_left	0.0	1	0	3.5754	911.664	949.6	0.9879	3.5609	950.976	1100.16	0.8776	-0.1186	-0.1553	0.9807	-33.7342	0.8443	-39.3562	0.0	8	1.0	0.0		3879	0	0
1701804737711	t	clothingstore_testcue_lobby_left	0.0	1	0	3.417	906.4799999999999	948.1600000000001	0.985	3.6645	948.3839999999999	1100.48	0.8799	-0.1072	-0.1617	0.981	-33.7377	0.8653	-39.3407	0.0	8	1.0	0.0		3879	0	0
1701804737720	t	clothingstore_testcue_lobby_left	0.0	1	0	3.4824	907.056	944.16	0.985	3.6302	949.824	1096.16	0.8799	-0.1132	-0.1515	0.9819	-33.7367	0.8854	-39.3425	0.0	8	1.0	0.0		3879	0	0
1701804737728	t	clothingstore_testcue_lobby_left	0.0	1	0	3.5622	910.8	944.3199999999999	1.0	3.6858	951.4079999999999	1093.1200000000001	1.0	-0.118	-0.1434	0.9826	-33.7131	0.9009	-39.3436	0.0	8	1.0	0.0		3879	0	0
1701804737736	t	clothingstore_testcue_lobby_left	0.0	1	0	3.6143	911.376	942.7199999999999	1.0	3.5923	952.272	1094.08	1.0	-0.1197	-0.1499	0.9814	-33.3332	0.9234	-39.3187	0.0	8	1.0	0.0		3879	0	0
1701804737745	t	clothingstore_testcue_lobby_left	0.0	1	0	3.6403	912.96	941.76	0.9785	3.6063	953.2800000000001	1092.32	0.8885	-0.1226	-0.1462	0.9816	-31.1394	0.9853	-39.1895	0.0	8	1.0	0.0		3879	0	0
1701804737753	t	clothingstore_testcue_lobby_left	0.0	1	0	3.6198	912.96	940.32	0.9785	3.6717	954.4319999999999	1090.4	0.8885	-0.1248	-0.1413	0.9821	-27.1992	1.0829	-38.9589	0.0	8	1.0	0.0		3879	0	0
1701804737763	t	clothingstore_testcue_lobby_left	0.0	1	0	3.4507	901.44	940.32	0.9874	3.681	945.5039999999999	1088.48	0.8806	-0.1097	-0.1405	0.984	-22.7169	1.1877	-38.6742	0.0	8	1.0	0.0		3879	0	0
1701804737770	t	clothingstore_testcue_lobby_left	0.0	1	0	3.575	879.84	929.28	0.9874	3.5766	916.2719999999999	1080.8	0.8806	-0.0575	-0.1273	0.9902	-18.795	1.2622	-38.2444	0.0	8	1.0	0.0		3879	0	0
1701804737779	t	clothingstore_testcue_lobby_left	0.0	1	0	3.4498	853.776	923.1999999999999	0.9718	3.4924	879.696	1073.92	0.898	-0.0061	-0.1076	0.9942	23.2531	2.3634	-36.2635	0.0	8	1.0	0.0		3879	0	0
1701804737787	t	clothingstore_testcue_lobby_left	0.0	1	0	3.564	827.712	916.8	0.9718	3.6053	855.072	1060.64	0.898	0.0373	-0.0936	0.9949	21.4163	2.3853	-36.4457	0.0	8	1.0	0.0		3879	0	0
1701804737795	t	clothingstore_testcue_lobby_left	0.0	1	0	3.4986	809.136	908.96	0.9211	3.6016	832.4639999999999	1054.72	0.8874	0.0712	-0.0857	0.9938	19.9336	2.5806	-37.0352	0.0	8	1.0	0.0		3879	0	0
1701804737803	t	clothingstore_testcue_lobby_left	0.0	1	0	3.4237	801.216	902.5600000000001	0.9211	3.4612	824.2560000000001	1048.0	0.8874	0.0824	-0.0774	0.9936	14.8499	2.6182	-37.641	0.0	8	1.0	0.0		3879	0	0
1701804737812	t	clothingstore_testcue_lobby_left	0.0	1	0	3.4567	801.36	902.2399999999999	0.8943	3.4128	827.1360000000001	1043.84	0.9454	0.0777	-0.0751	0.9941	19.8954	2.7487	-37.4063	0.0	8	1.0	0.0		3879	0	0
1701804737820	t	clothingstore_testcue_lobby_left	0.0	1	0	3.349	804.24	899.3600000000001	0.8943	3.5016	830.0160000000001	1046.0800000000002	0.9454	0.0689	-0.0683	0.9953	22.7639	2.8577	-37.3894	0.0	8	1.0	0.0		3879	0	0
1701804737828	t	clothingstore_testcue_lobby_left	0.0	1	0	3.4668	805.392	900.0	0.925	3.5627	835.9200000000001	1045.76	0.9646	0.0652	-0.0691	0.9955	26.3373	2.919	-37.1343	0.0	8	1.0	0.0		3879	0	0
1701804737837	t	clothingstore_testcue_lobby_left	0.0	1	0	3.3955	808.704	899.6800000000001	0.925	3.5916	838.2239999999999	1045.12	0.9646	0.0569	-0.0675	0.9961	28.4696	2.9235	-36.8645	0.0	8	1.0	0.0		3879	0	0
1701804737845	t	clothingstore_testcue_lobby_left	0.0	1	0	3.5756	808.992	903.2	0.9312	3.63	840.672	1046.0800000000002	0.979	0.061	-0.0792	0.995	28.9415	2.9434	-36.8606	0.0	8	1.0	0.0		3879	0	0
1701804737853	t	clothingstore_testcue_lobby_left	0.0	1	0	3.5571	811.872	897.7600000000001	0.9312	3.6578	840.9599999999999	1044.48	0.979	0.06	-0.052	0.9968	27.9656	2.6803	-36.1893	0.0	8	1.0	0.0		3879	0	0
1701804737862	t	clothingstore_testcue_lobby_left	0.0	1	0	3.5534	811.872	896.1600000000001	0.9354	3.6035	843.408	1044.48	0.9722	0.0664	-0.0906	0.9937	-31.7633	1.6695	-40.121	0.0	8	1.0	0.0		3879	0	0
1701804737870	t	clothingstore_testcue_lobby_left	0.0	1	0	3.5238	814.032	895.8399999999999	0.9354	3.6523	846.288	1040.6399999999999	0.9722	0.0601	-0.0758	0.9953	-32.652	1.5977	-40.0284	0.0	8	1.0	0.0		3879	0	0
1701804737878	t	clothingstore_testcue_lobby_left	0.0	1	0	3.6435	815.904	896.1600000000001	0.9506	3.6875	846.7199999999999	1041.12	0.9689	0.0604	-0.0823	0.9948	-32.6735	1.5976	-39.9503	0.0	8	1.0	0.0		3879	0	0
1701804737887	t	clothingstore_testcue_lobby_left	0.0	1	0	3.5426	815.472	892.6399999999999	0.9506	3.6752	847.872	1038.72	0.9689	0.0597	-0.0822	0.9948	-32.6988	1.5871	-39.7855	0.0	8	1.0	0.0		3879	0	0
1701804737895	t	clothingstore_testcue_lobby_left	0.0	1	0	3.6306	817.4879999999999	889.4399999999999	0.9737	3.5703	850.608	1035.04	0.9504	0.0518	-0.0775	0.9956	-32.7118	1.6633	-39.922	0.0	8	1.0	0.0		3879	0	0
1701804737903	t	clothingstore_testcue_lobby_left	0.0	1	0	3.6824	820.3679999999999	890.24	0.9737	3.5831	851.4720000000001	1035.2	0.9504	0.0528	-0.0812	0.9953	-32.7147	1.6631	-39.8642	0.0	8	1.0	0.0		3879	0	0
1701804737913	t	clothingstore_testcue_lobby_left	0.0	1	0	3.6465	823.104	887.8399999999999	0.9767	3.667	854.784	1033.44	0.9653	0.0457	-0.0755	0.9961	-32.0322	1.6013	-39.5476	0.0	8	1.0	0.0		3879	0	0
1701804737920	t	clothingstore_testcue_lobby_left	0.0	1	0	3.6394	826.56	886.72	0.9767	3.66	859.968	1030.0800000000002	0.9653	0.0275	-0.0583	0.9979	-10.9612	1.9959	-38.2164	0.0	8	1.0	0.0		3879	0	0
1701804737928	t	clothingstore_testcue_lobby_left	0.0	1	0	3.6783	821.2320000000001	886.88	0.9846	3.6019	855.5039999999999	1029.12	0.9741	0.0312	-0.0513	0.9982	20.4835	2.7093	-36.6094	0.0	8	1.0	0.0		3879	0	0
1701804737937	t	clothingstore_testcue_lobby_left	0.0	1	0	3.6811	800.6400000000001	888.64	0.9846	3.6583	831.312	1025.92	0.9741	0.0733	-0.0592	0.9955	-22.2179	2.0587	-39.7578	0.0	8	1.0	0.0		3879	0	0
1701804737945	t	clothingstore_testcue_lobby_left	0.0	1	0	3.5772	776.3040000000001	889.6000000000001	0.9766	3.6265	792.288	1030.4	0.9623	0.1433	-0.0909	0.9855	-32.0572	2.2354	-41.3373	0.0	8	1.0	0.0		3879	0	0
1701804737953	t	clothingstore_testcue_lobby_left	0.0	1	0	3.6439	740.16	886.72	0.9766	3.6652	761.184	1024.48	0.9623	0.1748	-0.0854	0.9809	-31.0582	2.6552	-42.4134	0.0	8	1.0	0.0		3879	0	0
1701804737961	t	clothingstore_testcue_lobby_left	0.0	1	0	3.7389	709.056	880.8	0.8831	3.5221	731.664	1021.12	0.9944	0.2242	-0.0694	0.9721	-24.694	2.262	-40.4015	0.0	8	1.0	0.0		3879	0	0
1701804737970	t	clothingstore_testcue_lobby_left	0.0	1	0	3.6637	680.256	879.36	0.8831	3.6169	699.408	1019.8399999999999	0.9944	0.2823	-0.0627	0.9573	-24.1911	2.042	-39.6421	0.0	8	1.0	0.0		3879	0	0
1701804737978	t	clothingstore_testcue_lobby_left	0.0	1	0	3.7154	653.904	891.04	0.7926	3.6264	670.32	1018.4	1.0	0.3289	-0.0592	0.9425	-20.8727	2.1069	-39.5265	0.0	8	1.0	0.0		3879	0	0
1701804737986	t	clothingstore_testcue_lobby_left	0.0	1	0	3.6304	628.9920000000001	887.52	0.7926	3.7834	641.808	1019.0400000000001	1.0	0.3808	-0.0522	0.9232	-19.2984	2.1461	-39.5431	0.0	8	1.0	0.0		3879	0	0
1701804737995	t	clothingstore_testcue_lobby_left	0.0	1	0	3.6899	607.68	894.0799999999999	0.7578	3.7485	615.888	1030.4	1.0	0.4334	-0.0741	0.8981	-21.9093	2.0738	-39.7922	0.0	8	1.0	0.0		3879	0	0
1701804738003	t	clothingstore_testcue_lobby_left	0.0	1	0	3.698	589.536	903.9999999999999	0.7578	3.6964	599.472	1033.28	1.0	0.4664	-0.0745	0.8814	-28.3509	1.9345	-40.2486	0.0	8	1.0	0.0		3879	0	0
1701804738011	t	clothingstore_testcue_lobby_left	0.0	1	0	3.8354	581.616	905.12	0.7499	3.6903	595.152	1040.48	0.9945	0.4831	-0.0914	0.8708	-28.2181	1.9205	-40.2516	0.0	8	1.0	0.0		3879	0	0
1701804738020	t	clothingstore_testcue_lobby_left	0.0	1	0	3.7303	589.68	905.4399999999999	0.7499	3.6644	611.28	1038.4	0.9945	0.4559	-0.0874	0.8857	-25.6643	1.9469	-40.0358	0.0	8	1.0	0.0		3879	0	0
1701804738028	t	clothingstore_testcue_lobby_left	0.0	1	0	3.733	601.1999999999999	905.5999999999999	0.7253	3.7475	621.072	1036.3200000000002	1.0	0.4427	-0.0598	0.8947	31.4642	2.8677	-36.7032	0.0	8	1.0	0.0		3879	0	0
1701804738036	t	clothingstore_testcue_lobby_left	0.0	1	0	3.7251	608.4	903.36	0.7253	3.6703	629.712	1034.88	1.0	0.4387	-0.0719	0.8957	-9.7653	2.1973	-39.0436	0.0	8	1.0	0.0		3879	0	0
1701804738045	t	clothingstore_testcue_lobby_left	0.0	1	0	3.6402	615.312	902.3999999999999	0.7212	3.6733	639.936	1036.1599999999999	1.0	0.4233	-0.0808	0.9023	-15.1195	2.1137	-39.3083	0.0	8	1.0	0.0		3879	0	0
1701804738053	t	clothingstore_testcue_lobby_left	0.0	1	0	3.4774	623.088	898.24	0.7212	3.7438	647.568	1033.1200000000001	1.0	0.4138	-0.0674	0.9079	-8.953	2.2126	-38.9261	0.0	8	1.0	0.0		3879	0	0
1701804738061	t	clothingstore_testcue_lobby_left	0.0	1	0	3.5887	630.144	895.68	0.7277	3.7369	655.344	1031.8400000000001	1.0	0.3977	-0.0571	0.9157	4.9373	2.4499	-38.0884	0.0	8	1.0	0.0		3879	0	0
1701804738070	t	clothingstore_testcue_lobby_left	0.0	1	0	3.5834	637.056	899.3600000000001	0.7277	3.7423	663.408	1029.28	1.0	0.3822	-0.0648	0.9218	7.0318	2.4904	-37.9271	0.0	8	1.0	0.0		3879	0	0
1701804738078	t	clothingstore_testcue_lobby_left	0.0	1	0	3.656	642.528	894.88	0.7646	3.6918	669.312	1028.48	1.0	0.3742	-0.0596	0.9254	7.2213	2.5134	-37.8906	0.0	8	1.0	0.0		3879	0	0
1701804738086	t	clothingstore_testcue_lobby_left	0.0	1	0	3.6504	647.856	894.5600000000001	0.7646	3.7101	674.64	1026.56	1.0	0.3663	-0.0656	0.9282	-9.8783	2.2376	-38.8716	0.0	8	1.0	0.0		3879	0	0
1701804738094	t	clothingstore_testcue_lobby_left	0.0	1	0	3.5645	655.7760000000001	890.08	0.7629	3.6225	683.856	1026.24	1.0	0.3492	-0.0638	0.9349	-10.6798	2.2291	-38.8876	0.0	8	1.0	0.0		3879	0	0
1701804738103	t	clothingstore_testcue_lobby_left	0.0	1	0	3.6617	661.104	889.7600000000001	0.7629	3.576	690.48	1024.16	1.0	0.3392	-0.0617	0.9387	-10.3863	2.2436	-38.8523	0.0	8	1.0	0.0		3879	0	0
1701804738112	t	clothingstore_testcue_lobby_left	0.0	1	0	3.58	670.1759999999999	884.96	0.7635	3.5897	698.976	1020.64	1.0	0.3237	-0.0497	0.9448	-10.2973	2.2452	-38.8309	0.0	8	1.0	0.0		3879	0	0
1701804738120	t	clothingstore_testcue_lobby_left	0.0	1	0	3.6279	676.656	884.8000000000001	0.7635	3.4754	707.904	1022.56	1.0	0.3058	-0.0578	0.9503	-10.6573	2.2489	-38.8346	0.0	8	1.0	0.0		3879	0	0
1701804738128	t	clothingstore_testcue_lobby_left	0.0	1	0	3.5361	682.4159999999999	882.7199999999999	0.7989	3.4923	714.816	1021.28	1.0	0.2967	-0.0569	0.9533	-11.2534	2.2619	-38.883	0.0	8	1.0	0.0		3879	0	0
1701804738136	t	clothingstore_testcue_lobby_left	0.0	1	0	3.6188	689.76	880.48	0.7989	3.5861	717.696	1019.52	1.0	0.2921	-0.0572	0.9547	-12.1717	2.2785	-38.9305	0.0	8	1.0	0.0		3879	0	0
1701804738145	t	clothingstore_testcue_lobby_left	0.0	1	0	3.7006	692.784	880.1600000000001	1.0	3.346	729.072	1022.4	1.0	0.2632	-0.061	0.9628	2.1435	2.5914	-38.1802	0.0	8	1.0	0.0		3879	0	0
1701804738153	t	clothingstore_testcue_lobby_left	0.0	1	0	3.5606	683.28	881.4399999999999	1.0	3.5169	711.936	1021.9200000000001	1.0	0.2924	-0.0549	0.9547	1.8121	2.5136	-38.0829	0.0	8	1.0	0.0		3879	0	0
1701804738161	t	clothingstore_testcue_lobby_left	0.0	1	0	3.5118	669.168	888.0000000000001	1.0	3.7024	687.888	1034.72	1.0	0.3302	-0.0763	0.9408	3.7462	2.5182	-38.0053	0.0	8	1.0	0.0		3879	0	0
1701804738170	t	clothingstore_testcue_lobby_left	0.0	1	0	3.6371	653.04	894.88	1.0	3.6191	673.776	1038.72	1.0	0.3584	-0.0887	0.9293	5.3239	2.5377	-37.965	0.0	8	1.0	0.0		3879	0	0
1701804738178	t	clothingstore_testcue_lobby_left	0.0	1	0	3.5776	644.976	895.36	1.0	3.5875	665.2800000000001	1036.96	1.0	0.3717	-0.0812	0.9248	7.392	2.5623	-37.8819	0.0	8	1.0	0.0		3879	0	0
1701804738186	t	clothingstore_testcue_lobby_left	0.0	1	0	3.5864	649.008	896.8	1.0	3.6611	672.336	1040.16	1.0	0.3645	-0.0834	0.9274	9.271	2.5726	-37.7504	0.0	8	1.0	0.0		3879	0	0
1701804738195	t	clothingstore_testcue_lobby_left	0.0	1	0	3.5697	655.7760000000001	901.6	0.7665	3.6583	683.28	1042.7199999999998	1.0	0.3522	-0.0919	0.9314	8.5917	2.5214	-37.7577	0.0	8	1.0	0.0		3879	0	0
1701804738203	t	clothingstore_testcue_lobby_left	0.0	1	0	3.5781	665.424	902.3999999999999	0.7665	3.5425	692.0640000000001	1045.76	1.0	0.338	-0.0949	0.9364	7.1066	2.4661	-37.8131	0.0	8	1.0	0.0		3879	0	0
1701804738211	t	clothingstore_testcue_lobby_left	0.0	1	0	3.5832	674.784	904.1600000000001	0.7992	3.6023	699.9839999999999	1043.3600000000001	1.0	0.3217	-0.0944	0.9421	4.4696	2.398	-37.9429	0.0	8	1.0	0.0		3879	0	0
1701804738220	t	clothingstore_testcue_lobby_left	0.0	1	0	3.5344	681.696	903.04	0.7992	3.5585	709.92	1048.8	1.0	0.3107	-0.0977	0.9455	3.703	2.3643	-37.9652	0.0	8	1.0	0.0		3879	0	0
1701804738228	t	clothingstore_testcue_lobby_left	0.0	1	0	3.5503	688.6080000000001	898.24	1.0	3.5633	718.56	1050.72	1.0	0.2987	-0.0973	0.9494	-4.3335	2.2026	-38.4319	0.0	8	1.0	0.0		3879	0	0
1701804738236	t	clothingstore_testcue_lobby_left	0.0	1	0	3.5561	696.816	903.68	1.0	3.4929	727.3439999999999	1049.92	1.0	0.2837	-0.1033	0.9533	-4.0369	2.1989	-38.394	0.0	8	1.0	0.0		3879	0	0
1701804738245	t	clothingstore_testcue_lobby_left	0.0	1	0	3.5098	705.456	904.64	1.0	3.5274	735.552	1049.76	1.0	0.2679	-0.1053	0.9577	-6.3183	2.1506	-38.5236	0.0	8	1.0	0.0		3879	0	0
1701804738253	t	clothingstore_testcue_lobby_left	0.0	1	0	3.488	712.944	906.72	1.0	3.4149	740.16	1048.32	1.0	0.2601	-0.1073	0.9596	-8.879	2.1097	-38.6865	0.0	8	1.0	0.0		3879	0	0
1701804738262	t	clothingstore_testcue_lobby_left	0.0	1	0	3.4317	715.968	904.32	1.0	3.4378	748.2239999999999	1047.68	1.0	0.2483	-0.0898	0.9645	9.7807	2.4681	-37.6761	0.0	8	1.0	0.0		3879	0	0
1701804738269	t	clothingstore_testcue_lobby_left	0.0	1	0	3.4255	724.608	905.12	1.0	3.4995	755.28	1049.6000000000001	1.0	0.226	-0.0786	0.9709	29.9371	2.7572	-36.2652	0.0	8	1.0	0.0		3879	0	0
1701804738278	t	clothingstore_testcue_lobby_left	0.0	1	0	3.4555	730.656	903.8399999999999	1.0	3.4225	761.76	1047.52	1.0	0.2116	-0.0719	0.9747	30.1179	2.7474	-36.2439	0.0	8	1.0	0.0		3879	0	0
1701804738287	t	clothingstore_testcue_lobby_left	0.0	1	0	3.4256	736.1279999999999	904.96	1.0	3.4396	765.6479999999999	1049.6000000000001	1.0	0.2053	-0.0786	0.9755	30.0409	2.7522	-36.2241	0.0	8	1.0	0.0		3879	0	0
1701804738296	t	clothingstore_testcue_lobby_left	0.0	1	0	3.4866	741.744	906.72	1.0	3.5461	772.9920000000001	1046.56	1.0	0.1928	-0.0842	0.9776	29.9919	2.7496	-36.2204	0.0	8	1.0	0.0		3879	0	0
1701804738304	t	clothingstore_testcue_lobby_left	0.0	1	0	3.47	747.216	904.1600000000001	1.0	3.4519	778.752	1047.2	1.0	0.1826	-0.0789	0.98	29.936	2.7667	-36.23	0.0	8	1.0	0.0		3879	0	0
1701804738312	t	clothingstore_testcue_lobby_left	0.0	1	0	3.4256	753.12	904.64	1.0	3.5325	784.3679999999999	1045.9199999999998	1.0	0.1699	-0.0845	0.9818	29.8855	2.7871	-36.2415	0.0	8	1.0	0.0		3879	0	0
1701804738321	t	clothingstore_testcue_lobby_left	0.0	1	0	3.4272	759.168	902.88	1.0	3.5245	787.9680000000001	1044.1599999999999	1.0	0.1517	-0.0821	0.985	29.8559	2.8142	-36.2846	0.0	8	1.0	0.0		3879	0	0
1701804738329	t	clothingstore_testcue_lobby_left	0.0	1	0	3.4487	761.904	901.2800000000001	1.0	3.5123	791.424	1043.2	1.0	0.1489	-0.0779	0.9858	29.8175	2.8394	-36.3399	0.0	8	1.0	0.0		3879	0	0
1701804738337	t	clothingstore_testcue_lobby_left	0.0	1	0	3.3757	767.088	902.72	1.0	3.3756	796.1759999999999	1042.3999999999999	1.0	0.1372	-0.0862	0.9868	29.7791	2.8931	-36.4943	0.0	8	1.0	0.0		3879	0	0
1701804738345	t	clothingstore_testcue_lobby_left	0.0	1	0	3.3789	771.4079999999999	902.3999999999999	1.0	3.3515	799.344	1044.8	1.0	0.1217	-0.0882	0.9886	29.7412	3.0842	-37.1291	0.0	8	1.0	0.0		3879	0	0
1701804738353	t	clothingstore_testcue_lobby_left	0.0	1	0	3.3474	774.72	904.96	1.0	3.3951	805.248	1045.9199999999998	1.0	0.1119	-0.0967	0.989	28.6305	3.2079	-37.7249	0.0	8	1.0	0.0		3879	0	0
1701804738362	t	clothingstore_testcue_lobby_left	0.0	1	0	3.2802	778.1759999999999	903.68	1.0	3.3556	812.016	1045.6	1.0	0.1342	-0.1087	0.985	-32.404	1.6543	-39.9751	0.0	8	1.0	0.0		3879	0	0
1701804738370	t	clothingstore_testcue_lobby_left	0.0	1	0	3.3774	774.4319999999999	900.0	1.0	3.4458	807.408	1039.8400000000001	1.0	0.1389	-0.1034	0.9849	-32.3279	1.9729	-40.791	0.0	8	1.0	0.0		3879	0	0
1701804738378	t	clothingstore_testcue_lobby_left	0.0	1	0	3.4674	758.304	890.8799999999999	1.0	3.4778	789.408	1033.28	1.0	0.1702	-0.0991	0.9804	-32.1458	2.0719	-40.827	0.0	8	1.0	0.0		3879	0	0
1701804738387	t	clothingstore_testcue_lobby_left	0.0	1	0	3.3297	739.008	876.6400000000001	1.0	3.3398	769.824	1017.92	1.0	0.1832	-0.0817	0.9797	-31.8491	2.4843	-41.6438	0.0	8	1.0	0.0		3879	0	0
1701804738395	t	clothingstore_testcue_lobby_left	0.0	1	0	3.3973	716.1120000000001	862.5600000000001	1.0	3.0788	747.648	1001.76	1.0	0.2048	-0.064	0.9767	-31.5523	3.0468	-42.9467	0.0	8	1.0	0.0		3879	0	0
1701804738403	t	clothingstore_testcue_lobby_left	0.0	1	0	3.4155	698.4	841.76	1.0	2.8757	735.552	988.48	1.0	0.2129	-0.0423	0.9762	-31.1666	2.9224	-42.1517	0.0	8	1.0	0.0		3879	0	0
1701804738411	t	clothingstore_testcue_lobby_left	0.0	1	0	3.5411	692.0640000000001	839.1999999999999	1.0	3.2836	715.968	976.96	1.0	0.2787	-0.0048	0.9604	-30.8179	2.5596	-40.79	0.0	8	1.0	0.0		3879	0	0
1701804738420	t	clothingstore_testcue_lobby_left	0.0	1	0	3.5819	693.216	837.9200000000001	1.0	3.1774	722.016	981.1199999999999	1.0	0.2617	-0.0241	0.9648	-30.5898	2.6043	-40.8415	0.0	8	1.0	0.0		3879	0	0
1701804738428	t	clothingstore_testcue_lobby_left	0.0	1	0	3.5542	696.96	840.16	1.0	3.0553	731.664	980.32	1.0	0.2312	-0.0217	0.9726	-27.8446	2.9271	-41.5933	0.0	8	1.0	0.0		3879	0	0
1701804738436	t	clothingstore_testcue_lobby_left	0.0	1	0	3.4942	704.16	841.2800000000001	1.0	2.9858	740.0160000000001	983.6800000000001	1.0	0.216	-0.0217	0.9761	-17.0185	3.1773	-41.1861	0.0	8	1.0	0.0		3879	0	0
1701804738445	t	clothingstore_testcue_lobby_left	0.0	1	0	3.5075	706.896	840.8	1.0	3.1347	741.456	981.6	1.0	0.2486	0.0219	0.9684	30.2962	3.5258	-36.7461	0.0	8	1.0	0.0		3879	0	0
1701804738453	t	clothingstore_testcue_lobby_left	0.0	1	0	3.4939	710.352	841.76	1.0	3.109	748.5120000000001	983.2	1.0	0.2455	0.0201	0.9692	30.3561	3.5168	-36.7274	0.0	8	1.0	0.0		3879	0	0
1701804738461	t	clothingstore_testcue_lobby_left	0.0	1	0	3.5429	711.936	844.0	1.0	2.9521	753.9839999999999	990.24	1.0	0.2458	0.0158	0.9692	30.3238	3.499	-36.7226	0.0	8	1.0	0.0		3879	0	0
1701804738470	t	clothingstore_testcue_lobby_left	0.0	1	0	3.5055	715.824	844.8000000000001	1.0	3.1752	752.544	988.8	1.0	0.2366	0.0158	0.9715	30.2918	3.4809	-36.7159	0.0	8	1.0	0.0		3879	0	0
1701804738479	t	clothingstore_testcue_lobby_left	0.0	1	0	3.4353	721.728	848.8	1.0	3.0629	755.5680000000001	991.04	1.0	0.2179	0.0068	0.9759	30.2683	3.445	-36.7038	0.0	8	1.0	0.0		3879	0	0
1701804738486	t	clothingstore_testcue_lobby_left	0.0	1	0	3.2577	731.2320000000001	855.1999999999999	1.0	2.9906	762.048	995.04	1.0	0.185	-0.0143	0.9826	30.2478	3.4202	-36.6798	0.0	8	1.0	0.0		3879	0	0
1701804738495	t	clothingstore_testcue_lobby_left	0.0	1	0	3.4758	725.904	855.3599999999999	1.0	3.038	762.048	994.0799999999999	1.0	0.2099	-0.0091	0.9777	30.226	3.4079	-36.6946	0.0	8	1.0	0.0		3879	0	0
1701804738503	t	clothingstore_testcue_lobby_left	0.0	1	0	3.4257	730.3679999999999	857.9200000000001	1.0	3.1174	762.4799999999999	999.84	1.0	0.197	-0.0123	0.9803	30.2	3.3727	-36.6918	0.0	8	1.0	0.0		3879	0	0
1701804738511	t	clothingstore_testcue_lobby_left	0.0	1	0	3.523	730.9440000000001	862.0799999999999	1.0	3.1237	764.64	1001.76	1.0	0.1986	-0.0202	0.9799	30.1809	3.3411	-36.69	0.0	8	1.0	0.0		3879	0	0
1701804738520	t	clothingstore_testcue_lobby_left	0.0	1	0	3.3964	734.976	864.8	1.0	3.1936	767.5200000000001	1005.7600000000001	1.0	0.1857	-0.0253	0.9823	30.1677	3.3141	-36.6953	0.0	8	1.0	0.0		3879	0	0
1701804738528	t	clothingstore_testcue_lobby_left	0.0	1	0	3.4738	736.56	867.0400000000001	1.0	3.3506	769.968	1010.72	1.0	0.1826	-0.0237	0.9829	30.139	3.2713	-36.6977	0.0	8	1.0	0.0		3879	0	0
1701804738536	t	clothingstore_testcue_lobby_left	0.0	1	0	3.3776	740.0160000000001	869.92	1.0	3.3148	771.2639999999999	1010.88	1.0	0.1734	-0.0286	0.9844	30.1186	3.2397	-36.6954	0.0	8	1.0	0.0		3879	0	0
1701804738545	t	clothingstore_testcue_lobby_left	0.0	1	0	3.3797	740.304	870.72	1.0	3.3835	771.5520000000001	1014.24	1.0	0.175	-0.028	0.9842	30.0397	3.2212	-36.7	0.0	8	1.0	0.0		3879	0	0
1701804738553	t	clothingstore_testcue_lobby_left	0.0	1	0	3.4604	741.1680000000001	872.8	1.0	3.4314	773.2800000000001	1019.0400000000001	1.0	0.1737	-0.0318	0.9843	29.7967	3.2027	-36.7224	0.0	8	1.0	0.0		3879	0	0
1701804738561	t	clothingstore_testcue_lobby_left	0.0	1	0	3.439	738.432	875.6800000000001	1.0	3.1834	770.976	1016.64	1.0	0.1758	-0.0364	0.9837	29.8226	3.1783	-36.7324	0.0	8	1.0	0.0		3879	0	0
1701804738570	t	clothingstore_testcue_lobby_left	0.0	1	0	3.4392	720.0	873.28	1.0	3.2056	757.872	1016.8	1.0	0.2265	-0.025	0.9737	29.9544	3.183	-36.7652	0.0	8	1.0	0.0		3879	0	0
1701804738579	t	clothingstore_testcue_lobby_left	0.0	1	0	3.6325	700.272	872.64	1.0	3.1415	734.2560000000001	1015.04	1.0	0.2661	-0.0215	0.9637	30.4413	3.206	-36.7802	0.0	8	1.0	0.0		3879	0	0
1701804738587	t	clothingstore_testcue_lobby_left	0.0	1	0	3.5838	680.112	869.92	1.0	3.3129	705.888	1013.5999999999999	1.0	0.296	-0.0075	0.9551	30.6789	3.2115	-36.8598	0.0	8	1.0	0.0		3879	0	0
1701804738595	t	clothingstore_testcue_lobby_left	0.0	1	0	3.4173	659.52	870.0799999999999	1.0	3.2704	678.384	1008.4799999999999	1.0	0.3355	-0.0052	0.942	30.8407	3.2258	-36.9383	0.0	8	1.0	0.0		3879	0	0
1701804738604	t	clothingstore_testcue_lobby_left	0.0	1	0	3.4915	637.92	868.8000000000001	1.0	3.4641	655.7760000000001	1006.4	1.0	0.3847	0.0025	0.923	30.9425	3.2569	-37.0427	0.0	8	1.0	0.0		3879	0	0
1701804738611	t	clothingstore_testcue_lobby_left	0.0	1	0	3.6051	624.384	870.88	1.0	3.3606	641.52	1004.8	1.0	0.4078	-0.002	0.9131	30.9105	3.266	-37.1078	0.0	8	1.0	0.0		3879	0	0
1701804738620	t	clothingstore_testcue_lobby_left	0.0	1	0	3.604	620.496	873.44	1.0	3.4621	637.7760000000001	1005.28	1.0	0.4078	-0.0106	0.913	30.1099	3.2563	-37.1841	0.0	8	1.0	0.0		3879	200	MYKEYWORD 200
