Recording timestamp	type	Scene Name	scene_num	order	djv_reported	PupilDiam_Left	Gaze2d_Left.x	Gaze2d_Left.y	left_eye_openness	PupilDiam_Right	Gaze2d_Right.x	Gaze2d_Right.y	right_eye_openness	gaze_direction_x	gaze_direction_y	gaze_direction_z	gaze_origin_x	gaze_origin_y	gaze_origin_z	gaze_convergence_distance	participant	study_status	scene_familiarity	recall_status	Identifier	Event value	Event message
1701815656387	t	banquethall_test_cue_cafeteria_right	0.0	1	0	5.6163	902.016	727.0400000000001	0.9646	5.483	966.816	1017.1200000000001	0.8941	-0.0666	-0.081	0.9945	-35.1508	0.6902	-35.9825	0.0	10	1.0	0.0		3458	100	MYKEYWORD 100
1701815656396	t	banquethall_test_cue_cafeteria_right	0.0	1	0	5.5903	894.6719999999999	731.8399999999999	0.9646	5.487	963.936	1020.32	0.8941	-0.0546	-0.0854	0.9948	-35.1771	0.6537	-35.9659	0.0	10	1.0	0.0		3458	0	0
1701815656404	t	banquethall_test_cue_cafeteria_right	0.0	1	0	5.5539	893.5200000000001	731.2	1.0	5.5615	962.0640000000001	1023.04	1.0	-0.0487	-0.089	0.9948	-35.1744	0.629	-35.9558	0.0	10	1.0	0.0		3458	0	0
1701815656412	t	banquethall_test_cue_cafeteria_right	0.0	1	0	5.5933	890.352	730.72	1.0	5.4628	962.784	1022.4	1.0	-0.0517	-0.0857	0.995	-35.1724	0.615	-35.9558	0.0	10	1.0	0.0		3458	0	0
1701815656421	t	banquethall_test_cue_cafeteria_right	0.0	1	0	5.6109	888.9119999999999	730.24	1.0	5.5419	959.1840000000001	1021.12	1.0	-0.0422	-0.0765	0.9962	-35.1628	0.5645	-35.908	0.0	10	1.0	0.0		3458	0	0
1701815656431	t	banquethall_test_cue_cafeteria_right	0.0	1	0	5.5396	885.7439999999999	729.92	1.0	5.5669	959.328	1021.4399999999999	1.0	-0.0451	-0.0769	0.996	-35.1476	0.5528	-35.8847	0.0	10	1.0	0.0		3458	0	0
1701815656437	t	banquethall_test_cue_cafeteria_right	0.0	1	0	5.5836	881.28	729.44	1.0	5.5126	960.768	1023.1999999999999	1.0	-0.0536	-0.0808	0.9953	-35.1164	0.5486	-35.8794	0.0	10	1.0	0.0		3458	0	0
1701815656446	t	banquethall_test_cue_cafeteria_right	0.0	1	0	5.558	878.112	728.96	1.0	5.5261	952.9920000000001	1023.04	1.0	-0.0353	-0.0796	0.9962	-35.0412	0.4954	-35.7206	0.0	10	1.0	0.0		3458	0	0
1701815656454	t	banquethall_test_cue_cafeteria_right	0.0	1	0	5.4261	876.816	729.92	1.0	5.5897	952.56	1021.7599999999999	1.0	-0.039	-0.075	0.9964	-34.8437	0.47	-35.6121	0.0	10	1.0	0.0		3458	0	0
1701815656463	t	banquethall_test_cue_cafeteria_right	0.0	1	0	5.5537	872.0640000000001	731.8399999999999	1.0	5.507	948.3839999999999	1021.4399999999999	1.0	-0.0341	-0.0721	0.9968	-32.8999	0.439	-35.1057	0.0	10	1.0	0.0		3458	0	0
1701815656471	t	banquethall_test_cue_cafeteria_right	0.0	1	0	5.3855	869.0400000000001	734.72	1.0	5.552	946.224	1021.9200000000001	1.0	-0.0325	-0.0855	0.9958	4.0019	2.7863	-33.8514	0.0	10	1.0	0.0		3458	0	0
1701815656479	t	banquethall_test_cue_cafeteria_right	0.0	1	0	5.496	866.0160000000001	732.48	1.0	5.4912	945.936	1021.7599999999999	1.0	-0.0289	-0.091	0.9954	29.3595	4.5443	-33.432	0.0	10	1.0	0.0		3458	0	0
1701815656487	t	banquethall_test_cue_cafeteria_right	0.0	1	0	5.4925	863.1360000000001	731.36	1.0	5.4036	940.464	1019.36	1.0	-0.0247	-0.0854	0.996	29.4083	4.3931	-32.9059	0.0	10	1.0	0.0		3458	0	0
1701815656496	t	banquethall_test_cue_cafeteria_right	0.0	1	0	5.5248	861.2639999999999	732.0	1.0	5.3655	938.88	1017.6	1.0	-0.0246	-0.0882	0.9958	29.4479	4.4373	-33.0432	0.0	10	1.0	0.0		3458	0	0
1701815656504	t	banquethall_test_cue_cafeteria_right	0.0	1	0	5.538	859.104	731.8399999999999	1.0	5.4056	936.144	1014.88	1.0	-0.0236	-0.088	0.9958	29.4888	4.4807	-33.2042	0.0	10	1.0	0.0		3458	0	0
1701815656512	t	banquethall_test_cue_cafeteria_right	0.0	1	0	5.517	854.784	733.76	1.0	5.3315	936.576	1017.44	1.0	-0.015	-0.0925	0.9956	29.5113	4.4688	-33.1653	0.0	10	1.0	0.0		3458	0	0
1701815656521	t	banquethall_test_cue_cafeteria_right	0.0	1	0	5.6169	856.512	732.64	1.0	5.3564	934.7040000000001	1014.4	1.0	-0.0234	-0.0887	0.9958	29.4803	4.451	-33.1331	0.0	10	1.0	0.0		3458	0	0
1701815656529	t	banquethall_test_cue_cafeteria_right	0.0	1	0	5.5191	853.344	733.76	1.0	5.3619	934.272	1013.9200000000001	1.0	-0.0157	-0.0889	0.9959	26.3643	4.2102	-33.1091	0.0	10	1.0	0.0		3458	0	0
1701815656537	t	banquethall_test_cue_cafeteria_right	0.0	1	0	5.4496	852.7679999999999	733.4399999999999	1.0	5.2197	931.968	1014.24	1.0	-0.0132	-0.0688	0.9975	-7.4475	1.9968	-34.0961	0.0	10	1.0	0.0		3458	0	0
1701815656546	t	banquethall_test_cue_cafeteria_right	0.0	1	0	5.5481	850.752	735.04	1.0	5.3264	929.8080000000001	1013.7600000000001	1.0	-0.0061	-0.0671	0.9977	-14.9903	1.5569	-34.4258	0.0	10	1.0	0.0		3458	0	0
1701815656554	t	banquethall_test_cue_cafeteria_right	0.0	1	0	5.4544	850.32	734.5600000000001	1.0	5.38	927.792	1012.64	1.0	-0.0064	-0.073	0.9973	-0.3902	2.4915	-33.9885	0.0	10	1.0	0.0		3458	0	0
1701815656562	t	banquethall_test_cue_cafeteria_right	0.0	1	0	5.5177	844.992	734.5600000000001	1.0	5.3432	927.072	1012.8	1.0	-0.0015	-0.0833	0.9965	18.2955	3.692	-33.4496	0.0	10	1.0	0.0		3458	0	0
1701815656571	t	banquethall_test_cue_cafeteria_right	0.0	1	0	5.4156	843.8399999999999	734.24	1.0	5.3515	923.76	1011.9999999999999	1.0	-0.0011	-0.0834	0.9965	19.255	3.7553	-33.4328	0.0	10	1.0	0.0		3458	0	0
1701815656579	t	banquethall_test_cue_cafeteria_right	0.0	1	0	5.4248	838.944	734.88	1.0	5.4149	921.456	1012.8	1.0	0.0052	-0.0867	0.9962	21.4934	3.9112	-33.4084	0.0	10	1.0	0.0		3458	0	0
1701815656587	t	banquethall_test_cue_cafeteria_right	0.0	1	0	5.3925	837.216	734.88	1.0	5.3218	916.2719999999999	1012.32	1.0	0.0041	-0.0909	0.9958	26.2032	4.2464	-33.3713	0.0	10	1.0	0.0		3458	0	0
1701815656596	t	banquethall_test_cue_cafeteria_right	0.0	1	0	5.4017	834.336	733.76	1.0	5.2221	914.544	1013.12	1.0	0.0085	-0.0893	0.996	29.1374	4.4175	-33.2306	0.0	10	1.0	0.0		3458	0	0
1701815656604	t	banquethall_test_cue_cafeteria_right	0.0	1	0	5.3632	831.744	731.36	1.0	4.9813	907.3439999999999	1008.16	1.0	0.0109	-0.0852	0.9963	29.3896	4.4784	-33.3672	0.0	10	1.0	0.0		3458	0	0
1701815656612	t	banquethall_test_cue_cafeteria_right	0.0	1	0	5.3752	829.008	730.72	1.0	5.3076	908.64	1006.24	1.0	0.0145	-0.0851	0.9963	29.1062	4.5192	-33.5594	0.0	10	1.0	0.0		3458	0	0
1701815656621	t	banquethall_test_cue_cafeteria_right	0.0	1	0	5.3738	828.864	729.6	1.0	4.9295	908.0640000000001	1009.1200000000001	1.0	0.0142	-0.0822	0.9965	26.6574	4.3445	-33.5463	0.0	10	1.0	0.0		3458	0	0
1701815656629	t	banquethall_test_cue_cafeteria_right	0.0	1	0	5.3639	828.1439999999999	731.04	1.0	5.0708	903.168	1010.72	1.0	0.016	-0.086	0.9962	27.0702	4.3653	-33.5044	0.0	10	1.0	0.0		3458	0	0
1701815656637	t	banquethall_test_cue_cafeteria_right	0.0	1	0	5.3033	826.8480000000001	730.0799999999999	1.0	5.1325	903.168	1008.0	1.0	0.0204	-0.0829	0.9963	25.1888	4.2456	-33.5496	0.0	10	1.0	0.0		3458	0	0
1701815656646	t	banquethall_test_cue_cafeteria_right	0.0	1	0	5.3538	836.064	728.48	1.0	5.2476	915.2640000000001	1008.64	1.0	0.0116	-0.0828	0.9965	26.8778	4.3149	-33.2301	0.0	10	1.0	0.0		3458	0	0
1701815656654	t	banquethall_test_cue_cafeteria_right	0.0	1	0	5.4968	864.864	724.96	1.0	5.4962	940.896	1004.1600000000001	1.0	-0.026	-0.0799	0.9965	27.187	4.3571	-33.0545	0.0	10	1.0	0.0		3458	0	0
1701815656662	t	banquethall_test_cue_cafeteria_right	0.0	1	0	5.5541	896.832	712.8	1.0	5.4379	971.568	989.7600000000001	1.0	-0.0629	-0.0578	0.9963	28.8712	4.4266	-32.5265	0.0	10	1.0	0.0		3458	0	0
1701815656671	t	banquethall_test_cue_cafeteria_right	0.0	1	0	5.6844	932.976	701.12	1.0	5.5434	1001.0880000000001	988.9599999999999	1.0	-0.1151	-0.0351	0.9927	24.5974	4.1802	-32.4293	0.0	10	1.0	0.0		3458	0	0
1701815656679	t	banquethall_test_cue_cafeteria_right	0.0	1	0	5.5277	959.76	693.12	1.0	5.5271	1030.0320000000002	982.08	1.0	-0.1553	-0.0008	0.9879	-27.9431	1.105	-35.0352	0.0	10	1.0	0.0		3458	0	0
1701815656687	t	banquethall_test_cue_cafeteria_right	0.0	1	0	5.4864	983.6640000000001	687.5200000000001	1.0	5.4336	1054.512	982.08	1.0	-0.1868	0.0043	0.9824	-24.0851	1.3937	-35.0362	0.0	10	1.0	0.0		3458	0	0
1701815656696	t	banquethall_test_cue_cafeteria_right	0.0	1	0	5.5923	1000.512	684.16	1.0	5.4725	1077.9840000000002	988.64	1.0	-0.2134	-0.0066	0.9769	-11.5773	2.2268	-34.6307	0.0	10	1.0	0.0		3458	0	0
1701815656704	t	banquethall_test_cue_cafeteria_right	0.0	1	0	5.6563	1004.4	685.44	1.0	5.438	1081.008	989.7600000000001	1.0	-0.2025	-0.0109	0.9792	10.3864	3.631	-33.7914	0.0	10	1.0	0.0		3458	0	0
1701815656712	t	banquethall_test_cue_cafeteria_right	0.0	1	0	5.5745	1000.8	685.12	1.0	5.3467	1081.728	996.0000000000001	1.0	-0.1924	-0.0138	0.9812	19.8115	4.2222	-33.3841	0.0	10	1.0	0.0		3458	0	0
1701815656721	t	banquethall_test_cue_cafeteria_right	0.0	1	0	5.4946	996.048	685.28	1.0	5.2536	1079.136	995.68	1.0	-0.1855	-0.0088	0.9826	24.7329	4.4752	-33.0935	0.0	10	1.0	0.0		3458	0	0
1701815656730	t	banquethall_test_cue_cafeteria_right	0.0	1	0	5.4441	995.3280000000001	688.32	1.0	5.4576	1074.24	992.6399999999999	1.0	-0.1873	-0.0122	0.9822	23.9046	4.3861	-33.0891	0.0	10	1.0	0.0		3458	0	0
1701815656737	t	banquethall_test_cue_cafeteria_right	0.0	1	0	5.6654	989.5680000000001	692.48	1.0	5.4328	1069.488	997.6000000000001	1.0	-0.1908	-0.0115	0.9816	-19.287	1.5707	-34.7838	0.0	10	1.0	0.0		3458	0	0
1701815656746	t	banquethall_test_cue_cafeteria_right	0.0	1	0	5.5285	984.96	690.7199999999999	1.0	5.3733	1065.0240000000001	991.6800000000001	1.0	-0.1886	0.0044	0.982	-36.225	0.515	-35.5685	0.0	10	1.0	0.0		3458	0	0
1701815656754	t	banquethall_test_cue_cafeteria_right	0.0	1	0	5.4814	977.904	689.9200000000001	1.0	5.4613	1059.984	988.32	1.0	-0.1813	0.0084	0.9834	-36.1784	0.5402	-35.5517	0.0	10	1.0	0.0		3458	0	0
1701815656762	t	banquethall_test_cue_cafeteria_right	0.0	1	0	5.6584	973.7280000000001	688.64	1.0	5.4324	1050.768	981.7600000000001	1.0	-0.1632	0.0203	0.9864	-36.1308	0.5614	-35.5385	0.0	10	1.0	0.0		3458	0	0
1701815656771	t	banquethall_test_cue_cafeteria_right	0.0	1	0	5.7166	967.1039999999999	692.3199999999999	1.0	5.3705	1046.7359999999999	987.04	1.0	-0.164	0.0031	0.9865	-36.0565	0.5698	-35.5105	0.0	10	1.0	0.0		3458	0	0
1701815656780	t	banquethall_test_cue_cafeteria_right	0.0	1	0	5.5744	960.48	692.0	1.0	5.2235	1038.24	984.4799999999999	1.0	-0.1507	0.0039	0.9886	-35.9941	0.5898	-35.4887	0.0	10	1.0	0.0		3458	0	0
1701815656788	t	banquethall_test_cue_cafeteria_right	0.0	1	0	5.4791	952.9920000000001	690.08	1.0	5.3708	1032.768	982.8799999999999	1.0	-0.1483	0.0073	0.9889	-35.9031	0.5934	-35.4704	0.0	10	1.0	0.0		3458	0	0
1701815656796	t	banquethall_test_cue_cafeteria_right	0.0	1	0	5.3634	948.5279999999999	688.8	1.0	5.3547	1026.432	981.28	1.0	-0.1366	0.011	0.9906	-35.8622	0.5855	-35.4527	0.0	10	1.0	0.0		3458	0	0
1701815656804	t	banquethall_test_cue_cafeteria_right	0.0	1	0	5.4985	940.608	689.12	1.0	5.4444	1019.52	982.24	1.0	-0.1231	0.0087	0.9924	-35.8158	0.5752	-35.4285	0.0	10	1.0	0.0		3458	0	0
1701815656813	t	banquethall_test_cue_cafeteria_right	0.0	1	0	5.4146	934.992	690.08	1.0	5.5484	1012.8960000000001	984.6399999999999	1.0	-0.1122	0.0009	0.9937	-35.479	0.5844	-35.3741	0.0	10	1.0	0.0		3458	0	0
1701815656821	t	banquethall_test_cue_cafeteria_right	0.0	1	0	5.4875	934.272	691.04	1.0	5.4906	1008.576	985.28	1.0	-0.109	-0.0046	0.994	-31.5692	0.812	-35.1064	0.0	10	1.0	0.0		3458	0	0
1701815656830	t	banquethall_test_cue_cafeteria_right	0.0	1	0	5.4611	929.232	691.36	1.0	5.3929	1005.84	980.8	1.0	-0.1096	0.0002	0.994	-22.9759	1.3152	-34.5782	0.0	10	1.0	0.0		3458	0	0
1701815656838	t	banquethall_test_cue_cafeteria_right	0.0	1	0	5.4696	924.192	692.16	1.0	5.256	1001.0880000000001	977.92	1.0	-0.1046	0.0019	0.9945	-20.3074	1.4725	-34.4099	0.0	10	1.0	0.0		3458	0	0
1701815656846	t	banquethall_test_cue_cafeteria_right	0.0	1	0	5.3591	919.584	691.2	1.0	5.3271	995.3280000000001	974.24	1.0	-0.0988	-0.0019	0.9951	-1.9946	2.4903	-33.1918	0.0	10	1.0	0.0		3458	0	0
1701815656855	t	banquethall_test_cue_cafeteria_right	0.0	1	0	5.4822	912.2399999999999	688.16	1.0	5.2807	990.144	972.64	1.0	-0.093	-0.0136	0.9956	28.271	4.3616	-31.8836	0.0	10	1.0	0.0		3458	0	0
1701815656863	t	banquethall_test_cue_cafeteria_right	0.0	1	0	5.4256	906.912	689.6	1.0	5.2341	983.376	971.1999999999999	1.0	-0.0863	-0.022	0.996	28.96	4.5131	-32.1896	0.0	10	1.0	0.0		3458	0	0
1701815656871	t	banquethall_test_cue_cafeteria_right	0.0	1	0	5.3593	898.272	687.84	1.0	5.3853	979.6320000000001	973.1199999999999	1.0	-0.0721	-0.021	0.9972	29.0429	4.5799	-32.3739	0.0	10	1.0	0.0		3458	0	0
1701815656880	t	banquethall_test_cue_cafeteria_right	0.0	1	0	5.2921	895.248	686.56	1.0	5.2559	974.304	969.4399999999999	1.0	-0.0739	-0.0199	0.9971	29.11	4.5487	-32.1871	0.0	10	1.0	0.0		3458	0	0
1701815656888	t	banquethall_test_cue_cafeteria_right	0.0	1	0	5.318	891.36	687.36	1.0	5.3071	967.5360000000001	967.6800000000001	1.0	-0.0695	-0.0237	0.9973	29.1702	4.651	-32.5443	0.0	10	1.0	0.0		3458	0	0
1701815656896	t	banquethall_test_cue_cafeteria_right	0.0	1	0	5.4377	886.896	685.12	1.0	5.267	963.504	966.8799999999999	1.0	-0.065	-0.0195	0.9977	29.2141	4.6154	-32.3609	0.0	10	1.0	0.0		3458	0	0
1701815656904	t	banquethall_test_cue_cafeteria_right	0.0	1	0	5.4186	883.44	687.5200000000001	1.0	5.3073	960.336	965.1199999999999	1.0	-0.0614	-0.0245	0.9978	29.2513	4.5627	-32.1724	0.0	10	1.0	0.0		3458	0	0
1701815656913	t	banquethall_test_cue_cafeteria_right	0.0	1	0	5.4061	878.544	687.2	1.0	5.3426	957.1679999999999	969.76	1.0	-0.0516	-0.024	0.9984	29.2565	4.5964	-32.31	0.0	10	1.0	0.0		3458	0	0
1701815656921	t	banquethall_test_cue_cafeteria_right	0.0	1	0	5.323	875.52	685.76	1.0	5.1949	951.696	967.0400000000001	1.0	-0.0449	-0.0176	0.9988	28.5565	4.4777	-32.1223	0.0	10	1.0	0.0		3458	0	0
1701815656929	t	banquethall_test_cue_cafeteria_right	0.0	1	0	5.4026	871.9200000000001	687.6800000000001	1.0	5.2262	948.96	965.76	1.0	-0.0394	-0.0212	0.999	27.6566	4.4334	-32.2121	0.0	10	1.0	0.0		3458	0	0
1701815656937	t	banquethall_test_cue_cafeteria_right	0.0	1	0	5.4029	870.912	688.9599999999999	1.0	5.218	946.512	967.6800000000001	1.0	-0.038	-0.0279	0.9989	27.9186	4.5259	-32.4299	0.0	10	1.0	0.0		3458	0	0
1701815656946	t	banquethall_test_cue_cafeteria_right	0.0	1	0	5.4097	885.168	684.48	1.0	5.3263	958.752	964.1600000000001	1.0	-0.0596	-0.0088	0.9982	14.2858	3.5337	-32.3738	0.0	10	1.0	0.0		3458	0	0
1701815656954	t	banquethall_test_cue_cafeteria_right	0.0	1	0	5.4225	889.0559999999999	682.72	1.0	5.2912	963.504	957.2800000000001	1.0	-0.0635	-0.0008	0.998	8.9702	3.3004	-32.8412	0.0	10	1.0	0.0		3458	0	0
1701815656963	t	banquethall_test_cue_cafeteria_right	0.0	1	0	5.4561	886.1759999999999	681.44	1.0	5.2193	960.0479999999999	956.32	1.0	-0.0587	0.0048	0.9983	2.2262	2.8294	-32.8378	0.0	10	1.0	0.0		3458	0	0
1701815656971	t	banquethall_test_cue_cafeteria_right	0.0	1	0	5.3468	877.5360000000001	681.9200000000001	1.0	5.2062	954.2879999999999	957.6	1.0	-0.0447	0.0037	0.999	-2.4828	2.5349	-32.9853	0.0	10	1.0	0.0		3458	0	0
1701815656980	t	banquethall_test_cue_cafeteria_right	0.0	1	0	5.3278	875.52	681.9200000000001	1.0	5.2015	950.1120000000001	955.6800000000001	1.0	-0.043	0.0034	0.9991	-2.1488	2.573	-32.9849	0.0	10	1.0	0.0		3458	0	0
1701815656987	t	banquethall_test_cue_cafeteria_right	0.0	1	0	5.2702	868.1759999999999	680.8	1.0	5.1812	945.936	955.52	1.0	-0.0331	0.0099	0.9994	-15.1159	1.7958	-33.4865	0.0	10	1.0	0.0		3458	0	0
1701815656996	t	banquethall_test_cue_cafeteria_right	0.0	1	0	5.3282	866.1600000000001	678.56	1.0	5.0534	942.192	955.3599999999999	1.0	-0.0305	0.0091	0.9995	-9.2369	2.1231	-33.1661	0.0	10	1.0	0.0		3458	0	0
1701815657004	t	banquethall_test_cue_cafeteria_right	0.0	1	0	5.1506	861.4079999999999	677.9200000000001	1.0	5.1781	938.016	952.96	1.0	-0.02	0.008	0.9998	-3.3848	2.5853	-33.2752	0.0	10	1.0	0.0		3458	0	0
1701815657012	t	banquethall_test_cue_cafeteria_right	0.0	1	0	5.2328	859.392	680.32	1.0	5.0837	937.152	952.4800000000001	1.0	-0.0206	-0.0061	0.9998	13.6807	3.6456	-32.6816	0.0	10	1.0	0.0		3458	0	0
1701815657021	t	banquethall_test_cue_cafeteria_right	0.0	1	0	5.2841	857.664	680.32	1.0	5.1308	931.248	951.0400000000001	1.0	-0.02	-0.0141	0.9997	24.9272	4.3658	-32.3739	0.0	10	1.0	0.0		3458	0	0
1701815657031	t	banquethall_test_cue_cafeteria_right	0.0	1	0	5.1475	853.056	680.48	1.0	5.2057	928.2239999999999	954.72	1.0	-0.0098	-0.0042	0.9999	6.8671	3.2149	-32.9175	0.0	10	1.0	0.0		3458	0	0
1701815657038	t	banquethall_test_cue_cafeteria_right	0.0	1	0	5.1862	850.32	681.44	1.0	5.1443	925.7760000000001	951.36	1.0	-0.0063	0.0043	1.0	-3.4262	2.5967	-33.3404	0.0	10	1.0	0.0		3458	0	0
1701815657046	t	banquethall_test_cue_cafeteria_right	0.0	1	0	5.2384	844.5600000000001	682.88	1.0	5.0953	920.8799999999999	952.6400000000001	1.0	0.0045	0.0107	0.9999	-20.4218	1.5897	-34.046	0.0	10	1.0	0.0		3458	0	0
1701815657054	t	banquethall_test_cue_cafeteria_right	0.0	1	0	5.2125	838.5120000000001	680.8	1.0	5.1058	917.424	953.5999999999999	1.0	0.0083	0.011	0.9999	-23.4187	1.3802	-34.0583	0.0	10	1.0	0.0		3458	0	0
1701815657063	t	banquethall_test_cue_cafeteria_right	0.0	1	0	5.1937	836.9280000000001	678.88	1.0	5.0573	913.2479999999999	953.4399999999999	1.0	0.0102	0.0039	0.9999	-10.4667	2.2494	-33.8308	0.0	10	1.0	0.0		3458	0	0
1701815657071	t	banquethall_test_cue_cafeteria_right	0.0	1	0	5.1612	833.184	676.64	1.0	5.0653	910.512	953.76	1.0	0.0092	-0.0128	0.9999	28.8505	4.7054	-32.5641	0.0	10	1.0	0.0		3458	0	0
1701815657079	t	banquethall_test_cue_cafeteria_right	0.0	1	0	5.3631	829.2959999999999	676.48	1.0	5.0028	907.776	952.3199999999999	1.0	0.0115	-0.0126	0.9998	29.8295	4.7846	-32.608	0.0	10	1.0	0.0		3458	0	0
1701815657088	t	banquethall_test_cue_cafeteria_right	0.0	1	0	5.4462	828.432	679.04	1.0	4.9627	905.472	954.88	1.0	0.009	-0.0166	0.9998	29.858	4.7043	-32.3495	0.0	10	1.0	0.0		3458	0	0
1701815657096	t	banquethall_test_cue_cafeteria_right	0.0	1	0	5.4669	825.552	681.28	1.0	5.017	902.4480000000001	955.52	1.0	0.0134	-0.0222	0.9997	29.8864	4.7342	-32.4695	0.0	10	1.0	0.0		3458	0	0
1701815657104	t	banquethall_test_cue_cafeteria_right	0.0	1	0	5.451	822.96	682.24	1.0	4.9934	900.4319999999999	955.6800000000001	1.0	0.0172	-0.0253	0.9995	29.9173	4.7879	-32.666	0.0	10	1.0	0.0		3458	0	0
1701815657112	t	banquethall_test_cue_cafeteria_right	0.0	1	0	5.2589	821.664	686.24	1.0	4.9984	898.416	958.56	1.0	0.0185	-0.0369	0.9991	29.9469	4.8681	-32.958	0.0	10	1.0	0.0		3458	0	0
1701815657120	t	banquethall_test_cue_cafeteria_right	0.0	1	0	5.2554	818.496	684.64	1.0	4.9769	894.6719999999999	955.52	1.0	0.0249	-0.0321	0.9992	29.9558	4.8589	-32.9458	0.0	10	1.0	0.0		3458	0	0
1701815657129	t	banquethall_test_cue_cafeteria_right	0.0	1	0	5.2788	815.472	686.88	1.0	4.8847	891.504	956.64	1.0	0.0294	-0.0356	0.9989	28.4537	4.7782	-33.0772	0.0	10	1.0	0.0		3458	0	0
1701815657137	t	banquethall_test_cue_cafeteria_right	0.0	1	0	5.1956	813.5999999999999	686.56	1.0	4.9269	889.92	955.04	1.0	0.0414	-0.0091	0.9991	-6.729	2.7335	-34.6829	0.0	10	1.0	0.0		3458	0	0
1701815657146	t	banquethall_test_cue_cafeteria_right	0.0	1	0	5.1265	810.7199999999999	688.9599999999999	1.0	4.9285	885.456	956.1600000000001	1.0	0.0522	-0.0067	0.9986	-16.1644	2.2072	-35.1807	0.0	10	1.0	0.0		3458	0	0
1701815657154	t	banquethall_test_cue_cafeteria_right	0.0	1	0	5.0687	808.56	688.8	1.0	4.8338	885.456	957.76	1.0	0.0435	-0.0294	0.9986	22.4079	4.3248	-33.161	0.0	10	1.0	0.0		3458	0	0
1701815657162	t	banquethall_test_cue_cafeteria_right	0.0	1	0	5.3168	804.384	692.9599999999999	1.0	4.7831	883.44	956.8	1.0	0.0502	-0.0393	0.998	29.6553	4.6975	-32.7884	0.0	10	1.0	0.0		3458	0	0
1701815657171	t	banquethall_test_cue_cafeteria_right	0.0	1	0	5.2977	804.096	691.04	1.0	4.8312	883.5840000000001	958.56	1.0	0.0488	-0.0313	0.9983	30.052	4.6965	-32.7785	0.0	10	1.0	0.0		3458	0	0
1701815657179	t	banquethall_test_cue_cafeteria_right	0.0	1	0	5.1824	805.248	692.48	1.0	4.6936	877.9680000000001	961.12	1.0	0.0452	-0.0327	0.9984	30.0653	4.6528	-32.6834	0.0	10	1.0	0.0		3458	0	0
1701815657187	t	banquethall_test_cue_cafeteria_right	0.0	1	0	5.2619	801.9359999999999	692.9599999999999	1.0	4.8917	877.9680000000001	963.04	1.0	0.0526	-0.0322	0.9981	30.0653	4.6664	-32.7816	0.0	10	1.0	0.0		3458	0	0
1701815657196	t	banquethall_test_cue_cafeteria_right	0.0	1	0	5.2109	802.368	693.76	1.0	4.9011	877.1039999999999	963.04	1.0	0.0496	-0.034	0.9982	30.0139	4.6978	-32.931	0.0	10	1.0	0.0		3458	0	0
1701815657204	t	banquethall_test_cue_cafeteria_right	0.0	1	0	5.2696	799.344	695.52	1.0	4.812	872.784	963.3599999999999	1.0	0.056	-0.0367	0.9977	28.8556	4.667	-33.1461	0.0	10	1.0	0.0		3458	0	0
1701815657213	t	banquethall_test_cue_cafeteria_right	0.0	1	0	5.1357	799.2	695.36	1.0	4.7699	877.5360000000001	965.28	1.0	0.058	-0.0307	0.9978	11.2551	3.7565	-34.2209	0.0	10	1.0	0.0		3458	0	0
1701815657221	t	banquethall_test_cue_cafeteria_right	0.0	1	0	5.1806	798.9119999999999	696.3199999999999	1.0	4.8175	872.64	966.4	1.0	0.0657	-0.0228	0.9976	-1.5206	2.9356	-34.5761	0.0	10	1.0	0.0		3458	0	0
1701815657229	t	banquethall_test_cue_cafeteria_right	0.0	1	0	5.2139	795.6	697.6	1.0	4.814	872.208	966.4	1.0	0.0712	-0.0195	0.9973	-8.3567	2.5369	-34.8788	0.0	10	1.0	0.0		3458	0	0
1701815657238	t	banquethall_test_cue_cafeteria_right	0.0	1	0	5.2639	792.432	697.76	1.0	4.7912	870.48	967.2	1.0	0.0715	-0.0321	0.9969	13.5447	3.7917	-33.9174	0.0	10	1.0	0.0		3458	0	0
1701815657246	t	banquethall_test_cue_cafeteria_right	0.0	1	0	5.0575	804.384	696.3199999999999	1.0	4.7717	877.1039999999999	971.68	1.0	0.0537	-0.0351	0.9979	27.1939	4.4826	-32.9701	0.0	10	1.0	0.0		3458	0	0
1701815657254	t	banquethall_test_cue_cafeteria_right	0.0	1	0	4.9578	832.1759999999999	701.6	1.0	4.8828	904.32	973.76	1.0	0.018	-0.0479	0.9987	29.5771	4.6738	-33.0421	0.0	10	1.0	0.0		3458	0	0
1701815657263	t	banquethall_test_cue_cafeteria_right	0.0	1	0	5.0846	867.6	701.76	1.0	5.2724	942.4799999999999	977.28	1.0	-0.029	-0.0419	0.9987	29.358	4.528	-32.5991	0.0	10	1.0	0.0		3458	0	0
1701815657273	t	banquethall_test_cue_cafeteria_right	0.0	1	0	5.2875	906.912	701.92	1.0	5.1736	974.8800000000001	980.0000000000001	1.0	-0.0816	-0.0387	0.9959	28.9325	4.4117	-32.2203	0.0	10	1.0	0.0		3458	0	0
1701815657279	t	banquethall_test_cue_cafeteria_right	0.0	1	0	5.4818	940.32	704.48	1.0	5.2213	1005.984	994.72	1.0	-0.1256	-0.0408	0.9912	28.5831	4.3993	-32.2656	0.0	10	1.0	0.0		3458	0	0
1701815657288	t	banquethall_test_cue_cafeteria_right	0.0	1	0	5.3892	966.96	709.92	1.0	5.2378	1033.344	1002.0799999999999	1.0	-0.1492	-0.0461	0.9877	28.1831	4.2832	-32.0709	0.0	10	1.0	0.0		3458	0	0
1701815657296	t	banquethall_test_cue_cafeteria_right	0.0	1	0	5.4953	993.744	719.68	1.0	5.2435	1061.712	1017.44	1.0	-0.1854	-0.0608	0.9808	27.936	4.3862	-32.7333	0.0	10	1.0	0.0		3458	0	0
1701815657304	t	banquethall_test_cue_cafeteria_right	0.0	1	0	5.5126	1010.304	725.6	1.0	5.1774	1086.192	1027.04	1.0	-0.2043	-0.071	0.9763	27.7921	4.368	-32.7842	0.0	10	1.0	0.0		3458	0	0
1701815657313	t	banquethall_test_cue_cafeteria_right	0.0	1	0	5.586	1015.3439999999999	725.76	1.0	5.1024	1090.224	1029.6	1.0	-0.2117	-0.07	0.9748	27.7637	4.3648	-32.7989	0.0	10	1.0	0.0		3458	0	0
1701815657321	t	banquethall_test_cue_cafeteria_right	0.0	1	0	5.4344	1007.1360000000001	721.76	1.0	5.3233	1087.344	1028.1599999999999	1.0	-0.1972	-0.0609	0.9785	27.8248	4.3596	-32.774	0.0	10	1.0	0.0		3458	0	0
1701815657330	t	banquethall_test_cue_cafeteria_right	0.0	1	0	5.528	1004.1120000000001	724.8000000000001	1.0	5.2165	1085.472	1028.64	1.0	-0.1947	-0.0664	0.9786	27.8605	4.3453	-32.7646	0.0	10	1.0	0.0		3458	0	0
1701815657337	t	banquethall_test_cue_cafeteria_right	0.0	1	0	5.3948	1001.664	724.8000000000001	1.0	5.3322	1080.864	1024.6399999999999	1.0	-0.1949	-0.0664	0.9785	27.918	4.3426	-32.7562	0.0	10	1.0	0.0		3458	0	0
1701815657345	t	banquethall_test_cue_cafeteria_right	0.0	1	0	5.4673	997.2	725.92	1.0	5.3042	1079.424	1023.3599999999999	1.0	-0.192	-0.0674	0.9791	25.1185	4.1527	-32.8523	0.0	10	1.0	0.0		3458	0	0
1701815657354	t	banquethall_test_cue_cafeteria_right	0.0	1	0	5.416	990.5759999999999	726.5600000000001	1.0	5.1582	1075.536	1027.04	1.0	-0.199	-0.0592	0.9782	-34.7764	0.4703	-35.664	0.0	10	1.0	0.0		3458	0	0
1701815657362	t	banquethall_test_cue_cafeteria_right	0.0	1	0	5.3945	987.5519999999999	728.8000000000001	1.0	5.2407	1069.344	1024.9599999999998	1.0	-0.1886	-0.0578	0.9803	-32.3319	0.6237	-35.5275	0.0	10	1.0	0.0		3458	0	0
1701815657371	t	banquethall_test_cue_cafeteria_right	0.0	1	0	5.4801	982.08	728.96	1.0	5.1969	1065.0240000000001	1026.56	1.0	-0.1823	-0.0665	0.981	-22.3546	1.226	-34.9939	0.0	10	1.0	0.0		3458	0	0
1701815657379	t	banquethall_test_cue_cafeteria_right	0.0	1	0	5.4839	975.8879999999999	728.8000000000001	1.0	5.1127	1063.584	1026.08	1.0	-0.1919	-0.0658	0.9792	-35.6377	0.4414	-35.6527	0.0	10	1.0	0.0		3458	0	0
1701815657387	t	banquethall_test_cue_cafeteria_right	0.0	1	0	5.4865	970.1279999999999	727.2	1.0	5.0998	1054.08	1022.72	1.0	-0.1727	-0.0605	0.9831	-36.0908	0.4178	-35.6635	0.0	10	1.0	0.0		3458	0	0
1701815657396	t	banquethall_test_cue_cafeteria_right	0.0	1	0	5.5163	966.0960000000001	728.16	1.0	5.2342	1045.584	1017.6	1.0	-0.1591	-0.0513	0.9859	-36.0434	0.4322	-35.6468	0.0	10	1.0	0.0		3458	0	0
1701815657404	t	banquethall_test_cue_cafeteria_right	0.0	1	0	5.4753	959.1840000000001	726.88	1.0	5.2182	1038.816	1018.5600000000001	1.0	-0.1472	-0.0577	0.9874	-35.9997	0.4436	-35.6267	0.0	10	1.0	0.0		3458	0	0
1701815657412	t	banquethall_test_cue_cafeteria_right	0.0	1	0	5.467	955.584	730.5600000000001	1.0	5.2832	1033.632	1018.8800000000001	1.0	-0.1415	-0.0603	0.9881	-35.9278	0.4479	-35.6124	0.0	10	1.0	0.0		3458	0	0
1701815657420	t	banquethall_test_cue_cafeteria_right	0.0	1	0	5.3828	951.4079999999999	728.6400000000001	1.0	5.2279	1031.616	1019.52	1.0	-0.1442	-0.0617	0.9876	-35.8477	0.4458	-35.6067	0.0	10	1.0	0.0		3458	0	0
1701815657429	t	banquethall_test_cue_cafeteria_right	0.0	1	0	5.0812	944.64	729.28	1.0	5.3023	1026.432	1019.9999999999999	1.0	-0.1331	-0.0632	0.9891	-35.6929	0.4472	-35.5855	0.0	10	1.0	0.0		3458	0	0
1701815657437	t	banquethall_test_cue_cafeteria_right	0.0	1	0	5.271	940.176	729.28	1.0	5.3068	1023.9839999999999	1019.52	1.0	-0.1311	-0.0632	0.9893	-35.5174	0.4604	-35.5706	0.0	10	1.0	0.0		3458	0	0
1701815657446	t	banquethall_test_cue_cafeteria_right	0.0	1	0	5.341	936.0	732.0	1.0	5.2559	1020.096	1020.96	1.0	-0.1256	-0.0683	0.9897	-35.1448	0.478	-35.538	0.0	10	1.0	0.0		3458	0	0
1701815657454	t	banquethall_test_cue_cafeteria_right	0.0	1	0	5.2146	932.544	730.88	1.0	5.2807	1015.488	1022.72	1.0	-0.1174	-0.0735	0.9904	-34.6968	0.4978	-35.4971	0.0	10	1.0	0.0		3458	0	0
1701815657462	t	banquethall_test_cue_cafeteria_right	0.0	1	0	5.4596	932.256	732.64	1.0	5.2056	1014.192	1019.8399999999999	1.0	-0.1181	-0.0676	0.9907	-31.7335	0.6714	-35.3427	0.0	10	1.0	0.0		3458	0	0
1701815657470	t	banquethall_test_cue_cafeteria_right	0.0	1	0	5.3554	928.2239999999999	732.64	1.0	5.1879	1010.8799999999999	1015.1999999999999	1.0	-0.1126	-0.0587	0.9919	-27.2882	0.928	-35.1183	0.0	10	1.0	0.0		3458	0	0
1701815657479	t	banquethall_test_cue_cafeteria_right	0.0	1	0	5.3673	926.64	734.0799999999999	1.0	5.2079	1009.1519999999999	1016.8	1.0	-0.1111	-0.0646	0.9917	-23.4466	1.153	-34.9341	0.0	10	1.0	0.0		3458	0	0
1701815657487	t	banquethall_test_cue_cafeteria_right	0.0	1	0	5.3694	924.768	732.8000000000001	1.0	5.1997	1006.2719999999999	1018.0799999999999	1.0	-0.1075	-0.0674	0.9919	-21.0472	1.2865	-34.8011	0.0	10	1.0	0.0		3458	0	0
1701815657496	t	banquethall_test_cue_cafeteria_right	0.0	1	0	5.4087	920.304	734.5600000000001	1.0	5.0938	1001.2320000000001	1012.8	1.0	-0.0995	-0.0592	0.9933	-18.0383	1.4365	-34.5888	0.0	10	1.0	0.0		3458	0	0
1701815657504	t	banquethall_test_cue_cafeteria_right	0.0	1	0	5.4269	920.0160000000001	733.12	1.0	5.1243	999.2159999999999	1013.9200000000001	1.0	-0.0973	-0.0573	0.9936	-26.2238	0.9557	-34.9735	0.0	10	1.0	0.0		3458	0	0
1701815657512	t	banquethall_test_cue_cafeteria_right	0.0	1	0	5.3125	917.856	729.44	1.0	5.2127	996.048	1018.0799999999999	1.0	-0.09	-0.0656	0.9938	-28.6787	0.8116	-35.0888	0.0	10	1.0	0.0		3458	0	0
1701815657521	t	banquethall_test_cue_cafeteria_right	0.0	1	0	5.3008	914.976	731.8399999999999	1.0	5.1089	993.3119999999999	1014.24	1.0	-0.0847	-0.0587	0.9947	-24.1198	1.0511	-34.7956	0.0	10	1.0	0.0		3458	0	0
1701815657529	t	banquethall_test_cue_cafeteria_right	0.0	1	0	5.1785	911.376	730.0799999999999	1.0	5.1903	993.024	1015.1999999999999	1.0	-0.0838	-0.0606	0.9946	-20.7969	1.2423	-34.623	0.0	10	1.0	0.0		3458	0	0
1701815657537	t	banquethall_test_cue_cafeteria_right	0.0	1	0	5.2755	910.656	731.52	1.0	5.1889	993.4559999999999	1016.8	1.0	-0.0864	-0.0657	0.9941	-17.9946	1.4143	-34.5093	0.0	10	1.0	0.0		3458	0	0
1701815657545	t	banquethall_test_cue_cafeteria_right	0.0	1	0	5.2387	909.072	732.16	1.0	5.1199	989.5680000000001	1016.16	1.0	-0.0793	-0.0664	0.9946	-14.4235	1.6051	-34.2781	0.0	10	1.0	0.0		3458	0	0
1701815657554	t	banquethall_test_cue_cafeteria_right	0.0	1	0	5.2198	907.4879999999999	732.16	1.0	5.1329	985.968	1016.0	1.0	-0.0757	-0.0718	0.9945	0.3431	2.4545	-33.4912	0.0	10	1.0	0.0		3458	0	0
1701815657562	t	banquethall_test_cue_cafeteria_right	0.0	1	0	5.205	902.592	732.3199999999999	1.0	5.1708	986.6880000000001	1016.16	1.0	-0.0716	-0.0781	0.9944	11.7097	3.1575	-33.009	0.0	10	1.0	0.0		3458	0	0
1701815657570	t	banquethall_test_cue_cafeteria_right	0.0	1	0	5.1875	899.712	730.5600000000001	1.0	5.1751	983.088	1013.12	1.0	-0.0651	-0.0792	0.9947	25.3865	4.0004	-32.4701	0.0	10	1.0	0.0		3458	0	0
1701815657579	t	banquethall_test_cue_cafeteria_right	0.0	1	0	5.1185	895.68	731.52	1.0	5.2339	981.7919999999999	1013.28	1.0	-0.0568	-0.0848	0.9948	27.9402	4.1964	-32.4648	0.0	10	1.0	0.0		3458	0	0
1701815657587	t	banquethall_test_cue_cafeteria_right	0.0	1	0	5.3035	894.8159999999999	727.68	1.0	5.2977	980.496	1011.68	1.0	-0.0609	-0.0771	0.9952	26.4755	4.1587	-32.6585	0.0	10	1.0	0.0		3458	0	0
1701815657596	t	banquethall_test_cue_cafeteria_right	0.0	1	0	5.1682	890.496	728.0	1.0	5.273	977.184	1008.16	1.0	-0.0559	-0.0807	0.9952	29.0708	4.3145	-32.5101	0.0	10	1.0	0.0		3458	0	0
1701815657604	t	banquethall_test_cue_cafeteria_right	0.0	1	0	5.1451	891.36	726.5600000000001	1.0	5.3154	971.568	1010.5600000000001	1.0	-0.0606	-0.0781	0.9951	29.097	4.2735	-32.3274	0.0	10	1.0	0.0		3458	0	0
1701815657612	t	banquethall_test_cue_cafeteria_right	0.0	1	0	5.2385	887.184	725.6	1.0	5.2761	969.84	1006.4	1.0	-0.054	-0.0784	0.9955	29.1285	4.3052	-32.3713	0.0	10	1.0	0.0		3458	0	0
1701815657620	t	banquethall_test_cue_cafeteria_right	0.0	1	0	5.2814	884.448	726.4	1.0	5.2547	969.552	1004.1600000000001	1.0	-0.0521	-0.0844	0.9951	29.1752	4.3821	-32.5528	0.0	10	1.0	0.0		3458	0	0
1701815657630	t	banquethall_test_cue_cafeteria_right	0.0	1	0	5.2389	882.72	724.96	1.0	5.2805	962.208	1007.84	1.0	-0.0503	-0.0853	0.9951	29.2128	4.502	-32.8931	0.0	10	1.0	0.0		3458	0	0
1701815657637	t	banquethall_test_cue_cafeteria_right	0.0	1	0	5.2205	877.9680000000001	726.24	1.0	5.1367	960.336	1001.44	1.0	-0.0401	-0.0894	0.9952	29.2386	4.5291	-32.9786	0.0	10	1.0	0.0		3458	0	0
1701815657645	t	banquethall_test_cue_cafeteria_right	0.0	1	0	5.1097	875.664	725.6	1.0	5.1571	959.328	1003.52	1.0	-0.0373	-0.0891	0.9953	29.266	4.539	-32.9857	0.0	10	1.0	0.0		3458	0	0
1701815657654	t	banquethall_test_cue_cafeteria_right	0.0	1	0	5.2446	872.928	722.88	1.0	5.1001	957.1679999999999	1002.88	1.0	-0.0346	-0.0838	0.9959	29.289	4.538	-32.9342	0.0	10	1.0	0.0		3458	0	0
1701815657662	t	banquethall_test_cue_cafeteria_right	0.0	1	0	5.2668	870.912	723.0400000000001	1.0	5.0952	956.736	1002.3999999999999	1.0	-0.0331	-0.0861	0.9957	29.3159	4.5586	-32.9597	0.0	10	1.0	0.0		3458	0	0
1701815657670	t	banquethall_test_cue_cafeteria_right	0.0	1	0	5.2127	868.608	723.68	1.0	5.1005	953.424	999.04	1.0	-0.0294	-0.0897	0.9955	29.1987	4.5858	-33.0553	0.0	10	1.0	0.0		3458	0	0
1701815657679	t	banquethall_test_cue_cafeteria_right	0.0	1	0	5.0945	868.032	721.6	1.0	5.0789	950.976	1002.88	1.0	-0.0302	-0.0865	0.9958	29.1634	4.6196	-33.1548	0.0	10	1.0	0.0		3458	0	0
1701815657687	t	banquethall_test_cue_cafeteria_right	0.0	1	0	5.2118	865.4399999999999	719.84	1.0	5.0877	949.68	996.8	1.0	-0.0265	-0.0836	0.9961	29.0431	4.5021	-32.6697	0.0	10	1.0	0.0		3458	0	0
1701815657695	t	banquethall_test_cue_cafeteria_right	0.0	1	0	5.0727	865.152	709.76	1.0	5.1707	946.224	986.2399999999999	1.0	-0.0235	-0.0689	0.9973	28.5476	4.5583	-32.7418	0.0	10	1.0	0.0		3458	0	0
1701815657704	t	banquethall_test_cue_cafeteria_right	0.0	1	0	5.0885	866.0160000000001	705.6	1.0	5.0478	942.336	978.5600000000001	1.0	-0.0234	-0.0485	0.9985	9.2896	3.3459	-33.2774	0.0	10	1.0	0.0		3458	0	0
1701815657712	t	banquethall_test_cue_cafeteria_right	0.0	1	0	5.1648	864.864	705.2800000000001	1.0	5.0685	939.456	980.1600000000001	1.0	-0.0149	-0.0245	0.9996	-27.5555	0.974	-34.3589	0.0	10	1.0	0.0		3458	0	0
1701815657720	t	banquethall_test_cue_cafeteria_right	0.0	1	0	5.2624	863.2800000000001	703.6800000000001	1.0	5.0768	939.7439999999999	980.64	1.0	-0.0162	-0.0216	0.9996	-32.3271	0.6775	-34.5519	0.0	10	1.0	0.0		3458	0	0
1701815657729	t	banquethall_test_cue_cafeteria_right	0.0	1	0	5.0258	859.248	705.44	1.0	5.1103	937.296	979.68	1.0	-0.0106	-0.0174	0.9998	-32.8844	0.603	-34.4732	0.0	10	1.0	0.0		3458	0	0
1701815657737	t	banquethall_test_cue_cafeteria_right	0.0	1	0	5.2824	858.816	705.12	1.0	5.0725	936.0	979.68	1.0	-0.0104	-0.0186	0.9998	-32.1132	0.6198	-34.3269	0.0	10	1.0	0.0		3458	0	0
1701815657745	t	banquethall_test_cue_cafeteria_right	0.0	1	0	5.1327	857.2320000000001	705.92	1.0	4.997	934.992	978.88	1.0	-0.0103	-0.022	0.9997	-30.3054	0.765	-34.2949	0.0	10	1.0	0.0		3458	0	0
1701815657754	t	banquethall_test_cue_cafeteria_right	0.0	1	0	5.1712	855.5039999999999	704.48	1.0	5.0048	932.4	977.44	1.0	-0.006	-0.0273	0.9996	-21.144	1.3669	-34.0158	0.0	10	1.0	0.0		3458	0	0
1701815657762	t	banquethall_test_cue_cafeteria_right	0.0	1	0	5.2299	855.072	706.24	1.0	5.0657	929.088	975.84	1.0	-0.0064	-0.0445	0.999	0.9775	2.7892	-33.3584	0.0	10	1.0	0.0		3458	0	0
1701815657770	t	banquethall_test_cue_cafeteria_right	0.0	1	0	5.2589	852.4799999999999	707.36	1.0	5.0223	928.368	976.8000000000001	1.0	-0.0036	-0.0461	0.9989	-2.6183	2.5771	-33.4879	0.0	10	1.0	0.0		3458	0	0
1701815657779	t	banquethall_test_cue_cafeteria_right	0.0	1	0	5.153	847.728	704.48	1.0	5.0722	927.792	976.6400000000001	1.0	0.0015	-0.0421	0.9991	-6.1693	2.4042	-33.7449	0.0	10	1.0	0.0		3458	0	0
1701815657787	t	banquethall_test_cue_cafeteria_right	0.0	1	0	5.1808	846.0	703.36	1.0	4.9988	923.616	975.0400000000001	1.0	0.0089	-0.0363	0.9993	-11.995	2.0602	-33.9813	0.0	10	1.0	0.0		3458	0	0
1701815657795	t	banquethall_test_cue_cafeteria_right	0.0	1	0	5.1882	844.848	703.04	1.0	4.8888	920.592	972.1600000000001	1.0	0.0086	-0.0488	0.9988	8.0488	3.4134	-33.6266	0.0	10	1.0	0.0		3458	0	0
1701815657804	t	banquethall_test_cue_cafeteria_right	0.0	1	0	5.1343	843.12	706.4	1.0	4.9395	918.864	975.52	1.0	0.0049	-0.0688	0.9976	25.3831	4.4584	-32.9693	0.0	10	1.0	0.0		3458	0	0
1701815657812	t	banquethall_test_cue_cafeteria_right	0.0	1	0	5.1517	840.24	702.08	1.0	4.9193	919.1519999999999	972.8	1.0	0.0102	-0.0606	0.9981	29.2183	4.6708	-32.7444	0.0	10	1.0	0.0		3458	0	0
1701815657820	t	banquethall_test_cue_cafeteria_right	0.0	1	0	5.0765	839.9520000000001	704.0	1.0	4.9317	918.72	973.28	1.0	0.0059	-0.0666	0.9978	29.4701	4.7392	-32.9399	0.0	10	1.0	0.0		3458	0	0
1701815657829	t	banquethall_test_cue_cafeteria_right	0.0	1	0	5.1025	838.0799999999999	701.12	1.0	4.9375	917.424	973.28	1.0	0.0113	-0.0592	0.9982	29.5957	4.7056	-32.7713	0.0	10	1.0	0.0		3458	0	0
1701815657837	t	banquethall_test_cue_cafeteria_right	0.0	1	0	5.1403	835.7760000000001	699.6800000000001	1.0	4.9348	916.56	972.48	1.0	0.0154	-0.0556	0.9983	29.6435	4.7125	-32.7944	0.0	10	1.0	0.0		3458	0	0
1701815657845	t	banquethall_test_cue_cafeteria_right	0.0	1	0	5.2001	836.352	702.24	1.0	4.9698	915.1199999999999	973.1199999999999	1.0	0.0113	-0.062	0.998	29.6309	4.7223	-32.8359	0.0	10	1.0	0.0		3458	0	0
1701815657854	t	banquethall_test_cue_cafeteria_right	0.0	1	0	5.1854	834.336	702.24	1.0	4.884	912.096	974.7199999999999	1.0	0.0149	-0.0616	0.998	29.1852	4.7073	-32.9042	0.0	10	1.0	0.0		3458	0	0
1701815657862	t	banquethall_test_cue_cafeteria_right	0.0	1	0	5.0278	832.4639999999999	702.4	1.0	4.9102	911.664	974.56	1.0	0.0197	-0.0584	0.9981	21.3402	4.2458	-33.2445	0.0	10	1.0	0.0		3458	0	0
1701815657872	t	banquethall_test_cue_cafeteria_right	0.0	1	0	5.0545	831.6	701.44	1.0	4.9688	907.776	972.9599999999999	1.0	0.0249	-0.0485	0.9985	8.8265	3.5043	-33.7668	0.0	10	1.0	0.0		3458	0	0
1701815657878	t	banquethall_test_cue_cafeteria_right	0.0	1	0	5.0852	831.312	699.36	1.0	4.865	907.92	977.28	1.0	0.0244	-0.0458	0.9986	2.2016	3.1055	-34.0563	0.0	10	1.0	0.0		3458	0	0
1701815657887	t	banquethall_test_cue_cafeteria_right	0.0	1	0	5.1616	829.8720000000001	702.24	1.0	4.8885	907.92	974.24	1.0	0.0258	-0.0421	0.9988	-2.4196	2.825	-34.2629	0.0	10	1.0	0.0		3458	0	0
1701815657895	t	banquethall_test_cue_cafeteria_right	0.0	1	0	5.1244	829.4399999999999	702.4	1.0	4.8614	906.624	975.84	1.0	0.0267	-0.0429	0.9987	-1.9237	2.844	-34.249	0.0	10	1.0	0.0		3458	0	0
1701815657904	t	banquethall_test_cue_cafeteria_right	0.0	1	0	5.137	828.72	703.2	1.0	4.875	906.768	979.04	1.0	0.0291	-0.044	0.9986	-6.895	2.5352	-34.4524	0.0	10	1.0	0.0		3458	0	0
1701815657912	t	banquethall_test_cue_cafeteria_right	0.0	1	0	5.135	829.2959999999999	703.2	1.0	4.78	907.92	979.8400000000001	1.0	0.0238	-0.0484	0.9985	2.4034	3.0908	-34.0894	0.0	10	1.0	0.0		3458	0	0
1701815657920	t	banquethall_test_cue_cafeteria_right	0.0	1	0	5.1329	829.7280000000001	703.2	1.0	4.8043	907.632	979.8400000000001	1.0	0.0219	-0.0506	0.9985	8.4936	3.4493	-33.8285	0.0	10	1.0	0.0		3458	0	0
1701815657929	t	banquethall_test_cue_cafeteria_right	0.0	1	0	5.086	829.8720000000001	704.16	1.0	4.8242	907.92	979.8400000000001	1.0	0.0202	-0.054	0.9983	13.1993	3.7229	-33.6209	0.0	10	1.0	0.0		3458	0	0
1701815657940	t	banquethall_test_cue_cafeteria_right	0.0	1	0	5.1215	829.7280000000001	704.48	1.0	4.8255	907.776	980.64	1.0	0.0202	-0.0544	0.9983	14.0341	3.7639	-33.577	0.0	10	1.0	0.0		3458	0	0
1701815657945	t	banquethall_test_cue_cafeteria_right	0.0	1	0	5.0917	829.1519999999999	708.0	1.0	4.8504	908.2080000000001	980.64	1.0	0.021	-0.0594	0.998	11.5009	3.6323	-33.7678	0.0	10	1.0	0.0		3458	0	0
1701815657953	t	banquethall_test_cue_cafeteria_right	0.0	1	0	5.0414	829.7280000000001	706.24	1.0	4.9327	909.792	981.1199999999999	1.0	0.0196	-0.0529	0.9984	6.4145	3.3595	-34.1253	0.0	10	1.0	0.0		3458	0	0
1701815657962	t	banquethall_test_cue_cafeteria_right	0.0	1	0	5.0597	829.7280000000001	704.64	1.0	4.6491	909.936	982.56	1.0	0.015	-0.0565	0.9983	11.1789	3.706	-34.0956	0.0	10	1.0	0.0		3458	0	0
1701815657971	t	banquethall_test_cue_cafeteria_right	0.0	1	0	4.966	833.184	703.6800000000001	1.0	4.2254	901.584	996.96	1.0	-0.001	-0.0658	0.9978	29.4438	4.9444	-33.8348	0.0	10	1.0	0.0		3458	0	0
1701815657978	t	banquethall_test_cue_cafeteria_right	0.0	1	0	-1.0	827.424	714.72	1.0	-1.0	885.024	1059.2	1.0	-1.0	-1.0	-1.0	-1.0	-1.0	-1.0	0.0	10	1.0	0.0		3458	0	0
1701815657985	t	banquethall_test_cue_cafeteria_right	0.0	1	0	-1.0	809.856	735.04	0.8532	-1.0	-1440.0	-1600.0	0.6007	-1.0	-1.0	-1.0	-1.0	-1.0	-1.0	0.0	10	1.0	0.0		3458	0	0
1701815657993	t	banquethall_test_cue_cafeteria_right	0.0	1	0	-1.0	821.0880000000001	800.6399999999999	0.8532	-1.0	-1440.0	-1600.0	0.6007	-1.0	-1.0	-1.0	-1.0	-1.0	-1.0	0.0	10	1.0	0.0		3458	0	0
1701815658001	t	banquethall_test_cue_cafeteria_right	0.0	1	0	-1.0	829.4399999999999	806.4	0.4684	-1.0	-1440.0	-1600.0	0.0641	-1.0	-1.0	-1.0	-1.0	-1.0	-1.0	0.0	10	1.0	0.0		3458	0	0
1701815658010	t	banquethall_test_cue_cafeteria_right	0.0	1	0	-1.0	-1440.0	-1600.0	0.4684	-1.0	-1440.0	-1600.0	0.0641	-1.0	-1.0	-1.0	-1.0	-1.0	-1.0	0.0	10	1.0	0.0		3458	0	0
1701815658018	t	banquethall_test_cue_cafeteria_right	0.0	1	0	-1.0	59.328	1240.0	0.1475	-1.0	-1440.0	-1600.0	0.0	-1.0	-1.0	-1.0	-1.0	-1.0	-1.0	0.0	10	1.0	0.0		3458	0	0
1701815658027	t	banquethall_test_cue_cafeteria_right	0.0	1	0	-1.0	59.184	1248.6399999999999	0.1475	-1.0	-1440.0	-1600.0	0.0	-1.0	-1.0	-1.0	-1.0	-1.0	-1.0	0.0	10	1.0	0.0		3458	0	0
1701815658035	t	banquethall_test_cue_cafeteria_right	0.0	1	0	-1.0	-1440.0	-1600.0	0.0	-1.0	-1440.0	-1600.0	0.0	-1.0	-1.0	-1.0	-1.0	-1.0	-1.0	0.0	10	1.0	0.0		3458	0	0
1701815658043	t	banquethall_test_cue_cafeteria_right	0.0	1	0	-1.0	-1440.0	-1600.0	0.0	-1.0	-1440.0	-1600.0	0.0	-1.0	-1.0	-1.0	-1.0	-1.0	-1.0	0.0	10	1.0	0.0		3458	0	0
1701815658051	t	banquethall_test_cue_cafeteria_right	0.0	1	0	-1.0	-1440.0	-1600.0	0.0	-1.0	-1440.0	-1600.0	0.0	-1.0	-1.0	-1.0	-1.0	-1.0	-1.0	0.0	10	1.0	0.0		3458	0	0
1701815658060	t	banquethall_test_cue_cafeteria_right	0.0	1	0	-1.0	-1440.0	-1600.0	0.0	-1.0	-1440.0	-1600.0	0.0	-1.0	-1.0	-1.0	-1.0	-1.0	-1.0	0.0	10	1.0	0.0		3458	0	0
1701815658068	t	banquethall_test_cue_cafeteria_right	0.0	1	0	-1.0	-1440.0	-1600.0	0.0431	-1.0	-1440.0	-1600.0	0.0	-1.0	-1.0	-1.0	-1.0	-1.0	-1.0	0.0	10	1.0	0.0		3458	0	0
1701815658077	t	banquethall_test_cue_cafeteria_right	0.0	1	0	-1.0	482.97599999999994	708.96	0.0431	-1.0	-1440.0	-1600.0	0.0	-1.0	-1.0	-1.0	-1.0	-1.0	-1.0	0.0	10	1.0	0.0		3458	0	0
1701815658087	t	banquethall_test_cue_cafeteria_right	0.0	1	0	-1.0	537.264	653.76	0.2696	-1.0	735.1199999999999	904.1600000000001	0.2121	-1.0	-1.0	-1.0	-1.0	-1.0	-1.0	0.0	10	1.0	0.0		3458	0	0
1701815658096	t	banquethall_test_cue_cafeteria_right	0.0	1	0	-1.0	677.376	595.04	0.2696	-1.0	776.592	933.6	0.2121	-1.0	-1.0	-1.0	-1.0	-1.0	-1.0	0.0	10	1.0	0.0		3458	0	0
1701815658104	t	banquethall_test_cue_cafeteria_right	0.0	1	0	-1.0	684.432	571.1999999999999	0.5825	-1.0	761.4720000000001	835.52	0.3835	-1.0	-1.0	-1.0	-1.0	-1.0	-1.0	0.0	10	1.0	0.0		3458	0	0
1701815658112	t	banquethall_test_cue_cafeteria_right	0.0	1	0	-1.0	682.992	557.9200000000001	0.5825	-1.0	754.128	813.12	0.3835	-1.0	-1.0	-1.0	-1.0	-1.0	-1.0	0.0	10	1.0	0.0		3458	0	0
1701815658121	t	banquethall_test_cue_cafeteria_right	0.0	1	0	-1.0	692.64	553.92	0.7091	-1.0	756.7199999999999	807.6800000000001	0.5552	-1.0	-1.0	-1.0	-1.0	-1.0	-1.0	0.0	10	1.0	0.0		3458	0	0
1701815658129	t	banquethall_test_cue_cafeteria_right	0.0	1	0	-1.0	705.888	548.32	0.7091	-1.0	760.032	813.28	0.5552	-1.0	-1.0	-1.0	-1.0	-1.0	-1.0	0.0	10	1.0	0.0		3458	0	0
1701815658137	t	banquethall_test_cue_cafeteria_right	0.0	1	0	-1.0	708.624	556.32	0.9227	-1.0	768.3839999999999	820.1599999999999	0.8477	-1.0	-1.0	-1.0	-1.0	-1.0	-1.0	0.0	10	1.0	0.0		3458	0	0
1701815658146	t	banquethall_test_cue_cafeteria_right	0.0	1	0	-1.0	713.52	561.12	0.9227	-1.0	774.72	840.9599999999999	0.8477	-1.0	-1.0	-1.0	-1.0	-1.0	-1.0	0.0	10	1.0	0.0		3458	0	0
1701815658154	t	banquethall_test_cue_cafeteria_right	0.0	1	0	-1.0	718.848	572.8	1.0	-1.0	782.928	850.24	1.0	-1.0	-1.0	-1.0	-1.0	-1.0	-1.0	0.0	10	1.0	0.0		3458	0	0
1701815658164	t	banquethall_test_cue_cafeteria_right	0.0	1	0	-1.0	721.296	583.1999999999999	1.0	-1.0	787.8240000000001	858.4	1.0	-1.0	-1.0	-1.0	-1.0	-1.0	-1.0	0.0	10	1.0	0.0		3458	0	0
1701815658171	t	banquethall_test_cue_cafeteria_right	0.0	1	0	5.3001	727.056	589.9200000000001	1.0	4.6654	793.1519999999999	865.76	1.0	0.1664	0.1856	0.9684	30.8184	5.1019	-33.1677	0.0	10	1.0	0.0		3458	0	0
1701815658179	t	banquethall_test_cue_cafeteria_right	0.0	1	0	5.1809	732.2399999999999	593.6	1.0	4.7206	799.776	871.68	1.0	0.1599	0.1874	0.9692	30.7618	5.0165	-33.1606	0.0	10	1.0	0.0		3458	0	0
1701815658187	t	banquethall_test_cue_cafeteria_right	0.0	1	0	5.2023	738.432	603.2	1.0	4.6996	805.824	877.12	1.0	0.1498	0.1751	0.9731	30.7075	4.9199	-33.1128	0.0	10	1.0	0.0		3458	0	0
1701815658195	t	banquethall_test_cue_cafeteria_right	0.0	1	0	5.3172	743.616	606.24	1.0	4.7523	811.728	881.7600000000001	1.0	0.1419	0.1763	0.974	30.6556	4.8608	-33.1168	0.0	10	1.0	0.0		3458	0	0
1701815658204	t	banquethall_test_cue_cafeteria_right	0.0	1	0	5.2533	749.52	611.2	1.0	4.701	815.472	884.16	1.0	0.1326	0.1731	0.9759	30.6043	4.7752	-33.0595	0.0	10	1.0	0.0		3458	0	0
1701815658212	t	banquethall_test_cue_cafeteria_right	0.0	1	0	5.2299	750.672	615.84	1.0	4.6602	819.3599999999999	889.4399999999999	1.0	0.1321	0.1688	0.9767	30.5823	4.7193	-33.0448	0.0	10	1.0	0.0		3458	0	0
1701815658221	t	banquethall_test_cue_cafeteria_right	0.0	1	0	5.3532	754.272	621.6	1.0	4.6609	824.688	894.2399999999999	1.0	0.1265	0.1628	0.9785	30.5424	4.6225	-32.8863	0.0	10	1.0	0.0		3458	0	0
1701815658229	t	banquethall_test_cue_cafeteria_right	0.0	1	0	5.2662	757.0079999999999	625.76	1.0	4.8503	826.7040000000001	897.28	1.0	0.1247	0.1586	0.9794	30.4976	4.5175	-32.6538	0.0	10	1.0	0.0		3458	0	0
1701815658237	t	banquethall_test_cue_cafeteria_right	0.0	1	0	5.144	758.304	625.6	1.0	4.7589	832.6080000000001	900.96	1.0	0.1253	0.1649	0.9783	30.4735	4.4764	-32.6675	0.0	10	1.0	0.0		3458	0	0
1701815658245	t	banquethall_test_cue_cafeteria_right	0.0	1	0	5.1801	760.752	629.92	1.0	4.7735	834.0480000000001	903.52	1.0	0.1219	0.1595	0.9796	30.438	4.3633	-32.3656	0.0	10	1.0	0.0		3458	0	0
1701815658253	t	banquethall_test_cue_cafeteria_right	0.0	1	0	5.3	766.224	632.3199999999999	1.0	4.8731	837.072	907.84	1.0	0.1087	0.155	0.9819	30.4165	4.3293	-32.2715	0.0	10	1.0	0.0		3458	0	0
1701815658262	t	banquethall_test_cue_cafeteria_right	0.0	1	0	5.2438	767.5200000000001	632.16	1.0	4.7753	839.9520000000001	907.1999999999999	1.0	0.13	0.182	0.9747	-29.0641	1.1604	-35.7824	0.0	10	1.0	0.0		3458	0	0
1701815658270	t	banquethall_test_cue_cafeteria_right	0.0	1	0	5.2918	768.96	632.3199999999999	1.0	4.9118	841.968	910.2399999999999	1.0	0.1189	0.1685	0.9785	-7.2391	2.297	-34.4208	0.0	10	1.0	0.0		3458	0	0
1701815658279	t	banquethall_test_cue_cafeteria_right	0.0	1	0	5.3235	769.248	632.64	1.0	4.8416	843.8399999999999	911.8399999999999	1.0	0.1095	0.16	0.981	11.2059	3.2911	-33.3633	0.0	10	1.0	0.0		3458	0	0
1701815658287	t	banquethall_test_cue_cafeteria_right	0.0	1	0	5.3517	775.4399999999999	635.68	1.0	4.8436	847.0079999999999	913.4399999999999	1.0	0.102	0.1539	0.9828	10.764	3.1874	-33.0594	0.0	10	1.0	0.0		3458	0	0
1701815658295	t	banquethall_test_cue_cafeteria_right	0.0	1	0	5.3824	776.736	635.04	1.0	4.8761	850.032	916.48	1.0	0.0973	0.1512	0.9837	17.17	3.5139	-32.6006	0.0	10	1.0	0.0		3458	0	0
1701815658304	t	banquethall_test_cue_cafeteria_right	0.0	1	0	5.2613	777.3119999999999	635.8399999999999	1.0	4.9265	853.92	917.76	1.0	0.0956	0.1452	0.9848	22.7878	3.8779	-32.4634	0.0	10	1.0	0.0		3458	0	0
1701815658313	t	banquethall_test_cue_cafeteria_right	0.0	1	0	5.3057	780.912	636.48	1.0	4.9604	855.5039999999999	920.32	1.0	0.0877	0.1416	0.986	25.8303	4.0991	-32.4934	0.0	10	1.0	0.0		3458	0	0
1701815658321	t	banquethall_test_cue_cafeteria_right	0.0	1	0	5.3252	781.3439999999999	637.6	1.0	4.9248	859.248	922.4	1.0	0.0923	0.1426	0.9854	12.5357	3.3862	-33.3485	0.0	10	1.0	0.0		3458	0	0
1701815658329	t	banquethall_test_cue_cafeteria_right	0.0	1	0	5.1809	782.784	639.2	1.0	4.8995	859.536	923.5200000000001	1.0	0.0966	0.1429	0.985	0.8508	2.7571	-34.0969	0.0	10	1.0	0.0		3458	0	0
1701815658337	t	banquethall_test_cue_cafeteria_right	0.0	1	0	5.3475	783.36	639.68	1.0	5.0347	860.544	925.92	1.0	0.0946	0.1394	0.9857	7.3516	3.11	-33.7067	0.0	10	1.0	0.0		3458	0	0
1701815658346	t	banquethall_test_cue_cafeteria_right	0.0	1	0	5.4189	783.792	640.48	1.0	4.9392	863.1360000000001	926.24	1.0	0.0904	0.1374	0.9864	19.1231	3.679	-32.7653	0.0	10	1.0	0.0		3458	0	0
1701815658354	t	banquethall_test_cue_cafeteria_right	0.0	1	0	5.3597	787.5360000000001	641.12	1.0	4.8896	865.584	925.2800000000001	1.0	0.0817	0.1362	0.9873	23.5654	3.8721	-32.3394	0.0	10	1.0	0.0		3458	0	0
1701815658362	t	banquethall_test_cue_cafeteria_right	0.0	1	0	5.3853	789.552	640.48	1.0	4.9172	867.024	925.44	1.0	0.077	0.1381	0.9874	23.638	3.8636	-32.2985	0.0	10	1.0	0.0		3458	0	0
1701815658371	t	banquethall_test_cue_cafeteria_right	0.0	1	0	5.407	791.568	641.12	1.0	5.0014	871.056	926.56	1.0	0.0695	0.1353	0.9884	29.3966	4.1708	-31.9333	0.0	10	1.0	0.0		3458	0	0
1701815658379	t	banquethall_test_cue_cafeteria_right	0.0	1	0	5.4282	791.8560000000001	641.28	1.0	4.948	874.3679999999999	921.9200000000001	1.0	0.0694	0.1351	0.9884	30.1147	4.2114	-31.8896	0.0	10	1.0	0.0		3458	200	MYKEYWORD 200
