Recording timestamp	type	Scene Name	scene_num	order	djv_reported	PupilDiam_Left	Gaze2d_Left.x	Gaze2d_Left.y	left_eye_openness	PupilDiam_Right	Gaze2d_Right.x	Gaze2d_Right.y	right_eye_openness	gaze_direction_x	gaze_direction_y	gaze_direction_z	gaze_origin_x	gaze_origin_y	gaze_origin_z	gaze_convergence_distance	participant	study_status	scene_familiarity	recall_status	Identifier	Event value	Event message
1701815643857	t	banquethall_test_cue_cafeteria_right	0.0	1	0	7.4146	792.0000000000001	727.2	1.0	7.3386	881.568	1038.56	1.0	0.0249	0.0477	0.9985	30.4063	3.4962	-32.5774	0.0	10	1.0	0.0		3458	100	MYKEYWORD 100
1701815643865	t	banquethall_test_cue_cafeteria_right	0.0	1	0	7.3332	792.576	727.2	1.0	7.3407	884.16	1036.64	1.0	0.0272	0.05	0.9984	30.3716	3.4541	-32.4954	0.0	10	1.0	0.0		3458	0	0
1701815643874	t	banquethall_test_cue_cafeteria_right	0.0	1	0	7.6729	791.424	731.68	1.0	7.3656	878.688	1042.08	1.0	0.0306	0.0417	0.9987	30.3608	3.434	-32.4568	0.0	10	1.0	0.0		3458	0	0
1701815643882	t	banquethall_test_cue_cafeteria_right	0.0	1	0	7.7292	792.144	736.8000000000001	1.0	5.2191	886.464	1106.8799999999999	1.0	0.0282	0.0287	0.9992	30.367	3.4512	-32.5307	0.0	10	1.0	0.0		3458	0	0
1701815643891	t	banquethall_test_cue_cafeteria_right	0.0	1	0	7.6898	796.896	748.32	1.0	6.3331	901.872	1076.48	1.0	0.0156	-0.0039	0.9999	30.3746	3.6334	-33.1862	0.0	10	1.0	0.0		3458	0	0
1701815643899	t	banquethall_test_cue_cafeteria_right	0.0	1	0	6.6079	797.328	782.24	1.0	-1.0	880.5600000000001	1074.4	1.0	0.0258	-0.103	0.9943	30.3522	3.993	-34.3322	0.0	10	1.0	0.0		3458	0	0
1701815643907	t	banquethall_test_cue_cafeteria_right	0.0	1	0	-1.0	795.024	817.76	0.9098	-1.0	868.3199999999999	1124.8	0.6396	-1.0	-1.0	-1.0	-1.0	-1.0	-1.0	0.0	10	1.0	0.0		3458	0	0
1701815643914	t	banquethall_test_cue_cafeteria_right	0.0	1	0	-1.0	815.1840000000001	861.76	0.9098	-1.0	880.992	1258.3999999999999	0.6396	-1.0	-1.0	-1.0	-1.0	-1.0	-1.0	0.0	10	1.0	0.0		3458	0	0
1701815643921	t	banquethall_test_cue_cafeteria_right	0.0	1	0	-1.0	845.7120000000001	905.7600000000001	0.4988	-1.0	-1440.0	-1600.0	0.1097	-1.0	-1.0	-1.0	-1.0	-1.0	-1.0	0.0	10	1.0	0.0		3458	0	0
1701815643929	t	banquethall_test_cue_cafeteria_right	0.0	1	0	-1.0	-1440.0	-1600.0	0.4988	-1.0	-1440.0	-1600.0	0.1097	-1.0	-1.0	-1.0	-1.0	-1.0	-1.0	0.0	10	1.0	0.0		3458	0	0
1701815643938	t	banquethall_test_cue_cafeteria_right	0.0	1	0	-1.0	-1440.0	-1600.0	0.1323	-1.0	-1440.0	-1600.0	0.0	-1.0	-1.0	-1.0	-1.0	-1.0	-1.0	0.0	10	1.0	0.0		3458	0	0
1701815643946	t	banquethall_test_cue_cafeteria_right	0.0	1	0	-1.0	-1440.0	-1600.0	0.1323	-1.0	-1440.0	-1600.0	0.0	-1.0	-1.0	-1.0	-1.0	-1.0	-1.0	0.0	10	1.0	0.0		3458	0	0
1701815643954	t	banquethall_test_cue_cafeteria_right	0.0	1	0	-1.0	-1440.0	-1600.0	0.0	-1.0	-1440.0	-1600.0	0.0	-1.0	-1.0	-1.0	-1.0	-1.0	-1.0	0.0	10	1.0	0.0		3458	0	0
1701815643963	t	banquethall_test_cue_cafeteria_right	0.0	1	0	-1.0	836.208	925.6	0.0	-1.0	-1440.0	-1600.0	0.0	-1.0	-1.0	-1.0	-1.0	-1.0	-1.0	0.0	10	1.0	0.0		3458	0	0
1701815643973	t	banquethall_test_cue_cafeteria_right	0.0	1	0	-1.0	847.152	895.8399999999999	0.0	-1.0	894.6719999999999	1262.4	0.0	-1.0	-1.0	-1.0	-1.0	-1.0	-1.0	0.0	10	1.0	0.0		3458	0	0
1701815643981	t	banquethall_test_cue_cafeteria_right	0.0	1	0	-1.0	836.64	864.48	0.0	-1.0	900.7199999999999	1207.3600000000001	0.0	-1.0	-1.0	-1.0	-1.0	-1.0	-1.0	0.0	10	1.0	0.0		3458	0	0
1701815643990	t	banquethall_test_cue_cafeteria_right	0.0	1	0	-1.0	816.192	866.7199999999999	0.1402	-1.0	890.064	1189.76	0.0	-1.0	-1.0	-1.0	-1.0	-1.0	-1.0	0.0	10	1.0	0.0		3458	0	0
1701815643999	t	banquethall_test_cue_cafeteria_right	0.0	1	0	-1.0	807.264	867.0400000000001	0.1402	-1.0	900.4319999999999	1180.8	0.0	-1.0	-1.0	-1.0	-1.0	-1.0	-1.0	0.0	10	1.0	0.0		3458	0	0
1701815644007	t	banquethall_test_cue_cafeteria_right	0.0	1	0	-1.0	809.136	845.28	0.2671	-1.0	898.848	1187.04	0.0875	-1.0	-1.0	-1.0	-1.0	-1.0	-1.0	0.0	10	1.0	0.0		3458	0	0
1701815644016	t	banquethall_test_cue_cafeteria_right	0.0	1	0	-1.0	807.984	841.76	0.2671	-1.0	907.776	1185.9199999999998	0.0875	-1.0	-1.0	-1.0	-1.0	-1.0	-1.0	0.0	10	1.0	0.0		3458	0	0
1701815644024	t	banquethall_test_cue_cafeteria_right	0.0	1	0	-1.0	806.4000000000001	840.9599999999999	0.4465	-1.0	899.712	1147.2	0.326	-1.0	-1.0	-1.0	-1.0	-1.0	-1.0	0.0	10	1.0	0.0		3458	0	0
1701815644032	t	banquethall_test_cue_cafeteria_right	0.0	1	0	-1.0	800.928	837.4399999999999	0.4465	-1.0	909.792	1151.52	0.326	-1.0	-1.0	-1.0	-1.0	-1.0	-1.0	0.0	10	1.0	0.0		3458	0	0
1701815644041	t	banquethall_test_cue_cafeteria_right	0.0	1	0	-1.0	801.36	828.8000000000001	0.6098	-1.0	910.08	1159.68	0.5281	-1.0	-1.0	-1.0	-1.0	-1.0	-1.0	0.0	10	1.0	0.0		3458	0	0
1701815644049	t	banquethall_test_cue_cafeteria_right	0.0	1	0	7.5052	804.384	826.24	0.6098	6.4384	907.632	1161.9199999999998	0.5281	-0.0036	-0.1452	0.9894	30.3819	3.5253	-34.3221	0.0	10	1.0	0.0		3458	0	0
1701815644058	t	banquethall_test_cue_cafeteria_right	0.0	1	0	7.5635	807.408	827.2	0.7078	6.5854	907.776	1154.72	0.6682	-0.0144	-0.1444	0.9894	29.5304	3.3696	-34.0899	0.0	10	1.0	0.0		3458	0	0
1701815644065	t	banquethall_test_cue_cafeteria_right	0.0	1	0	7.4361	803.6640000000001	836.48	0.7078	6.5549	905.1840000000001	1156.48	0.6682	-0.0013	-0.207	0.9783	-34.3682	-1.519	-33.9248	0.0	10	1.0	0.0		3458	0	0
1701815644074	t	banquethall_test_cue_cafeteria_right	0.0	1	0	7.3985	798.192	825.92	0.7736	6.5869	904.752	1152.64	0.8221	0.0132	-0.1412	0.9899	30.2815	3.4556	-34.1882	0.0	10	1.0	0.0		3458	0	0
1701815644082	t	banquethall_test_cue_cafeteria_right	0.0	1	0	7.7134	803.808	825.6	0.7736	6.6196	904.4639999999999	1148.8	0.8221	-0.0036	-0.1383	0.9904	30.2312	3.4255	-34.1188	0.0	10	1.0	0.0		3458	0	0
1701815644090	t	banquethall_test_cue_cafeteria_right	0.0	1	0	7.6215	805.392	827.52	0.8082	6.6851	909.936	1148.6399999999999	0.8737	-0.008	-0.143	0.9897	30.2466	3.4334	-34.1578	0.0	10	1.0	0.0		3458	0	0
1701815644099	t	banquethall_test_cue_cafeteria_right	0.0	1	0	7.7538	802.08	813.5999999999999	0.8082	6.7562	907.4879999999999	1143.52	0.8737	-0.0011	-0.1083	0.9941	30.1642	3.4294	-34.1579	0.0	10	1.0	0.0		3458	0	0
1701815644107	t	banquethall_test_cue_cafeteria_right	0.0	1	0	7.6356	805.824	822.08	0.8623	6.71	909.2159999999999	1144.0	0.9218	-0.0116	-0.1548	0.9879	-10.4831	0.2912	-33.9925	0.0	10	1.0	0.0		3458	0	0
1701815644115	t	banquethall_test_cue_cafeteria_right	0.0	1	0	7.8482	803.088	819.68	0.8623	6.7586	909.648	1143.52	0.9218	-0.0113	-0.161	0.9869	-23.8992	-0.7421	-33.9366	0.0	10	1.0	0.0		3458	0	0
1701815644124	t	banquethall_test_cue_cafeteria_right	0.0	1	0	7.6228	807.6959999999999	819.9999999999999	0.8914	7.0972	905.904	1127.52	0.9391	-0.0052	-0.1231	0.9924	6.5654	1.6328	-34.1415	0.0	10	1.0	0.0		3458	0	0
1701815644132	t	banquethall_test_cue_cafeteria_right	0.0	1	0	7.5421	800.064	819.2	0.8914	7.2029	905.3280000000001	1129.76	0.9391	0.0089	-0.1185	0.9929	28.8639	3.2388	-33.9278	0.0	10	1.0	0.0		3458	0	0
1701815644140	t	banquethall_test_cue_cafeteria_right	0.0	1	0	7.627	800.208	814.08	0.9215	7.0157	904.608	1129.6	0.9894	0.0092	-0.1057	0.9944	30.0256	3.3253	-33.9075	0.0	10	1.0	0.0		3458	0	0
1701815644149	t	banquethall_test_cue_cafeteria_right	0.0	1	0	7.7744	803.952	811.68	0.9215	6.9844	909.504	1133.1200000000001	0.9894	-0.0001	-0.0995	0.995	30.0162	3.3076	-33.8302	0.0	10	1.0	0.0		3458	0	0
1701815644157	t	banquethall_test_cue_cafeteria_right	0.0	1	0	7.7649	805.104	808.96	1.0	7.1253	908.928	1131.52	1.0	-0.0011	-0.093	0.9957	29.876	3.2867	-33.7734	0.0	10	1.0	0.0		3458	0	0
1701815644165	t	banquethall_test_cue_cafeteria_right	0.0	1	0	7.6558	809.136	808.0	1.0	7.2677	908.2080000000001	1121.28	1.0	-0.0132	-0.0932	0.9956	30.0502	3.3085	-33.7446	0.0	10	1.0	0.0		3458	0	0
1701815644174	t	banquethall_test_cue_cafeteria_right	0.0	1	0	7.6544	808.848	811.8399999999999	1.0	6.968	910.512	1130.24	1.0	-0.0086	-0.1028	0.9947	29.069	3.1721	-33.5199	0.0	10	1.0	0.0		3458	0	0
1701815644182	t	banquethall_test_cue_cafeteria_right	0.0	1	0	7.6177	806.6880000000001	805.12	1.0	7.3828	907.776	1116.16	1.0	0.0002	-0.0894	0.996	27.7987	3.1118	-33.5552	0.0	10	1.0	0.0		3458	0	0
1701815644190	t	banquethall_test_cue_cafeteria_right	0.0	1	0	7.4747	804.8159999999999	811.2	1.0	6.6608	920.0160000000001	1142.3999999999999	1.0	0.0052	-0.1116	0.9937	26.5067	3.0412	-33.577	0.0	10	1.0	0.0		3458	0	0
1701815644199	t	banquethall_test_cue_cafeteria_right	0.0	1	0	7.7207	811.584	805.4399999999999	1.0	7.0474	913.3919999999999	1124.16	1.0	-0.009	-0.1003	0.9949	19.9833	2.6177	-33.7391	0.0	10	1.0	0.0		3458	0	0
1701815644207	t	banquethall_test_cue_cafeteria_right	0.0	1	0	7.9417	815.616	811.68	1.0	6.9125	921.312	1129.92	1.0	-0.0229	-0.1149	0.9931	23.9541	2.904	-33.6624	0.0	10	1.0	0.0		3458	0	0
1701815644215	t	banquethall_test_cue_cafeteria_right	0.0	1	0	7.3915	809.2800000000001	800.16	1.0	6.8764	920.736	1115.68	1.0	-0.0001	-0.0877	0.9961	30.2136	3.4163	-33.718	0.0	10	1.0	0.0		3458	0	0
1701815644223	t	banquethall_test_cue_cafeteria_right	0.0	1	0	7.5598	806.5440000000001	804.48	1.0	7.0619	919.8720000000001	1118.5600000000002	1.0	0.009	-0.0998	0.995	30.2363	3.4348	-33.7259	0.0	10	1.0	0.0		3458	0	0
1701815644232	t	banquethall_test_cue_cafeteria_right	0.0	1	0	7.7341	813.3119999999999	801.2800000000001	1.0	6.8825	924.0480000000001	1122.24	1.0	-0.0101	-0.094	0.9955	30.2301	3.4577	-33.7403	0.0	10	1.0	0.0		3458	0	0
1701815644240	t	banquethall_test_cue_cafeteria_right	0.0	1	0	7.615	815.3280000000001	800.6399999999999	1.0	7.4634	915.2640000000001	1111.68	1.0	-0.0138	-0.095	0.9954	30.2205	3.4698	-33.7306	0.0	10	1.0	0.0		3458	0	0
1701815644248	t	banquethall_test_cue_cafeteria_right	0.0	1	0	7.7343	808.848	803.68	1.0	7.4504	912.96	1111.36	1.0	0.0047	-0.1034	0.9946	30.2162	3.4735	-33.7117	0.0	10	1.0	0.0		3458	0	0
1701815644256	t	banquethall_test_cue_cafeteria_right	0.0	1	0	7.6092	813.168	799.04	1.0	6.728	928.5120000000001	1129.76	1.0	-0.0061	-0.0928	0.9957	30.2071	3.4594	-33.6392	0.0	10	1.0	0.0		3458	0	0
1701815644265	t	banquethall_test_cue_cafeteria_right	0.0	1	0	7.7725	819.3599999999999	816.3199999999999	1.0	7.5153	916.2719999999999	1109.1200000000001	1.0	-0.0234	-0.1358	0.9905	30.2018	3.4894	-33.754	0.0	10	1.0	0.0		3458	0	0
1701815644274	t	banquethall_test_cue_cafeteria_right	0.0	1	0	7.7878	817.056	808.16	1.0	7.429	914.976	1110.88	1.0	-0.0172	-0.116	0.9931	30.202	3.4827	-33.7058	0.0	10	1.0	0.0		3458	0	0
1701815644282	t	banquethall_test_cue_cafeteria_right	0.0	1	0	7.803	814.896	800.0	1.0	7.0603	922.4639999999999	1121.28	1.0	-0.0109	-0.0966	0.9953	30.2018	3.483	-33.6686	0.0	10	1.0	0.0		3458	0	0
1701815644290	t	banquethall_test_cue_cafeteria_right	0.0	1	0	7.7622	816.3359999999999	800.6399999999999	1.0	7.6259	913.8240000000001	1107.1999999999998	1.0	-0.0148	-0.0985	0.995	30.2018	3.4844	-33.672	0.0	10	1.0	0.0		3458	0	0
1701815644299	t	banquethall_test_cue_cafeteria_right	0.0	1	0	7.7258	817.056	800.0	1.0	7.5199	916.4159999999999	1111.2	1.0	-0.0169	-0.097	0.9951	30.2018	3.483	-33.6686	0.0	10	1.0	0.0		3458	0	0
1701815644307	t	banquethall_test_cue_cafeteria_right	0.0	1	0	7.7049	815.904	800.4799999999999	1.0	7.5327	915.84	1114.0800000000002	1.0	-0.0137	-0.0981	0.9951	30.202	3.4808	-33.6631	0.0	10	1.0	0.0		3458	0	0
1701815644315	t	banquethall_test_cue_cafeteria_right	0.0	1	0	7.703	814.896	800.4799999999999	1.0	7.0119	923.76	1122.24	1.0	-0.0105	-0.098	0.9951	30.2021	3.4785	-33.6576	0.0	10	1.0	0.0		3458	0	0
1701815644324	t	banquethall_test_cue_cafeteria_right	0.0	1	0	7.694	814.608	800.16	1.0	7.0564	925.3439999999999	1118.72	1.0	-0.0099	-0.0976	0.9952	30.2026	3.4808	-33.6631	0.0	10	1.0	0.0		3458	0	0
1701815644332	t	banquethall_test_cue_cafeteria_right	0.0	1	0	7.7022	814.4639999999999	800.4799999999999	1.0	7.0225	922.0319999999999	1108.6399999999999	1.0	-0.0094	-0.0983	0.9951	30.2032	3.483	-33.6686	0.0	10	1.0	0.0		3458	0	0
1701815644340	t	banquethall_test_cue_cafeteria_right	0.0	1	0	7.6927	814.4639999999999	800.6399999999999	1.0	7.3362	916.56	1111.84	1.0	-0.0094	-0.0989	0.995	30.2041	3.4844	-33.672	0.0	10	1.0	0.0		3458	0	0
1701815644349	t	banquethall_test_cue_cafeteria_right	0.0	1	0	7.6835	814.4639999999999	800.4799999999999	1.0	7.6993	912.096	1109.44	1.0	-0.0095	-0.0985	0.9951	30.205	3.4857	-33.6755	0.0	10	1.0	0.0		3458	0	0
1701815644357	t	banquethall_test_cue_cafeteria_right	0.0	1	0	7.7147	812.3040000000001	797.12	1.0	7.5141	910.8	1111.36	1.0	-0.0105	-0.0926	0.9956	30.2531	3.5183	-33.7207	0.0	10	1.0	0.0		3458	0	0
1701815644365	t	banquethall_test_cue_cafeteria_right	0.0	1	0	7.8638	811.872	798.88	1.0	7.7281	909.072	1105.76	1.0	-0.0106	-0.0984	0.9951	30.259	3.5308	-33.7277	0.0	10	1.0	0.0		3458	0	0
1701815644374	t	banquethall_test_cue_cafeteria_right	0.0	1	0	7.6714	809.2800000000001	798.4	1.0	7.5116	914.4	1111.2	1.0	-0.0032	-0.0995	0.995	30.2648	3.5397	-33.7185	0.0	10	1.0	0.0		3458	0	0
1701815644382	t	banquethall_test_cue_cafeteria_right	0.0	1	0	7.8968	808.704	799.84	1.0	7.248	915.84	1117.28	1.0	-0.0027	-0.1039	0.9946	30.2676	3.5557	-33.7293	0.0	10	1.0	0.0		3458	0	0
1701815644390	t	banquethall_test_cue_cafeteria_right	0.0	1	0	7.8394	806.976	801.44	1.0	7.5985	913.104	1103.84	1.0	0.0017	-0.1097	0.994	30.2732	3.5732	-33.7609	0.0	10	1.0	0.0		3458	0	0
1701815644399	t	banquethall_test_cue_cafeteria_right	0.0	1	0	7.7834	810.0	798.88	1.0	7.5653	914.544	1109.76	1.0	-0.0068	-0.1042	0.9945	30.2718	3.5785	-33.7564	0.0	10	1.0	0.0		3458	0	0
1701815644407	t	banquethall_test_cue_cafeteria_right	0.0	1	0	7.9618	805.392	803.8399999999999	1.0	7.4015	915.984	1111.04	1.0	0.0052	-0.1171	0.9931	30.2613	3.5842	-33.7561	0.0	10	1.0	0.0		3458	0	0
1701815644415	t	banquethall_test_cue_cafeteria_right	0.0	1	0	7.7675	806.256	800.16	1.0	7.5772	914.544	1109.76	1.0	0.0034	-0.1089	0.994	30.2697	3.5902	-33.7622	0.0	10	1.0	0.0		3458	0	0
1701815644424	t	banquethall_test_cue_cafeteria_right	0.0	1	0	7.8512	807.264	796.48	1.0	7.5955	912.672	1106.8799999999999	1.0	0.0002	-0.0998	0.995	30.2712	3.5955	-33.7678	0.0	10	1.0	0.0		3458	0	0
1701815644432	t	banquethall_test_cue_cafeteria_right	0.0	1	0	7.8359	807.408	796.16	1.0	7.5785	914.544	1109.76	1.0	0.0	-0.0995	0.995	30.2665	3.5966	-33.762	0.0	10	1.0	0.0		3458	0	0
1701815644440	t	banquethall_test_cue_cafeteria_right	0.0	1	0	7.8514	807.5519999999999	795.84	1.0	7.5949	912.672	1106.8799999999999	1.0	-0.0005	-0.0987	0.9951	30.2436	3.5959	-33.7665	0.0	10	1.0	0.0		3458	0	0
1701815644449	t	banquethall_test_cue_cafeteria_right	0.0	1	0	7.8464	807.84	795.6800000000001	1.0	7.5967	911.808	1103.84	1.0	-0.0014	-0.0984	0.9951	30.0586	3.5788	-33.7518	0.0	10	1.0	0.0		3458	0	0
1701815644457	t	banquethall_test_cue_cafeteria_right	0.0	1	0	7.8421	807.5519999999999	795.52	1.0	7.6019	911.376	1104.96	1.0	-0.0014	-0.0974	0.9952	28.0316	3.3871	-33.6474	0.0	10	1.0	0.0		3458	0	0
1701815644465	t	banquethall_test_cue_cafeteria_right	0.0	1	0	7.8466	807.84	795.6800000000001	1.0	7.6072	911.808	1105.92	1.0	-0.0058	-0.0941	0.9955	18.7622	2.5077	-33.1925	0.0	10	1.0	0.0		3458	0	0
1701815644474	t	banquethall_test_cue_cafeteria_right	0.0	1	0	7.8407	808.128	795.84	1.0	7.6286	911.376	1105.6	1.0	-0.0104	-0.0885	0.996	5.7675	1.2743	-32.5587	0.0	10	1.0	0.0		3458	0	0
1701815644482	t	banquethall_test_cue_cafeteria_right	0.0	1	0	7.8338	807.84	796.16	1.0	7.6475	910.8	1105.92	1.0	-0.0109	-0.0869	0.9962	0.2878	0.7552	-32.2931	0.0	10	1.0	0.0		3458	0	0
1701815644490	t	banquethall_test_cue_cafeteria_right	0.0	1	0	7.8399	808.128	796.48	1.0	7.6536	910.512	1105.6	1.0	-0.011	-0.0866	0.9962	0.0341	0.7308	-32.2837	0.0	10	1.0	0.0		3458	0	0
1701815644499	t	banquethall_test_cue_cafeteria_right	0.0	1	0	7.8334	808.128	796.48	1.0	7.6579	910.8	1105.92	1.0	-0.0113	-0.0869	0.9961	-0.0615	0.7221	-32.2806	0.0	10	1.0	0.0		3458	0	0
1701815644507	t	banquethall_test_cue_cafeteria_right	0.0	1	0	7.827	808.128	796.48	1.0	7.6513	911.376	1106.24	1.0	-0.0123	-0.0871	0.9961	-0.5633	0.6742	-32.2545	0.0	10	1.0	0.0		3458	0	0
1701815644515	t	banquethall_test_cue_cafeteria_right	0.0	1	0	7.8335	808.272	796.48	1.0	7.6469	911.2320000000001	1105.92	1.0	-0.0128	-0.0858	0.9962	-2.1266	0.525	-32.1781	0.0	10	1.0	0.0		3458	0	0
1701815644524	t	banquethall_test_cue_cafeteria_right	0.0	1	0	7.8399	808.272	796.48	1.0	7.6602	910.8	1105.4399999999998	1.0	-0.0123	-0.0847	0.9963	-2.3705	0.4982	-32.1658	0.0	10	1.0	0.0		3458	0	0
1701815644532	t	banquethall_test_cue_cafeteria_right	0.0	1	0	7.8272	808.272	796.48	1.0	7.6778	910.224	1105.28	1.0	-0.0114	-0.0845	0.9964	-2.2598	0.5078	-32.166	0.0	10	1.0	0.0		3458	0	0
1701815644540	t	banquethall_test_cue_cafeteria_right	0.0	1	0	7.8412	808.272	795.84	1.0	7.6827	910.224	1105.28	1.0	-0.0114	-0.0838	0.9964	-2.0515	0.5259	-32.1711	0.0	10	1.0	0.0		3458	0	0
1701815644549	t	banquethall_test_cue_cafeteria_right	0.0	1	0	7.8418	808.56	795.6800000000001	1.0	7.6854	910.512	1105.28	1.0	-0.0117	-0.0835	0.9964	-1.9313	0.5365	-32.1768	0.0	10	1.0	0.0		3458	0	0
1701815644557	t	banquethall_test_cue_cafeteria_right	0.0	1	0	7.8416	808.704	795.6800000000001	1.0	7.6532	911.52	1104.64	1.0	-0.0105	-0.087	0.9961	8.5784	1.502	-32.6009	0.0	10	1.0	0.0		3458	0	0
1701815644565	t	banquethall_test_cue_cafeteria_right	0.0	1	0	7.8723	807.84	794.4	1.0	7.7407	910.512	1099.52	1.0	-0.0029	-0.0881	0.9961	17.0898	2.3341	-33.0259	0.0	10	1.0	0.0		3458	0	0
1701815644574	t	banquethall_test_cue_cafeteria_right	0.0	1	0	7.9355	808.56	795.36	1.0	7.732	909.3599999999999	1098.08	1.0	-0.0027	-0.093	0.9957	19.7461	2.6035	-33.1645	0.0	10	1.0	0.0		3458	0	0
1701815644582	t	banquethall_test_cue_cafeteria_right	0.0	1	0	7.882	807.264	791.52	1.0	7.7652	910.224	1099.3600000000001	1.0	0.0004	-0.0869	0.9962	18.5306	2.5125	-33.135	0.0	10	1.0	0.0		3458	0	0
1701815644590	t	banquethall_test_cue_cafeteria_right	0.0	1	0	7.8882	810.4319999999999	789.76	1.0	7.7241	911.808	1101.6	1.0	-0.0069	-0.0869	0.9962	20.0342	2.6805	-33.2495	0.0	10	1.0	0.0		3458	0	0
1701815644599	t	banquethall_test_cue_cafeteria_right	0.0	1	0	7.8755	808.56	791.6800000000001	1.0	7.7731	912.3840000000001	1100.48	1.0	-0.0017	-0.0923	0.9957	21.7831	2.858	-33.3549	0.0	10	1.0	0.0		3458	0	0
1701815644607	t	banquethall_test_cue_cafeteria_right	0.0	1	0	7.9051	809.5680000000001	790.88	1.0	7.7849	911.808	1100.48	1.0	-0.0029	-0.0917	0.9958	23.6849	3.0386	-33.4363	0.0	10	1.0	0.0		3458	0	0
1701815644615	t	banquethall_test_cue_cafeteria_right	0.0	1	0	7.8934	808.848	791.6800000000001	1.0	7.7547	911.664	1100.16	1.0	-0.0002	-0.0951	0.9955	25.7279	3.231	-33.5196	0.0	10	1.0	0.0		3458	0	0
1701815644624	t	banquethall_test_cue_cafeteria_right	0.0	1	0	7.884	809.5680000000001	791.84	1.0	7.7849	911.664	1100.48	1.0	-0.0017	-0.0968	0.9953	27.4352	3.3908	-33.587	0.0	10	1.0	0.0		3458	0	0
1701815644632	t	banquethall_test_cue_cafeteria_right	0.0	1	0	7.8736	810.4319999999999	792.0	1.0	7.8004	911.664	1100.6399999999999	1.0	-0.0035	-0.0978	0.9952	28.2915	3.4732	-33.6317	0.0	10	1.0	0.0		3458	0	0
1701815644640	t	banquethall_test_cue_cafeteria_right	0.0	1	0	7.8742	810.0	791.84	1.0	7.7843	911.808	1100.48	1.0	-0.0032	-0.0957	0.9954	25.2692	3.1866	-33.4869	0.0	10	1.0	0.0		3458	0	0
1701815644649	t	banquethall_test_cue_cafeteria_right	0.0	1	0	7.8746	810.4319999999999	792.0	1.0	7.8239	911.664	1100.16	1.0	-0.0045	-0.093	0.9957	19.2588	2.6327	-33.2415	0.0	10	1.0	0.0		3458	0	0
1701815644658	t	banquethall_test_cue_cafeteria_right	0.0	1	0	7.883	810.5759999999999	792.16	1.0	7.7073	914.544	1099.04	1.0	-0.0089	-0.088	0.9961	11.7572	1.9275	-32.9022	0.0	10	1.0	0.0		3458	0	0
1701815644665	t	banquethall_test_cue_cafeteria_right	0.0	1	0	7.8824	810.864	792.0	1.0	7.7503	912.528	1098.8799999999999	1.0	-0.0068	-0.0888	0.996	13.6181	2.1009	-32.9825	0.0	10	1.0	0.0		3458	0	0
1701815644674	t	banquethall_test_cue_cafeteria_right	0.0	1	0	7.8873	811.008	791.84	1.0	7.7082	914.544	1099.04	1.0	-0.0085	-0.0892	0.996	14.658	2.1975	-33.0269	0.0	10	1.0	0.0		3458	0	0
1701815644682	t	banquethall_test_cue_cafeteria_right	0.0	1	0	7.8911	811.296	792.0	1.0	7.7461	914.1120000000001	1100.8	1.0	-0.0086	-0.0901	0.9959	13.9145	2.125	-32.9871	0.0	10	1.0	0.0		3458	0	0
1701815644690	t	banquethall_test_cue_cafeteria_right	0.0	1	0	7.8876	811.44	792.16	1.0	7.794	913.8240000000001	1099.84	1.0	-0.0089	-0.0875	0.9961	11.8506	1.9234	-32.8868	0.0	10	1.0	0.0		3458	0	0
1701815644699	t	banquethall_test_cue_cafeteria_right	0.0	1	0	7.8929	811.728	792.0	1.0	7.7991	912.2399999999999	1099.52	1.0	-0.0079	-0.0854	0.9963	10.5082	1.7889	-32.8175	0.0	10	1.0	0.0		3458	0	0
1701815644707	t	banquethall_test_cue_cafeteria_right	0.0	1	0	7.8894	811.44	792.16	1.0	7.8003	910.656	1099.04	1.0	-0.0061	-0.0839	0.9964	8.1006	1.565	-32.7156	0.0	10	1.0	0.0		3458	0	0
1701815644715	t	banquethall_test_cue_cafeteria_right	0.0	1	0	7.8942	811.584	792.0	1.0	7.7994	911.0880000000001	1098.8799999999999	1.0	-0.0072	-0.0815	0.9966	5.4645	1.3164	-32.6002	0.0	10	1.0	0.0		3458	0	0
1701815644724	t	banquethall_test_cue_cafeteria_right	0.0	1	0	7.9116	811.728	792.0	1.0	7.7999	911.52	1099.04	1.0	-0.0085	-0.0799	0.9967	3.0665	1.0909	-32.4983	0.0	10	1.0	0.0		3458	0	0
1701815644732	t	banquethall_test_cue_cafeteria_right	0.0	1	0	7.8952	812.016	792.0	1.0	7.8085	911.0880000000001	1099.3600000000001	1.0	-0.0089	-0.0783	0.9969	0.2766	0.8264	-32.3732	0.0	10	1.0	0.0		3458	0	0
1701815644740	t	banquethall_test_cue_cafeteria_right	0.0	1	0	7.911	812.592	792.0	1.0	7.8186	910.656	1099.04	1.0	-0.009	-0.0773	0.997	-0.5238	0.7494	-32.3341	0.0	10	1.0	0.0		3458	0	0
1701815644749	t	banquethall_test_cue_cafeteria_right	0.0	1	0	7.9149	812.016	792.16	1.0	7.8119	911.0880000000001	1098.8799999999999	1.0	-0.0092	-0.0764	0.997	-1.3746	0.667	-32.2898	0.0	10	1.0	0.0		3458	0	0
1701815644757	t	banquethall_test_cue_cafeteria_right	0.0	1	0	7.9204	812.016	792.16	1.0	7.8224	910.656	1098.56	1.0	-0.0082	-0.0754	0.9971	-1.8493	0.6196	-32.266	0.0	10	1.0	0.0		3458	0	0
1701815644765	t	banquethall_test_cue_cafeteria_right	0.0	1	0	7.92	812.592	792.16	1.0	7.8132	911.0880000000001	1098.8799999999999	1.0	-0.0098	-0.0763	0.997	-1.6843	0.6345	-32.2606	0.0	10	1.0	0.0		3458	0	0
1701815644774	t	banquethall_test_cue_cafeteria_right	0.0	1	0	7.9149	812.736	791.84	1.0	7.8053	911.376	1098.56	1.0	-0.0105	-0.0754	0.9971	-1.9991	0.6053	-32.2501	0.0	10	1.0	0.0		3458	0	0
1701815644782	t	banquethall_test_cue_cafeteria_right	0.0	1	0	7.8971	814.032	788.0	1.0	7.8056	911.376	1098.56	1.0	-0.012	-0.0713	0.9974	-3.3226	0.489	-32.1788	0.0	10	1.0	0.0		3458	0	0
1701815644790	t	banquethall_test_cue_cafeteria_right	0.0	1	0	7.864	813.888	790.88	1.0	7.8054	911.52	1098.56	1.0	-0.0119	-0.0767	0.997	-1.9452	0.6251	-32.2395	0.0	10	1.0	0.0		3458	0	0
1701815644799	t	banquethall_test_cue_cafeteria_right	0.0	1	0	7.9192	815.904	784.9599999999999	1.0	7.8084	911.52	1097.76	1.0	-0.0145	-0.0676	0.9976	-3.8994	0.4457	-32.152	0.0	10	1.0	0.0		3458	0	0
1701815644807	t	banquethall_test_cue_cafeteria_right	0.0	1	0	7.9224	813.4559999999999	790.08	1.0	7.8183	911.52	1097.76	1.0	-0.0108	-0.0731	0.9973	-5.6578	0.2827	-32.0672	0.0	10	1.0	0.0		3458	0	0
1701815644815	t	banquethall_test_cue_cafeteria_right	0.0	1	0	7.8994	814.032	789.6	1.0	7.7924	912.2399999999999	1097.6000000000001	1.0	-0.0124	-0.0718	0.9973	-6.9136	0.1653	-32.0107	0.0	10	1.0	0.0		3458	0	0
1701815644824	t	banquethall_test_cue_cafeteria_right	0.0	1	0	7.9256	814.752	789.12	1.0	7.791	912.2399999999999	1097.6000000000001	1.0	-0.0127	-0.0707	0.9974	-8.744	-0.0037	-31.9262	0.0	10	1.0	0.0		3458	0	0
1701815644832	t	banquethall_test_cue_cafeteria_right	0.0	1	0	7.8528	817.632	789.28	1.0	7.9096	910.512	1093.92	1.0	-0.0066	-0.066	0.9978	-11.5863	-0.2328	-31.8361	0.0	10	1.0	0.0		3458	0	0
1701815644840	t	banquethall_test_cue_cafeteria_right	0.0	1	0	7.9933	816.768	784.64	1.0	7.8634	911.952	1093.76	1.0	-0.0081	-0.0629	0.998	-10.4328	-0.1105	-31.9086	0.0	10	1.0	0.0		3458	0	0
1701815644849	t	banquethall_test_cue_cafeteria_right	0.0	1	0	7.9871	817.2	787.5200000000001	1.0	7.9237	912.672	1092.0	1.0	-0.0093	-0.0648	0.9978	-8.2377	0.0959	-31.9865	0.0	10	1.0	0.0		3458	0	0
1701815644857	t	banquethall_test_cue_cafeteria_right	0.0	1	0	7.9881	817.3439999999999	786.4	1.0	7.9469	914.4	1089.6000000000001	1.0	-0.0124	-0.0597	0.9981	-8.9688	0.0244	-31.9235	0.0	10	1.0	0.0		3458	0	0
1701815644865	t	banquethall_test_cue_cafeteria_right	0.0	1	0	7.9776	817.4879999999999	786.88	1.0	7.9256	913.536	1090.72	1.0	-0.0106	-0.0603	0.9981	-11.7119	-0.2362	-31.7883	0.0	10	1.0	0.0		3458	0	0
1701815644874	t	banquethall_test_cue_cafeteria_right	0.0	1	0	7.969	817.632	786.4	1.0	7.9098	912.528	1090.4	1.0	-0.009	-0.0616	0.998	-9.357	-0.0266	-31.851	0.0	10	1.0	0.0		3458	0	0
1701815644882	t	banquethall_test_cue_cafeteria_right	0.0	1	0	7.9514	818.0640000000001	786.56	1.0	7.899	911.952	1091.04	1.0	-0.009	-0.0672	0.9977	-4.056	0.4662	-32.0621	0.0	10	1.0	0.0		3458	0	0
1701815644890	t	banquethall_test_cue_cafeteria_right	0.0	1	0	7.938	817.632	786.4	1.0	7.8928	911.376	1090.4	1.0	-0.0078	-0.0706	0.9975	1.5532	0.9873	-32.2854	0.0	10	1.0	0.0		3458	0	0
1701815644898	t	banquethall_test_cue_cafeteria_right	0.0	1	0	7.9545	817.4879999999999	785.9200000000001	1.0	7.884	911.376	1090.4	1.0	-0.0078	-0.0718	0.9974	4.6428	1.2775	-32.4295	0.0	10	1.0	0.0		3458	0	0
1701815644907	t	banquethall_test_cue_cafeteria_right	0.0	1	0	7.9399	817.3439999999999	785.6	1.0	7.8661	911.808	1091.04	1.0	-0.0087	-0.0794	0.9968	13.5708	2.1306	-32.8456	0.0	10	1.0	0.0		3458	0	0
1701815644915	t	banquethall_test_cue_cafeteria_right	0.0	1	0	7.9393	817.4879999999999	785.12	1.0	7.8628	911.952	1090.8799999999999	1.0	-0.0097	-0.082	0.9966	19.3947	2.6595	-33.0549	0.0	10	1.0	0.0		3458	0	0
1701815644923	t	banquethall_test_cue_cafeteria_right	0.0	1	0	7.9391	817.3439999999999	784.64	1.0	7.6357	916.4159999999999	1093.28	1.0	-0.0112	-0.0844	0.9964	23.6148	3.0457	-33.2162	0.0	10	1.0	0.0		3458	0	0
1701815644932	t	banquethall_test_cue_cafeteria_right	0.0	1	0	7.9374	817.4879999999999	785.12	1.0	7.7883	909.792	1082.4	1.0	-0.0099	-0.0873	0.9961	28.256	3.4758	-33.3972	0.0	10	1.0	0.0		3458	0	0
1701815644940	t	banquethall_test_cue_cafeteria_right	0.0	1	0	7.8618	817.056	778.08	1.0	7.8328	909.2159999999999	1084.96	1.0	-0.007	-0.0747	0.9972	29.6753	3.6827	-33.643	0.0	10	1.0	0.0		3458	0	0
1701815644948	t	banquethall_test_cue_cafeteria_right	0.0	1	0	7.838	817.92	779.84	1.0	7.7685	911.808	1091.68	1.0	-0.0094	-0.0807	0.9967	30.1322	3.7286	-33.6497	0.0	10	1.0	0.0		3458	0	0
1701815644957	t	banquethall_test_cue_cafeteria_right	0.0	1	0	7.9631	819.072	779.84	1.0	7.5187	912.96	1085.76	1.0	-0.0107	-0.0804	0.9967	30.1146	3.7172	-33.6023	0.0	10	1.0	0.0		3458	0	0
1701815644965	t	banquethall_test_cue_cafeteria_right	0.0	1	0	8.0162	821.808	785.12	1.0	6.7463	922.8960000000001	1115.1999999999998	1.0	-0.0173	-0.098	0.995	30.1131	3.8348	-33.9324	0.0	10	1.0	0.0		3458	0	0
1701815644973	t	banquethall_test_cue_cafeteria_right	0.0	1	0	-1.0	823.536	790.4	0.9899	6.4209	927.648	1144.8	0.8905	-0.0583	-0.2451	0.9677	-34.5301	-1.7207	-31.822	0.0	10	1.0	0.0		3458	0	0
1701815644982	t	banquethall_test_cue_cafeteria_right	0.0	1	0	-1.0	828.72	800.4799999999999	0.9899	-1.0	910.224	1137.6	0.8905	-1.0	-1.0	-1.0	-1.0	-1.0	-1.0	0.0	10	1.0	0.0		3458	0	0
1701815644989	t	banquethall_test_cue_cafeteria_right	0.0	1	0	-1.0	828.1439999999999	852.6400000000001	0.7735	-1.0	914.2560000000001	1204.0	0.6137	-1.0	-1.0	-1.0	-1.0	-1.0	-1.0	0.0	10	1.0	0.0		3458	0	0
1701815644996	t	banquethall_test_cue_cafeteria_right	0.0	1	0	-1.0	845.424	879.52	0.7735	-1.0	931.1039999999999	1294.08	0.6137	-1.0	-1.0	-1.0	-1.0	-1.0	-1.0	0.0	10	1.0	0.0		3458	0	0
1701815645005	t	banquethall_test_cue_cafeteria_right	0.0	1	0	-1.0	859.104	860.16	0.3479	-1.0	-1440.0	-1600.0	0.0	-1.0	-1.0	-1.0	-1.0	-1.0	-1.0	0.0	10	1.0	0.0		3458	0	0
1701815645013	t	banquethall_test_cue_cafeteria_right	0.0	1	0	-1.0	854.4960000000001	854.4000000000001	0.3479	-1.0	-1440.0	-1600.0	0.0	-1.0	-1.0	-1.0	-1.0	-1.0	-1.0	0.0	10	1.0	0.0		3458	0	0
1701815645021	t	banquethall_test_cue_cafeteria_right	0.0	1	0	-1.0	829.008	854.88	0.1994	-1.0	-1440.0	-1600.0	0.0	-1.0	-1.0	-1.0	-1.0	-1.0	-1.0	0.0	10	1.0	0.0		3458	0	0
1701815645030	t	banquethall_test_cue_cafeteria_right	0.0	1	0	-1.0	801.36	811.68	0.1994	-1.0	-1440.0	-1600.0	0.0	-1.0	-1.0	-1.0	-1.0	-1.0	-1.0	0.0	10	1.0	0.0		3458	0	0
1701815645040	t	banquethall_test_cue_cafeteria_right	0.0	1	0	-1.0	795.6	797.44	0.1957	-1.0	899.4240000000001	1121.92	0.0	-1.0	-1.0	-1.0	-1.0	-1.0	-1.0	0.0	10	1.0	0.0		3458	0	0
1701815645049	t	banquethall_test_cue_cafeteria_right	0.0	1	0	-1.0	794.8800000000001	790.56	0.1957	-1.0	905.04	1110.24	0.0	-1.0	-1.0	-1.0	-1.0	-1.0	-1.0	0.0	10	1.0	0.0		3458	0	0
1701815645057	t	banquethall_test_cue_cafeteria_right	0.0	1	0	-1.0	793.7280000000001	781.9200000000001	0.3601	-1.0	915.552	1107.04	0.1163	-1.0	-1.0	-1.0	-1.0	-1.0	-1.0	0.0	10	1.0	0.0		3458	0	0
1701815645065	t	banquethall_test_cue_cafeteria_right	0.0	1	0	-1.0	804.384	763.52	0.3601	-1.0	921.1680000000001	1107.68	0.1163	-1.0	-1.0	-1.0	-1.0	-1.0	-1.0	0.0	10	1.0	0.0		3458	0	0
1701815645073	t	banquethall_test_cue_cafeteria_right	0.0	1	0	-1.0	800.064	764.32	0.5333	-1.0	910.8	1107.1999999999998	0.3744	-1.0	-1.0	-1.0	-1.0	-1.0	-1.0	0.0	10	1.0	0.0		3458	0	0
1701815645082	t	banquethall_test_cue_cafeteria_right	0.0	1	0	-1.0	804.384	767.84	0.5333	-1.0	908.2080000000001	1094.08	0.3744	-1.0	-1.0	-1.0	-1.0	-1.0	-1.0	0.0	10	1.0	0.0		3458	0	0
1701815645090	t	banquethall_test_cue_cafeteria_right	0.0	1	0	-1.0	802.944	767.52	0.6926	-1.0	892.944	1083.3600000000001	0.6396	-1.0	-1.0	-1.0	-1.0	-1.0	-1.0	0.0	10	1.0	0.0		3458	0	0
1701815645099	t	banquethall_test_cue_cafeteria_right	0.0	1	0	8.0253	803.808	763.84	0.6926	7.2292	892.6560000000001	1081.76	0.6396	0.0067	-0.0723	0.9974	30.2875	3.8539	-33.2399	0.0	10	1.0	0.0		3458	0	0
1701815645107	t	banquethall_test_cue_cafeteria_right	0.0	1	0	8.0143	804.528	763.36	0.7937	7.448	891.36	1082.24	0.7751	0.0045	-0.0694	0.9976	30.2916	3.8771	-33.3766	0.0	10	1.0	0.0		3458	0	0
1701815645115	t	banquethall_test_cue_cafeteria_right	0.0	1	0	7.8082	806.112	769.76	0.7937	7.4849	894.96	1084.0	0.7751	0.0035	-0.085	0.9964	30.2673	3.8111	-33.1592	0.0	10	1.0	0.0		3458	0	0
1701815645123	t	banquethall_test_cue_cafeteria_right	0.0	1	0	7.9223	803.5200000000001	770.88	0.8524	7.5639	891.6479999999999	1070.24	0.8633	0.0101	-0.087	0.9961	30.2688	3.8028	-33.1457	0.0	10	1.0	0.0		3458	0	0
1701815645131	t	banquethall_test_cue_cafeteria_right	0.0	1	0	7.9369	803.808	769.9200000000001	0.8524	7.5835	896.4000000000001	1084.32	0.8633	0.009	-0.0828	0.9965	30.2714	3.8046	-33.1936	0.0	10	1.0	0.0		3458	0	0
1701815645140	t	banquethall_test_cue_cafeteria_right	0.0	1	0	7.9703	802.368	767.84	0.9081	7.6522	894.096	1077.1200000000001	0.9125	0.0145	-0.077	0.9969	30.2639	3.8188	-33.2544	0.0	10	1.0	0.0		3458	0	0
1701815645148	t	banquethall_test_cue_cafeteria_right	0.0	1	0	7.9451	803.952	768.64	0.9081	7.6997	894.096	1078.4	0.9125	0.0097	-0.0789	0.9968	30.2643	3.8087	-33.2209	0.0	10	1.0	0.0		3458	0	0
1701815645156	t	banquethall_test_cue_cafeteria_right	0.0	1	0	7.9845	802.6560000000001	769.6	0.9512	7.6495	893.232	1074.4	0.9441	0.014	-0.0805	0.9967	30.2627	3.8071	-33.2362	0.0	10	1.0	0.0		3458	0	0
1701815645165	t	banquethall_test_cue_cafeteria_right	0.0	1	0	7.9061	802.6560000000001	768.8	0.9512	7.647	900.864	1078.56	0.9441	0.0137	-0.0797	0.9967	30.2644	3.8	-33.1831	0.0	10	1.0	0.0		3458	0	0
1701815645173	t	banquethall_test_cue_cafeteria_right	0.0	1	0	8.0327	803.952	765.76	0.9562	7.7595	902.4480000000001	1080.48	0.9599	0.0107	-0.0719	0.9973	30.2571	3.8159	-33.2332	0.0	10	1.0	0.0		3458	0	0
1701815645181	t	banquethall_test_cue_cafeteria_right	0.0	1	0	7.8868	803.088	767.52	0.9562	7.4334	901.728	1073.44	0.9599	0.0142	-0.0778	0.9969	30.256	3.8324	-33.2719	0.0	10	1.0	0.0		3458	0	0
1701815645190	t	banquethall_test_cue_cafeteria_right	0.0	1	0	7.9062	806.4000000000001	764.8	0.9696	7.5221	900.4319999999999	1071.6799999999998	0.9814	0.0049	-0.0715	0.9974	30.2524	3.8379	-33.2804	0.0	10	1.0	0.0		3458	0	0
1701815645198	t	banquethall_test_cue_cafeteria_right	0.0	1	0	7.9393	806.112	764.64	0.9696	7.6161	902.88	1077.6	0.9814	0.0061	-0.0715	0.9974	30.251	3.8403	-33.2775	0.0	10	1.0	0.0		3458	0	0
1701815645206	t	banquethall_test_cue_cafeteria_right	0.0	1	0	7.9594	805.68	764.64	0.9917	7.6357	897.84	1063.6799999999998	0.9775	0.0072	-0.0709	0.9975	30.2497	3.8379	-33.2746	0.0	10	1.0	0.0		3458	0	0
1701815645215	t	banquethall_test_cue_cafeteria_right	0.0	1	0	7.9339	805.5360000000001	766.4	0.9917	7.7664	900.0	1075.52	0.9775	0.0092	-0.0753	0.9971	30.2381	3.8335	-33.2639	0.0	10	1.0	0.0		3458	0	0
1701815645223	t	banquethall_test_cue_cafeteria_right	0.0	1	0	7.8017	806.5440000000001	770.56	1.0	7.8493	901.152	1065.44	1.0	0.0072	-0.0865	0.9962	30.2372	3.8435	-33.2986	0.0	10	1.0	0.0		3458	0	0
1701815645231	t	banquethall_test_cue_cafeteria_right	0.0	1	0	7.8908	807.5519999999999	766.4	1.0	7.7836	904.608	1069.44	1.0	0.0042	-0.0757	0.9971	30.2369	3.8471	-33.3156	0.0	10	1.0	0.0		3458	0	0
1701815645240	t	banquethall_test_cue_cafeteria_right	0.0	1	0	7.9533	807.6959999999999	764.8	1.0	7.878	902.016	1064.6399999999999	1.0	0.0033	-0.0711	0.9975	30.2366	3.8435	-33.2997	0.0	10	1.0	0.0		3458	0	0
1701815645248	t	banquethall_test_cue_cafeteria_right	0.0	1	0	7.9269	807.12	766.08	1.0	7.7747	903.024	1065.92	1.0	0.0054	-0.0743	0.9972	30.2348	3.8427	-33.3035	0.0	10	1.0	0.0		3458	0	0
1701815645256	t	banquethall_test_cue_cafeteria_right	0.0	1	0	7.9309	807.6959999999999	766.08	1.0	7.7488	902.736	1070.56	1.0	0.0039	-0.0745	0.9972	30.233	3.8435	-33.3073	0.0	10	1.0	0.0		3458	0	0
1701815645265	t	banquethall_test_cue_cafeteria_right	0.0	1	0	7.9425	807.12	765.4399999999999	1.0	7.7112	905.904	1072.8	1.0	0.0056	-0.0721	0.9974	30.2334	3.8426	-33.3179	0.0	10	1.0	0.0		3458	0	0
1701815645273	t	banquethall_test_cue_cafeteria_right	0.0	1	0	7.95	807.6959999999999	766.08	1.0	7.765	904.608	1065.76	1.0	0.004	-0.0737	0.9973	30.232	3.8416	-33.3219	0.0	10	1.0	0.0		3458	0	0
1701815645281	t	banquethall_test_cue_cafeteria_right	0.0	1	0	7.9417	807.6959999999999	765.6	1.0	7.6495	907.4879999999999	1079.36	1.0	0.0038	-0.0726	0.9973	30.2335	3.8412	-33.3146	0.0	10	1.0	0.0		3458	0	0
1701815645290	t	banquethall_test_cue_cafeteria_right	0.0	1	0	7.9508	807.6959999999999	766.08	1.0	7.7137	906.192	1076.48	1.0	0.0036	-0.0733	0.9973	24.8115	3.3819	-33.1956	0.0	10	1.0	0.0		3458	0	0
1701815645299	t	banquethall_test_cue_cafeteria_right	0.0	1	0	7.9406	807.12	766.72	1.0	7.7541	904.896	1076.32	1.0	0.0058	-0.0739	0.9972	20.0928	2.9859	-33.1068	0.0	10	1.0	0.0		3458	0	0
1701815645307	t	banquethall_test_cue_cafeteria_right	0.0	1	0	7.9311	807.6959999999999	766.24	1.0	7.8508	900.7199999999999	1075.84	1.0	0.0069	-0.0728	0.9973	19.8877	2.9695	-33.1033	0.0	10	1.0	0.0		3458	0	0
1701815645316	t	banquethall_test_cue_cafeteria_right	0.0	1	0	7.9343	807.12	766.88	1.0	8.0001	898.56	1072.16	1.0	0.0093	-0.0715	0.9974	19.4654	2.926	-33.0805	0.0	10	1.0	0.0		3458	0	0
1701815645323	t	banquethall_test_cue_cafeteria_right	0.0	1	0	7.9332	806.6880000000001	766.24	1.0	7.7948	902.016	1069.6	1.0	0.0076	-0.0696	0.9975	21.1736	3.0717	-33.1305	0.0	10	1.0	0.0		3458	0	0
1701815645332	t	banquethall_test_cue_cafeteria_right	0.0	1	0	7.9202	806.6880000000001	766.88	1.0	7.7346	903.3119999999999	1075.3600000000001	1.0	0.0072	-0.0719	0.9974	19.4681	2.9168	-33.081	0.0	10	1.0	0.0		3458	0	0
1701815645340	t	banquethall_test_cue_cafeteria_right	0.0	1	0	7.9069	806.5440000000001	767.36	1.0	7.7972	903.024	1072.8	1.0	0.0073	-0.0713	0.9974	20.5512	2.9977	-33.0873	0.0	10	1.0	0.0		3458	0	0
1701815645348	t	banquethall_test_cue_cafeteria_right	0.0	1	0	7.9088	806.4000000000001	767.1999999999999	1.0	7.8557	900.864	1071.2	1.0	0.0101	-0.0667	0.9977	11.9979	2.2752	-32.9168	0.0	10	1.0	0.0		3458	0	0
1701815645357	t	banquethall_test_cue_cafeteria_right	0.0	1	0	7.9072	806.256	767.1999999999999	1.0	7.7451	901.584	1069.9199999999998	1.0	0.0099	-0.0654	0.9978	10.1897	2.1353	-32.9147	0.0	10	1.0	0.0		3458	0	0
1701815645365	t	banquethall_test_cue_cafeteria_right	0.0	1	0	7.9059	806.256	767.1999999999999	1.0	7.8461	900.864	1068.64	1.0	0.0105	-0.0659	0.9978	13.0934	2.3911	-33.0006	0.0	10	1.0	0.0		3458	0	0
1701815645373	t	banquethall_test_cue_cafeteria_right	0.0	1	0	7.9081	806.256	766.24	1.0	7.5647	903.024	1071.8400000000001	1.0	0.0081	-0.0689	0.9976	17.6112	2.7779	-33.0995	0.0	10	1.0	0.0		3458	0	0
1701815645382	t	banquethall_test_cue_cafeteria_right	0.0	1	0	7.8998	806.256	766.24	1.0	7.7333	902.16	1071.04	1.0	0.0083	-0.0708	0.9975	24.786	3.3753	-33.2201	0.0	10	1.0	0.0		3458	0	0
1701815645390	t	banquethall_test_cue_cafeteria_right	0.0	1	0	7.8919	806.256	766.24	1.0	7.6671	907.4879999999999	1071.36	1.0	0.007	-0.0714	0.9974	26.5878	3.5134	-33.215	0.0	10	1.0	0.0		3458	0	0
1701815645398	t	banquethall_test_cue_cafeteria_right	0.0	1	0	7.8873	805.968	766.24	1.0	7.9553	900.7199999999999	1063.36	1.0	0.0087	-0.0715	0.9974	28.1075	3.6409	-33.2341	0.0	10	1.0	0.0		3458	0	0
1701815645407	t	banquethall_test_cue_cafeteria_right	0.0	1	0	7.8934	805.968	766.24	1.0	7.7939	902.016	1073.28	1.0	0.0085	-0.0722	0.9973	28.2513	3.6515	-33.2378	0.0	10	1.0	0.0		3458	0	0
1701815645415	t	banquethall_test_cue_cafeteria_right	0.0	1	0	7.8933	805.824	766.08	1.0	7.8835	903.5999999999999	1066.8799999999999	1.0	0.0088	-0.0719	0.9974	28.7111	3.6939	-33.2463	0.0	10	1.0	0.0		3458	0	0
1701815645424	t	banquethall_test_cue_cafeteria_right	0.0	1	0	7.8882	805.824	766.08	1.0	7.6967	907.2	1070.4	1.0	0.0085	-0.0721	0.9974	28.7376	3.6962	-33.2468	0.0	10	1.0	0.0		3458	0	0
1701815645432	t	banquethall_test_cue_cafeteria_right	0.0	1	0	7.8882	805.824	766.08	1.0	7.9307	901.584	1063.04	1.0	0.009	-0.0717	0.9974	29.0382	3.7234	-33.2587	0.0	10	1.0	0.0		3458	0	0
1701815645440	t	banquethall_test_cue_cafeteria_right	0.0	1	0	7.8891	805.824	765.12	1.0	7.8438	902.4480000000001	1068.1599999999999	1.0	0.0092	-0.0701	0.9975	29.6658	3.7758	-33.2657	0.0	10	1.0	0.0		3458	0	0
1701815645449	t	banquethall_test_cue_cafeteria_right	0.0	1	0	7.8947	805.824	763.04	1.0	7.8786	900.864	1058.88	1.0	0.0099	-0.0658	0.9978	29.7685	3.7845	-33.2386	0.0	10	1.0	0.0		3458	0	0
1701815645457	t	banquethall_test_cue_cafeteria_right	0.0	1	0	7.8955	806.256	762.88	1.0	7.696	907.2	1072.16	1.0	0.0091	-0.0663	0.9978	29.8464	3.7915	-33.2142	0.0	10	1.0	0.0		3458	0	0
1701815645465	t	banquethall_test_cue_cafeteria_right	0.0	1	0	7.8928	806.4000000000001	762.88	1.0	7.7805	901.008	1061.44	1.0	0.01	-0.0674	0.9977	30.0248	3.8069	-33.1852	0.0	10	1.0	0.0		3458	0	0
1701815645473	t	banquethall_test_cue_cafeteria_right	0.0	1	0	7.8821	806.832	762.88	1.0	7.6477	911.0880000000001	1070.72	1.0	0.0086	-0.0678	0.9977	29.8785	3.7967	-33.1819	0.0	10	1.0	0.0		3458	0	0
1701815645482	t	banquethall_test_cue_cafeteria_right	0.0	1	0	7.8653	807.408	765.6	1.0	7.8062	903.168	1069.6	1.0	0.008	-0.0738	0.9972	30.0207	3.8162	-33.2464	0.0	10	1.0	0.0		3458	0	0
1701815645491	t	banquethall_test_cue_cafeteria_right	0.0	1	0	7.9559	814.4639999999999	763.68	1.0	7.6598	912.96	1064.8	1.0	-0.0061	-0.0678	0.9977	29.7655	3.7774	-33.1756	0.0	10	1.0	0.0		3458	0	0
1701815645499	t	banquethall_test_cue_cafeteria_right	0.0	1	0	7.8432	816.4799999999999	760.96	1.0	7.8804	908.0640000000001	1060.48	1.0	-0.0081	-0.0618	0.998	28.8117	3.7107	-33.1701	0.0	10	1.0	0.0		3458	0	0
1701815645507	t	banquethall_test_cue_cafeteria_right	0.0	1	0	7.9035	815.04	761.76	1.0	7.8903	906.624	1056.32	1.0	-0.0044	-0.062	0.9981	26.1731	3.4868	-33.0934	0.0	10	1.0	0.0		3458	0	0
1701815645515	t	banquethall_test_cue_cafeteria_right	0.0	1	0	7.9398	813.888	762.4	1.0	7.9075	905.616	1058.08	1.0	-0.0033	-0.0638	0.9979	26.8845	3.5337	-33.0746	0.0	10	1.0	0.0		3458	0	0
1701815645523	t	banquethall_test_cue_cafeteria_right	0.0	1	0	7.9315	813.744	760.48	1.0	7.8844	906.624	1059.84	1.0	-0.0038	-0.0594	0.9982	27.5463	3.5925	-33.1073	0.0	10	1.0	0.0		3458	0	0
1701815645531	t	banquethall_test_cue_cafeteria_right	0.0	1	0	7.8881	814.4639999999999	761.28	1.0	7.9007	906.624	1060.32	1.0	-0.0056	-0.0623	0.998	27.8874	3.6169	-33.0845	0.0	10	1.0	0.0		3458	0	0
1701815645540	t	banquethall_test_cue_cafeteria_right	0.0	1	0	7.8477	813.744	760.48	1.0	7.8972	906.768	1059.84	1.0	-0.003	-0.0606	0.9982	26.8717	3.5374	-33.0648	0.0	10	1.0	0.0		3458	0	0
1701815645548	t	banquethall_test_cue_cafeteria_right	0.0	1	0	7.8873	812.3040000000001	759.36	1.0	7.9066	906.768	1060.32	1.0	0.0022	-0.0564	0.9984	17.0951	2.7498	-32.904	0.0	10	1.0	0.0		3458	0	0
1701815645556	t	banquethall_test_cue_cafeteria_right	0.0	1	0	7.931	813.024	757.76	1.0	7.8969	906.768	1059.84	1.0	0.0005	-0.0527	0.9986	15.5238	2.6324	-32.9019	0.0	10	1.0	0.0		3458	0	0
1701815645565	t	banquethall_test_cue_cafeteria_right	0.0	1	0	7.9311	814.4639999999999	756.64	1.0	7.8984	907.056	1059.52	1.0	0.0002	-0.0458	0.9989	2.6192	1.5762	-32.7205	0.0	10	1.0	0.0		3458	0	0
1701815645573	t	banquethall_test_cue_cafeteria_right	0.0	1	0	7.8502	814.752	757.5999999999999	1.0	7.8581	908.64	1057.6000000000001	1.0	-0.0014	-0.0453	0.999	-0.9156	1.2785	-32.5999	0.0	10	1.0	0.0		3458	0	0
1701815645581	t	banquethall_test_cue_cafeteria_right	0.0	1	0	7.8984	814.4639999999999	756.96	1.0	7.8962	910.08	1060.48	1.0	-0.0034	-0.0561	0.9984	13.51	2.4847	-32.8143	0.0	10	1.0	0.0		3458	0	0
1701815645590	t	banquethall_test_cue_cafeteria_right	0.0	1	0	7.8714	814.608	755.68	1.0	7.6505	917.856	1060.0	1.0	-0.0062	-0.0597	0.9982	22.152	3.2401	-33.0212	0.0	10	1.0	0.0		3458	0	0
1701815645598	t	banquethall_test_cue_cafeteria_right	0.0	1	0	7.9984	812.88	753.92	1.0	7.9264	908.0640000000001	1054.4	1.0	0.0028	-0.0538	0.9985	21.5032	3.1958	-33.0185	0.0	10	1.0	0.0		3458	0	0
1701815645606	t	banquethall_test_cue_cafeteria_right	0.0	1	0	8.0318	813.5999999999999	755.52	1.0	7.8369	909.792	1057.76	1.0	0.0003	-0.0583	0.9983	20.532	3.1149	-32.9942	0.0	10	1.0	0.0		3458	0	0
1701815645615	t	banquethall_test_cue_cafeteria_right	0.0	1	0	7.9964	814.32	753.92	1.0	7.882	910.224	1059.2	1.0	-0.0011	-0.055	0.9985	19.708	3.0483	-32.993	0.0	10	1.0	0.0		3458	0	0
1701815645623	t	banquethall_test_cue_cafeteria_right	0.0	1	0	7.9581	813.744	752.8	1.0	7.9264	909.792	1060.48	1.0	0.0008	-0.0536	0.9986	19.2836	3.0166	-32.9854	0.0	10	1.0	0.0		3458	0	0
1701815645631	t	banquethall_test_cue_cafeteria_right	0.0	1	0	7.9523	814.32	752.96	1.0	7.9235	909.792	1059.2	1.0	-0.0005	-0.0538	0.9985	19.2148	3.0151	-32.9862	0.0	10	1.0	0.0		3458	0	0
1701815645640	t	banquethall_test_cue_cafeteria_right	0.0	1	0	7.9385	814.32	752.48	1.0	7.9205	909.792	1057.92	1.0	-0.0003	-0.0521	0.9986	18.7786	2.9802	-32.9817	0.0	10	1.0	0.0		3458	0	0
1701815645648	t	banquethall_test_cue_cafeteria_right	0.0	1	0	7.9519	814.32	752.96	1.0	7.9135	909.792	1057.92	1.0	-0.0001	-0.0531	0.9986	18.3649	2.9479	-32.9799	0.0	10	1.0	0.0		3458	0	0
1701815645657	t	banquethall_test_cue_cafeteria_right	0.0	1	0	7.9382	814.32	752.48	1.0	7.9192	909.648	1057.76	1.0	0.0001	-0.0527	0.9986	18.9003	2.9934	-32.9839	0.0	10	1.0	0.0		3458	0	0
1701815645665	t	banquethall_test_cue_cafeteria_right	0.0	1	0	7.9243	814.32	752.48	1.0	7.9145	909.504	1057.44	1.0	0.0014	-0.0486	0.9988	9.6162	2.2169	-32.8269	0.0	10	1.0	0.0		3458	0	0
1701815645674	t	banquethall_test_cue_cafeteria_right	0.0	1	0	7.9253	814.32	752.8	1.0	7.9196	909.3599999999999	1057.12	1.0	0.0028	-0.0442	0.999	-0.4106	1.3795	-32.6597	0.0	10	1.0	0.0		3458	0	0
1701815645682	t	banquethall_test_cue_cafeteria_right	0.0	1	0	7.9258	814.4639999999999	752.96	1.0	7.92	909.504	1057.44	1.0	0.0027	-0.0449	0.999	-0.8731	1.3422	-32.6516	0.0	10	1.0	0.0		3458	0	0
1701815645690	t	banquethall_test_cue_cafeteria_right	0.0	1	0	7.9379	814.4639999999999	752.96	1.0	7.9189	909.648	1057.12	1.0	0.0023	-0.0449	0.999	-0.3218	1.3892	-32.6617	0.0	10	1.0	0.0		3458	0	0
1701815645699	t	banquethall_test_cue_cafeteria_right	0.0	1	0	7.9505	814.608	752.96	1.0	7.9147	909.504	1056.6399999999999	1.0	0.0022	-0.0444	0.999	-0.5315	1.3738	-32.6601	0.0	10	1.0	0.0		3458	0	0
1701815645707	t	banquethall_test_cue_cafeteria_right	0.0	1	0	7.9496	814.896	753.4399999999999	1.0	7.9107	909.648	1056.32	1.0	0.0017	-0.0447	0.999	-0.6852	1.363	-32.656	0.0	10	1.0	0.0		3458	0	0
1701815645715	t	banquethall_test_cue_cafeteria_right	0.0	1	0	7.9497	815.04	752.96	1.0	7.9074	909.504	1055.36	1.0	0.0014	-0.043	0.9991	-0.9712	1.3398	-32.6511	0.0	10	1.0	0.0		3458	0	0
1701815645724	t	banquethall_test_cue_cafeteria_right	0.0	1	0	7.9247	815.04	752.96	1.0	7.9172	909.3599999999999	1054.4	1.0	0.0017	-0.0414	0.9991	-1.5129	1.2951	-32.6434	0.0	10	1.0	0.0		3458	0	0
1701815645732	t	banquethall_test_cue_cafeteria_right	0.0	1	0	7.9203	815.3280000000001	752.48	1.0	7.9166	909.3599999999999	1054.4	1.0	0.0017	-0.0409	0.9991	-2.063	1.2549	-32.6444	0.0	10	1.0	0.0		3458	0	0
1701815645740	t	banquethall_test_cue_cafeteria_right	0.0	1	0	7.9197	815.3280000000001	752.48	1.0	7.9051	909.3599999999999	1054.0800000000002	1.0	0.0019	-0.0401	0.9992	-3.2213	1.1596	-32.6242	0.0	10	1.0	0.0		3458	0	0
1701815645749	t	banquethall_test_cue_cafeteria_right	0.0	1	0	7.9219	815.3280000000001	752.96	1.0	7.8944	909.3599999999999	1053.76	1.0	0.0019	-0.0399	0.9992	-3.6657	1.1237	-32.6179	0.0	10	1.0	0.0		3458	0	0
1701815645757	t	banquethall_test_cue_cafeteria_right	0.0	1	0	7.9192	815.3280000000001	752.48	1.0	7.8801	909.3599999999999	1054.0800000000002	1.0	0.0018	-0.04	0.9992	-3.9635	1.0988	-32.6111	0.0	10	1.0	0.0		3458	0	0
1701815645765	t	banquethall_test_cue_cafeteria_right	0.0	1	0	7.9224	815.3280000000001	752.48	1.0	7.8938	909.2159999999999	1053.76	1.0	0.0018	-0.0398	0.9992	-4.1173	1.0897	-32.6092	0.0	10	1.0	0.0		3458	0	0
1701815645774	t	banquethall_test_cue_cafeteria_right	0.0	1	0	7.9155	815.3280000000001	752.48	1.0	7.8941	909.3599999999999	1053.76	1.0	0.0014	-0.0397	0.9992	-4.1165	1.0898	-32.6102	0.0	10	1.0	0.0		3458	0	0
1701815645782	t	banquethall_test_cue_cafeteria_right	0.0	1	0	7.9153	815.3280000000001	752.48	1.0	7.8947	909.3599999999999	1053.6	1.0	0.0011	-0.0397	0.9992	-3.921	1.1063	-32.6137	0.0	10	1.0	0.0		3458	0	0
1701815645790	t	banquethall_test_cue_cafeteria_right	0.0	1	0	7.915	815.3280000000001	752.32	1.0	7.8953	908.784	1053.6	1.0	0.0017	-0.0397	0.9992	-3.6288	1.1281	-32.6146	0.0	10	1.0	0.0		3458	0	0
1701815645799	t	banquethall_test_cue_cafeteria_right	0.0	1	0	7.909	815.3280000000001	751.36	1.0	7.9444	908.784	1050.24	1.0	0.0015	-0.037	0.9993	-0.6053	1.3788	-32.626	0.0	10	1.0	0.0		3458	0	0
1701815645807	t	banquethall_test_cue_cafeteria_right	0.0	1	0	7.9087	815.3280000000001	751.36	1.0	7.9268	908.2080000000001	1052.0	1.0	0.0017	-0.0416	0.9991	2.9285	1.6777	-32.6995	0.0	10	1.0	0.0		3458	0	0
1701815645815	t	banquethall_test_cue_cafeteria_right	0.0	1	0	7.9088	815.3280000000001	750.88	1.0	8.0097	910.224	1053.28	1.0	-0.0018	-0.0459	0.9989	9.5902	2.2345	-32.8062	0.0	10	1.0	0.0		3458	0	0
1701815645824	t	banquethall_test_cue_cafeteria_right	0.0	1	0	7.8937	815.04	750.72	1.0	7.9711	909.936	1052.96	1.0	-0.0018	-0.0487	0.9988	13.5452	2.5796	-32.8982	0.0	10	1.0	0.0		3458	0	0
1701815645832	t	banquethall_test_cue_cafeteria_right	0.0	1	0	7.8923	815.04	750.72	1.0	7.9788	909.648	1053.28	1.0	-0.0018	-0.0505	0.9987	14.7665	2.6909	-32.93	0.0	10	1.0	0.0		3458	0	0
1701815645840	t	banquethall_test_cue_cafeteria_right	0.0	1	0	7.9054	815.04	749.76	1.0	7.9801	909.936	1052.96	1.0	-0.0017	-0.0484	0.9988	13.7007	2.6091	-32.9251	0.0	10	1.0	0.0		3458	0	0
1701815645849	t	banquethall_test_cue_cafeteria_right	0.0	1	0	7.9021	815.3280000000001	749.76	1.0	7.9812	910.224	1052.48	1.0	-0.0019	-0.0476	0.9989	11.3464	2.4214	-32.8993	0.0	10	1.0	0.0		3458	200	MYKEYWORD 200
