Recording timestamp	type	Scene Name	scene_num	order	djv_reported	PupilDiam_Left	Gaze2d_Left.x	Gaze2d_Left.y	left_eye_openness	PupilDiam_Right	Gaze2d_Right.x	Gaze2d_Right.y	right_eye_openness	gaze_direction_x	gaze_direction_y	gaze_direction_z	gaze_origin_x	gaze_origin_y	gaze_origin_z	gaze_convergence_distance	participant	study_status	scene_familiarity	recall_status	Identifier	Event value	Event message
1701823170282	t	banquethall_test_cue_cafeteria_left	0.0	0	0	3.6435	645.84	1122.72	0.8088	3.3918	630.288	1242.7199999999998	0.9215	0.0761	-0.4354	0.897	1.282	-0.1618	-36.5174	0.0	11	0.0	0.0		3802	100	MYKEYWORD 100
1701823170290	t	banquethall_test_cue_cafeteria_left	0.0	0	0	3.6492	642.816	1130.72	0.8088	3.4641	632.16	1250.56	0.9215	0.0747	-0.4496	0.8901	4.6453	-0.0421	-36.7356	0.0	11	0.0	0.0		3802	0	0
1701823170298	t	banquethall_test_cue_cafeteria_left	0.0	0	0	3.6922	642.528	1124.16	0.8088	3.4245	630.72	1245.44	0.8708	0.0767	-0.4414	0.894	4.1682	-0.0214	-36.6868	0.0	11	0.0	0.0		3802	0	0
1701823170307	t	banquethall_test_cue_cafeteria_left	0.0	0	0	3.7031	643.5360000000001	1113.76	0.8088	3.2157	634.176	1229.6	0.8708	0.0718	-0.4165	0.9063	2.9216	-0.0179	-36.5828	0.0	11	0.0	0.0		3802	0	0
1701823170315	t	banquethall_test_cue_cafeteria_left	0.0	0	0	3.6086	641.952	1108.32	0.7971	3.3982	634.608	1226.56	0.878	0.0775	-0.4157	0.9062	1.858	-0.0079	-36.5015	0.0	11	0.0	0.0		3802	0	0
1701823170323	t	banquethall_test_cue_cafeteria_left	0.0	0	0	3.6814	638.784	1103.2	0.7971	3.3594	636.48	1220.96	0.878	0.0808	-0.412	0.9076	-0.718	-0.0684	-36.3292	0.0	11	0.0	0.0		3802	0	0
1701823170332	t	banquethall_test_cue_cafeteria_left	0.0	0	0	3.6832	638.784	1095.2	0.7938	3.4044	639.504	1215.1999999999998	0.8981	0.0764	-0.4052	0.911	-1.261	-0.0276	-36.2687	0.0	11	0.0	0.0		3802	0	0
1701823170340	t	banquethall_test_cue_cafeteria_left	0.0	0	0	3.6061	637.6320000000001	1086.24	0.7938	3.3605	641.232	1208.8	0.8981	0.0777	-0.3914	0.9169	-1.7042	-0.0051	-36.2259	0.0	11	0.0	0.0		3802	0	0
1701823170348	t	banquethall_test_cue_cafeteria_left	0.0	0	0	3.6477	636.192	1078.88	0.7984	3.3999	646.416	1192.8000000000002	0.9224	0.0704	-0.3666	0.9277	-2.1227	0.0379	-36.1743	0.0	11	0.0	0.0		3802	0	0
1701823170357	t	banquethall_test_cue_cafeteria_left	0.0	0	0	3.5893	636.624	1072.64	0.7984	3.3519	643.6800000000001	1188.64	0.9224	0.0769	-0.3638	0.9283	-1.2941	0.1392	-36.2063	0.0	11	0.0	0.0		3802	0	0
1701823170365	t	banquethall_test_cue_cafeteria_left	0.0	0	0	3.6048	637.4879999999999	1067.84	0.7968	3.3473	648.864	1184.8000000000002	0.9129	0.065	-0.3634	0.9294	-1.1378	0.2092	-36.1943	0.0	11	0.0	0.0		3802	0	0
1701823170373	t	banquethall_test_cue_cafeteria_left	0.0	0	0	3.6575	636.768	1063.6799999999998	0.799	3.372	650.448	1179.2	0.914	0.0662	-0.3588	0.931	-0.3596	0.2997	-36.2216	0.0	11	0.0	0.0		3802	0	0
1701823170382	t	banquethall_test_cue_cafeteria_left	0.0	0	0	3.7005	636.192	1054.4	0.8097	3.335	648.72	1168.1599999999999	0.9051	0.0711	-0.339	0.9381	1.0603	0.4256	-36.2858	0.0	11	0.0	0.0		3802	0	0
1701823170390	t	banquethall_test_cue_cafeteria_left	0.0	0	0	3.6263	634.8960000000001	1050.08	0.8097	3.4006	650.448	1161.44	0.9051	0.0716	-0.3311	0.9408	1.7229	0.5042	-36.3124	0.0	11	0.0	0.0		3802	0	0
1701823170398	t	banquethall_test_cue_cafeteria_left	0.0	0	0	3.6642	635.76	1040.0	0.8118	3.4634	652.752	1154.0800000000002	0.92	0.0677	-0.3112	0.9479	1.2692	0.5224	-36.2736	0.0	11	0.0	0.0		3802	0	0
1701823170407	t	banquethall_test_cue_cafeteria_left	0.0	0	0	3.5996	636.768	1036.48	0.8118	3.4836	653.184	1149.44	0.92	0.0672	-0.3117	0.9478	1.4352	0.5965	-36.2637	0.0	11	0.0	0.0		3802	0	0
1701823170415	t	banquethall_test_cue_cafeteria_left	0.0	0	0	3.6006	631.8720000000001	1033.44	0.8197	3.3459	657.216	1144.96	0.913	0.0701	-0.3129	0.9472	0.8284	0.6339	-36.2135	0.0	11	0.0	0.0		3802	0	0
1701823170424	t	banquethall_test_cue_cafeteria_left	0.0	0	0	3.687	636.624	1027.2	0.8197	3.2031	658.3679999999999	1135.84	0.913	0.0601	-0.3	0.952	0.2851	0.6631	-36.1588	0.0	11	0.0	0.0		3802	0	0
1701823170432	t	banquethall_test_cue_cafeteria_left	0.0	0	0	3.597	638.3520000000001	1014.72	0.8345	3.2891	659.088	1128.0	0.9196	0.0568	-0.2791	0.9586	-0.2676	0.6951	-36.1117	0.0	11	0.0	0.0		3802	0	0
1701823170441	t	banquethall_test_cue_cafeteria_left	0.0	0	0	3.6054	637.6320000000001	1011.0400000000001	0.8345	3.3045	659.376	1123.1999999999998	0.9196	0.0585	-0.2771	0.959	-0.5273	0.7434	-36.0855	0.0	11	0.0	0.0		3802	0	0
1701823170449	t	banquethall_test_cue_cafeteria_left	0.0	0	0	3.6285	639.648	1005.28	0.8444	3.5029	658.944	1117.1200000000001	0.9349	0.0585	-0.2673	0.9618	-1.2886	0.7567	-36.0309	0.0	11	0.0	0.0		3802	0	0
1701823170458	t	banquethall_test_cue_cafeteria_left	0.0	0	0	3.4719	640.512	1007.1999999999999	0.8444	3.5201	661.8240000000001	1111.68	0.9349	0.0527	-0.2662	0.9625	-0.6841	0.812	-36.0616	0.0	11	0.0	0.0		3802	0	0
1701823170466	t	banquethall_test_cue_cafeteria_left	0.0	0	0	3.527	638.496	1000.6399999999999	0.8542	3.4894	663.12	1106.4	0.935	0.0555	-0.2583	0.9645	-1.1072	0.8507	-36.0292	0.0	11	0.0	0.0		3802	0	0
1701823170474	t	banquethall_test_cue_cafeteria_left	0.0	0	0	3.4818	642.384	992.6399999999999	0.8542	3.1313	665.568	1098.56	0.935	0.0452	-0.2434	0.9689	-0.6191	0.9248	-36.0563	0.0	11	0.0	0.0		3802	0	0
1701823170482	t	banquethall_test_cue_cafeteria_left	0.0	0	0	3.3859	647.712	976.16	0.875	3.2147	667.008	1092.96	0.9386	0.0373	-0.2207	0.9746	-5.6617	0.7535	-35.7595	0.0	11	0.0	0.0		3802	0	0
1701823170491	t	banquethall_test_cue_cafeteria_left	0.0	0	0	3.4923	645.552	974.8799999999999	0.875	3.3157	668.304	1086.4	0.9386	0.0392	-0.22	0.9747	-5.5134	0.8435	-35.788	0.0	11	0.0	0.0		3802	0	0
1701823170499	t	banquethall_test_cue_cafeteria_left	0.0	0	0	3.5591	643.104	970.2400000000001	0.8667	3.3718	667.5840000000001	1083.2	0.9162	0.0445	-0.2162	0.9753	-4.5577	0.9377	-35.8542	0.0	11	0.0	0.0		3802	0	0
1701823170507	t	banquethall_test_cue_cafeteria_left	0.0	0	0	3.4161	639.7919999999999	986.0799999999999	0.8683	3.2791	657.792	1087.36	0.9172	0.055	-0.2329	0.9709	-2.8344	0.9415	-35.9612	0.0	11	0.0	0.0		3802	0	0
1701823170515	t	banquethall_test_cue_cafeteria_left	0.0	0	0	3.5886	621.504	1000.16	0.8701	3.323	638.208	1107.04	0.9262	0.1054	-0.2728	0.9563	-1.8735	0.8846	-35.9764	0.0	11	0.0	0.0		3802	0	0
1701823170524	t	banquethall_test_cue_cafeteria_left	0.0	0	0	3.6	622.2239999999999	999.04	0.8701	3.4401	637.7760000000001	1107.52	0.9262	0.0955	-0.2671	0.9589	-1.3286	0.885	-36.0132	0.0	11	0.0	0.0		3802	0	0
1701823170532	t	banquethall_test_cue_cafeteria_left	0.0	0	0	3.5204	623.808	998.24	0.8549	3.2913	639.36	1096.64	0.9508	0.09	-0.2475	0.9647	-1.4427	0.885	-36.0147	0.0	11	0.0	0.0		3802	0	0
1701823170540	t	banquethall_test_cue_cafeteria_left	0.0	0	0	3.4438	619.488	998.88	0.8549	3.2158	641.952	1093.76	0.9508	0.0959	-0.2465	0.9644	-1.6795	0.8968	-36.012	0.0	11	0.0	0.0		3802	0	0
1701823170548	t	banquethall_test_cue_cafeteria_left	0.0	0	0	3.5461	619.2	993.76	0.8418	3.1983	643.5360000000001	1096.3200000000002	0.9309	0.0939	-0.2493	0.9638	-3.3729	0.8504	-35.9042	0.0	11	0.0	0.0		3802	0	0
1701823170557	t	banquethall_test_cue_cafeteria_left	0.0	0	0	3.5654	622.08	995.52	0.8418	3.1756	645.264	1092.32	0.9309	0.0856	-0.2478	0.965	-4.5372	0.8244	-35.8497	0.0	11	0.0	0.0		3802	0	0
1701823170565	t	banquethall_test_cue_cafeteria_left	0.0	0	0	3.5028	625.68	994.88	0.8554	3.2241	644.976	1091.68	0.9422	0.0818	-0.2474	0.9655	-1.7542	0.9497	-36.0115	0.0	11	0.0	0.0		3802	0	0
1701823170574	t	banquethall_test_cue_cafeteria_left	0.0	0	0	3.4941	625.5360000000001	987.04	0.8554	3.205	648.288	1089.4399999999998	0.9422	0.0777	-0.2312	0.9698	-0.8834	0.9844	-36.0669	0.0	11	0.0	0.0		3802	0	0
1701823170582	t	banquethall_test_cue_cafeteria_left	0.0	0	0	3.2691	633.168	985.44	0.8668	3.3165	651.744	1087.04	0.9538	0.06	-0.2259	0.9723	-0.2302	1.0187	-36.1063	0.0	11	0.0	0.0		3802	0	0
1701823170591	t	banquethall_test_cue_cafeteria_left	0.0	0	0	3.2714	634.176	982.4	0.8668	3.3748	652.608	1084.8000000000002	0.9538	0.0578	-0.222	0.9733	-0.4024	1.0351	-36.0888	0.0	11	0.0	0.0		3802	0	0
1701823170599	t	banquethall_test_cue_cafeteria_left	0.0	0	0	3.3718	636.768	976.96	0.8824	3.2954	654.336	1081.92	0.9425	0.0535	-0.2141	0.9753	-1.0658	1.0385	-36.0605	0.0	11	0.0	0.0		3802	0	0
1701823170607	t	banquethall_test_cue_cafeteria_left	0.0	0	0	3.3393	641.808	973.1199999999999	0.8824	3.4082	656.4960000000001	1079.36	0.9425	0.0484	-0.2132	0.9758	-6.4431	0.8575	-35.7561	0.0	11	0.0	0.0		3802	0	0
1701823170616	t	banquethall_test_cue_cafeteria_left	0.0	0	0	3.44	637.4879999999999	967.36	0.8872	3.3553	658.944	1073.12	0.9326	0.0495	-0.1981	0.9789	12.9171	1.7598	-36.9768	0.0	11	0.0	0.0		3802	0	0
1701823170624	t	banquethall_test_cue_cafeteria_left	0.0	0	0	3.4668	637.7760000000001	965.28	0.8872	3.1638	661.3919999999999	1067.84	0.9326	0.0477	-0.1965	0.9793	27.8446	2.4155	-37.751	0.0	11	0.0	0.0		3802	0	0
1701823170632	t	banquethall_test_cue_cafeteria_left	0.0	0	0	3.488	638.928	965.76	0.9028	3.2796	662.832	1065.12	0.9562	0.046	-0.2031	0.9781	30.9108	2.5677	-37.9014	0.0	11	0.0	0.0		3802	0	0
1701823170641	t	banquethall_test_cue_cafeteria_left	0.0	0	0	3.4917	638.64	961.92	0.904	3.2226	664.4159999999999	1062.4	0.9568	0.0504	-0.1948	0.9795	32.525	2.6575	-37.9862	0.0	11	0.0	0.0		3802	0	0
1701823170648	t	banquethall_test_cue_cafeteria_left	0.0	0	0	3.5086	638.3520000000001	959.2	0.9253	3.2489	663.12	1060.8	0.9555	0.0543	-0.1896	0.9803	33.008	2.695	-38.0095	0.0	11	0.0	0.0		3802	0	0
1701823170657	t	banquethall_test_cue_cafeteria_left	0.0	0	0	3.5388	641.232	960.4799999999999	0.9253	3.2685	666.72	1058.08	0.9555	0.0425	-0.1958	0.9797	33.0641	2.7058	-38.0055	0.0	11	0.0	0.0		3802	0	0
1701823170665	t	banquethall_test_cue_cafeteria_left	0.0	0	0	3.4612	641.232	955.52	0.9344	3.2728	667.872	1056.8	0.9601	0.0443	-0.1811	0.9825	32.8617	2.7095	-38.007	0.0	11	0.0	0.0		3802	0	0
1701823170673	t	banquethall_test_cue_cafeteria_left	0.0	0	0	3.4401	643.104	953.12	0.9344	3.2599	668.88	1055.04	0.9601	0.0382	-0.175	0.9838	31.5494	2.6677	-37.951	0.0	11	0.0	0.0		3802	0	0
1701823170682	t	banquethall_test_cue_cafeteria_left	0.0	0	0	3.4477	645.264	950.4	0.9506	3.2733	670.752	1053.1200000000001	0.9707	0.0314	-0.1685	0.9852	30.0805	2.6293	-37.9031	0.0	11	0.0	0.0		3802	0	0
1701823170690	t	banquethall_test_cue_cafeteria_left	0.0	0	0	3.2898	648.864	948.64	0.9506	3.3078	671.472	1052.0	0.9707	0.0222	-0.169	0.9854	25.0627	2.4734	-37.7098	0.0	11	0.0	0.0		3802	0	0
1701823170699	t	banquethall_test_cue_cafeteria_left	0.0	0	0	3.2103	660.672	950.4	0.964	3.1691	680.832	1058.56	0.9747	0.0058	-0.167	0.9859	24.4731	2.4176	-37.7426	0.0	11	0.0	0.0		3802	0	0
1701823170708	t	banquethall_test_cue_cafeteria_left	0.0	0	0	3.4217	683.28	970.72	0.964	3.1613	702.8639999999999	1071.36	0.9747	-0.0322	-0.2073	0.9778	27.9987	2.4183	-37.8184	0.0	11	0.0	0.0		3802	0	0
1701823170716	t	banquethall_test_cue_cafeteria_left	0.0	0	0	3.3907	704.16	984.16	0.9644	3.2813	723.4559999999999	1089.28	0.9642	-0.0555	-0.2329	0.9709	29.1825	2.3759	-37.8738	0.0	11	0.0	0.0		3802	0	0
1701823170724	t	banquethall_test_cue_cafeteria_left	0.0	0	0	3.3138	711.792	985.44	0.9644	3.2093	729.648	1092.32	0.9642	-0.0551	-0.2268	0.9724	29.6667	2.3564	-37.94	0.0	11	0.0	0.0		3802	0	0
1701823170733	t	banquethall_test_cue_cafeteria_left	0.0	0	0	3.3925	712.2239999999999	980.9599999999999	0.9598	3.1386	728.928	1086.08	0.9175	-0.0602	-0.2214	0.9733	28.2338	2.3432	-37.8522	0.0	11	0.0	0.0		3802	0	0
1701823170741	t	banquethall_test_cue_cafeteria_left	0.0	0	0	3.3923	713.088	981.9200000000001	0.9598	3.1451	732.96	1091.04	0.9175	-0.0701	-0.2275	0.9712	22.199	2.0923	-37.5246	0.0	11	0.0	0.0		3802	0	0
1701823170749	t	banquethall_test_cue_cafeteria_left	0.0	0	0	3.4152	714.384	982.56	0.9503	3.1869	733.104	1084.32	0.891	-0.0763	-0.227	0.9709	7.3478	1.4815	-36.7059	0.0	11	0.0	0.0		3802	0	0
1701823170758	t	banquethall_test_cue_cafeteria_left	0.0	0	0	3.3715	713.376	979.04	0.9503	3.1705	733.536	1082.72	0.891	-0.0727	-0.2222	0.9723	6.0974	1.451	-36.6376	0.0	11	0.0	0.0		3802	0	0
1701823170766	t	banquethall_test_cue_cafeteria_left	0.0	0	0	3.3256	714.96	977.76	0.9795	3.0772	732.3840000000001	1078.4	0.9213	-0.0732	-0.2173	0.9733	5.376	1.4392	-36.6009	0.0	11	0.0	0.0		3802	0	0
1701823170774	t	banquethall_test_cue_cafeteria_left	0.0	0	0	3.3689	713.088	977.6	0.9798	3.0988	731.2320000000001	1075.3600000000001	0.9223	-0.0656	-0.2142	0.9746	6.4635	1.4935	-36.6684	0.0	11	0.0	0.0		3802	0	0
1701823170782	t	banquethall_test_cue_cafeteria_left	0.0	0	0	3.3468	714.816	976.0	0.9751	3.0639	734.1120000000001	1072.48	0.9318	-0.0757	-0.2083	0.9751	-1.641	1.1753	-36.2219	0.0	11	0.0	0.0		3802	0	0
1701823170791	t	banquethall_test_cue_cafeteria_left	0.0	0	0	3.3407	715.392	975.6800000000001	0.9751	3.1617	734.688	1072.8	0.9318	-0.078	-0.2129	0.9739	-1.0297	1.2198	-36.2437	0.0	11	0.0	0.0		3802	0	0
1701823170799	t	banquethall_test_cue_cafeteria_left	0.0	0	0	3.4126	713.952	975.0400000000001	1.0	3.1684	734.4	1071.6799999999998	0.9377	-0.0741	-0.2121	0.9744	-0.7042	1.2449	-36.2597	0.0	11	0.0	0.0		3802	0	0
1701823170808	t	banquethall_test_cue_cafeteria_left	0.0	0	0	3.3691	715.2479999999999	971.84	1.0	3.157	733.104	1069.44	0.9377	-0.0729	-0.2067	0.9757	-1.0897	1.2457	-36.2421	0.0	11	0.0	0.0		3802	0	0
1701823170816	t	banquethall_test_cue_cafeteria_left	0.0	0	0	3.3463	715.824	969.6	1.0	3.0558	733.8240000000001	1069.28	1.0	-0.0754	-0.2046	0.9759	-1.5374	1.2383	-36.2236	0.0	11	0.0	0.0		3802	0	0
1701823170824	t	banquethall_test_cue_cafeteria_left	0.0	0	0	3.2218	713.376	967.2	1.0	3.0757	735.552	1069.6	1.0	-0.0748	-0.2027	0.9764	-4.9534	1.1045	-36.0434	0.0	11	0.0	0.0		3802	0	0
1701823170832	t	banquethall_test_cue_cafeteria_left	0.0	0	0	3.319	714.672	968.96	1.0	3.1019	734.976	1068.96	1.0	-0.0764	-0.205	0.9758	-5.4818	1.0857	-36.0074	0.0	11	0.0	0.0		3802	0	0
1701823170841	t	banquethall_test_cue_cafeteria_left	0.0	0	0	3.3481	714.672	970.88	1.0	3.1664	735.1199999999999	1067.68	1.0	-0.0765	-0.2054	0.9757	-5.4487	1.0894	-36.0041	0.0	11	0.0	0.0		3802	0	0
1701823170849	t	banquethall_test_cue_cafeteria_left	0.0	0	0	3.267	713.952	968.0	1.0	3.1297	735.1199999999999	1066.56	1.0	-0.0759	-0.1994	0.977	-6.4014	1.0558	-35.9675	0.0	11	0.0	0.0		3802	0	0
1701823170858	t	banquethall_test_cue_cafeteria_left	0.0	0	0	3.3041	712.8	965.6	1.0	3.1088	735.84	1066.8799999999999	1.0	-0.0765	-0.1974	0.9773	-8.7689	0.963	-35.8511	0.0	11	0.0	0.0		3802	0	0
1701823170866	t	banquethall_test_cue_cafeteria_left	0.0	0	0	3.2787	712.8	965.44	1.0	3.129	735.1199999999999	1067.3600000000001	1.0	-0.0751	-0.1987	0.9772	-11.8493	0.8366	-35.6814	0.0	11	0.0	0.0		3802	0	0
1701823170874	t	banquethall_test_cue_cafeteria_left	0.0	0	0	3.2977	712.2239999999999	965.44	1.0	3.1322	734.976	1066.8799999999999	1.0	-0.0742	-0.1976	0.9775	-13.9289	0.7482	-35.5594	0.0	11	0.0	0.0		3802	0	0
1701823170883	t	banquethall_test_cue_cafeteria_left	0.0	0	0	3.3168	712.8	965.44	1.0	3.1308	734.688	1067.3600000000001	1.0	-0.0743	-0.1988	0.9772	-14.8741	0.7079	-35.5038	0.0	11	0.0	0.0		3802	0	0
1701823170891	t	banquethall_test_cue_cafeteria_left	0.0	0	0	3.3239	712.5120000000001	965.44	1.0	3.1329	734.688	1067.2	1.0	-0.0741	-0.1981	0.9774	-14.6474	0.7165	-35.5156	0.0	11	0.0	0.0		3802	0	0
1701823170899	t	banquethall_test_cue_cafeteria_left	0.0	0	0	3.3206	711.216	961.92	1.0	3.1309	734.688	1067.3600000000001	1.0	-0.0734	-0.1962	0.9778	-15.3192	0.697	-35.4981	0.0	11	0.0	0.0		3802	0	0
1701823170907	t	banquethall_test_cue_cafeteria_left	0.0	0	0	3.192	712.944	964.64	1.0	3.1298	734.832	1067.2	1.0	-0.0758	-0.1984	0.9772	-14.0733	0.748	-35.5564	0.0	11	0.0	0.0		3802	0	0
1701823170916	t	banquethall_test_cue_cafeteria_left	0.0	0	0	3.2538	711.504	963.68	1.0	3.131	734.688	1067.04	1.0	-0.0743	-0.1973	0.9775	-11.7488	0.8486	-35.6936	0.0	11	0.0	0.0		3802	0	0
1701823170924	t	banquethall_test_cue_cafeteria_left	0.0	0	0	3.1922	711.216	963.3599999999999	1.0	3.1333	734.832	1066.8799999999999	1.0	-0.0745	-0.1969	0.9776	-8.7982	0.9765	-35.8679	0.0	11	0.0	0.0		3802	0	0
1701823170932	t	banquethall_test_cue_cafeteria_left	0.0	0	0	3.2575	711.216	960.8000000000001	1.0	3.1351	734.688	1066.8799999999999	1.0	-0.0751	-0.1946	0.978	-9.1778	0.972	-35.8716	0.0	11	0.0	0.0		3802	0	0
1701823170941	t	banquethall_test_cue_cafeteria_left	0.0	0	0	3.2381	710.064	960.6400000000001	1.0	3.1332	734.688	1066.72	1.0	-0.074	-0.1948	0.978	-10.7104	0.9073	-35.7777	0.0	11	0.0	0.0		3802	0	0
1701823170949	t	banquethall_test_cue_cafeteria_left	0.0	0	0	3.2158	709.776	960.8000000000001	1.0	3.1353	734.688	1066.56	1.0	-0.0738	-0.195	0.978	-11.3193	0.8804	-35.7333	0.0	11	0.0	0.0		3802	0	0
1701823170957	t	banquethall_test_cue_cafeteria_left	0.0	0	0	3.2308	710.064	961.28	1.0	3.1371	734.544	1066.3999999999999	1.0	-0.0738	-0.1957	0.9779	-10.7514	0.9069	-35.7619	0.0	11	0.0	0.0		3802	0	0
1701823170966	t	banquethall_test_cue_cafeteria_left	0.0	0	0	3.2392	709.776	960.8000000000001	1.0	3.1388	734.4	1066.08	1.0	-0.0732	-0.1953	0.978	-9.6026	0.9597	-35.8312	0.0	11	0.0	0.0		3802	0	0
1701823170974	t	banquethall_test_cue_cafeteria_left	0.0	0	0	3.2547	708.624	960.16	1.0	3.1425	734.2560000000001	1066.08	1.0	-0.0719	-0.1958	0.978	-7.9834	1.0392	-35.9342	0.0	11	0.0	0.0		3802	0	0
1701823170982	t	banquethall_test_cue_cafeteria_left	0.0	0	0	3.2084	705.7439999999999	959.68	1.0	3.1585	734.1120000000001	1066.08	1.0	-0.0683	-0.1961	0.9782	-8.0294	1.0412	-35.9295	0.0	11	0.0	0.0		3802	0	0
1701823170991	t	banquethall_test_cue_cafeteria_left	0.0	0	0	3.2642	706.896	960.0	1.0	3.159	734.1120000000001	1065.6000000000001	1.0	-0.0704	-0.1957	0.9781	-6.8739	1.0927	-35.9946	0.0	11	0.0	0.0		3802	0	0
1701823170999	t	banquethall_test_cue_cafeteria_left	0.0	0	0	3.2602	710.2080000000001	962.5600000000001	1.0	3.0936	731.952	1066.56	1.0	-0.0683	-0.195	0.9784	-5.6802	1.1148	-36.0764	0.0	11	0.0	0.0		3802	0	0
1701823171007	t	banquethall_test_cue_cafeteria_left	0.0	0	0	3.4004	717.12	975.6800000000001	1.0	3.1079	736.7040000000001	1070.56	1.0	-0.0852	-0.2079	0.9744	-5.6834	1.0515	-36.0559	0.0	11	0.0	0.0		3802	0	0
1701823171016	t	banquethall_test_cue_cafeteria_left	0.0	0	0	3.362	716.4	976.16	1.0	3.0595	733.9680000000001	1076.48	1.0	-0.0721	-0.2159	0.9737	-5.7111	1.0274	-36.071	0.0	11	0.0	0.0		3802	0	0
1701823171024	t	banquethall_test_cue_cafeteria_left	0.0	0	0	3.4289	713.232	975.36	1.0	3.1996	731.2320000000001	1072.0	1.0	-0.0621	-0.2047	0.9768	-6.6482	0.9839	-36.0132	0.0	11	0.0	0.0		3802	0	0
1701823171032	t	banquethall_test_cue_cafeteria_left	0.0	0	0	3.2489	711.6479999999999	975.2	1.0	3.2142	733.68	1072.96	1.0	-0.0697	-0.2068	0.9759	-7.1577	0.963	-35.9811	0.0	11	0.0	0.0		3802	0	0
1701823171041	t	banquethall_test_cue_cafeteria_left	0.0	0	0	3.3933	712.5120000000001	974.8799999999999	1.0	3.309	731.952	1074.24	1.0	-0.0708	-0.2111	0.9749	-7.2415	0.969	-35.9684	0.0	11	0.0	0.0		3802	0	0
1701823171049	t	banquethall_test_cue_cafeteria_left	0.0	0	0	3.4396	711.504	975.2	1.0	3.148	729.792	1073.92	1.0	-0.0674	-0.2134	0.9746	-6.9151	0.99	-35.9784	0.0	11	0.0	0.0		3802	0	0
1701823171057	t	banquethall_test_cue_cafeteria_left	0.0	0	0	3.3842	711.216	973.6	1.0	3.1981	730.8	1073.44	1.0	-0.0718	-0.2103	0.975	-6.3012	1.0175	-36.0163	0.0	11	0.0	0.0		3802	0	0
1701823171066	t	banquethall_test_cue_cafeteria_left	0.0	0	0	3.3757	709.2	972.64	1.0	3.1586	729.792	1069.6	1.0	-0.0692	-0.2021	0.9769	-5.7039	1.0453	-36.0498	0.0	11	0.0	0.0		3802	0	0
1701823171074	t	banquethall_test_cue_cafeteria_left	0.0	0	0	3.3643	708.48	975.2	1.0	3.2002	729.792	1069.76	1.0	-0.0699	-0.2072	0.9758	-5.2108	1.0714	-36.0717	0.0	11	0.0	0.0		3802	0	0
1701823171082	t	banquethall_test_cue_cafeteria_left	0.0	0	0	3.3662	707.904	974.8799999999999	1.0	3.2236	729.2159999999999	1070.24	1.0	-0.0694	-0.2092	0.9754	-4.2227	1.118	-36.127	0.0	11	0.0	0.0		3802	0	0
1701823171091	t	banquethall_test_cue_cafeteria_left	0.0	0	0	3.3887	707.472	973.44	1.0	3.2093	726.768	1071.36	1.0	-0.0645	-0.2107	0.9754	-4.0356	1.131	-36.138	0.0	11	0.0	0.0		3802	0	0
1701823171099	t	banquethall_test_cue_cafeteria_left	0.0	0	0	3.3955	707.472	974.7199999999999	1.0	3.1894	728.928	1069.76	1.0	-0.071	-0.2107	0.9749	-3.7456	1.1512	-36.1577	0.0	11	0.0	0.0		3802	0	0
1701823171107	t	banquethall_test_cue_cafeteria_left	0.0	0	0	3.3574	706.7520000000001	974.7199999999999	1.0	3.1731	726.912	1067.84	1.0	-0.0673	-0.2084	0.9757	-3.3166	1.1752	-36.1845	0.0	11	0.0	0.0		3802	0	0
1701823171115	t	banquethall_test_cue_cafeteria_left	0.0	0	0	3.4074	706.176	973.6	1.0	3.1882	726.192	1067.84	1.0	-0.0662	-0.2076	0.976	-3.3283	1.1798	-36.1869	0.0	11	0.0	0.0		3802	0	0
1701823171124	t	banquethall_test_cue_cafeteria_left	0.0	0	0	3.3667	704.304	972.1600000000001	1.0	3.2045	726.912	1067.84	1.0	-0.0665	-0.2061	0.9763	-4.3074	1.1432	-36.1303	0.0	11	0.0	0.0		3802	0	0
1701823171132	t	banquethall_test_cue_cafeteria_left	0.0	0	0	3.2708	703.8720000000001	971.04	1.0	3.1885	726.192	1067.52	1.0	-0.0652	-0.205	0.9766	-4.7404	1.1287	-36.1047	0.0	11	0.0	0.0		3802	0	0
1701823171140	t	banquethall_test_cue_cafeteria_left	0.0	0	0	3.3676	705.168	972.48	1.0	3.1814	725.472	1067.84	1.0	-0.0668	-0.2079	0.9758	-4.9577	1.1214	-36.0867	0.0	11	0.0	0.0		3802	0	0
1701823171149	t	banquethall_test_cue_cafeteria_left	0.0	0	0	3.3607	703.7280000000001	972.64	1.0	3.1768	725.1840000000001	1067.84	1.0	-0.0652	-0.2088	0.9758	-4.952	1.1214	-36.0821	0.0	11	0.0	0.0		3802	0	0
1701823171157	t	banquethall_test_cue_cafeteria_left	0.0	0	0	3.3627	703.008	972.8	1.0	3.1737	725.04	1067.84	1.0	-0.0643	-0.2092	0.9758	-4.6304	1.1366	-36.0998	0.0	11	0.0	0.0		3802	0	0
1701823171166	t	banquethall_test_cue_cafeteria_left	0.0	0	0	3.3649	702.432	972.8	1.0	3.1729	724.896	1067.84	1.0	-0.0634	-0.2096	0.9757	-4.3736	1.1476	-36.1145	0.0	11	0.0	0.0		3802	0	0
1701823171174	t	banquethall_test_cue_cafeteria_left	0.0	0	0	3.3622	702.432	972.9599999999999	1.0	3.1722	724.752	1068.0	1.0	-0.0635	-0.21	0.9756	-4.1919	1.1555	-36.1258	0.0	11	0.0	0.0		3802	0	0
1701823171182	t	banquethall_test_cue_cafeteria_left	0.0	0	0	3.3601	702.432	972.8	1.0	3.1731	724.752	1067.84	1.0	-0.0637	-0.2096	0.9757	-4.1268	1.1577	-36.13	0.0	11	0.0	0.0		3802	0	0
1701823171191	t	banquethall_test_cue_cafeteria_left	0.0	0	0	3.3627	702.432	972.8	1.0	3.1738	724.752	1068.0	1.0	-0.0637	-0.2095	0.9757	-4.1634	1.1557	-36.1279	0.0	11	0.0	0.0		3802	0	0
1701823171199	t	banquethall_test_cue_cafeteria_left	0.0	0	0	3.3603	702.432	972.64	1.0	3.1734	724.752	1067.84	1.0	-0.0637	-0.2093	0.9758	-4.1873	1.1547	-36.1272	0.0	11	0.0	0.0		3802	0	0
1701823171207	t	banquethall_test_cue_cafeteria_left	0.0	0	0	3.3535	702.576	972.64	1.0	3.173	724.752	1067.84	1.0	-0.064	-0.2092	0.9758	-3.9899	1.1631	-36.1389	0.0	11	0.0	0.0		3802	0	0
1701823171216	t	banquethall_test_cue_cafeteria_left	0.0	0	0	3.3467	702.8639999999999	972.64	1.0	3.1728	724.896	1067.84	1.0	-0.0645	-0.2093	0.9757	-4.2665	1.1523	-36.1231	0.0	11	0.0	0.0		3802	0	0
1701823171223	t	banquethall_test_cue_cafeteria_left	0.0	0	0	3.3429	702.8639999999999	972.0000000000001	1.0	3.1727	725.04	1067.84	1.0	-0.0647	-0.2086	0.9759	-4.285	1.1525	-36.1221	0.0	11	0.0	0.0		3802	0	0
1701823171232	t	banquethall_test_cue_cafeteria_left	0.0	0	0	3.3387	702.8639999999999	971.52	1.0	3.1694	724.752	1067.84	1.0	-0.064	-0.2083	0.976	-4.2797	1.1552	-36.1223	0.0	11	0.0	0.0		3802	0	0
1701823171240	t	banquethall_test_cue_cafeteria_left	0.0	0	0	3.3299	702.8639999999999	971.04	1.0	3.16	724.752	1067.68	1.0	-0.0637	-0.2077	0.9761	-4.361	1.1528	-36.1174	0.0	11	0.0	0.0		3802	0	0
1701823171248	t	banquethall_test_cue_cafeteria_left	0.0	0	0	3.3207	702.8639999999999	970.5600000000001	1.0	3.1601	724.752	1067.68	1.0	-0.0637	-0.2073	0.9762	-4.1184	1.1637	-36.1321	0.0	11	0.0	0.0		3802	0	0
1701823171257	t	banquethall_test_cue_cafeteria_left	0.0	0	0	3.3132	703.008	970.2400000000001	1.0	3.1574	724.752	1067.84	1.0	-0.0638	-0.2074	0.9762	-4.0722	1.1676	-36.136	0.0	11	0.0	0.0		3802	0	0
1701823171265	t	banquethall_test_cue_cafeteria_left	0.0	0	0	3.3211	703.152	969.92	1.0	3.1577	724.752	1067.68	1.0	-0.0641	-0.2072	0.9762	-4.09	1.17	-36.1358	0.0	11	0.0	0.0		3802	0	0
1701823171273	t	banquethall_test_cue_cafeteria_left	0.0	0	0	3.3211	703.152	969.28	1.0	3.1575	724.752	1067.68	1.0	-0.0635	-0.2069	0.9763	-4.1031	1.1739	-36.1391	0.0	11	0.0	0.0		3802	0	0
1701823171282	t	banquethall_test_cue_cafeteria_left	0.0	0	0	3.3103	703.152	968.96	1.0	3.1563	725.04	1067.68	1.0	-0.0639	-0.2072	0.9762	-4.4488	1.1648	-36.1216	0.0	11	0.0	0.0		3802	0	0
1701823171290	t	banquethall_test_cue_cafeteria_left	0.0	0	0	3.31	703.152	968.3199999999999	1.0	3.1561	725.1840000000001	1067.68	1.0	-0.0631	-0.2071	0.9763	-5.0535	1.1449	-36.0918	0.0	11	0.0	0.0		3802	0	0
1701823171298	t	banquethall_test_cue_cafeteria_left	0.0	0	0	3.3102	703.152	967.6800000000001	1.0	3.1576	725.1840000000001	1067.52	1.0	-0.0625	-0.2064	0.9765	-5.6781	1.1218	-36.0574	0.0	11	0.0	0.0		3802	0	0
1701823171307	t	banquethall_test_cue_cafeteria_left	0.0	0	0	3.31	703.152	967.52	1.0	3.1577	725.616	1067.3600000000001	1.0	-0.0628	-0.2063	0.9765	-6.2286	1.1011	-36.0281	0.0	11	0.0	0.0		3802	0	0
1701823171315	t	banquethall_test_cue_cafeteria_left	0.0	0	0	3.3053	703.4399999999999	967.0400000000001	1.0	3.1565	725.76	1067.2	1.0	-0.0623	-0.2057	0.9766	-6.6269	1.0873	-36.0056	0.0	11	0.0	0.0		3802	0	0
1701823171323	t	banquethall_test_cue_cafeteria_left	0.0	0	0	3.2878	703.584	966.7199999999999	1.0	3.1448	725.76	1066.8799999999999	1.0	-0.0621	-0.2051	0.9768	-6.9832	1.0758	-35.9884	0.0	11	0.0	0.0		3802	0	0
1701823171332	t	banquethall_test_cue_cafeteria_left	0.0	0	0	3.2878	703.8720000000001	966.24	1.0	3.1422	726.048	1066.3999999999999	1.0	-0.0625	-0.2039	0.977	-6.9769	1.0792	-35.9912	0.0	11	0.0	0.0		3802	0	0
1701823171341	t	banquethall_test_cue_cafeteria_left	0.0	0	0	3.2872	703.8720000000001	966.7199999999999	1.0	3.1256	726.192	1066.3999999999999	1.0	-0.0621	-0.2045	0.9769	-6.8715	1.0841	-36.0015	0.0	11	0.0	0.0		3802	0	0
1701823171349	t	banquethall_test_cue_cafeteria_left	0.0	0	0	3.2872	704.016	966.24	1.0	3.1255	726.192	1066.24	1.0	-0.0623	-0.2036	0.9771	-6.6796	1.0931	-36.0177	0.0	11	0.0	0.0		3802	0	0
1701823171357	t	banquethall_test_cue_cafeteria_left	0.0	0	0	3.2874	704.016	965.76	1.0	3.1256	726.3359999999999	1066.24	1.0	-0.0622	-0.2032	0.9772	-6.6557	1.0954	-36.021	0.0	11	0.0	0.0		3802	0	0
1701823171366	t	banquethall_test_cue_cafeteria_left	0.0	0	0	3.2873	704.16	965.76	1.0	3.1254	726.768	1066.24	1.0	-0.0634	-0.2033	0.9771	-6.3978	1.1081	-36.0378	0.0	11	0.0	0.0		3802	0	0
1701823171374	t	banquethall_test_cue_cafeteria_left	0.0	0	0	3.2938	704.304	965.76	1.0	3.121	726.912	1066.24	1.0	-0.0636	-0.2035	0.977	-6.2534	1.1158	-36.0487	0.0	11	0.0	0.0		3802	0	0
1701823171382	t	banquethall_test_cue_cafeteria_left	0.0	0	0	3.2646	705.888	962.2400000000001	1.0	3.1488	728.2080000000001	1064.8	1.0	-0.0669	-0.2012	0.9772	-8.1699	1.072	-35.9719	0.0	11	0.0	0.0		3802	0	0
1701823171391	t	banquethall_test_cue_cafeteria_left	0.0	0	0	3.3177	705.6	956.9599999999999	1.0	3.2319	729.2159999999999	1063.52	1.0	-0.0687	-0.1983	0.9777	-18.7042	0.644	-35.3481	0.0	11	0.0	0.0		3802	0	0
1701823171399	t	banquethall_test_cue_cafeteria_left	0.0	0	0	3.2522	704.592	956.8	1.0	3.1042	728.496	1062.72	1.0	-0.0652	-0.1996	0.9777	-24.7688	0.3812	-34.9514	0.0	11	0.0	0.0		3802	0	0
1701823171407	t	banquethall_test_cue_cafeteria_left	0.0	0	0	3.2757	705.024	957.1199999999999	1.0	3.2537	731.2320000000001	1063.52	1.0	-0.0738	-0.2012	0.9768	-26.8012	0.2926	-34.8236	0.0	11	0.0	0.0		3802	0	0
1701823171415	t	banquethall_test_cue_cafeteria_left	0.0	0	0	3.3247	705.456	956.9599999999999	1.0	3.1868	729.3599999999999	1061.44	1.0	-0.067	-0.1947	0.9786	-27.7034	0.2501	-34.7679	0.0	11	0.0	0.0		3802	0	0
1701823171423	t	banquethall_test_cue_cafeteria_left	0.0	0	0	3.274	705.024	957.1199999999999	1.0	3.1809	729.792	1063.2	1.0	-0.0686	-0.1998	0.9774	-28.1198	0.228	-34.741	0.0	11	0.0	0.0		3802	0	0
1701823171432	t	banquethall_test_cue_cafeteria_left	0.0	0	0	3.253	704.736	958.08	1.0	3.0954	730.3679999999999	1063.2	1.0	-0.0705	-0.2001	0.9772	-27.6083	0.2503	-34.7757	0.0	11	0.0	0.0		3802	0	0
1701823171441	t	banquethall_test_cue_cafeteria_left	0.0	0	0	3.2737	705.024	958.08	1.0	3.136	729.936	1062.24	1.0	-0.0687	-0.1969	0.978	-25.4177	0.348	-34.9183	0.0	11	0.0	0.0		3802	0	0
1701823171449	t	banquethall_test_cue_cafeteria_left	0.0	0	0	3.2836	705.312	957.6	1.0	3.0953	729.792	1063.2	1.0	-0.0679	-0.1986	0.9777	-19.7716	0.5986	-35.2873	0.0	11	0.0	0.0		3802	0	0
1701823171458	t	banquethall_test_cue_cafeteria_left	0.0	0	0	3.2761	705.024	958.08	1.0	3.0907	730.08	1063.2	1.0	-0.0678	-0.1968	0.9781	-10.9398	0.989	-35.8655	0.0	11	0.0	0.0		3802	0	0
1701823171466	t	banquethall_test_cue_cafeteria_left	0.0	0	0	3.2849	705.312	957.76	1.0	3.0953	730.3679999999999	1063.2	1.0	-0.0683	-0.1954	0.9783	-6.4673	1.1873	-36.1585	0.0	11	0.0	0.0		3802	0	0
1701823171474	t	banquethall_test_cue_cafeteria_left	0.0	0	0	3.2761	705.024	958.08	1.0	3.1131	730.08	1063.2	1.0	-0.0671	-0.1959	0.9783	-6.8306	1.1717	-36.1341	0.0	11	0.0	0.0		3802	0	0
1701823171483	t	banquethall_test_cue_cafeteria_left	0.0	0	0	3.275	705.024	957.76	1.0	3.1312	730.3679999999999	1063.04	1.0	-0.0673	-0.1953	0.9784	-6.3543	1.193	-36.1659	0.0	11	0.0	0.0		3802	0	0
1701823171491	t	banquethall_test_cue_cafeteria_left	0.0	0	0	3.2738	704.88	957.44	1.0	3.1532	730.08	1062.56	1.0	-0.0663	-0.1937	0.9788	-5.1511	1.2475	-36.245	0.0	11	0.0	0.0		3802	0	0
1701823171499	t	banquethall_test_cue_cafeteria_left	0.0	0	0	3.2751	705.024	957.2800000000001	1.0	3.1761	730.3679999999999	1062.08	1.0	-0.0668	-0.1925	0.979	-4.4697	1.279	-36.2893	0.0	11	0.0	0.0		3802	0	0
1701823171507	t	banquethall_test_cue_cafeteria_left	0.0	0	0	3.2735	705.024	957.44	1.0	3.164	730.08	1061.76	1.0	-0.0662	-0.1924	0.9791	-4.2519	1.2903	-36.3035	0.0	11	0.0	0.0		3802	0	0
1701823171515	t	banquethall_test_cue_cafeteria_left	0.0	0	0	3.2695	705.312	957.2800000000001	1.0	3.1515	730.3679999999999	1062.08	1.0	-0.0669	-0.1931	0.9789	-4.1656	1.2957	-36.3104	0.0	11	0.0	0.0		3802	0	0
1701823171524	t	banquethall_test_cue_cafeteria_left	0.0	0	0	3.2738	705.456	957.1199999999999	1.0	3.1417	730.224	1061.76	1.0	-0.0669	-0.1926	0.979	-3.9776	1.3062	-36.3239	0.0	11	0.0	0.0		3802	0	0
1701823171533	t	banquethall_test_cue_cafeteria_left	0.0	0	0	3.2766	705.456	957.1199999999999	1.0	3.1518	730.3679999999999	1061.28	1.0	-0.0669	-0.1926	0.979	-3.9717	1.3102	-36.3248	0.0	11	0.0	0.0		3802	0	0
1701823171541	t	banquethall_test_cue_cafeteria_left	0.0	0	0	3.2647	705.024	957.1199999999999	1.0	3.1492	730.3679999999999	1061.28	1.0	-0.0661	-0.1932	0.9789	-4.2458	1.3021	-36.3117	0.0	11	0.0	0.0		3802	0	0
1701823171549	t	banquethall_test_cue_cafeteria_left	0.0	0	0	3.2719	705.456	956.8	1.0	3.1516	730.3679999999999	1061.28	1.0	-0.0668	-0.1936	0.9788	-5.1998	1.2676	-36.2618	0.0	11	0.0	0.0		3802	0	0
1701823171558	t	banquethall_test_cue_cafeteria_left	0.0	0	0	3.272	705.456	956.8	1.0	3.1691	730.3679999999999	1060.32	1.0	-0.0665	-0.1923	0.9791	-6.1484	1.2291	-36.1991	0.0	11	0.0	0.0		3802	0	0
1701823171566	t	banquethall_test_cue_cafeteria_left	0.0	0	0	3.2643	705.168	956.8	1.0	3.1654	730.512	1060.1599999999999	1.0	-0.0661	-0.1927	0.979	-6.7875	1.2045	-36.1568	0.0	11	0.0	0.0		3802	0	0
1701823171574	t	banquethall_test_cue_cafeteria_left	0.0	0	0	3.2649	705.168	956.0	1.0	3.1691	730.512	1060.0	1.0	-0.0658	-0.1918	0.9792	-7.2414	1.1862	-36.1276	0.0	11	0.0	0.0		3802	0	0
1701823171583	t	banquethall_test_cue_cafeteria_left	0.0	0	0	3.2647	705.7439999999999	956.0	1.0	3.1712	730.656	1059.68	1.0	-0.067	-0.1913	0.9792	-7.2741	1.1859	-36.1258	0.0	11	0.0	0.0		3802	0	0
1701823171591	t	banquethall_test_cue_cafeteria_left	0.0	0	0	3.2337	705.312	956.0	1.0	3.171	730.8	1059.68	1.0	-0.0664	-0.1913	0.9793	-6.9084	1.2023	-36.1502	0.0	11	0.0	0.0		3802	0	0
1701823171599	t	banquethall_test_cue_cafeteria_left	0.0	0	0	3.2649	705.7439999999999	955.6800000000001	1.0	3.1711	730.8	1059.68	1.0	-0.0668	-0.1907	0.9794	-6.2445	1.2317	-36.1948	0.0	11	0.0	0.0		3802	0	0
1701823171607	t	banquethall_test_cue_cafeteria_left	0.0	0	0	3.2728	705.888	955.6800000000001	1.0	3.1694	730.8	1059.68	1.0	-0.0665	-0.1905	0.9794	-5.3825	1.2699	-36.2521	0.0	11	0.0	0.0		3802	0	0
1701823171615	t	banquethall_test_cue_cafeteria_left	0.0	0	0	3.273	706.6080000000001	955.6800000000001	1.0	3.1692	730.8	1059.68	1.0	-0.0672	-0.1905	0.9794	-4.5633	1.306	-36.3024	0.0	11	0.0	0.0		3802	0	0
1701823171624	t	banquethall_test_cue_cafeteria_left	0.0	0	0	3.2659	706.176	955.6800000000001	1.0	3.1656	730.9440000000001	1059.68	1.0	-0.0665	-0.1913	0.9793	-4.8131	1.2951	-36.2744	0.0	11	0.0	0.0		3802	0	0
1701823171633	t	banquethall_test_cue_cafeteria_left	0.0	0	0	3.2599	706.4639999999999	955.6800000000001	1.0	3.169	730.9440000000001	1059.68	1.0	-0.0665	-0.1915	0.9792	-5.7221	1.2554	-36.2144	0.0	11	0.0	0.0		3802	0	0
1701823171641	t	banquethall_test_cue_cafeteria_left	0.0	0	0	3.2599	706.176	955.52	1.0	3.1689	730.9440000000001	1059.68	1.0	-0.0655	-0.1916	0.9793	-6.6241	1.216	-36.1531	0.0	11	0.0	0.0		3802	0	0
1701823171649	t	banquethall_test_cue_cafeteria_left	0.0	0	0	3.2605	706.4639999999999	955.52	1.0	3.169	730.9440000000001	1059.52	1.0	-0.0659	-0.1921	0.9791	-7.7512	1.1666	-36.074	0.0	11	0.0	0.0		3802	0	0
1701823171657	t	banquethall_test_cue_cafeteria_left	0.0	0	0	3.2417	708.048	954.5600000000001	1.0	3.1666	732.528	1061.28	1.0	-0.0686	-0.197	0.978	-12.2467	0.9628	-35.7414	0.0	11	0.0	0.0		3802	0	0
1701823171665	t	banquethall_test_cue_cafeteria_left	0.0	0	0	3.3169	710.64	953.4399999999999	1.0	3.1858	734.976	1059.2	1.0	-0.0773	-0.1925	0.9782	-16.1289	0.8011	-35.5006	0.0	11	0.0	0.0		3802	0	0
1701823171674	t	banquethall_test_cue_cafeteria_left	0.0	0	0	3.352	710.352	956.1600000000001	1.0	3.1753	731.808	1060.48	1.0	-0.067	-0.1994	0.9776	-18.1804	0.7182	-35.3841	0.0	11	0.0	0.0		3802	0	0
1701823171682	t	banquethall_test_cue_cafeteria_left	0.0	0	0	3.3706	710.64	955.84	1.0	3.2315	731.808	1061.9199999999998	1.0	-0.0682	-0.2018	0.9771	-18.6156	0.6947	-35.359	0.0	11	0.0	0.0		3802	0	0
1701823171690	t	banquethall_test_cue_cafeteria_left	0.0	0	0	3.3881	710.352	955.52	1.0	3.2374	731.664	1059.84	1.0	-0.0676	-0.1951	0.9784	-17.8175	0.7275	-35.4095	0.0	11	0.0	0.0		3802	0	0
1701823171698	t	banquethall_test_cue_cafeteria_left	0.0	0	0	3.3714	710.64	954.88	1.0	3.233	731.808	1060.32	1.0	-0.0688	-0.195	0.9784	-16.1082	0.7983	-35.5158	0.0	11	0.0	0.0		3802	0	0
1701823171707	t	banquethall_test_cue_cafeteria_left	0.0	0	0	3.3787	710.352	954.24	1.0	3.2294	731.952	1059.68	1.0	-0.0691	-0.192	0.979	-14.007	0.8857	-35.6445	0.0	11	0.0	0.0		3802	0	0
1701823171715	t	banquethall_test_cue_cafeteria_left	0.0	0	0	3.3782	709.6320000000001	954.4000000000001	1.0	3.2253	731.952	1060.32	1.0	-0.0689	-0.1922	0.9789	-11.1081	1.008	-35.825	0.0	11	0.0	0.0		3802	0	0
1701823171723	t	banquethall_test_cue_cafeteria_left	0.0	0	0	3.3794	710.352	954.72	1.0	3.2218	731.952	1060.0	1.0	-0.07	-0.1909	0.9791	-8.8642	1.1023	-35.9641	0.0	11	0.0	0.0		3802	0	0
1701823171732	t	banquethall_test_cue_cafeteria_left	0.0	0	0	3.3784	710.352	955.04	1.0	3.2177	731.952	1060.32	1.0	-0.0705	-0.1911	0.979	-6.6906	1.1957	-36.1009	0.0	11	0.0	0.0		3802	0	0
1701823171741	t	banquethall_test_cue_cafeteria_left	0.0	0	0	3.3789	710.352	955.1999999999999	1.0	3.2215	731.952	1060.48	1.0	-0.0704	-0.1912	0.979	-6.3077	1.2112	-36.1251	0.0	11	0.0	0.0		3802	0	0
1701823171749	t	banquethall_test_cue_cafeteria_left	0.0	0	0	3.385	710.352	954.88	1.0	3.2175	731.952	1060.64	1.0	-0.0703	-0.1913	0.979	-6.9649	1.1815	-36.083	0.0	11	0.0	0.0		3802	0	0
1701823171757	t	banquethall_test_cue_cafeteria_left	0.0	0	0	3.3794	710.496	955.1999999999999	1.0	3.2215	731.952	1060.48	1.0	-0.0706	-0.1909	0.9791	-6.5431	1.1982	-36.1082	0.0	11	0.0	0.0		3802	0	0
1701823171766	t	banquethall_test_cue_cafeteria_left	0.0	0	0	3.3849	710.64	955.1999999999999	1.0	3.2175	731.952	1060.64	1.0	-0.0709	-0.1909	0.979	-5.5818	1.239	-36.1699	0.0	11	0.0	0.0		3802	0	0
1701823171774	t	banquethall_test_cue_cafeteria_left	0.0	0	0	3.379	710.64	955.3599999999999	1.0	3.2216	731.952	1060.48	1.0	-0.0712	-0.1902	0.9791	-4.6799	1.2774	-36.2283	0.0	11	0.0	0.0		3802	0	0
1701823171782	t	banquethall_test_cue_cafeteria_left	0.0	0	0	3.3847	710.64	955.1999999999999	1.0	3.2257	732.096	1060.32	1.0	-0.071	-0.1894	0.9793	-4.0241	1.3051	-36.27	0.0	11	0.0	0.0		3802	0	0
1701823171791	t	banquethall_test_cue_cafeteria_left	0.0	0	0	3.3899	710.64	955.3599999999999	1.0	3.2216	732.096	1060.48	1.0	-0.0712	-0.1897	0.9793	-3.4141	1.3312	-36.3086	0.0	11	0.0	0.0		3802	0	0
1701823171799	t	banquethall_test_cue_cafeteria_left	0.0	0	0	3.3899	710.928	955.3599999999999	1.0	3.2177	732.096	1060.64	1.0	-0.0715	-0.1898	0.9792	-3.446	1.3292	-36.3071	0.0	11	0.0	0.0		3802	0	0
1701823171807	t	banquethall_test_cue_cafeteria_left	0.0	0	0	3.39	710.928	955.3599999999999	1.0	3.2179	732.096	1060.32	1.0	-0.0714	-0.1889	0.9794	-3.465	1.3271	-36.3061	0.0	11	0.0	0.0		3802	0	0
1701823171815	t	banquethall_test_cue_cafeteria_left	0.0	0	0	3.3791	710.928	955.3599999999999	1.0	3.2091	732.3840000000001	1060.32	1.0	-0.0714	-0.189	0.9794	-3.6073	1.321	-36.2976	0.0	11	0.0	0.0		3802	0	0
1701823171823	t	banquethall_test_cue_cafeteria_left	0.0	0	0	3.3967	710.928	955.3599999999999	1.0	3.2016	732.672	1060.64	1.0	-0.072	-0.1893	0.9793	-3.5375	1.3239	-36.3065	0.0	11	0.0	0.0		3802	0	0
1701823171833	t	banquethall_test_cue_cafeteria_left	0.0	0	0	3.4034	711.072	955.52	1.0	3.2015	732.672	1060.64	1.0	-0.0716	-0.19	0.9792	-4.0139	1.3039	-36.2771	0.0	11	0.0	0.0		3802	0	0
1701823171841	t	banquethall_test_cue_cafeteria_left	0.0	0	0	3.4032	711.216	955.6800000000001	1.0	3.201	732.3840000000001	1061.1200000000001	1.0	-0.0708	-0.1909	0.979	-4.2248	1.2957	-36.2666	0.0	11	0.0	0.0		3802	0	0
1701823171849	t	banquethall_test_cue_cafeteria_left	0.0	0	0	3.4023	711.216	955.52	1.0	3.2066	732.672	1061.1200000000001	1.0	-0.0712	-0.1909	0.979	-5.0054	1.2654	-36.2323	0.0	11	0.0	0.0		3802	0	0
1701823171857	t	banquethall_test_cue_cafeteria_left	0.0	0	0	3.402	711.072	955.52	1.0	3.2063	732.3840000000001	1060.64	1.0	-0.0701	-0.1907	0.9791	-5.8376	1.2312	-36.1808	0.0	11	0.0	0.0		3802	0	0
1701823171866	t	banquethall_test_cue_cafeteria_left	0.0	0	0	3.4041	711.072	955.52	1.0	3.2015	732.3840000000001	1060.48	1.0	-0.0698	-0.1904	0.9792	-6.611	1.1976	-36.1334	0.0	11	0.0	0.0		3802	0	0
1701823171874	t	banquethall_test_cue_cafeteria_left	0.0	0	0	3.4041	711.072	955.52	1.0	3.2065	732.3840000000001	1060.48	1.0	-0.0697	-0.1905	0.9792	-7.0775	1.1774	-36.104	0.0	11	0.0	0.0		3802	0	0
1701823171882	t	banquethall_test_cue_cafeteria_left	0.0	0	0	3.4192	711.072	955.3599999999999	1.0	3.2014	732.3840000000001	1060.48	1.0	-0.0697	-0.1902	0.9793	-7.1569	1.1739	-36.0991	0.0	11	0.0	0.0		3802	0	0
1701823171891	t	banquethall_test_cue_cafeteria_left	0.0	0	0	3.4192	711.072	955.3599999999999	1.0	3.2016	732.672	1060.48	1.0	-0.0704	-0.1904	0.9792	-6.8325	1.1897	-36.1202	0.0	11	0.0	0.0		3802	0	0
1701823171899	t	banquethall_test_cue_cafeteria_left	0.0	0	0	3.4192	711.072	955.3599999999999	1.0	3.1982	732.3840000000001	1060.64	1.0	-0.0699	-0.1912	0.979	-6.1181	1.2239	-36.1653	0.0	11	0.0	0.0		3802	0	0
1701823171907	t	banquethall_test_cue_cafeteria_left	0.0	0	0	3.4042	711.072	955.3599999999999	1.0	3.1979	732.3840000000001	1060.64	1.0	-0.0701	-0.1915	0.979	-5.4301	1.2566	-36.211	0.0	11	0.0	0.0		3802	0	0
1701823171915	t	banquethall_test_cue_cafeteria_left	0.0	0	0	3.403	711.072	955.3599999999999	1.0	3.1913	732.3840000000001	1060.64	1.0	-0.071	-0.1915	0.9789	-4.5361	1.2964	-36.2686	0.0	11	0.0	0.0		3802	0	0
1701823171923	t	banquethall_test_cue_cafeteria_left	0.0	0	0	3.403	710.928	955.1999999999999	1.0	3.1917	732.3840000000001	1060.64	1.0	-0.0715	-0.1909	0.979	-4.0256	1.3189	-36.3012	0.0	11	0.0	0.0		3802	0	0
1701823171933	t	banquethall_test_cue_cafeteria_left	0.0	0	0	3.3822	710.64	955.04	1.0	3.1841	732.3840000000001	1060.96	1.0	-0.0717	-0.1917	0.9788	-4.0941	1.3179	-36.2974	0.0	11	0.0	0.0		3802	0	0
1701823171941	t	banquethall_test_cue_cafeteria_left	0.0	0	0	3.4028	710.64	955.04	1.0	3.1904	732.3840000000001	1060.96	1.0	-0.0722	-0.1922	0.9787	-4.227	1.3154	-36.2914	0.0	11	0.0	0.0		3802	0	0
1701823171949	t	banquethall_test_cue_cafeteria_left	0.0	0	0	3.3821	710.64	954.5600000000001	1.0	3.1906	732.3840000000001	1060.64	1.0	-0.0721	-0.191	0.9789	-4.3346	1.3114	-36.2871	0.0	11	0.0	0.0		3802	0	0
1701823171957	t	banquethall_test_cue_cafeteria_left	0.0	0	0	3.3787	710.496	954.5600000000001	1.0	3.1846	732.3840000000001	1060.48	1.0	-0.0721	-0.1904	0.979	-4.8988	1.287	-36.2611	0.0	11	0.0	0.0		3802	0	0
1701823171966	t	banquethall_test_cue_cafeteria_left	0.0	0	0	3.3813	710.496	954.4000000000001	1.0	3.1836	732.3840000000001	1060.48	1.0	-0.0723	-0.1899	0.9791	-6.1492	1.2328	-36.1928	0.0	11	0.0	0.0		3802	0	0
1701823171974	t	banquethall_test_cue_cafeteria_left	0.0	0	0	3.3785	710.496	954.5600000000001	1.0	3.1835	732.3840000000001	1060.48	1.0	-0.0723	-0.1906	0.979	-7.3167	1.1821	-36.1189	0.0	11	0.0	0.0		3802	0	0
1701823171982	t	banquethall_test_cue_cafeteria_left	0.0	0	0	3.3784	710.2080000000001	954.4000000000001	1.0	3.1841	732.3840000000001	1060.48	1.0	-0.0723	-0.1906	0.979	-8.0256	1.1522	-36.0745	0.0	11	0.0	0.0		3802	0	0
1701823171991	t	banquethall_test_cue_cafeteria_left	0.0	0	0	3.3781	710.2080000000001	954.4000000000001	1.0	3.1847	732.672	1060.48	1.0	-0.0728	-0.1909	0.9789	-8.4825	1.1337	-36.0491	0.0	11	0.0	0.0		3802	0	0
1701823171999	t	banquethall_test_cue_cafeteria_left	0.0	0	0	3.3776	710.064	954.4000000000001	1.0	3.1845	732.3840000000001	1060.1599999999999	1.0	-0.0721	-0.1906	0.979	-8.9071	1.1174	-36.0276	0.0	11	0.0	0.0		3802	0	0
1701823172007	t	banquethall_test_cue_cafeteria_left	0.0	0	0	3.3775	710.064	954.4000000000001	1.0	3.1845	732.3840000000001	1060.48	1.0	-0.0721	-0.1914	0.9789	-8.709	1.1274	-36.0403	0.0	11	0.0	0.0		3802	0	0
1701823172016	t	banquethall_test_cue_cafeteria_left	0.0	0	0	3.3765	710.064	954.4000000000001	1.0	3.1853	732.3840000000001	1060.1599999999999	1.0	-0.0721	-0.1902	0.9791	-8.0404	1.1571	-36.0918	0.0	11	0.0	0.0		3802	0	0
1701823172024	t	banquethall_test_cue_cafeteria_left	0.0	0	0	3.3761	710.064	954.4000000000001	1.0	3.1911	732.672	1060.1599999999999	1.0	-0.0726	-0.1902	0.979	-8.1156	1.1562	-36.093	0.0	11	0.0	0.0		3802	0	0
1701823172032	t	banquethall_test_cue_cafeteria_left	0.0	0	0	3.3761	709.92	954.4000000000001	1.0	3.1908	732.672	1060.1599999999999	1.0	-0.0725	-0.1903	0.979	-8.0477	1.1601	-36.0975	0.0	11	0.0	0.0		3802	0	0
1701823172041	t	banquethall_test_cue_cafeteria_left	0.0	0	0	3.3763	709.92	954.24	1.0	3.1908	732.672	1060.0	1.0	-0.0724	-0.1903	0.979	-8.0059	1.1641	-36.1002	0.0	11	0.0	0.0		3802	0	0
1701823172049	t	banquethall_test_cue_cafeteria_left	0.0	0	0	3.3447	709.92	954.24	1.0	3.1913	732.672	1059.68	1.0	-0.072	-0.1899	0.9791	-8.1569	1.1592	-36.0904	0.0	11	0.0	0.0		3802	0	0
1701823172057	t	banquethall_test_cue_cafeteria_left	0.0	0	0	3.3449	709.92	954.08	1.0	3.1982	732.528	1059.3600000000001	1.0	-0.0716	-0.1894	0.9793	-7.7008	1.1818	-36.1202	0.0	11	0.0	0.0		3802	0	0
1701823172066	t	banquethall_test_cue_cafeteria_left	0.0	0	0	3.3441	709.92	954.08	1.0	3.2072	732.672	1059.3600000000001	1.0	-0.0716	-0.1906	0.979	-6.9554	1.2236	-36.1738	0.0	11	0.0	0.0		3802	0	0
1701823172074	t	banquethall_test_cue_cafeteria_left	0.0	0	0	3.3439	710.064	953.92	1.0	3.1981	732.672	1059.3600000000001	1.0	-0.0713	-0.1914	0.9789	-6.1378	1.2654	-36.228	0.0	11	0.0	0.0		3802	0	0
1701823172082	t	banquethall_test_cue_cafeteria_left	0.0	0	0	3.3759	710.352	953.92	1.0	3.2075	732.816	1058.3999999999999	1.0	-0.0717	-0.1893	0.9793	-5.3734	1.3008	-36.2801	0.0	11	0.0	0.0		3802	0	0
1701823172091	t	banquethall_test_cue_cafeteria_left	0.0	0	0	3.3725	710.64	953.92	1.0	3.2192	732.672	1058.3999999999999	1.0	-0.0713	-0.1888	0.9794	-5.8684	1.2801	-36.2631	0.0	11	0.0	0.0		3802	0	0
1701823172099	t	banquethall_test_cue_cafeteria_left	0.0	0	0	3.3726	710.64	953.92	1.0	3.2274	732.672	1058.24	1.0	-0.0713	-0.1886	0.9795	-6.4933	1.2525	-36.2218	0.0	11	0.0	0.0		3802	0	0
1701823172107	t	banquethall_test_cue_cafeteria_left	0.0	0	0	3.3722	710.784	954.08	1.0	3.2271	732.528	1058.24	1.0	-0.0709	-0.1888	0.9794	-7.5171	1.2075	-36.1567	0.0	11	0.0	0.0		3802	0	0
1701823172116	t	banquethall_test_cue_cafeteria_left	0.0	0	0	3.3528	710.928	954.08	1.0	3.2192	732.528	1058.24	1.0	-0.0709	-0.1888	0.9794	-8.6092	1.1599	-36.0915	0.0	11	0.0	0.0		3802	0	0
1701823172124	t	banquethall_test_cue_cafeteria_left	0.0	0	0	3.3528	710.928	954.08	1.0	3.2272	732.528	1058.24	1.0	-0.0709	-0.1888	0.9794	-8.9823	1.1434	-36.068	0.0	11	0.0	0.0		3802	0	0
1701823172132	t	banquethall_test_cue_cafeteria_left	0.0	0	0	3.3745	711.36	952.4800000000001	1.0	3.229	732.2399999999999	1057.12	1.0	-0.0733	-0.1858	0.9798	-8.959	1.1554	-36.0816	0.0	11	0.0	0.0		3802	0	0
1701823172141	t	banquethall_test_cue_cafeteria_left	0.0	0	0	3.4406	709.2	948.64	1.0	3.2334	732.528	1056.16	1.0	-0.0695	-0.1821	0.9808	-9.4577	1.1517	-36.0637	0.0	11	0.0	0.0		3802	0	0
1701823172149	t	banquethall_test_cue_cafeteria_left	0.0	0	0	3.3643	712.08	948.48	1.0	3.2686	733.104	1055.68	1.0	-0.0733	-0.1831	0.9803	-11.5415	1.0694	-35.9332	0.0	11	0.0	0.0		3802	0	0
1701823172157	t	banquethall_test_cue_cafeteria_left	0.0	0	0	3.3702	710.64	948.8	1.0	3.2369	732.3840000000001	1055.68	1.0	-0.0698	-0.1855	0.9801	-18.1279	0.7795	-35.5118	0.0	11	0.0	0.0		3802	0	0
1701823172166	t	banquethall_test_cue_cafeteria_left	0.0	0	0	3.3918	710.784	950.08	1.0	3.2422	733.104	1055.68	1.0	-0.0722	-0.1876	0.9796	-23.9848	0.5145	-35.1093	0.0	11	0.0	0.0		3802	0	0
1701823172174	t	banquethall_test_cue_cafeteria_left	0.0	0	0	3.3732	712.2239999999999	952.8000000000001	1.0	3.2242	732.96	1055.8400000000001	1.0	-0.0725	-0.1884	0.9794	-25.3834	0.4457	-35.001	0.0	11	0.0	0.0		3802	0	0
1701823172182	t	banquethall_test_cue_cafeteria_left	0.0	0	0	3.3887	711.36	951.2	1.0	3.2057	732.816	1055.8400000000001	1.0	-0.0716	-0.1885	0.9795	-25.254	0.453	-35.0089	0.0	11	0.0	0.0		3802	0	0
1701823172191	t	banquethall_test_cue_cafeteria_left	0.0	0	0	3.3796	710.64	949.44	1.0	3.2134	732.96	1055.8400000000001	1.0	-0.0719	-0.188	0.9795	-24.5562	0.4848	-35.0578	0.0	11	0.0	0.0		3802	0	0
1701823172199	t	banquethall_test_cue_cafeteria_left	0.0	0	0	3.3779	710.64	949.76	1.0	3.2057	732.816	1056.0	1.0	-0.0714	-0.1879	0.9796	-22.2899	0.5872	-35.2131	0.0	11	0.0	0.0		3802	0	0
1701823172207	t	banquethall_test_cue_cafeteria_left	0.0	0	0	3.3796	710.64	949.44	1.0	3.2134	732.672	1055.8400000000001	1.0	-0.0713	-0.1861	0.9799	-17.8659	0.7877	-35.5221	0.0	11	0.0	0.0		3802	0	0
1701823172216	t	banquethall_test_cue_cafeteria_left	0.0	0	0	3.3918	710.64	949.44	1.0	3.2212	732.672	1055.8400000000001	1.0	-0.0713	-0.1842	0.9803	-12.1202	1.0486	-35.9208	0.0	11	0.0	0.0		3802	0	0
1701823172224	t	banquethall_test_cue_cafeteria_left	0.0	0	0	3.396	710.496	949.2800000000001	1.0	3.2231	732.672	1055.8400000000001	1.0	-0.0711	-0.1835	0.9804	-9.1147	1.1868	-36.1302	0.0	11	0.0	0.0		3802	0	0
1701823172232	t	banquethall_test_cue_cafeteria_left	0.0	0	0	3.3934	710.64	949.1199999999999	1.0	3.2253	732.672	1055.68	1.0	-0.0713	-0.1831	0.9805	-8.2475	1.2273	-36.1911	0.0	11	0.0	0.0		3802	0	0
1701823172241	t	banquethall_test_cue_cafeteria_left	0.0	0	0	3.3964	710.64	948.8	1.0	3.2233	732.672	1055.68	1.0	-0.0715	-0.1824	0.9806	-7.2769	1.2714	-36.2591	0.0	11	0.0	0.0		3802	0	0
1701823172249	t	banquethall_test_cue_cafeteria_left	0.0	0	0	3.3933	710.784	949.1199999999999	1.0	3.2254	732.816	1055.68	1.0	-0.0718	-0.1818	0.9807	-4.2681	1.4079	-36.4686	0.0	11	0.0	0.0		3802	0	0
1701823172257	t	banquethall_test_cue_cafeteria_left	0.0	0	0	3.3963	710.784	948.8	1.0	3.2254	732.672	1055.36	1.0	-0.0718	-0.181	0.9809	-4.2597	1.4087	-36.4688	0.0	11	0.0	0.0		3802	0	0
1701823172266	t	banquethall_test_cue_cafeteria_left	0.0	0	0	3.4001	710.928	948.8	1.0	3.2255	732.816	1055.2	1.0	-0.072	-0.1805	0.9809	-4.0843	1.4171	-36.4803	0.0	11	0.0	0.0		3802	0	0
1701823172274	t	banquethall_test_cue_cafeteria_left	0.0	0	0	3.404	710.928	948.8	1.0	3.2253	732.672	1055.04	1.0	-0.0719	-0.1808	0.9809	-4.09	1.4189	-36.4792	0.0	11	0.0	0.0		3802	200	MYKEYWORD 200
