Recording timestamp	type	Scene Name	scene_num	order	djv_reported	PupilDiam_Left	Gaze2d_Left.x	Gaze2d_Left.y	left_eye_openness	PupilDiam_Right	Gaze2d_Right.x	Gaze2d_Right.y	right_eye_openness	gaze_direction_x	gaze_direction_y	gaze_direction_z	gaze_origin_x	gaze_origin_y	gaze_origin_z	gaze_convergence_distance	participant	study_status	scene_familiarity	recall_status	Identifier	Event value	Event message
1701889918521	t	street_test_cue_beach_right	0.0	4	0	4.668	795.168	1112.96	0.8569	4.5327	841.968	1369.28	0.9463	-0.0424	-0.0942	0.9946	-29.041	-4.1804	-36.9689	0.0	13	0.0	0.0		3293	100	MYKEYWORD 100
1701889918530	t	street_test_cue_beach_right	0.0	4	0	4.8932	778.608	1109.28	0.8569	4.5804	835.488	1359.2	0.9463	-0.0294	-0.0559	0.998	-30.8937	-4.332	-37.0328	0.0	13	0.0	0.0		3293	0	0
1701889918538	t	street_test_cue_beach_right	0.0	4	0	4.8297	772.128	1109.1200000000001	0.8421	4.7209	831.6	1355.04	0.8926	-0.0202	-0.0383	0.9991	-29.0632	-4.1981	-37.1997	0.0	13	0.0	0.0		3293	0	0
1701889918546	t	street_test_cue_beach_right	0.0	4	0	4.658	772.848	1101.1200000000001	0.8421	4.6367	829.008	1362.24	0.8926	-0.0094	-0.0545	0.9985	-28.1627	-4.1664	-37.1728	0.0	13	0.0	0.0		3293	0	0
1701889918554	t	street_test_cue_beach_right	0.0	4	0	4.7487	800.496	1118.88	0.8307	4.5876	847.728	1375.3600000000001	0.8761	-0.0495	-0.0857	0.9951	-28.728	-4.2622	-37.0299	0.0	13	0.0	0.0		3293	0	0
1701889918563	t	street_test_cue_beach_right	0.0	4	0	4.8041	833.9039999999999	1120.96	0.8307	4.719	883.0079999999999	1373.92	0.8761	-0.1296	-0.0456	0.9905	-27.1387	-4.2158	-37.282	0.0	13	0.0	0.0		3293	0	0
1701889918571	t	street_test_cue_beach_right	0.0	4	0	4.2663	857.5200000000001	1109.6	0.8045	4.6145	905.76	1366.24	0.8208	-0.1682	-0.0236	0.9855	-26.0734	-4.0654	-37.4376	0.0	13	0.0	0.0		3293	0	0
1701889918579	t	street_test_cue_beach_right	0.0	4	0	4.7501	876.672	1131.04	0.8045	4.6262	937.5840000000001	1373.76	0.8208	-0.2188	-0.08	0.9725	-6.1856	-2.2729	-38.8279	0.0	13	0.0	0.0		3293	0	0
1701889918588	t	street_test_cue_beach_right	0.0	4	0	4.7702	915.84	1135.3600000000001	0.803	4.9013	973.7280000000001	1367.52	0.4972	-0.2809	-0.0959	0.9549	11.2053	-0.759	-40.1018	0.0	13	0.0	0.0		3293	0	0
1701889918597	t	street_test_cue_beach_right	0.0	4	0	4.754	925.7760000000001	1130.4	0.803	4.7394	978.7679999999999	1394.88	0.4972	-0.2645	-0.0932	0.9599	9.5416	-0.9429	-40.0243	0.0	13	0.0	0.0		3293	0	0
1701889918605	t	street_test_cue_beach_right	0.0	4	0	4.8453	958.3199999999999	1123.68	0.8233	5.092	1029.888	1348.16	0.3909	-0.3396	-0.0576	0.9388	20.5152	0.064	-40.8834	0.0	13	0.0	0.0		3293	0	0
1701889918613	t	street_test_cue_beach_right	0.0	4	0	4.9229	987.6959999999999	1125.92	0.8233	5.2426	1058.8319999999999	1371.6799999999998	0.3909	-0.3866	-0.0761	0.9191	27.7651	0.7072	-41.4337	0.0	13	0.0	0.0		3293	0	0
1701889918621	t	street_test_cue_beach_right	0.0	4	0	4.8685	984.528	1136.3200000000002	0.8232	-1.0	1137.888	1375.84	0.3742	-0.3644	-0.1118	0.9245	29.5901	0.8464	-41.5317	0.0	13	0.0	0.0		3293	0	0
1701889918630	t	street_test_cue_beach_right	0.0	4	0	4.9516	970.7040000000001	1139.36	0.8232	5.2692	1070.928	1380.64	0.3742	-0.3444	-0.1307	0.9297	29.6604	0.8633	-41.4759	0.0	13	0.0	0.0		3293	0	0
1701889918638	t	street_test_cue_beach_right	0.0	4	0	4.8686	962.208	1142.08	0.8029	5.2078	1042.848	1391.84	0.3249	-0.3419	-0.1445	0.9286	29.7795	0.8701	-41.434	0.0	13	0.0	0.0		3293	0	0
1701889918647	t	street_test_cue_beach_right	0.0	4	0	4.7892	942.6239999999999	1137.44	0.8029	5.0179	1041.408	1358.24	0.3249	-0.2949	-0.1355	0.9458	29.8346	0.8484	-41.3924	0.0	13	0.0	0.0		3293	0	0
1701889918655	t	street_test_cue_beach_right	0.0	4	0	4.8504	936.576	1130.0800000000002	0.8409	5.2035	1025.856	1380.64	0.3647	-0.2916	-0.1163	0.9494	29.5607	0.8318	-41.3574	0.0	13	0.0	0.0		3293	0	0
1701889918664	t	street_test_cue_beach_right	0.0	4	0	4.829	928.944	1130.56	0.8409	4.8917	1008.1439999999999	1383.52	0.3647	-0.2863	-0.13	0.9493	29.0435	0.8318	-41.2853	0.0	13	0.0	0.0		3293	0	0
1701889918672	t	street_test_cue_beach_right	0.0	4	0	5.0002	922.6080000000001	1125.92	0.8503	4.6328	999.504	1400.8	0.4293	-0.281	-0.1229	0.9518	29.0046	0.8468	-41.2527	0.0	13	0.0	0.0		3293	0	0
1701889918680	t	street_test_cue_beach_right	0.0	4	0	4.8303	917.1360000000001	1129.92	0.8503	4.449	990.0	1400.48	0.4293	-0.2755	-0.1383	0.9513	28.518	0.804	-41.2013	0.0	13	0.0	0.0		3293	0	0
1701889918688	t	street_test_cue_beach_right	0.0	4	0	4.7571	906.768	1129.44	0.8636	5.2042	976.464	1384.6399999999999	0.5153	-0.2565	-0.1495	0.9549	29.643	0.9342	-41.2395	0.0	13	0.0	0.0		3293	0	0
1701889918697	t	street_test_cue_beach_right	0.0	4	0	4.7494	893.952	1137.92	0.8636	4.8103	961.7760000000001	1383.68	0.5153	-0.2266	-0.1864	0.956	30.0023	0.989	-41.2198	0.0	13	0.0	0.0		3293	0	0
1701889918705	t	street_test_cue_beach_right	0.0	4	0	4.7082	881.424	1126.24	0.8601	4.9254	949.968	1387.52	0.4885	-0.2001	-0.1576	0.967	28.5329	0.8811	-41.1015	0.0	13	0.0	0.0		3293	0	0
1701889918714	t	street_test_cue_beach_right	0.0	4	0	4.7438	874.0799999999999	1112.48	0.8601	4.7774	938.16	1385.9199999999998	0.4885	-0.1925	-0.1245	0.9734	26.8643	0.7453	-40.9001	0.0	13	0.0	0.0		3293	0	0
1701889918722	t	street_test_cue_beach_right	0.0	4	0	4.6566	871.1999999999999	1101.92	0.852	4.5161	924.192	1385.28	0.5895	-0.1918	-0.0966	0.9767	20.8962	0.1739	-40.3262	0.0	13	0.0	0.0		3293	0	0
1701889918730	t	street_test_cue_beach_right	0.0	4	0	4.8136	865.152	1103.84	0.852	4.6026	913.2479999999999	1384.8000000000002	0.5895	-0.1856	-0.0907	0.9784	-17.0785	-3.1948	-37.8293	0.0	13	0.0	0.0		3293	0	0
1701889918738	t	street_test_cue_beach_right	0.0	4	0	4.8314	857.088	1101.44	0.839	4.556	908.928	1382.4	0.6741	-0.1789	-0.0824	0.9804	-33.596	-4.6248	-36.8436	0.0	13	0.0	0.0		3293	0	0
1701889918746	t	street_test_cue_beach_right	0.0	4	0	4.6433	852.7679999999999	1095.04	0.839	4.5753	902.592	1377.76	0.6741	-0.1603	-0.0685	0.9847	-33.7042	-4.6552	-36.8358	0.0	13	0.0	0.0		3293	0	0
1701889918754	t	street_test_cue_beach_right	0.0	4	0	4.4751	841.968	1094.08	0.8355	4.4379	902.592	1377.1200000000001	0.6569	-0.1679	-0.0658	0.9836	-33.6547	-4.6631	-36.8462	0.0	13	0.0	0.0		3293	0	0
1701889918763	t	street_test_cue_beach_right	0.0	4	0	4.7421	840.096	1093.92	0.8355	4.3408	889.2	1376.8000000000002	0.6569	-0.133	-0.0767	0.9881	-33.5676	-4.6455	-36.7973	0.0	13	0.0	0.0		3293	0	0
1701889918771	t	street_test_cue_beach_right	0.0	4	0	4.5786	832.6080000000001	1097.28	0.8196	4.4206	877.3919999999999	1367.04	0.8238	-0.1021	-0.0619	0.9928	-33.5528	-4.6108	-36.7652	0.0	13	0.0	0.0		3293	0	0
1701889918779	t	street_test_cue_beach_right	0.0	4	0	4.4858	826.56	1086.72	0.8196	4.6553	876.384	1369.44	0.8238	-0.11	-0.0735	0.9912	-33.4847	-4.57	-36.7476	0.0	13	0.0	0.0		3293	0	0
1701889918788	t	street_test_cue_beach_right	0.0	4	0	4.3903	818.64	1086.56	0.8138	4.6331	867.888	1369.28	0.8729	-0.091	-0.0885	0.9919	-33.2304	-4.4966	-36.7213	0.0	13	0.0	0.0		3293	0	0
1701889918796	t	street_test_cue_beach_right	0.0	4	0	4.408	818.496	1073.12	0.8138	4.5804	863.712	1370.24	0.8729	-0.0769	-0.0952	0.9925	-33.3649	-4.5008	-36.6991	0.0	13	0.0	0.0		3293	0	0
1701889918804	t	street_test_cue_beach_right	0.0	4	0	4.6202	833.9039999999999	1078.56	0.8146	4.4672	880.5600000000001	1366.56	0.9167	-0.1032	-0.0634	0.9926	-33.5128	-4.5796	-36.7737	0.0	13	0.0	0.0		3293	0	0
1701889918813	t	street_test_cue_beach_right	0.0	4	0	4.5989	867.456	1086.4	0.8146	4.749	939.5999999999999	1362.08	0.9167	-0.2415	-0.0072	0.9704	-33.89	-4.6161	-36.9954	0.0	13	0.0	0.0		3293	0	0
1701889918821	t	street_test_cue_beach_right	0.0	4	0	4.7609	894.096	1094.08	0.8054	4.6184	971.8560000000001	1391.3600000000001	0.8835	-0.2955	-0.0524	0.9539	-32.4674	-4.5491	-37.1865	0.0	13	0.0	0.0		3293	0	0
1701889918830	t	street_test_cue_beach_right	0.0	4	0	4.746	918.72	1100.16	0.8054	4.942	991.584	1402.24	0.8835	-0.3089	-0.057	0.9494	-25.952	-3.989	-37.68	0.0	13	0.0	0.0		3293	0	0
1701889918838	t	street_test_cue_beach_right	0.0	4	0	4.7693	927.792	1095.6799999999998	0.8145	4.7517	1003.2479999999999	1399.68	0.5441	-0.2614	-0.1258	0.957	20.6076	0.533	-40.5231	0.0	13	0.0	0.0		3293	0	0
1701889918847	t	street_test_cue_beach_right	0.0	4	0	4.6075	914.976	1088.8	0.8145	4.5893	986.4000000000001	1403.52	0.5441	-0.2272	-0.131	0.965	22.0297	0.7316	-40.5551	0.0	13	0.0	0.0		3293	0	0
1701889918855	t	street_test_cue_beach_right	0.0	4	0	4.7321	904.896	1083.04	0.8019	4.9576	981.072	1389.4399999999998	0.4416	-0.2123	-0.121	0.9697	21.2524	0.6993	-40.4819	0.0	13	0.0	0.0		3293	0	0
1701889918864	t	street_test_cue_beach_right	0.0	4	0	4.842	906.048	1081.6000000000001	0.8019	4.8096	975.456	1388.32	0.4416	-0.2283	-0.1268	0.9653	19.2247	0.5604	-40.3351	0.0	13	0.0	0.0		3293	0	0
1701889918872	t	street_test_cue_beach_right	0.0	4	0	4.5587	893.5200000000001	1076.32	0.8271	4.43	953.568	1395.04	0.588	-0.1908	-0.1298	0.973	14.2056	0.1208	-40.0122	0.0	13	0.0	0.0		3293	0	0
1701889918880	t	street_test_cue_beach_right	0.0	4	0	4.5655	892.224	1066.56	0.8271	4.5726	951.12	1396.8	0.588	-0.1972	-0.1159	0.9735	10.9641	-0.1485	-39.8291	0.0	13	0.0	0.0		3293	0	0
1701889918888	t	street_test_cue_beach_right	0.0	4	0	4.617	881.136	1066.08	0.8202	4.6247	958.1759999999999	1391.84	0.6577	-0.1864	-0.1216	0.9749	9.8552	-0.1886	-39.7946	0.0	13	0.0	0.0		3293	0	0
1701889918897	t	street_test_cue_beach_right	0.0	4	0	4.6089	875.808	1059.68	0.8202	4.5686	946.944	1392.32	0.6577	-0.1731	-0.1163	0.978	6.7202	-0.5432	-39.3503	0.0	13	0.0	0.0		3293	0	0
1701889918905	t	street_test_cue_beach_right	0.0	4	0	4.4975	872.928	1051.3600000000001	0.8208	4.5447	935.7120000000001	1379.8400000000001	0.6078	-0.1638	-0.0989	0.9815	11.5205	0.0132	-39.808	0.0	13	0.0	0.0		3293	0	0
1701889918913	t	street_test_cue_beach_right	0.0	4	0	4.5724	865.4399999999999	1052.48	0.8208	4.5059	921.888	1376.96	0.6078	-0.151	-0.1008	0.9834	0.6638	-1.0939	-38.9794	0.0	13	0.0	0.0		3293	0	0
1701889918921	t	street_test_cue_beach_right	0.0	4	0	4.6098	859.248	1054.88	0.8164	4.3196	918.432	1372.8	0.6028	-0.1573	-0.0838	0.984	-23.9581	-3.5466	-37.4516	0.0	13	0.0	0.0		3293	0	0
1701889918930	t	street_test_cue_beach_right	0.0	4	0	4.5574	855.36	1052.1599999999999	0.8164	4.5012	907.056	1366.24	0.6028	-0.1324	-0.0726	0.9885	-24.3104	-3.5624	-37.4408	0.0	13	0.0	0.0		3293	0	0
1701889918938	t	street_test_cue_beach_right	0.0	4	0	4.5251	852.4799999999999	1048.32	0.8107	4.3153	897.84	1367.04	0.6742	-0.1125	-0.079	0.9905	-25.1449	-3.6408	-37.3725	0.0	13	0.0	0.0		3293	0	0
1701889918946	t	street_test_cue_beach_right	0.0	4	0	4.4788	847.872	1048.48	0.8107	4.391	902.88	1352.96	0.6742	-0.1364	-0.0542	0.9892	-29.3367	-3.9724	-37.1189	0.0	13	0.0	0.0		3293	0	0
1701889918955	t	street_test_cue_beach_right	0.0	4	0	4.3828	843.6959999999999	1048.32	0.8017	4.4804	896.112	1360.1599999999999	0.89	-0.1226	-0.0721	0.9898	-32.9311	-4.3392	-36.8452	0.0	13	0.0	0.0		3293	0	0
1701889918963	t	street_test_cue_beach_right	0.0	4	0	4.5031	836.9280000000001	1038.72	0.8017	4.5705	888.336	1358.3999999999999	0.89	-0.1038	-0.0771	0.9916	-33.3486	-4.3501	-36.7732	0.0	13	0.0	0.0		3293	0	0
1701889918971	t	street_test_cue_beach_right	0.0	4	0	4.4845	832.3199999999999	1038.72	0.8177	4.5997	885.7439999999999	1355.52	0.9366	-0.1038	-0.0775	0.9916	-33.649	-4.3439	-36.7385	0.0	13	0.0	0.0		3293	0	0
1701889918980	t	street_test_cue_beach_right	0.0	4	0	4.3073	829.584	1043.04	0.8177	4.5047	882.8639999999999	1354.56	0.9366	-0.1077	-0.0788	0.991	-33.6686	-4.3462	-36.709	0.0	13	0.0	0.0		3293	0	0
1701889918988	t	street_test_cue_beach_right	0.0	4	0	4.4181	840.384	1046.56	1.0	4.576	889.344	1358.88	1.0	-0.106	-0.0765	0.9914	-33.8111	-4.3995	-36.7525	0.0	13	0.0	0.0		3293	0	0
1701889918997	t	street_test_cue_beach_right	0.0	4	0	4.4948	869.472	1060.32	1.0	4.4015	925.6320000000001	1393.44	1.0	-0.1793	-0.1007	0.9786	-34.0662	-4.6739	-36.8871	0.0	13	0.0	0.0		3293	0	0
1701889919004	t	street_test_cue_beach_right	0.0	4	0	4.5314	896.112	1089.92	0.8302	4.5926	971.136	1417.76	0.9302	-0.2727	-0.0491	0.9608	-34.2597	-5.0697	-37.1578	0.0	13	0.0	0.0		3293	0	0
1701889919013	t	street_test_cue_beach_right	0.0	4	0	4.2527	918.576	1092.48	0.8302	4.4128	993.888	1430.24	0.9302	-0.2908	-0.0017	0.9568	-33.7694	-5.3196	-37.3985	0.0	13	0.0	0.0		3293	0	0
1701889919021	t	street_test_cue_beach_right	0.0	4	0	4.6485	959.472	1135.3600000000001	0.8352	4.4553	995.04	1489.4399999999998	0.4278	-0.2584	-0.1367	0.9563	-29.7136	-4.9506	-37.5886	0.0	13	0.0	0.0		3293	0	0
1701889919030	t	street_test_cue_beach_right	0.0	4	0	4.6996	957.3119999999999	1132.0	0.8352	4.1866	1011.456	1477.44	0.4278	-0.2839	-0.2135	0.9348	15.9371	-0.0077	-40.3831	0.0	13	0.0	0.0		3293	0	0
1701889919038	t	street_test_cue_beach_right	0.0	4	0	4.5629	946.944	1122.72	0.826	4.794	1038.816	1439.8400000000001	0.2026	-0.2747	-0.1874	0.9431	19.8712	0.4274	-40.6222	0.0	13	0.0	0.0		3293	0	0
1701889919047	t	street_test_cue_beach_right	0.0	4	0	4.5168	960.768	1123.04	0.826	4.1472	1016.7839999999999	1478.08	0.2026	-0.3047	-0.2147	0.9279	25.6501	1.0562	-40.9583	0.0	13	0.0	0.0		3293	0	0
1701889919055	t	street_test_cue_beach_right	0.0	4	0	4.5615	944.928	1128.0	0.8409	4.9346	1035.504	1451.68	0.1809	-0.2646	-0.2234	0.9381	23.5314	0.8378	-40.8064	0.0	13	0.0	0.0		3293	0	0
1701889919064	t	street_test_cue_beach_right	0.0	4	0	4.3327	932.256	1123.68	0.8409	4.1431	1008.576	1487.6799999999998	0.1809	-0.2318	-0.2158	0.9485	14.8405	-0.0867	-40.2511	0.0	13	0.0	0.0		3293	0	0
1701889919072	t	street_test_cue_beach_right	0.0	4	0	4.6366	939.8879999999999	1112.96	0.8463	4.091	1010.304	1480.96	0.1948	-0.2908	-0.133	0.9475	-20.5215	-3.8955	-38.1746	0.0	13	0.0	0.0		3293	0	0
1701889919080	t	street_test_cue_beach_right	0.0	4	0	4.571	938.88	1119.36	0.8463	3.9217	988.416	1494.72	0.1948	-0.2365	-0.2136	0.9478	14.7522	-0.09	-40.2283	0.0	13	0.0	0.0		3293	0	0
1701889919088	t	street_test_cue_beach_right	0.0	4	0	4.4545	934.5600000000001	1109.76	0.864	4.1446	999.936	1480.0	0.2577	-0.2407	-0.1844	0.9529	10.9258	-0.4689	-39.9993	0.0	13	0.0	0.0		3293	0	0
1701889919096	t	street_test_cue_beach_right	0.0	4	0	4.4684	935.424	1110.3999999999999	0.864	4.1918	971.424	1503.04	0.2577	-0.2199	-0.2093	0.9528	14.0419	-0.1267	-40.1462	0.0	13	0.0	0.0		3293	0	0
1701889919104	t	street_test_cue_beach_right	0.0	4	0	4.4984	931.248	1108.32	0.8541	3.9196	991.152	1505.76	0.2217	-0.2269	-0.2051	0.9521	16.2583	0.1169	-40.2913	0.0	13	0.0	0.0		3293	0	0
1701889919112	t	street_test_cue_beach_right	0.0	4	0	4.4067	932.544	1106.72	0.8541	4.1715	1007.856	1474.08	0.2217	-0.2455	-0.1846	0.9517	16.499	0.1504	-40.3263	0.0	13	0.0	0.0		3293	0	0
1701889919121	t	street_test_cue_beach_right	0.0	4	0	4.418	926.496	1115.3600000000001	0.8629	4.0205	1000.8	1478.56	0.2254	-0.2309	-0.2	0.9522	10.8577	-0.4682	-39.9754	0.0	13	0.0	0.0		3293	0	0
1701889919129	t	street_test_cue_beach_right	0.0	4	0	4.2752	924.9119999999999	1105.12	0.8629	4.1254	1006.2719999999999	1487.2	0.2254	-0.2314	-0.1818	0.9557	8.988	-0.6655	-39.869	0.0	13	0.0	0.0		3293	0	0
1701889919138	t	street_test_cue_beach_right	0.0	4	0	4.3521	930.528	1104.64	0.8764	4.6066	1020.528	1445.9199999999998	0.2983	-0.2592	-0.1484	0.9543	9.7213	-0.56	-39.9535	0.0	13	0.0	0.0		3293	0	0
1701889919146	t	street_test_cue_beach_right	0.0	4	0	4.4217	930.528	1105.76	0.8764	4.0437	998.64	1482.4	0.2983	-0.2354	-0.1852	0.9541	9.5795	-0.5806	-39.8973	0.0	13	0.0	0.0		3293	0	0
1701889919154	t	street_test_cue_beach_right	0.0	4	0	4.4315	927.504	1110.88	0.8702	4.089	995.616	1498.72	0.4055	-0.225	-0.2096	0.9515	10.7332	-0.4574	-39.9463	0.0	13	0.0	0.0		3293	0	0
1701889919162	t	street_test_cue_beach_right	0.0	4	0	4.3295	925.6320000000001	1104.96	0.8702	3.8832	999.504	1496.64	0.4055	-0.2287	-0.1977	0.9532	10.7918	-0.4445	-39.9492	0.0	13	0.0	0.0		3293	0	0
1701889919170	t	street_test_cue_beach_right	0.0	4	0	4.2365	922.6080000000001	1100.0	0.8855	3.7926	1016.064	1475.52	0.3823	-0.2392	-0.1744	0.9552	12.1961	-0.2792	-40.0523	0.0	13	0.0	0.0		3293	0	0
1701889919179	t	street_test_cue_beach_right	0.0	4	0	4.351	923.328	1104.64	0.8855	4.1702	993.3119999999999	1493.1200000000001	0.3823	-0.2145	-0.1961	0.9568	9.1703	-0.6104	-39.8433	0.0	13	0.0	0.0		3293	0	0
1701889919188	t	street_test_cue_beach_right	0.0	4	0	4.3703	926.064	1102.5600000000002	0.8837	4.0956	999.3599999999999	1484.1599999999999	0.3491	-0.2341	-0.1859	0.9543	8.9385	-0.6252	-39.8381	0.0	13	0.0	0.0		3293	0	0
1701889919196	t	street_test_cue_beach_right	0.0	4	0	4.3253	923.472	1098.56	0.8837	4.4789	1011.456	1475.3600000000001	0.3491	-0.2388	-0.1671	0.9566	7.2706	-0.7903	-39.7558	0.0	13	0.0	0.0		3293	0	0
1701889919204	t	street_test_cue_beach_right	0.0	4	0	4.2544	925.6320000000001	1100.6399999999999	0.8752	4.0547	999.3599999999999	1483.04	0.3473	-0.2265	-0.1849	0.9563	7.73	-0.7345	-39.7637	0.0	13	0.0	0.0		3293	0	0
1701889919213	t	street_test_cue_beach_right	0.0	4	0	4.4435	929.232	1105.92	0.8752	4.0293	997.2	1492.96	0.3473	-0.2299	-0.205	0.9514	7.9999	-0.6944	-39.7712	0.0	13	0.0	0.0		3293	0	0
1701889919221	t	street_test_cue_beach_right	0.0	4	0	4.4007	927.504	1101.44	0.8877	3.831	993.168	1500.96	0.3568	-0.2232	-0.204	0.9532	1.7836	-1.3657	-39.3889	0.0	13	0.0	0.0		3293	0	0
1701889919229	t	street_test_cue_beach_right	0.0	4	0	4.3586	926.208	1098.72	0.8877	3.9375	1010.448	1508.16	0.3568	-0.2387	-0.2008	0.9501	7.647	-0.7227	-39.7556	0.0	13	0.0	0.0		3293	0	0
1701889919236	t	street_test_cue_beach_right	0.0	4	0	4.3507	923.184	1097.28	0.882	-1.0	-1440.0	-1600.0	0.3413	-0.2079	-0.2097	0.9554	29.8426	1.734	-41.0408	0.0	13	0.0	0.0		3293	0	0
1701889919246	t	street_test_cue_beach_right	0.0	4	0	4.3372	921.312	1096.64	0.882	3.0211	1034.64	1535.3600000000001	0.3413	-0.2218	-0.2058	0.9531	19.4139	0.5566	-40.4529	0.0	13	0.0	0.0		3293	0	0
1701889919254	t	street_test_cue_beach_right	0.0	4	0	4.3409	921.6	1097.92	0.8854	4.1133	1017.648	1487.6799999999998	0.3509	-0.2227	-0.1914	0.9559	15.4778	0.1417	-40.2214	0.0	13	0.0	0.0		3293	0	0
1701889919263	t	street_test_cue_beach_right	0.0	4	0	4.337	921.312	1096.64	0.8854	4.4049	1003.3919999999999	1492.8000000000002	0.3509	-0.2106	-0.1918	0.9586	14.7481	0.059	-40.166	0.0	13	0.0	0.0		3293	0	0
1701889919271	t	street_test_cue_beach_right	0.0	4	0	4.3014	924.624	1096.0	0.8826	3.9317	1002.816	1481.92	0.3464	-0.2146	-0.1918	0.9577	16.4933	0.271	-40.268	0.0	13	0.0	0.0		3293	0	0
1701889919279	t	street_test_cue_beach_right	0.0	4	0	4.2559	924.336	1091.52	0.8826	4.1244	1006.9920000000001	1482.4	0.3464	-0.221	-0.1856	0.9574	15.5086	0.1936	-40.2037	0.0	13	0.0	0.0		3293	0	0
1701889919287	t	street_test_cue_beach_right	0.0	4	0	4.3917	921.6	1095.04	0.8758	4.1053	996.3359999999999	1499.84	0.3918	-0.2045	-0.2065	0.9568	15.0395	0.149	-40.1535	0.0	13	0.0	0.0		3293	0	0
1701889919294	t	street_test_cue_beach_right	0.0	4	0	4.2841	924.48	1096.3200000000002	0.8758	-1.0	-1440.0	-1600.0	0.3918	-0.2	-0.2126	0.9565	29.7812	1.7595	-41.0303	0.0	13	0.0	0.0		3293	0	0
1701889919304	t	street_test_cue_beach_right	0.0	4	0	4.2959	931.1039999999999	1101.76	0.885	4.2912	1005.2640000000001	1483.52	0.3954	-0.2292	-0.2005	0.9525	16.3291	0.241	-40.2679	0.0	13	0.0	0.0		3293	0	0
1701889919313	t	street_test_cue_beach_right	0.0	4	0	4.3329	926.7839999999999	1102.88	0.885	3.9824	991.296	1499.52	0.3954	-0.2117	-0.2142	0.9536	15.6842	0.1662	-40.2069	0.0	13	0.0	0.0		3293	0	0
1701889919320	t	street_test_cue_beach_right	0.0	4	0	4.3084	926.352	1102.3999999999999	0.8817	3.7677	996.048	1511.52	0.3328	-0.2145	-0.2174	0.9522	15.0783	0.0918	-40.1729	0.0	13	0.0	0.0		3293	0	0
1701889919328	t	street_test_cue_beach_right	0.0	4	0	4.2835	926.7839999999999	1102.08	0.8817	-1.0	-1440.0	-1600.0	0.3328	-0.2172	-0.216	0.9519	15.0831	0.0916	-40.1725	0.0	13	0.0	0.0		3293	0	0
1701889919338	t	street_test_cue_beach_right	0.0	4	0	4.1795	925.3439999999999	1098.56	0.8722	4.0793	990.144	1487.2	0.3423	-0.2078	-0.1945	0.9586	10.566	-0.3981	-39.9059	0.0	13	0.0	0.0		3293	0	0
1701889919346	t	street_test_cue_beach_right	0.0	4	0	4.2388	926.208	1097.12	0.8722	4.3456	998.0640000000001	1499.68	0.3423	-0.2118	-0.194	0.9579	11.2674	-0.3301	-39.9562	0.0	13	0.0	0.0		3293	0	0
1701889919355	t	street_test_cue_beach_right	0.0	4	0	4.3149	926.64	1103.52	0.8813	-1.0	-1440.0	-1600.0	0.3321	-0.2018	-0.2274	0.9527	29.7548	1.728	-41.0369	0.0	13	0.0	0.0		3293	0	0
1701889919362	t	street_test_cue_beach_right	0.0	4	0	4.2923	928.0799999999999	1103.36	0.8813	-1.0	-1440.0	-1600.0	0.3321	-0.2069	-0.2262	0.9518	29.7541	1.7252	-41.0384	0.0	13	0.0	0.0		3293	0	0
1701889919371	t	street_test_cue_beach_right	0.0	4	0	4.2703	927.9359999999999	1103.2	0.8812	4.2411	1011.6	1484.6399999999999	0.3698	-0.2226	-0.2043	0.9533	16.4544	0.2515	-40.2727	0.0	13	0.0	0.0		3293	0	0
1701889919379	t	street_test_cue_beach_right	0.0	4	0	4.2322	930.528	1098.08	0.8812	4.2673	1001.2320000000001	1498.56	0.3698	-0.2251	-0.1955	0.9545	14.1086	-0.0199	-40.1301	0.0	13	0.0	0.0		3293	0	0
1701889919388	t	street_test_cue_beach_right	0.0	4	0	4.1721	928.2239999999999	1099.52	0.8827	4.1373	1005.84	1488.96	0.3282	-0.2253	-0.1923	0.9551	13.8054	-0.0598	-40.1167	0.0	13	0.0	0.0		3293	0	0
1701889919395	t	street_test_cue_beach_right	0.0	4	0	4.2145	926.7839999999999	1101.28	0.8827	4.3145	1003.8240000000001	1489.76	0.3282	-0.2195	-0.1963	0.9556	14.1217	-0.0288	-40.133	0.0	13	0.0	0.0		3293	0	0
1701889919403	t	street_test_cue_beach_right	0.0	4	0	4.1607	929.664	1099.04	0.891	-1.0	-1440.0	-1600.0	0.3402	-0.2146	-0.206	0.9547	29.7692	1.6892	-41.0523	0.0	13	0.0	0.0		3293	0	0
1701889919413	t	street_test_cue_beach_right	0.0	4	0	4.2123	928.2239999999999	1102.3999999999999	0.891	3.9853	1048.608	1519.68	0.3402	-0.2307	-0.2081	0.9505	21.4616	0.7661	-40.5844	0.0	13	0.0	0.0		3293	0	0
1701889919421	t	street_test_cue_beach_right	0.0	4	0	4.3521	929.664	1107.84	0.9116	4.5951	1022.976	1492.16	0.3369	-0.2239	-0.213	0.951	20.695	0.6734	-40.535	0.0	13	0.0	0.0		3293	0	0
1701889919429	t	street_test_cue_beach_right	0.0	4	0	4.2522	931.5360000000001	1108.0	0.9116	4.784	1043.136	1461.28	0.3369	-0.232	-0.2113	0.9495	23.1787	0.9625	-40.6889	0.0	13	0.0	0.0		3293	0	0
1701889919438	t	street_test_cue_beach_right	0.0	4	0	4.2396	931.968	1106.8799999999999	0.9071	4.6626	1031.04	1476.96	0.3516	-0.2316	-0.2101	0.9499	21.9786	0.8286	-40.6129	0.0	13	0.0	0.0		3293	0	0
1701889919446	t	street_test_cue_beach_right	0.0	4	0	4.2264	932.544	1105.76	0.9071	4.5084	1022.544	1473.76	0.3516	-0.2343	-0.2028	0.9508	19.3626	0.5461	-40.458	0.0	13	0.0	0.0		3293	0	0
1701889919454	t	street_test_cue_beach_right	0.0	4	0	4.2179	932.112	1106.8799999999999	0.9152	4.3545	1000.656	1502.24	0.3369	-0.2208	-0.2197	0.9503	20.4794	0.6642	-40.5044	0.0	13	0.0	0.0		3293	0	0
1701889919463	t	street_test_cue_beach_right	0.0	4	0	4.2242	932.544	1108.0	0.9152	4.2562	1009.8720000000001	1499.68	0.3369	-0.2272	-0.2191	0.9489	18.7765	0.4773	-40.4069	0.0	13	0.0	0.0		3293	0	0
1701889919470	t	street_test_cue_beach_right	0.0	4	0	4.2379	932.112	1108.48	0.9159	4.1587	1019.232	1497.12	0.31	-0.2299	-0.2201	0.948	20.1139	0.6258	-40.4867	0.0	13	0.0	0.0		3293	0	0
1701889919481	t	street_test_cue_beach_right	0.0	4	0	4.291	930.528	1111.04	0.9098	4.2314	1016.496	1463.8400000000001	0.3116	-0.2254	-0.2127	0.9508	20.3881	0.6376	-40.5159	0.0	13	0.0	0.0		3293	0	0
1701889919488	t	street_test_cue_beach_right	0.0	4	0	4.1276	927.072	1114.56	0.9098	4.2008	1016.64	1465.12	0.3116	-0.2223	-0.2102	0.952	17.4036	0.2803	-40.3467	0.0	13	0.0	0.0		3293	0	0
1701889919496	t	street_test_cue_beach_right	0.0	4	0	4.1481	931.248	1109.92	0.9098	3.8359	1002.816	1469.28	0.3116	-0.2274	-0.1945	0.9542	14.8156	-0.018	-40.1952	0.0	13	0.0	0.0		3293	0	0
1701889919504	t	street_test_cue_beach_right	0.0	4	0	4.1225	928.8000000000001	1118.08	0.9025	4.5766	1020.384	1455.52	0.2676	-0.2309	-0.2005	0.9521	14.452	-0.0513	-40.1898	0.0	13	0.0	0.0		3293	0	0
1701889919513	t	street_test_cue_beach_right	0.0	4	0	4.1875	928.5120000000001	1117.92	0.9025	4.1899	998.3520000000001	1496.48	0.2676	-0.2115	-0.2283	0.9503	15.3515	0.0404	-40.2073	0.0	13	0.0	0.0		3293	0	0
1701889919521	t	street_test_cue_beach_right	0.0	4	0	4.2189	927.9359999999999	1112.96	0.8998	4.2831	1000.224	1496.96	0.2686	-0.2128	-0.2184	0.9524	16.7498	0.1949	-40.2893	0.0	13	0.0	0.0		3293	0	0
1701889919529	t	street_test_cue_beach_right	0.0	4	0	4.1724	930.528	1114.24	0.8998	4.746	1027.872	1474.56	0.2686	-0.2389	-0.2068	0.9487	17.5953	0.2883	-40.3666	0.0	13	0.0	0.0		3293	0	0
1701889919538	t	street_test_cue_beach_right	0.0	4	0	4.284	926.496	1120.48	0.9053	4.274	1011.312	1475.52	0.2878	-0.2259	-0.2174	0.9496	14.655	-0.0478	-40.1825	0.0	13	0.0	0.0		3293	0	0
1701889919546	t	street_test_cue_beach_right	0.0	4	0	4.1775	925.1999999999999	1115.1999999999998	0.9053	4.4098	999.3599999999999	1496.3200000000002	0.2878	-0.2136	-0.2163	0.9527	15.1021	-0.0141	-40.1916	0.0	13	0.0	0.0		3293	0	0
1701889919554	t	street_test_cue_beach_right	0.0	4	0	4.2425	928.5120000000001	1116.96	0.9088	4.2607	1004.832	1483.3600000000001	0.2758	-0.2321	-0.2063	0.9506	11.1873	-0.4357	-39.9717	0.0	13	0.0	0.0		3293	0	0
1701889919562	t	street_test_cue_beach_right	0.0	4	0	4.2388	928.944	1116.48	0.9088	3.9844	1021.248	1463.52	0.2758	-0.2486	-0.1885	0.9501	11.8167	-0.3766	-40.042	0.0	13	0.0	0.0		3293	0	0
1701889919571	t	street_test_cue_beach_right	0.0	4	0	4.2338	929.232	1116.96	0.9229	4.2229	1013.328	1449.92	0.3025	-0.2395	-0.1901	0.9521	14.9811	-0.0403	-40.2228	0.0	13	0.0	0.0		3293	0	0
1701889919579	t	street_test_cue_beach_right	0.0	4	0	4.2545	923.184	1115.3600000000001	0.9229	4.2163	999.3599999999999	1499.68	0.3025	-0.216	-0.21	0.9535	16.5955	0.0911	-40.2925	0.0	13	0.0	0.0		3293	0	0
1701889919587	t	street_test_cue_beach_right	0.0	4	0	4.0474	892.224	1106.72	0.9196	4.2912	984.24	1488.32	0.2774	-0.1754	-0.2008	0.9638	12.9101	-0.2697	-40.0048	0.0	13	0.0	0.0		3293	0	0
1701889919596	t	street_test_cue_beach_right	0.0	4	0	4.1711	857.3760000000001	1102.24	0.9196	3.9703	935.5680000000001	1453.1200000000001	0.2774	-0.1173	-0.2014	0.9725	13.2737	-0.1701	-39.9287	0.0	13	0.0	0.0		3293	0	0
1701889919605	t	street_test_cue_beach_right	0.0	4	0	4.2065	828.432	1091.04	0.9152	4.1722	878.544	1434.24	0.4912	-0.0568	-0.1944	0.9793	24.0565	1.0006	-40.5427	0.0	13	0.0	0.0		3293	0	0
1701889919613	t	street_test_cue_beach_right	0.0	4	0	4.0626	782.496	1093.76	0.9152	4.1719	837.36	1409.1200000000001	0.4912	0.0474	-0.2178	0.9748	30.8871	1.7367	-40.9704	0.0	13	0.0	0.0		3293	0	0
1701889919621	t	street_test_cue_beach_right	0.0	4	0	4.1519	742.3199999999999	1085.44	0.9133	3.9713	781.4879999999999	1405.12	0.6209	0.1239	-0.194	0.9731	31.4489	1.7902	-41.0383	0.0	13	0.0	0.0		3293	0	0
1701889919630	t	street_test_cue_beach_right	0.0	4	0	4.1503	712.6560000000001	1082.24	0.9133	4.0758	736.4159999999999	1397.4399999999998	0.6209	0.1687	-0.1821	0.9687	31.7994	1.8078	-41.0968	0.0	13	0.0	0.0		3293	0	0
1701889919637	t	street_test_cue_beach_right	0.0	4	0	4.1689	681.264	1085.76	0.8602	3.8355	698.112	1388.48	0.7551	0.2249	-0.1904	0.9556	32.0962	1.8318	-41.1663	0.0	13	0.0	0.0		3293	0	0
1701889919646	t	street_test_cue_beach_right	0.0	4	0	4.1248	648.288	1080.96	0.8602	4.0611	663.84	1395.36	0.7551	0.2912	-0.1692	0.9416	32.3639	1.8547	-41.2761	0.0	13	0.0	0.0		3293	0	0
1701889919654	t	street_test_cue_beach_right	0.0	4	0	4.1746	627.264	1079.04	0.7392	4.0951	638.208	1388.96	0.6358	0.3272	-0.1629	0.9308	32.5066	1.8869	-41.3461	0.0	13	0.0	0.0		3293	0	0
1701889919662	t	street_test_cue_beach_right	0.0	4	0	4.1963	618.768	1080.16	0.7392	4.1161	627.264	1384.48	0.6358	0.3386	-0.174	0.9247	32.0517	1.885	-41.3238	0.0	13	0.0	0.0		3293	0	0
1701889919671	t	street_test_cue_beach_right	0.0	4	0	4.2671	622.5120000000001	1083.2	0.7307	4.1415	628.1279999999999	1383.68	0.5062	0.3294	-0.1901	0.9249	29.879	1.6994	-41.1335	0.0	13	0.0	0.0		3293	0	0
1701889919679	t	street_test_cue_beach_right	0.0	4	0	4.185	624.096	1082.8799999999999	0.7307	4.2495	634.608	1381.28	0.5062	0.3268	-0.1807	0.9277	27.2931	1.4054	-40.9501	0.0	13	0.0	0.0		3293	0	0
1701889919688	t	street_test_cue_beach_right	0.0	4	0	4.1661	627.264	1085.28	0.7444	4.147	638.3520000000001	1386.88	0.4606	0.3079	-0.1879	0.9327	27.5953	1.4166	-40.9675	0.0	13	0.0	0.0		3293	0	0
1701889919696	t	street_test_cue_beach_right	0.0	4	0	4.1623	628.1279999999999	1088.48	0.7444	4.1404	643.2479999999999	1383.2	0.4606	0.3069	-0.1852	0.9336	28.2768	1.4274	-41.0311	0.0	13	0.0	0.0		3293	0	0
1701889919704	t	street_test_cue_beach_right	0.0	4	0	4.215	631.8720000000001	1086.4	0.7473	4.2048	646.1279999999999	1376.8000000000002	0.3982	0.2935	-0.1768	0.9395	29.6783	1.5439	-41.1242	0.0	13	0.0	0.0		3293	0	0
1701889919712	t	street_test_cue_beach_right	0.0	4	0	4.2328	635.184	1091.2	0.7473	4.2909	651.168	1376.32	0.3982	0.2897	-0.1524	0.9449	3.9055	-1.0514	-39.2772	0.0	13	0.0	0.0		3293	0	0
1701889919721	t	street_test_cue_beach_right	0.0	4	0	4.1713	637.6320000000001	1091.04	0.7518	4.1958	656.784	1371.36	0.3742	0.283	-0.1483	0.9476	2.9353	-1.1325	-39.2049	0.0	13	0.0	0.0		3293	0	0
1701889919729	t	street_test_cue_beach_right	0.0	4	0	4.3013	646.848	1091.2	0.7518	4.0697	664.128	1366.3999999999999	0.3742	0.2628	-0.1482	0.9534	3.572	-1.0542	-39.2361	0.0	13	0.0	0.0		3293	0	0
1701889919737	t	street_test_cue_beach_right	0.0	4	0	4.1707	652.176	1084.96	0.8009	4.0561	675.504	1361.76	0.406	0.2483	-0.1518	0.9567	9.4962	-0.3726	-39.7628	0.0	13	0.0	0.0		3293	0	0
1701889919745	t	street_test_cue_beach_right	0.0	4	0	4.1994	659.376	1084.32	0.8009	3.8295	690.912	1350.72	0.406	0.2237	-0.1654	0.9605	20.2926	0.6846	-40.4423	0.0	13	0.0	0.0		3293	0	0
1701889919754	t	street_test_cue_beach_right	0.0	4	0	4.2231	666.432	1084.0	0.7735	4.0585	689.04	1350.72	0.4988	0.2153	-0.1707	0.9615	24.1104	1.0443	-40.6739	0.0	13	0.0	0.0		3293	0	0
1701889919762	t	street_test_cue_beach_right	0.0	4	0	4.2033	671.616	1086.88	0.7735	3.6801	715.1039999999999	1340.0	0.4988	0.1978	-0.1795	0.9637	28.4998	1.4364	-40.9699	0.0	13	0.0	0.0		3293	0	0
1701889919770	t	street_test_cue_beach_right	0.0	4	0	4.0185	678.384	1090.4	0.7579	3.5557	719.568	1331.52	0.5191	0.1774	-0.1811	0.9673	26.9611	1.2553	-40.8369	0.0	13	0.0	0.0		3293	0	0
1701889919779	t	street_test_cue_beach_right	0.0	4	0	4.1218	681.984	1087.2	0.7579	3.6202	718.416	1306.72	0.5191	0.1703	-0.1625	0.9719	28.0112	1.3236	-40.9293	0.0	13	0.0	0.0		3293	0	0
1701889919787	t	street_test_cue_beach_right	0.0	4	0	4.201	684.0	1103.52	0.6973	-1.0	753.552	1241.92	0.0787	0.1589	-0.2202	0.9624	32.3699	1.6882	-41.2036	0.0	13	0.0	0.0		3293	0	0
1701889919794	t	street_test_cue_beach_right	0.0	4	0	-1.0	657.36	1085.28	0.6973	-1.0	707.04	1260.48	0.0787	-1.0	-1.0	-1.0	-1.0	-1.0	-1.0	0.0	13	0.0	0.0		3293	0	0
1701889919801	t	street_test_cue_beach_right	0.0	4	0	-1.0	655.344	1103.2	0.5138	-1.0	-1440.0	-1600.0	0.0	-1.0	-1.0	-1.0	-1.0	-1.0	-1.0	0.0	13	0.0	0.0		3293	0	0
1701889919809	t	street_test_cue_beach_right	0.0	4	0	-1.0	-1440.0	-1600.0	0.5138	-1.0	-1440.0	-1600.0	0.0	-1.0	-1.0	-1.0	-1.0	-1.0	-1.0	0.0	13	0.0	0.0		3293	0	0
1701889919819	t	street_test_cue_beach_right	0.0	4	0	-1.0	-1440.0	-1600.0	0.2103	-1.0	-1440.0	-1600.0	0.0	-1.0	-1.0	-1.0	-1.0	-1.0	-1.0	0.0	13	0.0	0.0		3293	0	0
1701889919827	t	street_test_cue_beach_right	0.0	4	0	-1.0	-1440.0	-1600.0	0.2103	-1.0	-1440.0	-1600.0	0.0	-1.0	-1.0	-1.0	-1.0	-1.0	-1.0	0.0	13	0.0	0.0		3293	0	0
1701889919835	t	street_test_cue_beach_right	0.0	4	0	-1.0	-1440.0	-1600.0	0.1927	-1.0	-1440.0	-1600.0	0.0	-1.0	-1.0	-1.0	-1.0	-1.0	-1.0	0.0	13	0.0	0.0		3293	0	0
1701889919843	t	street_test_cue_beach_right	0.0	4	0	-1.0	-1440.0	-1600.0	0.1927	-1.0	-1440.0	-1600.0	0.0	-1.0	-1.0	-1.0	-1.0	-1.0	-1.0	0.0	13	0.0	0.0		3293	0	0
1701889919851	t	street_test_cue_beach_right	0.0	4	0	-1.0	-1440.0	-1600.0	0.1612	-1.0	-1440.0	-1600.0	0.0	-1.0	-1.0	-1.0	-1.0	-1.0	-1.0	0.0	13	0.0	0.0		3293	0	0
1701889919860	t	street_test_cue_beach_right	0.0	4	0	-1.0	-1440.0	-1600.0	0.1612	-1.0	-1440.0	-1600.0	0.0	-1.0	-1.0	-1.0	-1.0	-1.0	-1.0	0.0	13	0.0	0.0		3293	0	0
1701889919868	t	street_test_cue_beach_right	0.0	4	0	-1.0	-1440.0	-1600.0	0.1814	-1.0	-1440.0	-1600.0	0.0	-1.0	-1.0	-1.0	-1.0	-1.0	-1.0	0.0	13	0.0	0.0		3293	0	0
1701889919877	t	street_test_cue_beach_right	0.0	4	0	-1.0	703.008	1147.2	0.1814	-1.0	-1440.0	-1600.0	0.0	-1.0	-1.0	-1.0	-1.0	-1.0	-1.0	0.0	13	0.0	0.0		3293	0	0
1701889919885	t	street_test_cue_beach_right	0.0	4	0	-1.0	674.784	1177.76	0.156	-1.0	-1440.0	-1600.0	0.0	-1.0	-1.0	-1.0	-1.0	-1.0	-1.0	0.0	13	0.0	0.0		3293	0	0
1701889919893	t	street_test_cue_beach_right	0.0	4	0	-1.0	-1440.0	-1600.0	0.156	-1.0	-1440.0	-1600.0	0.0	-1.0	-1.0	-1.0	-1.0	-1.0	-1.0	0.0	13	0.0	0.0		3293	0	0
1701889919901	t	street_test_cue_beach_right	0.0	4	0	-1.0	-1440.0	-1600.0	0.1293	-1.0	-1440.0	-1600.0	0.0	-1.0	-1.0	-1.0	-1.0	-1.0	-1.0	0.0	13	0.0	0.0		3293	0	0
1701889919910	t	street_test_cue_beach_right	0.0	4	0	-1.0	-1440.0	-1600.0	0.1293	-1.0	-1440.0	-1600.0	0.0	-1.0	-1.0	-1.0	-1.0	-1.0	-1.0	0.0	13	0.0	0.0		3293	0	0
1701889919918	t	street_test_cue_beach_right	0.0	4	0	-1.0	-1440.0	-1600.0	0.0669	-1.0	-1440.0	-1600.0	0.0	-1.0	-1.0	-1.0	-1.0	-1.0	-1.0	0.0	13	0.0	0.0		3293	0	0
1701889919927	t	street_test_cue_beach_right	0.0	4	0	-1.0	492.192	1104.16	0.0669	-1.0	-1440.0	-1600.0	0.0	-1.0	-1.0	-1.0	-1.0	-1.0	-1.0	0.0	13	0.0	0.0		3293	0	0
1701889919935	t	street_test_cue_beach_right	0.0	4	0	-1.0	512.928	1064.16	0.0517	-1.0	-1440.0	-1600.0	0.0	-1.0	-1.0	-1.0	-1.0	-1.0	-1.0	0.0	13	0.0	0.0		3293	0	0
1701889919944	t	street_test_cue_beach_right	0.0	4	0	-1.0	488.01599999999996	1054.4	0.0517	-1.0	-1440.0	-1600.0	0.0	-1.0	-1.0	-1.0	-1.0	-1.0	-1.0	0.0	13	0.0	0.0		3293	0	0
1701889919952	t	street_test_cue_beach_right	0.0	4	0	-1.0	495.936	1051.3600000000001	0.0567	-1.0	-1440.0	-1600.0	0.0	-1.0	-1.0	-1.0	-1.0	-1.0	-1.0	0.0	13	0.0	0.0		3293	0	0
1701889919961	t	street_test_cue_beach_right	0.0	4	0	-1.0	519.12	1019.52	0.0567	-1.0	-1440.0	-1600.0	0.0	-1.0	-1.0	-1.0	-1.0	-1.0	-1.0	0.0	13	0.0	0.0		3293	0	0
1701889919969	t	street_test_cue_beach_right	0.0	4	0	-1.0	525.168	1040.0	0.1625	-1.0	572.688	1264.48	0.0	-1.0	-1.0	-1.0	-1.0	-1.0	-1.0	0.0	13	0.0	0.0		3293	0	0
1701889919978	t	street_test_cue_beach_right	0.0	4	0	-1.0	553.104	1022.88	0.1625	-1.0	581.0400000000001	1177.6	0.0	-1.0	-1.0	-1.0	-1.0	-1.0	-1.0	0.0	13	0.0	0.0		3293	0	0
1701889919987	t	street_test_cue_beach_right	0.0	4	0	-1.0	574.4159999999999	1024.8	0.2945	-1.0	580.752	1148.6399999999999	0.0	-1.0	-1.0	-1.0	-1.0	-1.0	-1.0	0.0	13	0.0	0.0		3293	0	0
1701889919996	t	street_test_cue_beach_right	0.0	4	0	-1.0	590.688	1033.28	0.2945	-1.0	608.976	1171.6799999999998	0.0	-1.0	-1.0	-1.0	-1.0	-1.0	-1.0	0.0	13	0.0	0.0		3293	0	0
1701889920004	t	street_test_cue_beach_right	0.0	4	0	-1.0	597.456	1025.6	0.4853	-1.0	614.448	1176.0	0.0	-1.0	-1.0	-1.0	-1.0	-1.0	-1.0	0.0	13	0.0	0.0		3293	0	0
1701889920012	t	street_test_cue_beach_right	0.0	4	0	-1.0	617.184	1038.24	0.4853	-1.0	637.056	1178.24	0.0	-1.0	-1.0	-1.0	-1.0	-1.0	-1.0	0.0	13	0.0	0.0		3293	0	0
1701889920020	t	street_test_cue_beach_right	0.0	4	0	-1.0	632.16	1044.48	0.573	-1.0	679.248	1223.68	0.0	-1.0	-1.0	-1.0	-1.0	-1.0	-1.0	0.0	13	0.0	0.0		3293	0	0
1701889920029	t	street_test_cue_beach_right	0.0	4	0	-1.0	643.2479999999999	1039.68	0.573	-1.0	686.592	1222.8799999999999	0.0	-1.0	-1.0	-1.0	-1.0	-1.0	-1.0	0.0	13	0.0	0.0		3293	0	0
1701889920038	t	street_test_cue_beach_right	0.0	4	0	4.3202	657.648	1034.24	0.6908	3.6389	695.232	1239.36	0.0	0.2301	-0.0677	0.9708	32.5018	2.0477	-41.2267	0.0	13	0.0	0.0		3293	0	0
1701889920046	t	street_test_cue_beach_right	0.0	4	0	4.2537	669.888	1030.8799999999999	0.6908	3.4425	712.3679999999999	1229.6	0.0	0.2078	-0.0605	0.9763	32.3891	2.0486	-41.1965	0.0	13	0.0	0.0		3293	0	0
1701889920055	t	street_test_cue_beach_right	0.0	4	0	4.3117	680.976	1029.6	0.7116	3.6899	719.28	1248.6399999999999	0.0	0.1876	-0.0684	0.9798	32.2873	2.0934	-41.1473	0.0	13	0.0	0.0		3293	0	0
1701889920063	t	street_test_cue_beach_right	0.0	4	0	4.3372	690.336	1030.24	0.7116	3.544	730.656	1247.04	0.0	0.1787	-0.074	0.9811	32.1601	2.1015	-41.12	0.0	13	0.0	0.0		3293	0	0
1701889920071	t	street_test_cue_beach_right	0.0	4	0	4.3761	703.4399999999999	1029.92	0.7373	3.6718	741.6	1241.12	0.2283	0.1503	-0.0728	0.9859	32.0589	2.0898	-41.0921	0.0	13	0.0	0.0		3293	0	0
1701889920079	t	street_test_cue_beach_right	0.0	4	0	4.4644	712.6560000000001	1037.12	0.7373	3.6238	745.1999999999999	1249.12	0.2283	0.135	-0.0887	0.9869	31.9634	2.0496	-41.0776	0.0	13	0.0	0.0		3293	0	0
1701889920088	t	street_test_cue_beach_right	0.0	4	0	4.4825	722.736	1037.6	0.8093	3.8203	759.5999999999999	1261.44	0.3951	0.1141	-0.0856	0.9898	31.8817	2.0207	-41.0715	0.0	13	0.0	0.0		3293	0	0
1701889920096	t	street_test_cue_beach_right	0.0	4	0	4.4635	734.1120000000001	1040.32	0.8093	4.3377	754.992	1271.36	0.3951	0.0927	-0.0857	0.992	31.777	1.9715	-41.0698	0.0	13	0.0	0.0		3293	0	0
1701889920104	t	street_test_cue_beach_right	0.0	4	0	4.2955	743.616	1033.44	0.8321	4.1886	771.5520000000001	1263.2	0.5062	0.0739	-0.0675	0.995	31.7002	1.9969	-41.1093	0.0	13	0.0	0.0		3293	0	0
1701889920113	t	street_test_cue_beach_right	0.0	4	0	4.3504	754.992	1034.3999999999999	0.8321	4.0169	778.608	1259.04	0.5062	0.0533	-0.0715	0.996	31.5926	2.0076	-41.1252	0.0	13	0.0	0.0		3293	0	0
1701889920122	t	street_test_cue_beach_right	0.0	4	0	4.3607	762.048	1035.52	0.8444	3.7129	782.784	1256.0	0.4234	0.0351	-0.0749	0.9966	31.5541	2.0402	-41.2385	0.0	13	0.0	0.0		3293	0	0
1701889920129	t	street_test_cue_beach_right	0.0	4	0	4.4214	738.864	1041.6000000000001	0.8444	3.7967	774.144	1264.48	0.4234	0.094	-0.079	0.9924	31.6835	1.9254	-41.0975	0.0	13	0.0	0.0		3293	0	0
1701889920138	t	street_test_cue_beach_right	0.0	4	0	4.4872	709.6320000000001	1046.72	0.8642	3.5809	749.8080000000001	1268.0	0.5407	0.1571	-0.0755	0.9847	31.9073	1.852	-41.1581	0.0	13	0.0	0.0		3293	0	0
1701889920146	t	street_test_cue_beach_right	0.0	4	0	4.5327	684.7199999999999	1060.0	0.8642	3.0784	718.1279999999999	1257.92	0.5407	0.2018	-0.1013	0.9742	32.1407	1.7974	-41.2189	0.0	13	0.0	0.0		3293	0	0
1701889920154	t	street_test_cue_beach_right	0.0	4	0	4.4104	657.648	1069.1200000000001	0.8101	2.9494	699.264	1248.96	0.5523	0.2567	-0.1103	0.9602	32.3592	1.7371	-41.3066	0.0	13	0.0	0.0		3293	0	0
1701889920164	t	street_test_cue_beach_right	0.0	4	0	4.4448	641.952	1080.64	0.8101	3.5228	659.664	1285.6	0.5523	0.2817	-0.1239	0.9515	32.5102	1.6507	-41.3777	0.0	13	0.0	0.0		3293	0	0
1701889920172	t	street_test_cue_beach_right	0.0	4	0	4.4165	641.952	1080.48	0.7881	2.9846	668.448	1274.56	0.4678	0.2732	-0.1161	0.9549	32.5155	1.6089	-41.3848	0.0	13	0.0	0.0		3293	0	0
1701889920180	t	street_test_cue_beach_right	0.0	4	0	4.6464	646.992	1087.36	0.7881	3.079	681.984	1281.6000000000001	0.4678	0.2588	-0.1332	0.9567	32.5009	1.5822	-41.3699	0.0	13	0.0	0.0		3293	0	0
1701889920188	t	street_test_cue_beach_right	0.0	4	0	4.4174	650.0160000000001	1083.52	0.8041	3.0298	692.784	1288.48	0.3936	0.2556	-0.119	0.9594	32.4955	1.5639	-41.3716	0.0	13	0.0	0.0		3293	0	0
1701889920197	t	street_test_cue_beach_right	0.0	4	0	4.4775	655.9200000000001	1083.3600000000001	0.8041	2.9568	698.256	1289.28	0.3936	0.246	-0.1243	0.9613	32.4273	1.5844	-41.3411	0.0	13	0.0	0.0		3293	0	0
1701889920205	t	street_test_cue_beach_right	0.0	4	0	4.5373	662.256	1083.04	0.8393	3.3373	706.032	1268.1599999999999	0.5068	0.2352	-0.1263	0.9637	32.3033	1.588	-41.3149	0.0	13	0.0	0.0		3293	0	0
1701889920213	t	street_test_cue_beach_right	0.0	4	0	4.5352	667.5840000000001	1080.32	0.8393	3.3818	711.6479999999999	1266.56	0.5068	0.2249	-0.1227	0.9666	32.2867	1.6065	-41.2986	0.0	13	0.0	0.0		3293	0	0
1701889920222	t	street_test_cue_beach_right	0.0	4	0	4.5134	673.344	1077.9199999999998	0.8397	3.2443	702.576	1274.72	0.6049	0.2166	-0.1243	0.9683	32.2653	1.6444	-41.2765	0.0	13	0.0	0.0		3293	0	0
1701889920230	t	street_test_cue_beach_right	0.0	4	0	4.5005	678.528	1075.3600000000001	0.8397	3.7225	706.176	1288.64	0.6049	0.203	-0.1233	0.9714	32.2437	1.6702	-41.2563	0.0	13	0.0	0.0		3293	0	0
1701889920238	t	street_test_cue_beach_right	0.0	4	0	4.5326	681.12	1075.52	0.8805	3.4066	725.904	1276.48	0.7132	0.1972	-0.1275	0.972	32.2232	1.6845	-41.2431	0.0	13	0.0	0.0		3293	0	0
1701889920247	t	street_test_cue_beach_right	0.0	4	0	4.5461	685.5840000000001	1073.92	0.8805	4.007	721.152	1298.56	0.7132	0.1824	-0.1259	0.9751	32.2139	1.6948	-41.2289	0.0	13	0.0	0.0		3293	0	0
1701889920255	t	street_test_cue_beach_right	0.0	4	0	4.6779	688.032	1073.44	0.8534	3.6204	733.536	1272.64	0.7525	0.1752	-0.1273	0.9763	32.2086	1.7087	-41.2195	0.0	13	0.0	0.0		3293	0	0
1701889920264	t	street_test_cue_beach_right	0.0	4	0	4.6147	688.3199999999999	1074.56	0.8534	3.7277	734.976	1264.96	0.7525	0.1762	-0.1279	0.976	32.2011	1.6946	-41.2288	0.0	13	0.0	0.0		3293	0	0
1701889920272	t	street_test_cue_beach_right	0.0	4	0	4.6888	691.6320000000001	1071.8400000000001	0.8755	3.8828	734.2560000000001	1280.64	0.7648	0.167	-0.1227	0.9783	32.1842	1.709	-41.2171	0.0	13	0.0	0.0		3293	0	0
1701889920280	t	street_test_cue_beach_right	0.0	4	0	4.7315	696.096	1070.4	0.8755	3.9835	729.072	1281.12	0.7648	0.1525	-0.1154	0.9815	32.173	1.6897	-41.2106	0.0	13	0.0	0.0		3293	0	0
1701889920288	t	street_test_cue_beach_right	0.0	4	0	4.7366	695.52	1070.24	0.8968	3.7964	737.712	1265.28	0.8277	0.156	-0.1155	0.981	32.1668	1.6937	-41.2119	0.0	13	0.0	0.0		3293	0	0
1701889920297	t	street_test_cue_beach_right	0.0	4	0	4.689	698.976	1071.8400000000001	0.8968	3.864	740.592	1265.92	0.8277	0.1451	-0.1199	0.9821	32.156	1.6859	-41.2033	0.0	13	0.0	0.0		3293	0	0
1701889920305	t	street_test_cue_beach_right	0.0	4	0	4.758	699.9839999999999	1066.72	0.9024	3.8606	744.768	1262.4	0.7725	0.1416	-0.1052	0.9843	32.155	1.694	-41.2058	0.0	13	0.0	0.0		3293	0	0
1701889920313	t	street_test_cue_beach_right	0.0	4	0	4.7581	701.28	1067.52	0.9024	3.8635	744.9119999999999	1261.44	0.7725	0.1369	-0.1054	0.985	32.1537	1.6824	-41.2048	0.0	13	0.0	0.0		3293	0	0
1701889920322	t	street_test_cue_beach_right	0.0	4	0	4.732	702.288	1066.08	0.8907	3.8657	743.328	1261.1200000000001	0.8137	0.1319	-0.0996	0.9862	32.1616	1.6744	-41.2067	0.0	13	0.0	0.0		3293	0	0
1701889920330	t	street_test_cue_beach_right	0.0	4	0	4.7556	704.016	1065.76	0.8907	3.9158	746.064	1261.6	0.8137	0.1226	-0.1007	0.9873	32.1745	1.6817	-41.2009	0.0	13	0.0	0.0		3293	0	0
1701889920338	t	street_test_cue_beach_right	0.0	4	0	4.7589	704.16	1066.24	0.8953	4.0239	750.9599999999999	1261.9199999999998	0.847	0.1193	-0.1026	0.9875	32.1868	1.6831	-41.1991	0.0	13	0.0	0.0		3293	0	0
1701889920347	t	street_test_cue_beach_right	0.0	4	0	4.7994	705.312	1063.2	0.8953	4.0212	749.376	1257.92	0.847	0.1137	-0.0944	0.989	32.1926	1.6897	-41.1968	0.0	13	0.0	0.0		3293	0	0
1701889920355	t	street_test_cue_beach_right	0.0	4	0	4.8094	706.3199999999999	1060.8	0.904	3.8596	748.944	1252.32	0.8437	0.1078	-0.0891	0.9902	32.1659	1.6955	-41.1926	0.0	13	0.0	0.0		3293	0	0
1701889920363	t	street_test_cue_beach_right	0.0	4	0	4.8292	693.36	1062.24	0.904	3.9505	739.1519999999999	1256.96	0.8437	0.1313	-0.0855	0.9876	32.2157	1.6659	-41.2271	0.0	13	0.0	0.0		3293	0	0
1701889920372	t	street_test_cue_beach_right	0.0	4	0	4.8307	666.0	1072.96	0.9129	3.8534	714.672	1261.76	0.8336	0.1882	-0.1052	0.9765	32.2591	1.6129	-41.2874	0.0	13	0.0	0.0		3293	0	0
1701889920380	t	street_test_cue_beach_right	0.0	4	0	4.7521	638.928	1081.4399999999998	0.9129	3.9763	661.8240000000001	1264.8	0.8336	0.2379	-0.1148	0.9645	32.782	1.5829	-41.3937	0.0	13	0.0	0.0		3293	0	0
1701889920389	t	street_test_cue_beach_right	0.0	4	0	4.7544	616.4639999999999	1084.1599999999999	0.8377	3.7181	653.616	1264.16	0.8409	0.2749	-0.1184	0.9541	33.0119	1.5965	-41.4701	0.0	13	0.0	0.0		3293	0	0
1701889920396	t	street_test_cue_beach_right	0.0	4	0	4.8068	606.24	1078.4	0.8377	3.9479	628.848	1266.8799999999999	0.8409	0.2884	-0.104	0.9518	33.1249	1.6334	-41.5088	0.0	13	0.0	0.0		3293	0	0
1701889920405	t	street_test_cue_beach_right	0.0	4	0	4.7578	608.832	1079.04	0.8347	4.2033	630.288	1270.88	0.6707	0.2756	-0.1111	0.9548	33.0511	1.6401	-41.4875	0.0	13	0.0	0.0		3293	0	0
1701889920412	t	street_test_cue_beach_right	0.0	4	0	4.6409	608.4	1076.8000000000002	0.8347	4.4228	630.144	1256.48	0.6707	0.2776	-0.1096	0.9544	32.7826	1.648	-41.4686	0.0	13	0.0	0.0		3293	0	0
1701889920421	t	street_test_cue_beach_right	0.0	4	0	4.7639	610.56	1073.6000000000001	0.8383	4.2904	640.944	1255.2	0.6673	0.2708	-0.1041	0.957	32.8222	1.6721	-41.4579	0.0	13	0.0	0.0		3293	0	0
1701889920430	t	street_test_cue_beach_right	0.0	4	0	4.6994	612.144	1070.4	0.8383	4.5213	639.648	1252.8	0.6673	0.2605	-0.0959	0.9607	32.8462	1.6749	-41.4596	0.0	13	0.0	0.0		3293	0	0
1701889920437	t	street_test_cue_beach_right	0.0	4	0	4.6219	614.592	1068.48	0.8284	4.1377	642.096	1253.9199999999998	0.635	0.2506	-0.0908	0.9638	33.0797	1.6861	-41.4648	0.0	13	0.0	0.0		3293	0	0
1701889920446	t	street_test_cue_beach_right	0.0	4	0	4.6369	615.6	1068.64	0.8284	3.6756	645.696	1246.8799999999999	0.635	0.2454	-0.0907	0.9652	33.181	1.6864	-41.4658	0.0	13	0.0	0.0		3293	0	0
1701889920454	t	street_test_cue_beach_right	0.0	4	0	4.7029	618.768	1064.96	0.8007	3.3133	668.016	1217.92	0.6547	0.233	-0.0851	0.9688	33.1857	1.7079	-41.451	0.0	13	0.0	0.0		3293	0	0
1701889920463	t	street_test_cue_beach_right	0.0	4	0	4.6508	620.928	1064.48	0.8007	3.0703	661.8240000000001	1215.1999999999998	0.6547	0.2287	-0.0912	0.9692	33.1676	1.7412	-41.4339	0.0	13	0.0	0.0		3293	0	0
1701889920471	t	street_test_cue_beach_right	0.0	4	0	4.5577	625.1039999999999	1059.68	0.796	3.6299	665.424	1213.44	0.4944	0.2233	-0.0854	0.971	33.1226	1.7796	-41.418	0.0	13	0.0	0.0		3293	0	0
1701889920479	t	street_test_cue_beach_right	0.0	4	0	4.6553	630.144	1054.88	0.796	3.8268	676.368	1229.92	0.4944	0.2132	-0.0864	0.9732	33.081	1.8518	-41.3867	0.0	13	0.0	0.0		3293	0	0
1701889920487	t	street_test_cue_beach_right	0.0	4	0	4.7523	633.168	1048.96	0.8011	4.5456	681.696	1219.2	0.3222	0.2051	-0.0918	0.9744	33.0655	1.9676	-41.355	0.0	13	0.0	0.0		3293	0	0
1701889920495	t	street_test_cue_beach_right	0.0	4	0	-1.0	638.784	1059.84	0.8011	-1.0	669.168	1213.92	0.3222	-1.0	-1.0	-1.0	-1.0	-1.0	-1.0	0.0	13	0.0	0.0		3293	0	0
1701889920503	t	street_test_cue_beach_right	0.0	4	0	-1.0	623.088	1066.24	0.7257	-1.0	657.792	1283.52	0.0	-1.0	-1.0	-1.0	-1.0	-1.0	-1.0	0.0	13	0.0	0.0		3293	0	0
1701889920513	t	street_test_cue_beach_right	0.0	4	0	-1.0	648.576	1091.68	0.4482	-1.0	623.232	1325.76	0.0	-1.0	-1.0	-1.0	-1.0	-1.0	-1.0	0.0	13	0.0	0.0		3293	200	MYKEYWORD 200
