Recording timestamp	type	Scene Name	scene_num	order	djv_reported	PupilDiam_Left	Gaze2d_Left.x	Gaze2d_Left.y	left_eye_openness	PupilDiam_Right	Gaze2d_Right.x	Gaze2d_Right.y	right_eye_openness	gaze_direction_x	gaze_direction_y	gaze_direction_z	gaze_origin_x	gaze_origin_y	gaze_origin_z	gaze_convergence_distance	participant	study_status	scene_familiarity	recall_status	Identifier	Event value	Event message
1701970700030	t	cellar_test_cue_bakery_left	0.0	0	0	6.7912	600.192	779.52	0.8107	6.1144	681.984	836.0	0.7364	0.0717	-0.2593	0.9631	-9.7863	2.2447	-26.4721	0.0	16	0.0	0.0		1907	100	MYKEYWORD 100
1701970700038	t	cellar_test_cue_bakery_left	0.0	0	0	6.7223	584.208	788.32	0.7427	6.2544	658.512	838.4000000000001	0.7902	0.1117	-0.2701	0.9563	-6.8793	2.2756	-26.5199	0.0	16	0.0	0.0		1907	0	0
1701970700047	t	cellar_test_cue_bakery_left	0.0	0	0	6.963	572.976	781.28	0.7441	6.278	642.24	833.92	0.7913	0.1356	-0.253	0.9579	-4.1015	2.3227	-26.5704	0.0	16	0.0	0.0		1907	0	0
1701970700055	t	cellar_test_cue_bakery_left	0.0	0	0	7.1318	567.9359999999999	771.1999999999999	0.6854	6.257	635.904	834.0799999999999	0.8234	0.1458	-0.2383	0.9602	-2.5888	2.3372	-26.5955	0.0	16	0.0	0.0		1907	0	0
1701970700063	t	cellar_test_cue_bakery_left	0.0	0	0	7.0067	572.256	782.08	0.6854	6.2781	645.552	833.6	0.8234	0.1275	-0.2457	0.9609	-4.1877	2.279	-26.5846	0.0	16	0.0	0.0		1907	0	0
1701970700072	t	cellar_test_cue_bakery_left	0.0	0	0	6.7785	578.736	788.48	0.6962	6.2044	649.728	833.1200000000001	0.8324	0.1223	-0.2615	0.9574	8.9566	2.5235	-26.7378	0.0	16	0.0	0.0		1907	0	0
1701970700080	t	cellar_test_cue_bakery_left	0.0	0	0	7.032	582.912	782.72	0.6962	6.2508	659.808	836.16	0.8324	0.1105	-0.2534	0.961	11.4258	2.552	-26.7504	0.0	16	0.0	0.0		1907	0	0
1701970700088	t	cellar_test_cue_bakery_left	0.0	0	0	6.8743	588.816	787.36	0.7354	6.2934	663.12	836.16	0.8766	0.1049	-0.2628	0.9591	8.3348	2.5108	-26.7208	0.0	16	0.0	0.0		1907	0	0
1701970700097	t	cellar_test_cue_bakery_left	0.0	0	0	6.9801	593.424	783.04	0.7354	6.2611	667.1519999999999	835.0400000000001	0.8766	0.0987	-0.2537	0.9622	8.4904	2.5144	-26.7307	0.0	16	0.0	0.0		1907	0	0
1701970700105	t	cellar_test_cue_bakery_left	0.0	0	0	6.8979	595.5840000000001	785.9200000000001	0.7275	6.192	672.912	836.32	0.863	0.0954	-0.2634	0.9599	6.4336	2.4879	-26.6608	0.0	16	0.0	0.0		1907	0	0
1701970700113	t	cellar_test_cue_bakery_left	0.0	0	0	6.9252	597.456	782.56	0.7275	6.2518	676.0799999999999	835.36	0.863	0.0949	-0.256	0.962	4.7666	2.4638	-26.6653	0.0	16	0.0	0.0		1907	0	0
1701970700121	t	cellar_test_cue_bakery_left	0.0	0	0	6.8371	602.928	785.6	0.7281	6.1821	679.536	831.5200000000001	0.8625	0.091	-0.2577	0.9619	4.7576	2.4883	-26.7055	0.0	16	0.0	0.0		1907	0	0
1701970700130	t	cellar_test_cue_bakery_left	0.0	0	0	6.6787	608.4	788.48	0.7281	6.1885	687.312	832.3199999999999	0.8625	0.0758	-0.2688	0.9602	4.1446	2.504	-26.6608	0.0	16	0.0	0.0		1907	0	0
1701970700138	t	cellar_test_cue_bakery_left	0.0	0	0	6.7909	611.568	781.28	0.7386	6.2177	693.216	837.5999999999999	0.8325	0.0669	-0.2688	0.9608	5.5291	2.5452	-26.6457	0.0	16	0.0	0.0		1907	0	0
1701970700146	t	cellar_test_cue_bakery_left	0.0	0	0	6.577	611.424	787.84	0.7386	5.7496	695.376	836.32	0.8325	0.0673	-0.2861	0.9558	6.5702	2.6126	-26.6646	0.0	16	0.0	0.0		1907	0	0
1701970700154	t	cellar_test_cue_bakery_left	0.0	0	0	7.0042	616.7520000000001	776.0	0.6268	5.4347	704.304	849.76	0.7476	0.0506	-0.2939	0.9545	7.0871	2.6832	-26.6411	0.0	16	0.0	0.0		1907	0	0
1701970700162	t	cellar_test_cue_bakery_left	0.0	0	0	6.67	609.9839999999999	788.0	0.6268	5.3709	701.568	852.3199999999999	0.7476	0.0626	-0.319	0.9456	8.6889	2.7248	-26.6591	0.0	16	0.0	0.0		1907	0	0
1701970700170	t	cellar_test_cue_bakery_left	0.0	0	0	6.5119	608.544	789.76	0.4518	5.2197	691.488	856.32	0.5515	0.0795	-0.3324	0.9398	4.092	2.6615	-26.5988	0.0	16	0.0	0.0		1907	0	0
1701970700179	t	cellar_test_cue_bakery_left	0.0	0	0	6.3657	602.64	800.3199999999999	0.4518	5.4169	683.28	855.04	0.5515	0.1016	-0.344	0.9334	3.2192	2.6319	-26.6017	0.0	16	0.0	0.0		1907	0	0
1701970700187	t	cellar_test_cue_bakery_left	0.0	0	0	6.3464	601.344	803.68	0.3436	5.621	684.144	851.8399999999999	0.4109	0.0991	-0.3419	0.9345	1.8688	2.5948	-26.5928	0.0	16	0.0	0.0		1907	0	0
1701970700195	t	cellar_test_cue_bakery_left	0.0	0	0	6.2746	615.7439999999999	819.8399999999999	0.3436	5.7096	695.952	851.2	0.4109	0.0572	-0.3569	0.9324	6.3386	2.5948	-26.6466	0.0	16	0.0	0.0		1907	0	0
1701970700204	t	cellar_test_cue_bakery_left	0.0	0	0	6.5346	624.096	816.0	0.2793	5.7649	694.656	858.56	0.3892	0.0518	-0.3493	0.9356	-4.3503	2.379	-26.5534	0.0	16	0.0	0.0		1907	0	0
1701970700212	t	cellar_test_cue_bakery_left	0.0	0	0	6.6634	628.56	821.9200000000001	0.2793	5.7753	697.1039999999999	861.5999999999999	0.3892	0.05	-0.3447	0.9373	-7.9624	2.2304	-26.5342	0.0	16	0.0	0.0		1907	0	0
1701970700221	t	cellar_test_cue_bakery_left	0.0	0	0	6.4432	626.544	831.1999999999999	0.3316	5.5698	704.88	876.8000000000001	0.3927	0.0356	-0.3737	0.9268	-11.6797	2.124	-26.5244	0.0	16	0.0	0.0		1907	0	0
1701970700229	t	cellar_test_cue_bakery_left	0.0	0	0	6.7034	627.264	824.9599999999999	0.3316	5.6475	698.112	872.48	0.3927	0.0597	-0.3526	0.9339	-12.9974	2.0621	-26.5301	0.0	16	0.0	0.0		1907	0	0
1701970700237	t	cellar_test_cue_bakery_left	0.0	0	0	6.56	624.528	822.72	0.4404	5.6149	703.4399999999999	869.92	0.457	0.0455	-0.3463	0.937	-7.9905	2.1451	-26.5716	0.0	16	0.0	0.0		1907	0	0
1701970700246	t	cellar_test_cue_bakery_left	0.0	0	0	6.6759	626.4	819.36	0.4404	5.5826	702.432	871.52	0.457	0.0458	-0.3421	0.9385	-4.1241	2.1822	-26.6093	0.0	16	0.0	0.0		1907	0	0
1701970700254	t	cellar_test_cue_bakery_left	0.0	0	0	6.4813	625.968	823.6800000000001	0.4749	5.5847	704.448	869.92	0.5315	0.0415	-0.3394	0.9397	0.4497	2.2245	-26.6808	0.0	16	0.0	0.0		1907	0	0
1701970700263	t	cellar_test_cue_bakery_left	0.0	0	0	6.2776	628.848	827.68	0.4749	5.4917	703.152	869.28	0.5315	0.0412	-0.3437	0.9382	2.5002	2.248	-26.6934	0.0	16	0.0	0.0		1907	0	0
1701970700271	t	cellar_test_cue_bakery_left	0.0	0	0	6.3004	627.408	822.56	0.5378	5.6284	704.592	867.36	0.6038	0.0418	-0.3284	0.9436	3.7344	2.241	-26.7245	0.0	16	0.0	0.0		1907	0	0
1701970700279	t	cellar_test_cue_bakery_left	0.0	0	0	6.4545	627.984	822.72	0.5378	5.5255	703.7280000000001	866.4	0.6038	0.0405	-0.3257	0.9446	2.8522	2.2177	-26.7168	0.0	16	0.0	0.0		1907	0	0
1701970700287	t	cellar_test_cue_bakery_left	0.0	0	0	6.3001	630.0	822.08	0.6158	5.5605	703.584	863.04	0.611	0.0358	-0.3197	0.9468	2.3562	2.21	-26.7086	0.0	16	0.0	0.0		1907	0	0
1701970700296	t	cellar_test_cue_bakery_left	0.0	0	0	6.135	625.968	824.16	0.6158	5.5005	703.296	863.1999999999999	0.611	0.0381	-0.3247	0.945	2.2768	2.2188	-26.702	0.0	16	0.0	0.0		1907	0	0
1701970700304	t	cellar_test_cue_bakery_left	0.0	0	0	6.1999	624.384	819.68	0.6918	5.4256	701.136	865.76	0.6849	0.0402	-0.3223	0.9458	1.9668	2.2144	-26.6971	0.0	16	0.0	0.0		1907	0	0
1701970700313	t	cellar_test_cue_bakery_left	0.0	0	0	6.1944	621.6479999999999	819.0400000000001	0.6933	5.4746	698.256	862.2400000000001	0.6864	0.0476	-0.3151	0.9478	2.0633	2.2112	-26.7001	0.0	16	0.0	0.0		1907	0	0
1701970700321	t	cellar_test_cue_bakery_left	0.0	0	0	6.1341	621.504	815.1999999999999	0.7386	5.3993	698.4	861.28	0.7653	0.0451	-0.3082	0.9502	2.2522	2.209	-26.6838	0.0	16	0.0	0.0		1907	0	0
1701970700329	t	cellar_test_cue_bakery_left	0.0	0	0	5.9955	622.08	818.72	0.7386	5.3453	696.096	862.0799999999999	0.7653	0.0461	-0.3161	0.9476	2.31	2.2176	-26.6778	0.0	16	0.0	0.0		1907	0	0
1701970700338	t	cellar_test_cue_bakery_left	0.0	0	0	6.0832	619.776	812.32	0.7634	5.3352	693.792	861.5999999999999	0.7583	0.0481	-0.3034	0.9516	2.3715	2.205	-26.7	0.0	16	0.0	0.0		1907	0	0
1701970700346	t	cellar_test_cue_bakery_left	0.0	0	0	5.9073	618.48	813.5999999999999	0.7634	5.2239	691.776	861.5999999999999	0.7583	0.0511	-0.3051	0.9509	2.0574	2.1974	-26.6832	0.0	16	0.0	0.0		1907	0	0
1701970700354	t	cellar_test_cue_bakery_left	0.0	0	0	5.7984	616.7520000000001	817.76	0.8003	5.1984	690.48	861.92	0.8112	0.0535	-0.311	0.9489	1.2093	2.1819	-26.6775	0.0	16	0.0	0.0		1907	0	0
1701970700363	t	cellar_test_cue_bakery_left	0.0	0	0	5.8252	613.008	812.32	0.8003	5.0855	687.168	862.0799999999999	0.8112	0.0612	-0.3042	0.9506	0.5682	2.1748	-26.6697	0.0	16	0.0	0.0		1907	0	0
1701970700371	t	cellar_test_cue_bakery_left	0.0	0	0	5.7808	613.152	813.4399999999999	0.7862	5.0186	686.16	860.16	0.8369	0.0591	-0.3033	0.951	-0.094	2.1683	-26.6612	0.0	16	0.0	0.0		1907	0	0
1701970700380	t	cellar_test_cue_bakery_left	0.0	0	0	5.5481	607.248	810.3999999999999	0.7862	4.9914	682.56	857.44	0.8369	0.0718	-0.2941	0.9531	-0.6908	2.1606	-26.6767	0.0	16	0.0	0.0		1907	0	0
1701970700388	t	cellar_test_cue_bakery_left	0.0	0	0	5.7441	612.0	809.44	0.7999	4.9176	681.264	857.1199999999999	0.8723	0.0613	-0.2941	0.9538	-0.8396	2.166	-26.6713	0.0	16	0.0	0.0		1907	0	0
1701970700396	t	cellar_test_cue_bakery_left	0.0	0	0	5.6334	606.96	813.12	0.7999	4.921	677.952	856.0	0.8723	0.0705	-0.2979	0.952	-1.0811	2.1673	-26.6676	0.0	16	0.0	0.0		1907	0	0
1701970700405	t	cellar_test_cue_bakery_left	0.0	0	0	5.5674	603.36	811.36	0.8303	4.8684	675.792	857.6	0.9174	0.0762	-0.2946	0.9525	-1.4787	2.1444	-26.6795	0.0	16	0.0	0.0		1907	0	0
1701970700413	t	cellar_test_cue_bakery_left	0.0	0	0	5.5281	604.2239999999999	814.08	0.8303	4.8572	671.328	856.8	0.9174	0.0793	-0.297	0.9516	-1.0526	2.1491	-26.6827	0.0	16	0.0	0.0		1907	0	0
1701970700421	t	cellar_test_cue_bakery_left	0.0	0	0	5.4646	600.624	809.76	0.846	4.7375	669.024	856.64	0.9385	0.0841	-0.2906	0.9532	-1.22	2.146	-26.6881	0.0	16	0.0	0.0		1907	0	0
1701970700430	t	cellar_test_cue_bakery_left	0.0	0	0	5.5207	602.928	815.04	0.846	4.7852	665.712	856.32	0.9385	0.0826	-0.2977	0.9511	-0.3954	2.1617	-26.6995	0.0	16	0.0	0.0		1907	0	0
1701970700438	t	cellar_test_cue_bakery_left	0.0	0	0	5.4805	596.3040000000001	808.96	0.8449	4.601	662.976	855.84	0.9373	0.0927	-0.2881	0.9531	4.1778	2.229	-26.7557	0.0	16	0.0	0.0		1907	0	0
1701970700446	t	cellar_test_cue_bakery_left	0.0	0	0	5.5089	592.56	809.76	0.8458	4.6664	662.688	859.0400000000001	0.9377	0.0965	-0.2936	0.951	3.856	2.2222	-26.7542	0.0	16	0.0	0.0		1907	0	0
1701970700455	t	cellar_test_cue_bakery_left	0.0	0	0	5.409	594.288	815.1999999999999	0.8536	4.6015	659.664	857.1199999999999	0.9506	0.0949	-0.298	0.9498	3.433	2.2064	-26.7396	0.0	16	0.0	0.0		1907	0	0
1701970700463	t	cellar_test_cue_bakery_left	0.0	0	0	5.352	591.264	810.2399999999999	0.8536	4.4351	659.232	858.08	0.9506	0.0975	-0.2918	0.9515	0.9761	2.166	-26.7155	0.0	16	0.0	0.0		1907	0	0
1701970700471	t	cellar_test_cue_bakery_left	0.0	0	0	5.3347	589.248	812.48	0.8557	4.5722	654.9119999999999	858.08	0.9585	0.1056	-0.2908	0.9509	1.27	2.1523	-26.7444	0.0	16	0.0	0.0		1907	0	0
1701970700480	t	cellar_test_cue_bakery_left	0.0	0	0	5.2465	588.528	808.4799999999999	0.8557	4.3835	654.624	858.24	0.9585	0.1048	-0.2887	0.9516	1.8218	2.1803	-26.7467	0.0	16	0.0	0.0		1907	0	0
1701970700488	t	cellar_test_cue_bakery_left	0.0	0	0	5.2124	587.232	806.88	0.8508	4.323	653.904	858.8800000000001	0.9844	0.1119	-0.2876	0.9512	3.03	2.2046	-26.7627	0.0	16	0.0	0.0		1907	0	0
1701970700496	t	cellar_test_cue_bakery_left	0.0	0	0	5.2261	605.232	811.52	0.8508	4.3288	670.1759999999999	859.2	0.9844	0.0821	-0.3005	0.9502	3.1201	2.2335	-26.7299	0.0	16	0.0	0.0		1907	0	0
1701970700505	t	cellar_test_cue_bakery_left	0.0	0	0	4.8961	638.784	811.8399999999999	0.8461	4.4368	703.296	859.52	0.997	0.0242	-0.3061	0.9517	-0.5668	2.2078	-26.6766	0.0	16	0.0	0.0		1907	0	0
1701970700513	t	cellar_test_cue_bakery_left	0.0	0	0	4.9882	679.968	815.1999999999999	0.8461	4.2958	736.8480000000001	862.72	0.997	-0.0366	-0.3127	0.9491	-2.9206	2.168	-26.6614	0.0	16	0.0	0.0		1907	0	0
1701970700521	t	cellar_test_cue_bakery_left	0.0	0	0	4.8299	720.5759999999999	816.16	0.8619	4.2797	775.4399999999999	870.5600000000001	0.908	-0.1071	-0.3221	0.9406	-6.6611	2.1075	-26.6655	0.0	16	0.0	0.0		1907	0	0
1701970700529	t	cellar_test_cue_bakery_left	0.0	0	0	4.7035	764.4960000000001	824.64	0.8619	4.2436	813.024	879.8400000000001	0.908	-0.1746	-0.3376	0.9249	-9.8769	2.0478	-26.7476	0.0	16	0.0	0.0		1907	0	0
1701970700538	t	cellar_test_cue_bakery_left	0.0	0	0	4.9988	807.264	826.72	0.9367	4.4157	850.032	875.52	0.8138	-0.2423	-0.3247	0.9142	-15.142	1.9909	-26.7994	0.0	16	0.0	0.0		1907	0	0
1701970700546	t	cellar_test_cue_bakery_left	0.0	0	0	4.8527	840.24	830.4	0.9367	4.444	885.6	876.3199999999999	0.8138	-0.2834	-0.3303	0.9003	25.1154	2.6121	-27.1909	0.0	16	0.0	0.0		1907	0	0
1701970700554	t	cellar_test_cue_bakery_left	0.0	0	0	4.8577	874.0799999999999	830.88	1.0	4.3971	908.3520000000001	881.4399999999999	0.7971	-0.3384	-0.3201	0.8848	27.9663	2.6394	-27.3284	0.0	16	0.0	0.0		1907	0	0
1701970700563	t	cellar_test_cue_bakery_left	0.0	0	0	4.9851	895.824	832.0	1.0	4.377	928.0799999999999	878.2400000000001	0.7971	-0.3746	-0.3189	0.8706	28.0575	2.6662	-27.4162	0.0	16	0.0	0.0		1907	0	0
1701970700571	t	cellar_test_cue_bakery_left	0.0	0	0	4.8678	894.384	829.4399999999999	1.0	4.1632	927.792	875.36	0.5927	-0.3724	-0.315	0.8729	27.5996	2.6783	-27.4002	0.0	16	0.0	0.0		1907	0	0
1701970700579	t	cellar_test_cue_bakery_left	0.0	0	0	4.8143	885.168	830.4	1.0	4.2876	923.76	873.28	0.5943	-0.3561	-0.3154	0.8796	27.2797	2.6429	-27.3668	0.0	16	0.0	0.0		1907	0	0
1701970700588	t	cellar_test_cue_bakery_left	0.0	0	0	4.8127	876.96	828.6400000000001	1.0	4.2459	918.1439999999999	873.9200000000001	0.6238	-0.3388	-0.3148	0.8866	23.6817	2.5992	-27.3079	0.0	16	0.0	0.0		1907	0	0
1701970700596	t	cellar_test_cue_bakery_left	0.0	0	0	4.6684	873.648	826.24	1.0	4.3058	913.3919999999999	868.8000000000001	0.6238	-0.3356	-0.3106	0.8893	16.5673	2.5265	-27.2395	0.0	16	0.0	0.0		1907	0	0
1701970700604	t	cellar_test_cue_bakery_left	0.0	0	0	4.7675	867.744	827.9999999999999	1.0	4.1693	907.92	871.52	0.6522	-0.3312	-0.322	0.8869	8.1593	2.4433	-27.155	0.0	16	0.0	0.0		1907	0	0
1701970700613	t	cellar_test_cue_bakery_left	0.0	0	0	4.6768	865.152	824.0	1.0	4.1014	902.88	867.6800000000001	0.6522	-0.328	-0.3143	0.8909	1.7971	2.3732	-27.0854	0.0	16	0.0	0.0		1907	0	0
1701970700621	t	cellar_test_cue_bakery_left	0.0	0	0	4.6334	857.5200000000001	823.6800000000001	1.0	4.1127	900.288	864.64	0.6737	-0.3213	-0.3077	0.8956	-2.3027	2.3007	-27.0399	0.0	16	0.0	0.0		1907	0	0
1701970700629	t	cellar_test_cue_bakery_left	0.0	0	0	4.5233	851.4720000000001	823.6800000000001	1.0	4.0863	893.6640000000001	864.8	0.6737	-0.3099	-0.3076	0.8996	-1.6665	2.2919	-27.0235	0.0	16	0.0	0.0		1907	0	0
1701970700638	t	cellar_test_cue_bakery_left	0.0	0	0	4.5451	846.8639999999999	820.8000000000001	1.0	4.0401	887.184	866.08	0.7126	-0.3006	-0.3043	0.9039	-3.0485	2.2526	-26.9952	0.0	16	0.0	0.0		1907	0	0
1701970700646	t	cellar_test_cue_bakery_left	0.0	0	0	4.6294	841.392	820.64	1.0	3.9634	883.44	864.64	0.7126	-0.2929	-0.3019	0.9072	-2.3259	2.2518	-26.9845	0.0	16	0.0	0.0		1907	0	0
1701970700654	t	cellar_test_cue_bakery_left	0.0	0	0	4.5866	836.208	821.7599999999999	1.0	3.8568	878.9760000000001	864.1600000000001	0.7432	-0.2888	-0.3052	0.9074	-2.1439	2.2624	-26.9667	0.0	16	0.0	0.0		1907	0	0
1701970700663	t	cellar_test_cue_bakery_left	0.0	0	0	4.6138	830.8799999999999	818.5600000000001	1.0	3.86	870.912	862.5600000000001	0.7432	-0.2765	-0.2995	0.9131	-1.2962	2.2652	-26.9512	0.0	16	0.0	0.0		1907	0	0
1701970700671	t	cellar_test_cue_bakery_left	0.0	0	0	4.5584	826.56	820.1599999999999	1.0	3.9119	868.4639999999999	860.8000000000001	0.7644	-0.2762	-0.3036	0.9119	0.9347	2.3181	-26.9542	0.0	16	0.0	0.0		1907	0	0
1701970700679	t	cellar_test_cue_bakery_left	0.0	0	0	4.4533	817.056	818.5600000000001	1.0	3.7263	859.104	857.9200000000001	0.7644	-0.2539	-0.2995	0.9197	2.1137	2.3271	-26.9416	0.0	16	0.0	0.0		1907	0	0
1701970700688	t	cellar_test_cue_bakery_left	0.0	0	0	4.4731	810.288	818.0799999999999	1.0	3.7208	852.048	852.3199999999999	0.8123	-0.2402	-0.2956	0.9246	3.2288	2.3549	-26.9269	0.0	16	0.0	0.0		1907	0	0
1701970700696	t	cellar_test_cue_bakery_left	0.0	0	0	4.4107	804.384	814.72	1.0	3.694	847.872	854.5600000000001	0.8123	-0.235	-0.2976	0.9253	4.5076	2.3893	-26.9105	0.0	16	0.0	0.0		1907	0	0
1701970700704	t	cellar_test_cue_bakery_left	0.0	0	0	4.394	798.7679999999999	814.24	1.0	3.7513	841.8240000000001	858.4	0.8278	-0.2268	-0.303	0.9256	4.2495	2.386	-26.8953	0.0	16	0.0	0.0		1907	0	0
1701970700713	t	cellar_test_cue_bakery_left	0.0	0	0	4.4125	792.432	811.36	1.0	3.6479	836.352	855.84	0.8288	-0.2162	-0.2971	0.93	4.4173	2.3913	-26.8825	0.0	16	0.0	0.0		1907	0	0
1701970700721	t	cellar_test_cue_bakery_left	0.0	0	0	4.4337	785.9519999999999	806.4	1.0	3.5485	830.0160000000001	852.0	1.0	-0.206	-0.2841	0.9364	5.2017	2.3893	-26.8705	0.0	16	0.0	0.0		1907	0	0
1701970700729	t	cellar_test_cue_bakery_left	0.0	0	0	4.4387	780.912	809.44	1.0	3.2969	816.192	856.32	1.0	-0.1893	-0.2977	0.9357	7.0426	2.4206	-26.8578	0.0	16	0.0	0.0		1907	0	0
1701970700738	t	cellar_test_cue_bakery_left	0.0	0	0	4.3767	777.024	809.6	1.0	3.4073	811.872	853.5999999999999	1.0	-0.1855	-0.2973	0.9366	7.8885	2.4445	-26.8559	0.0	16	0.0	0.0		1907	0	0
1701970700746	t	cellar_test_cue_bakery_left	0.0	0	0	4.3941	772.128	806.08	1.0	3.448	807.5519999999999	848.64	1.0	-0.1791	-0.2885	0.9406	8.8107	2.4688	-26.8525	0.0	16	0.0	0.0		1907	0	0
1701970700755	t	cellar_test_cue_bakery_left	0.0	0	0	4.3408	764.64	804.48	1.0	3.5242	801.7919999999999	847.3599999999999	1.0	-0.1656	-0.2883	0.9431	8.9624	2.4899	-26.8454	0.0	16	0.0	0.0		1907	0	0
1701970700762	t	cellar_test_cue_bakery_left	0.0	0	0	4.229	757.296	802.5600000000001	1.0	3.5337	796.32	846.5600000000001	1.0	-0.1507	-0.2872	0.9459	8.6513	2.4975	-26.8249	0.0	16	0.0	0.0		1907	0	0
1701970700771	t	cellar_test_cue_bakery_left	0.0	0	0	4.2394	751.392	796.48	1.0	3.3944	794.304	847.6800000000001	1.0	-0.1446	-0.2809	0.9488	7.2054	2.491	-26.8018	0.0	16	0.0	0.0		1907	0	0
1701970700779	t	cellar_test_cue_bakery_left	0.0	0	0	4.1784	747.072	795.04	1.0	3.4803	786.672	844.96	1.0	-0.1334	-0.2775	0.9514	5.5177	2.47	-26.7731	0.0	16	0.0	0.0		1907	0	0
1701970700788	t	cellar_test_cue_bakery_left	0.0	0	0	4.289	743.328	797.44	1.0	3.5721	780.912	844.3199999999999	1.0	-0.1306	-0.2825	0.9503	4.0765	2.4571	-26.7498	0.0	16	0.0	0.0		1907	0	0
1701970700796	t	cellar_test_cue_bakery_left	0.0	0	0	4.2503	737.28	796.0	1.0	3.5245	775.872	839.6800000000001	1.0	-0.1206	-0.2752	0.9538	3.4915	2.4512	-26.7385	0.0	16	0.0	0.0		1907	0	0
1701970700804	t	cellar_test_cue_bakery_left	0.0	0	0	4.3019	733.104	792.64	1.0	3.4627	769.968	838.5600000000001	1.0	-0.1113	-0.272	0.9558	3.5895	2.4657	-26.7187	0.0	16	0.0	0.0		1907	0	0
1701970700812	t	cellar_test_cue_bakery_left	0.0	0	0	4.2569	727.92	794.08	1.0	3.5717	769.248	836.48	1.0	-0.1118	-0.2745	0.9551	4.336	2.4933	-26.7178	0.0	16	0.0	0.0		1907	0	0
1701970700822	t	cellar_test_cue_bakery_left	0.0	0	0	4.277	721.296	792.64	1.0	3.4728	763.2	832.48	1.0	-0.0981	-0.2703	0.9578	5.2331	2.5197	-26.7129	0.0	16	0.0	0.0		1907	0	0
1701970700830	t	cellar_test_cue_bakery_left	0.0	0	0	4.3086	719.136	789.12	1.0	3.5327	760.464	832.9599999999999	1.0	-0.0949	-0.2693	0.9583	5.5207	2.5466	-26.7119	0.0	16	0.0	0.0		1907	0	0
1701970700838	t	cellar_test_cue_bakery_left	0.0	0	0	4.3013	712.6560000000001	786.88	1.0	3.4846	753.6959999999999	831.84	1.0	-0.084	-0.2643	0.9608	5.6374	2.5417	-26.6986	0.0	16	0.0	0.0		1907	0	0
1701970700846	t	cellar_test_cue_bakery_left	0.0	0	0	4.2644	715.5360000000001	790.7199999999999	1.0	3.5499	756.8639999999999	833.1200000000001	1.0	-0.0843	-0.2705	0.959	4.8445	2.5231	-26.7031	0.0	16	0.0	0.0		1907	0	0
1701970700855	t	cellar_test_cue_bakery_left	0.0	0	0	4.278	730.656	797.12	1.0	3.5075	768.24	836.96	1.0	-0.1093	-0.274	0.9555	3.2811	2.4423	-26.7178	0.0	16	0.0	0.0		1907	0	0
1701970700863	t	cellar_test_cue_bakery_left	0.0	0	0	4.2209	741.744	801.44	1.0	3.4886	775.872	842.24	1.0	-0.1268	-0.2817	0.9511	2.6905	2.4103	-26.7425	0.0	16	0.0	0.0		1907	0	0
1701970700871	t	cellar_test_cue_bakery_left	0.0	0	0	4.2767	743.184	801.2800000000001	1.0	3.4861	776.3040000000001	843.68	1.0	-0.1247	-0.2822	0.9512	-2.242	2.3369	-26.7034	0.0	16	0.0	0.0		1907	0	0
1701970700880	t	cellar_test_cue_bakery_left	0.0	0	0	4.1621	738.432	799.36	1.0	3.4868	773.568	841.76	1.0	-0.1214	-0.2808	0.952	-2.5447	2.3515	-26.6801	0.0	16	0.0	0.0		1907	0	0
1701970700888	t	cellar_test_cue_bakery_left	0.0	0	0	4.1889	730.3679999999999	798.88	1.0	3.5237	767.2320000000001	841.1199999999999	1.0	-0.1097	-0.2823	0.953	-2.2868	2.3676	-26.6647	0.0	16	0.0	0.0		1907	0	0
1701970700896	t	cellar_test_cue_bakery_left	0.0	0	0	4.2751	726.624	797.12	1.0	3.3291	761.04	839.04	1.0	-0.1047	-0.2787	0.9546	-2.0317	2.3769	-26.6547	0.0	16	0.0	0.0		1907	0	0
1701970700905	t	cellar_test_cue_bakery_left	0.0	0	0	4.2353	720.7199999999999	798.08	1.0	3.4553	757.44	837.7599999999999	1.0	-0.0946	-0.2832	0.9544	3.695	2.48	-26.6979	0.0	16	0.0	0.0		1907	0	0
1701970700913	t	cellar_test_cue_bakery_left	0.0	0	0	4.182	714.672	792.9599999999999	1.0	3.4794	754.128	834.24	1.0	-0.0868	-0.2758	0.9573	3.972	2.5143	-26.6939	0.0	16	0.0	0.0		1907	0	0
1701970700921	t	cellar_test_cue_bakery_left	0.0	0	0	4.2072	710.064	788.48	1.0	3.5066	748.0799999999999	829.12	1.0	-0.0773	-0.2666	0.9607	4.3117	2.542	-26.6809	0.0	16	0.0	0.0		1907	0	0
1701970700930	t	cellar_test_cue_bakery_left	0.0	0	0	4.1992	706.3199999999999	785.12	1.0	3.4277	744.768	826.72	1.0	-0.0745	-0.2664	0.961	5.6516	2.6119	-26.6945	0.0	16	0.0	0.0		1907	0	0
1701970700938	t	cellar_test_cue_bakery_left	0.0	0	0	4.1468	700.8480000000001	782.88	1.0	3.5346	739.4399999999999	825.76	1.0	-0.062	-0.2655	0.9621	6.5419	2.6457	-26.6924	0.0	16	0.0	0.0		1907	0	0
1701970700946	t	cellar_test_cue_bakery_left	0.0	0	0	4.2245	696.096	779.6800000000001	1.0	3.4803	733.68	824.9599999999999	1.0	-0.0562	-0.2629	0.9632	5.8217	2.6523	-26.6717	0.0	16	0.0	0.0		1907	0	0
1701970700955	t	cellar_test_cue_bakery_left	0.0	0	0	4.1246	689.04	778.4	1.0	3.5418	728.928	823.3599999999999	1.0	-0.0424	-0.259	0.9649	4.8595	2.6381	-26.6614	0.0	16	0.0	0.0		1907	0	0
1701970700963	t	cellar_test_cue_bakery_left	0.0	0	0	4.2177	685.4399999999999	778.24	1.0	3.4785	724.752	823.04	1.0	-0.0411	-0.2581	0.9652	4.502	2.6306	-26.6661	0.0	16	0.0	0.0		1907	0	0
1701970700971	t	cellar_test_cue_bakery_left	0.0	0	0	4.0771	678.9599999999999	774.72	1.0	3.4873	718.1279999999999	822.88	1.0	-0.0282	-0.2524	0.9672	3.7754	2.6239	-26.6774	0.0	16	0.0	0.0		1907	0	0
1701970700980	t	cellar_test_cue_bakery_left	0.0	0	0	4.1559	672.624	775.04	1.0	3.5587	714.384	820.48	1.0	-0.0206	-0.2537	0.967	-0.8849	2.57	-26.5928	0.0	16	0.0	0.0		1907	0	0
1701970700988	t	cellar_test_cue_bakery_left	0.0	0	0	4.0543	666.864	771.52	1.0	3.4639	709.3439999999999	818.4	1.0	-0.0148	-0.2477	0.9687	-1.1475	2.5804	-26.6044	0.0	16	0.0	0.0		1907	0	0
1701970700996	t	cellar_test_cue_bakery_left	0.0	0	0	4.1029	660.8159999999999	769.9200000000001	1.0	3.5386	700.416	814.08	1.0	0.0018	-0.2431	0.97	-0.6718	2.6162	-26.6155	0.0	16	0.0	0.0		1907	0	0
1701970701005	t	cellar_test_cue_bakery_left	0.0	0	0	4.1058	656.928	765.4399999999999	1.0	3.4014	694.5120000000001	813.28	1.0	0.005	-0.237	0.9715	4.8875	2.7162	-26.7038	0.0	16	0.0	0.0		1907	0	0
1701970701013	t	cellar_test_cue_bakery_left	0.0	0	0	4.0774	651.456	763.52	1.0	3.4662	690.048	812.48	1.0	0.0074	-0.2357	0.9718	15.1631	2.8928	-26.798	0.0	16	0.0	0.0		1907	0	0
1701970701021	t	cellar_test_cue_bakery_left	0.0	0	0	4.1225	645.408	762.4	1.0	3.5338	683.424	807.84	1.0	0.0157	-0.233	0.9723	26.2107	3.0656	-26.8698	0.0	16	0.0	0.0		1907	200	MYKEYWORD 200
