Recording timestamp	type	Scene Name	scene_num	order	djv_reported	PupilDiam_Left	Gaze2d_Left.x	Gaze2d_Left.y	left_eye_openness	PupilDiam_Right	Gaze2d_Right.x	Gaze2d_Right.y	right_eye_openness	gaze_direction_x	gaze_direction_y	gaze_direction_z	gaze_origin_x	gaze_origin_y	gaze_origin_z	gaze_convergence_distance	participant	study_status	scene_familiarity	recall_status	Identifier	Event value	Event message
1701993997982	t	gymnasium_test_cue_lumber_mill_left	0.0	5	0	3.9006	818.496	619.36	1.0	3.6207	803.808	881.4399999999999	1.0	-0.1798	-0.1395	0.9738	-31.4894	4.4411	-40.0444	0.0	23	0.0	0.0		1786	100	MYKEYWORD 100
1701993997991	t	gymnasium_test_cue_lumber_mill_left	0.0	5	0	3.8529	814.176	615.68	1.0	3.5546	796.7520000000001	876.3199999999999	1.0	-0.1576	-0.1239	0.9797	-31.4123	4.4532	-40.0323	0.0	23	0.0	0.0		1786	0	0
1701993997999	t	gymnasium_test_cue_lumber_mill_left	0.0	5	0	3.9384	808.848	614.0799999999999	1.0	3.4644	790.416	874.56	1.0	-0.1397	-0.1231	0.9825	-31.6165	4.4557	-40.0387	0.0	23	0.0	0.0		1786	0	0
1701993998007	t	gymnasium_test_cue_lumber_mill_left	0.0	5	0	3.9559	802.368	611.2	0.9295	3.4483	785.664	870.5600000000001	1.0	-0.1347	-0.1109	0.9846	-31.6217	4.4682	-40.0504	0.0	23	0.0	0.0		1786	0	0
1701993998016	t	gymnasium_test_cue_lumber_mill_left	0.0	5	0	3.9987	798.192	608.96	0.9295	3.5293	780.48	872.32	1.0	-0.1217	-0.121	0.9852	-31.5982	4.4772	-40.0452	0.0	23	0.0	0.0		1786	0	0
1701993998024	t	gymnasium_test_cue_lumber_mill_left	0.0	5	0	4.0042	793.8720000000001	609.44	0.894	3.4152	775.008	870.2400000000001	0.9896	-0.1099	-0.1193	0.9867	-31.5027	4.5075	-40.0629	0.0	23	0.0	0.0		1786	0	0
1701993998033	t	gymnasium_test_cue_lumber_mill_left	0.0	5	0	4.0026	789.84	608.3199999999999	0.894	3.4693	768.96	869.12	0.9896	-0.0958	-0.1238	0.9877	-31.3408	4.5754	-40.1451	0.0	23	0.0	0.0		1786	0	0
1701993998041	t	gymnasium_test_cue_lumber_mill_left	0.0	5	0	4.0081	787.8240000000001	609.44	0.8635	3.5545	769.824	865.44	0.9764	-0.1039	-0.1073	0.9888	-31.4663	4.4708	-39.8148	0.0	23	0.0	0.0		1786	0	0
1701993998049	t	gymnasium_test_cue_lumber_mill_left	0.0	5	0	3.9987	783.504	606.56	0.8635	3.6414	767.808	864.9599999999999	0.9764	-0.1045	-0.1109	0.9883	-31.4131	4.4993	-39.8183	0.0	23	0.0	0.0		1786	0	0
1701993998057	t	gymnasium_test_cue_lumber_mill_left	0.0	5	0	4.022	778.752	603.2	0.8619	3.6373	767.088	863.68	0.9708	-0.1116	-0.1151	0.987	-31.3932	4.6615	-40.2677	0.0	23	0.0	0.0		1786	0	0
1701993998066	t	gymnasium_test_cue_lumber_mill_left	0.0	5	0	4.0673	778.3199999999999	604.96	0.8619	3.6727	760.896	861.92	0.9708	-0.097	-0.1113	0.989	-31.3297	4.5434	-39.7919	0.0	23	0.0	0.0		1786	0	0
1701993998074	t	gymnasium_test_cue_lumber_mill_left	0.0	5	0	4.053	770.688	603.84	0.8653	3.6369	755.28	859.84	0.9618	-0.086	-0.106	0.9906	-31.1643	4.3707	-39.1075	0.0	23	0.0	0.0		1786	0	0
1701993998083	t	gymnasium_test_cue_lumber_mill_left	0.0	5	0	4.0176	770.1120000000001	606.08	0.8653	3.6555	753.264	860.96	0.9618	-0.0842	-0.1131	0.99	-29.954	4.5201	-39.3269	0.0	23	0.0	0.0		1786	0	0
1701993998091	t	gymnasium_test_cue_lumber_mill_left	0.0	5	0	4.0865	764.928	604.16	0.8536	3.7249	751.5360000000001	859.36	0.949	-0.0851	-0.1034	0.991	-17.0673	5.2209	-38.7568	0.0	23	0.0	0.0		1786	0	0
1701993998099	t	gymnasium_test_cue_lumber_mill_left	0.0	5	0	4.0922	763.2	604.3199999999999	0.8536	3.7237	745.0559999999999	856.9599999999999	0.949	-0.0748	-0.0801	0.994	30.652	7.7234	-36.5127	0.0	23	0.0	0.0		1786	0	0
1701993998107	t	gymnasium_test_cue_lumber_mill_left	0.0	5	0	4.1102	759.024	603.52	0.8587	3.6337	743.472	857.2800000000001	0.9521	-0.071	-0.0727	0.9948	31.3814	7.6527	-36.1135	0.0	23	0.0	0.0		1786	0	0
1701993998116	t	gymnasium_test_cue_lumber_mill_left	0.0	5	0	4.0467	758.16	602.56	0.8587	3.6896	742.7520000000001	855.6800000000001	0.9521	-0.0758	-0.0645	0.995	31.4225	7.6562	-36.2181	0.0	23	0.0	0.0		1786	0	0
1701993998124	t	gymnasium_test_cue_lumber_mill_left	0.0	5	0	4.0593	757.5840000000001	604.8	0.8659	3.7994	743.184	857.6	0.9511	-0.0783	-0.0695	0.9945	31.6122	7.6964	-36.4008	0.0	23	0.0	0.0		1786	0	0
1701993998132	t	gymnasium_test_cue_lumber_mill_left	0.0	5	0	4.0502	753.552	604.8	0.8659	3.694	739.7280000000001	856.32	0.9511	-0.0641	-0.0693	0.9955	31.1434	7.7585	-36.8004	0.0	23	0.0	0.0		1786	0	0
1701993998141	t	gymnasium_test_cue_lumber_mill_left	0.0	5	0	4.0978	753.6959999999999	605.92	0.8665	3.7328	736.4159999999999	853.92	0.9545	-0.0667	-0.0753	0.9949	17.4304	7.0752	-37.5673	0.0	23	0.0	0.0		1786	0	0
1701993998149	t	gymnasium_test_cue_lumber_mill_left	0.0	5	0	4.0482	752.112	608.16	0.8665	3.7363	736.9920000000001	854.5600000000001	0.9545	-0.0633	-0.0902	0.9939	-8.9291	5.7066	-38.7021	0.0	23	0.0	0.0		1786	0	0
1701993998157	t	gymnasium_test_cue_lumber_mill_left	0.0	5	0	4.1138	753.264	607.84	0.8666	3.7936	738.72	855.52	0.9385	-0.0721	-0.1029	0.9921	-29.6148	4.5994	-39.4103	0.0	23	0.0	0.0		1786	0	0
1701993998166	t	gymnasium_test_cue_lumber_mill_left	0.0	5	0	4.1537	746.064	608.0	0.8666	3.676	732.816	850.8800000000001	0.9385	-0.0645	-0.0907	0.9938	-29.5802	4.823	-40.1472	0.0	23	0.0	0.0		1786	0	0
1701993998174	t	gymnasium_test_cue_lumber_mill_left	0.0	5	0	4.1325	723.4559999999999	611.52	0.8827	3.7989	713.808	857.76	0.9422	-0.0276	-0.1054	0.994	-29.4216	4.6145	-39.5981	0.0	23	0.0	0.0		1786	0	0
1701993998182	t	gymnasium_test_cue_lumber_mill_left	0.0	5	0	4.2737	694.8	607.52	0.8827	3.8404	689.616	856.0	0.9422	0.0138	-0.1007	0.9948	-29.9763	4.6779	-39.9911	0.0	23	0.0	0.0		1786	0	0
1701993998191	t	gymnasium_test_cue_lumber_mill_left	0.0	5	0	4.2763	670.608	607.0400000000001	0.8816	3.7758	663.84	851.2	0.9296	0.0596	-0.0882	0.9943	-28.5598	4.7521	-39.9103	0.0	23	0.0	0.0		1786	0	0
1701993998199	t	gymnasium_test_cue_lumber_mill_left	0.0	5	0	4.2398	644.2560000000001	604.0	0.8816	3.8035	638.784	846.88	0.9296	0.1043	-0.0701	0.9921	-27.009	4.8157	-39.8654	0.0	23	0.0	0.0		1786	0	0
1701993998207	t	gymnasium_test_cue_lumber_mill_left	0.0	5	0	4.2929	621.504	605.2800000000001	0.8599	3.7494	613.584	844.8000000000001	0.9319	0.1529	-0.0535	0.9868	-22.706	4.8962	-39.3604	0.0	23	0.0	0.0		1786	0	0
1701993998216	t	gymnasium_test_cue_lumber_mill_left	0.0	5	0	4.3555	606.528	601.92	0.8599	4.0258	591.12	850.56	0.9319	0.2139	-0.0574	0.9751	-12.2757	5.2744	-38.4993	0.0	23	0.0	0.0		1786	0	0
1701993998224	t	gymnasium_test_cue_lumber_mill_left	0.0	5	0	4.4006	603.36	603.6800000000001	0.8171	4.048	589.968	850.08	0.886	0.2139	-0.0587	0.9751	-11.998	5.3385	-38.6593	0.0	23	0.0	0.0		1786	0	0
1701993998232	t	gymnasium_test_cue_lumber_mill_left	0.0	5	0	4.4299	610.128	606.56	0.8171	4.12	592.992	849.92	0.886	0.2014	-0.0555	0.9779	-8.7434	5.4776	-38.489	0.0	23	0.0	0.0		1786	0	0
1701993998241	t	gymnasium_test_cue_lumber_mill_left	0.0	5	0	4.3872	610.704	606.24	0.8193	4.1295	594.7199999999999	853.92	0.874	0.2012	-0.0511	0.9782	16.3214	6.7172	-37.3124	0.0	23	0.0	0.0		1786	0	0
1701993998249	t	gymnasium_test_cue_lumber_mill_left	0.0	5	0	4.3844	613.008	607.36	0.8193	3.9982	599.76	855.84	0.874	0.1911	-0.0436	0.9806	29.9226	7.4063	-36.8094	0.0	23	0.0	0.0		1786	0	0
1701993998257	t	gymnasium_test_cue_lumber_mill_left	0.0	5	0	4.3837	616.6080000000001	610.0799999999999	0.8315	3.8763	604.944	858.24	0.9012	0.1958	-0.0505	0.9793	28.7178	7.3432	-36.8967	0.0	23	0.0	0.0		1786	0	0
1701993998266	t	gymnasium_test_cue_lumber_mill_left	0.0	5	0	4.3864	625.1039999999999	617.44	0.8315	3.9699	611.424	859.0400000000001	0.9012	0.1708	-0.0659	0.9831	32.2966	7.4857	-36.7552	0.0	23	0.0	0.0		1786	0	0
1701993998274	t	gymnasium_test_cue_lumber_mill_left	0.0	5	0	4.3322	630.0	618.0799999999999	0.8294	3.9126	618.768	860.0	0.897	0.1645	-0.0664	0.9841	14.3708	6.6449	-37.8928	0.0	23	0.0	0.0		1786	0	0
1701993998282	t	gymnasium_test_cue_lumber_mill_left	0.0	5	0	4.3742	633.024	618.56	0.8294	3.9395	623.088	864.1600000000001	0.897	0.1584	-0.0832	0.9839	-27.47	4.5097	-39.7093	0.0	23	0.0	0.0		1786	0	0
1701993998291	t	gymnasium_test_cue_lumber_mill_left	0.0	5	0	4.2692	639.36	618.72	0.803	3.9215	626.4	865.1199999999999	0.8677	0.1581	-0.0744	0.9846	-29.8833	4.326	-39.7764	0.0	23	0.0	0.0		1786	0	0
1701993998300	t	gymnasium_test_cue_lumber_mill_left	0.0	5	0	4.3559	642.384	620.0	0.803	3.9374	631.152	868.16	0.8677	0.1477	-0.0775	0.986	-29.9282	4.2381	-39.5975	0.0	23	0.0	0.0		1786	0	0
1701993998308	t	gymnasium_test_cue_lumber_mill_left	0.0	5	0	4.3338	646.1279999999999	618.88	0.8039	3.8531	635.616	872.0000000000001	0.8845	0.1332	-0.0915	0.9868	-29.956	4.279	-39.7818	0.0	23	0.0	0.0		1786	0	0
1701993998317	t	gymnasium_test_cue_lumber_mill_left	0.0	5	0	4.3771	645.552	619.52	0.8039	3.915	639.216	868.96	0.8845	0.1233	-0.0756	0.9895	-29.9746	4.214	-39.5874	0.0	23	0.0	0.0		1786	0	0
1701993998325	t	gymnasium_test_cue_lumber_mill_left	0.0	5	0	4.3862	649.1519999999999	620.0	0.8063	4.0166	640.8	871.3599999999999	0.8665	0.122	-0.0846	0.9889	-29.9944	4.2819	-39.8316	0.0	23	0.0	0.0		1786	0	0
1701993998333	t	gymnasium_test_cue_lumber_mill_left	0.0	5	0	4.3237	652.8960000000001	625.12	0.8063	4.0515	644.544	871.3599999999999	0.8665	0.1104	-0.0826	0.9904	-29.9847	4.3586	-40.1206	0.0	23	0.0	0.0		1786	0	0
1701993998342	t	gymnasium_test_cue_lumber_mill_left	0.0	5	0	4.4319	655.9200000000001	622.88	0.8304	3.9901	647.712	872.1600000000001	0.8714	0.1006	-0.0838	0.9914	-29.5497	4.4077	-40.2322	0.0	23	0.0	0.0		1786	0	0
1701993998350	t	gymnasium_test_cue_lumber_mill_left	0.0	5	0	4.3835	659.088	624.96	0.8304	3.9259	650.16	875.2	0.8714	0.0961	-0.0896	0.9913	-28.5229	4.4423	-40.2135	0.0	23	0.0	0.0		1786	0	0
1701993998358	t	gymnasium_test_cue_lumber_mill_left	0.0	5	0	4.3392	660.384	628.0	0.8358	4.0607	653.904	879.68	0.8611	0.0995	-0.1016	0.9898	-27.377	4.2866	-39.4522	0.0	23	0.0	0.0		1786	0	0
1701993998367	t	gymnasium_test_cue_lumber_mill_left	0.0	5	0	4.4149	664.4159999999999	632.48	0.8358	4.0449	654.048	880.8	0.8611	0.0963	-0.0905	0.9912	-7.1429	5.3976	-38.9688	0.0	23	0.0	0.0		1786	0	0
1701993998375	t	gymnasium_test_cue_lumber_mill_left	0.0	5	0	4.3562	667.008	632.48	0.8408	4.0379	660.8159999999999	877.12	0.8543	0.0878	-0.0713	0.9936	32.3278	7.4945	-37.6193	0.0	23	0.0	0.0		1786	0	0
1701993998383	t	gymnasium_test_cue_lumber_mill_left	0.0	5	0	4.3624	669.888	632.8000000000001	0.8408	3.9473	661.3919999999999	877.28	0.8543	0.0824	-0.0751	0.9938	31.3122	7.499	-37.8408	0.0	23	0.0	0.0		1786	0	0
1701993998392	t	gymnasium_test_cue_lumber_mill_left	0.0	5	0	4.3819	673.488	630.88	0.8476	4.0738	665.136	878.4000000000001	0.8556	0.0745	-0.073	0.9945	29.1904	7.4039	-37.8968	0.0	23	0.0	0.0		1786	0	0
1701993998400	t	gymnasium_test_cue_lumber_mill_left	0.0	5	0	4.3736	675.792	631.8399999999999	0.8476	3.9961	668.448	876.8000000000001	0.8556	0.0757	-0.0878	0.9933	18.84	6.8034	-37.8678	0.0	23	0.0	0.0		1786	0	0
1701993998408	t	gymnasium_test_cue_lumber_mill_left	0.0	5	0	4.3719	678.24	630.0799999999999	0.8572	4.0508	669.6	874.56	0.861	0.0742	-0.0817	0.9939	16.5959	6.7261	-38.0925	0.0	23	0.0	0.0		1786	0	0
1701993998417	t	gymnasium_test_cue_lumber_mill_left	0.0	5	0	4.3651	681.552	626.88	0.8572	4.0513	672.624	873.9200000000001	0.861	0.0684	-0.0838	0.9941	6.9914	6.2123	-38.2448	0.0	23	0.0	0.0		1786	0	0
1701993998425	t	gymnasium_test_cue_lumber_mill_left	0.0	5	0	4.332	684.432	631.2	0.8614	4.0775	674.64	871.68	0.877	0.0637	-0.0966	0.9933	-11.1434	5.3958	-39.3052	0.0	23	0.0	0.0		1786	0	0
1701993998434	t	gymnasium_test_cue_lumber_mill_left	0.0	5	0	4.3611	685.008	631.04	0.8614	3.9635	676.368	866.7199999999999	0.877	0.0619	-0.0836	0.9946	-25.059	4.7085	-39.9184	0.0	23	0.0	0.0		1786	0	0
1701993998442	t	gymnasium_test_cue_lumber_mill_left	0.0	5	0	4.3391	685.008	632.3199999999999	0.8706	3.9501	679.104	869.6	0.8851	0.0525	-0.0951	0.9941	-29.6912	4.4449	-39.9986	0.0	23	0.0	0.0		1786	0	0
1701993998450	t	gymnasium_test_cue_lumber_mill_left	0.0	5	0	4.3507	685.872	635.36	0.8706	3.9862	677.52	868.3199999999999	0.8851	0.0551	-0.0911	0.9943	-30.2056	4.4592	-40.1495	0.0	23	0.0	0.0		1786	0	0
1701993998458	t	gymnasium_test_cue_lumber_mill_left	0.0	5	0	4.2972	685.2959999999999	634.72	0.8923	4.0477	677.232	864.64	0.8901	0.0529	-0.0792	0.9955	-29.4705	4.405	-39.7446	0.0	23	0.0	0.0		1786	0	0
1701993998467	t	gymnasium_test_cue_lumber_mill_left	0.0	5	0	4.3642	682.4159999999999	636.64	0.8923	3.9362	676.512	862.4000000000001	0.8901	0.0428	-0.079	0.9959	-24.3257	4.8656	-40.2083	0.0	23	0.0	0.0		1786	0	0
1701993998475	t	gymnasium_test_cue_lumber_mill_left	0.0	5	0	4.2489	681.552	637.76	0.9017	3.9175	674.496	862.4000000000001	0.9032	0.0366	-0.0845	0.9957	-23.7179	4.8176	-39.8547	0.0	23	0.0	0.0		1786	0	0
1701993998483	t	gymnasium_test_cue_lumber_mill_left	0.0	5	0	4.3392	676.9440000000001	634.5600000000001	0.9017	3.9619	671.328	860.0	0.9032	0.0373	-0.0861	0.9956	-26.5436	4.7612	-40.0837	0.0	23	0.0	0.0		1786	0	0
1701993998492	t	gymnasium_test_cue_lumber_mill_left	0.0	5	0	4.3945	675.36	633.12	0.9163	3.9422	670.1759999999999	857.2800000000001	0.9065	0.0348	-0.0852	0.9957	-28.3007	4.6932	-40.0703	0.0	23	0.0	0.0		1786	0	0
1701993998500	t	gymnasium_test_cue_lumber_mill_left	0.0	5	0	4.4297	674.496	630.72	0.9163	3.9004	668.88	853.76	0.9065	0.0335	-0.0806	0.9962	-27.6096	4.7571	-40.0237	0.0	23	0.0	0.0		1786	0	0
1701993998508	t	gymnasium_test_cue_lumber_mill_left	0.0	5	0	4.4966	670.896	623.52	0.9423	3.9671	666.288	849.76	0.918	0.0308	-0.0745	0.9967	-14.7372	5.2458	-38.8913	0.0	23	0.0	0.0		1786	0	0
1701993998516	t	gymnasium_test_cue_lumber_mill_left	0.0	5	0	4.5484	645.552	618.24	0.9423	3.9616	649.584	846.08	0.918	0.0653	-0.0656	0.9957	8.8941	6.4688	-38.2108	0.0	23	0.0	0.0		1786	0	0
1701993998524	t	gymnasium_test_cue_lumber_mill_left	0.0	5	0	4.557	608.4	608.3199999999999	0.9484	3.9821	615.6	846.24	0.9128	0.1606	-0.0478	0.9859	29.0672	7.5243	-37.5379	0.0	23	0.0	0.0		1786	0	0
1701993998533	t	gymnasium_test_cue_lumber_mill_left	0.0	5	0	4.5367	577.008	602.24	0.9484	4.1001	580.1759999999999	844.3199999999999	0.9128	0.2166	-0.0465	0.9751	31.7905	7.7468	-37.4896	0.0	23	0.0	0.0		1786	0	0
1701993998541	t	gymnasium_test_cue_lumber_mill_left	0.0	5	0	4.6156	546.912	596.3199999999999	0.9073	4.1329	548.3520000000001	837.9200000000001	0.8735	0.2569	-0.0321	0.9659	30.9595	7.7376	-37.6417	0.0	23	0.0	0.0		1786	0	0
1701993998550	t	gymnasium_test_cue_lumber_mill_left	0.0	5	0	4.5651	518.4	595.04	0.9073	4.2333	520.704	835.36	0.8735	0.2962	-0.0323	0.9546	24.8731	7.4538	-37.9912	0.0	23	0.0	0.0		1786	0	0
1701993998558	t	gymnasium_test_cue_lumber_mill_left	0.0	5	0	4.5097	493.20000000000005	593.6	0.8579	4.2297	492.33599999999996	836.16	0.833	0.336	-0.0269	0.9415	23.6429	7.3916	-38.1594	0.0	23	0.0	0.0		1786	0	0
1701993998566	t	gymnasium_test_cue_lumber_mill_left	0.0	5	0	4.4696	470.016	594.24	0.8579	4.2342	469.584	832.3199999999999	0.833	0.3537	-0.025	0.935	15.7253	6.9982	-38.5867	0.0	23	0.0	0.0		1786	0	0
1701993998575	t	gymnasium_test_cue_lumber_mill_left	0.0	5	0	4.5472	445.248	590.88	0.8571	4.3227	446.83200000000005	835.8399999999999	0.7982	0.3944	-0.0258	0.9186	13.8371	6.9372	-38.7827	0.0	23	0.0	0.0		1786	0	0
1701993998583	t	gymnasium_test_cue_lumber_mill_left	0.0	5	0	4.6514	426.096	584.16	0.8571	4.3028	428.544	830.88	0.7982	0.4301	-0.0153	0.9026	23.9186	7.5211	-38.5061	0.0	23	0.0	0.0		1786	0	0
1701993998591	t	gymnasium_test_cue_lumber_mill_left	0.0	5	0	4.448	415.296	584.32	0.8284	4.4564	416.01599999999996	829.5999999999999	0.8206	0.4402	-0.0303	0.8974	18.8771	7.3353	-38.7512	0.0	23	0.0	0.0		1786	0	0
1701993998599	t	gymnasium_test_cue_lumber_mill_left	0.0	5	0	4.5358	404.064	576.16	0.8284	4.2903	409.536	828.16	0.8206	0.4538	-0.023	0.8908	17.2568	7.3223	-38.8733	0.0	23	0.0	0.0		1786	0	0
1701993998608	t	gymnasium_test_cue_lumber_mill_left	0.0	5	0	4.639	403.92	571.04	0.829	4.3794	408.816	821.5999999999999	0.7247	0.4473	-0.0177	0.8942	-6.5504	6.1544	-39.7651	0.0	23	0.0	0.0		1786	0	0
1701993998616	t	gymnasium_test_cue_lumber_mill_left	0.0	5	0	4.5676	418.46400000000006	566.72	0.829	4.2175	422.064	815.84	0.7247	0.4262	-0.0099	0.9046	-14.8915	5.7652	-40.0052	0.0	23	0.0	0.0		1786	0	0
1701993998625	t	gymnasium_test_cue_lumber_mill_left	0.0	5	0	4.7148	430.992	556.96	0.8319	4.263	437.904	816.64	0.7415	0.4131	-0.0109	0.9106	-13.325	5.8638	-39.8597	0.0	23	0.0	0.0		1786	0	0
1701993998633	t	gymnasium_test_cue_lumber_mill_left	0.0	5	0	4.5592	448.84799999999996	568.64	0.8319	4.3353	455.76	816.3199999999999	0.7415	0.3851	-0.017	0.9227	-8.0808	6.1117	-39.572	0.0	23	0.0	0.0		1786	0	0
1701993998641	t	gymnasium_test_cue_lumber_mill_left	0.0	5	0	4.6156	463.39199999999994	565.9200000000001	0.8359	4.3528	471.6	817.44	0.7558	0.3696	-0.014	0.9291	-4.143	6.3009	-39.3511	0.0	23	0.0	0.0		1786	0	0
1701993998649	t	gymnasium_test_cue_lumber_mill_left	0.0	5	0	4.6231	479.952	569.28	0.8359	4.2314	486.72	818.72	0.7558	0.3532	-0.017	0.9354	-2.8244	6.3433	-39.227	0.0	23	0.0	0.0		1786	0	0
1701993998658	t	gymnasium_test_cue_lumber_mill_left	0.0	5	0	4.4881	502.416	580.9599999999999	0.825	4.3209	507.168	820.64	0.7133	0.3064	-0.0333	0.9513	-7.1143	6.0893	-39.3032	0.0	23	0.0	0.0		1786	0	0
1701993998666	t	gymnasium_test_cue_lumber_mill_left	0.0	5	0	4.486	510.192	580.8	0.825	4.3096	517.392	822.88	0.7133	0.2981	-0.0331	0.9539	-9.7447	5.93	-39.3658	0.0	23	0.0	0.0		1786	0	0
1701993998674	t	gymnasium_test_cue_lumber_mill_left	0.0	5	0	4.532	503.99999999999994	579.36	0.8097	4.3272	514.656	824.8	0.6729	0.3021	-0.0278	0.9529	-10.5006	5.8528	-39.415	0.0	23	0.0	0.0		1786	0	0
1701993998683	t	gymnasium_test_cue_lumber_mill_left	0.0	5	0	4.7545	479.23199999999997	576.32	0.8097	4.2778	494.352	830.88	0.6729	0.3536	-0.0273	0.935	-6.5475	6.0208	-39.3503	0.0	23	0.0	0.0		1786	0	0
1701993998691	t	gymnasium_test_cue_lumber_mill_left	0.0	5	0	4.586	463.39199999999994	579.84	0.8199	4.2954	476.49600000000004	832.8	0.6983	0.369	-0.0296	0.9289	-5.2101	6.0646	-39.375	0.0	23	0.0	0.0		1786	0	0
1701993998699	t	gymnasium_test_cue_lumber_mill_left	0.0	5	0	4.5752	448.56	584.48	0.8199	4.3042	457.92	835.2	0.6983	0.4065	-0.0415	0.9127	-4.2526	6.127	-39.4009	0.0	23	0.0	0.0		1786	0	0
1701993998708	t	gymnasium_test_cue_lumber_mill_left	0.0	5	0	4.5612	440.496	586.88	0.7953	4.3139	448.128	840.16	0.6972	0.4315	-0.0576	0.9003	-2.0383	6.2564	-39.3422	0.0	23	0.0	0.0		1786	0	0
1701993998716	t	gymnasium_test_cue_lumber_mill_left	0.0	5	0	4.5043	429.696	592.64	0.7953	4.4682	440.208	837.28	0.6972	0.4422	-0.0516	0.8954	-5.9916	6.0344	-39.5444	0.0	23	0.0	0.0		1786	0	0
1701993998724	t	gymnasium_test_cue_lumber_mill_left	0.0	5	0	4.4685	423.072	592.0	0.8079	4.4924	427.82399999999996	843.36	0.73	0.4597	-0.0665	0.8856	-4.074	6.1385	-39.5084	0.0	23	0.0	0.0		1786	0	0
1701993998732	t	gymnasium_test_cue_lumber_mill_left	0.0	5	0	4.4052	413.712	595.6800000000001	0.8079	4.3271	420.192	849.6	0.73	0.4762	-0.0764	0.876	-2.9255	6.1618	-39.5059	0.0	23	0.0	0.0		1786	0	0
1701993998741	t	gymnasium_test_cue_lumber_mill_left	0.0	5	0	4.4922	399.888	595.6800000000001	0.7973	4.4288	409.67999999999995	849.76	0.7458	0.5006	-0.064	0.8633	-1.1233	6.2249	-39.5135	0.0	23	0.0	0.0		1786	0	0
1701993998749	t	gymnasium_test_cue_lumber_mill_left	0.0	5	0	4.6206	391.968	592.48	0.7973	4.4571	400.608	850.4	0.7458	0.5175	-0.0574	0.8538	9.9139	6.8206	-39.1582	0.0	23	0.0	0.0		1786	0	0
1701993998758	t	gymnasium_test_cue_lumber_mill_left	0.0	5	0	4.5831	393.264	595.84	0.7973	4.4621	400.464	856.0	0.741	0.5069	-0.0676	0.8593	10.4973	6.8183	-39.1318	0.0	23	0.0	0.0		1786	0	0
1701993998766	t	gymnasium_test_cue_lumber_mill_left	0.0	5	0	4.5157	391.68	600.64	0.7973	4.4868	395.568	858.8800000000001	0.741	0.5201	-0.0741	0.8509	0.9551	6.2774	-39.5	0.0	23	0.0	0.0		1786	0	0
1701993998774	t	gymnasium_test_cue_lumber_mill_left	0.0	5	0	4.5053	408.384	600.96	0.7975	4.411	411.264	852.16	0.7355	0.4933	-0.0654	0.8674	0.6374	6.2645	-39.4254	0.0	23	0.0	0.0		1786	0	0
1701993998783	t	gymnasium_test_cue_lumber_mill_left	0.0	5	0	4.5346	421.776	592.3199999999999	0.7975	4.4325	425.52	854.08	0.7355	0.4753	-0.0629	0.8775	-0.7182	6.2066	-39.3993	0.0	23	0.0	0.0		1786	0	0
1701993998791	t	gymnasium_test_cue_lumber_mill_left	0.0	5	0	4.6078	436.176	593.76	0.8318	4.4036	439.776	850.7199999999999	0.7666	0.4466	-0.06	0.8927	0.4451	6.2637	-39.287	0.0	23	0.0	0.0		1786	0	0
1701993998799	t	gymnasium_test_cue_lumber_mill_left	0.0	5	0	4.5777	449.856	590.4	0.8318	4.3706	454.60799999999995	849.2800000000001	0.7666	0.4199	-0.0569	0.9058	-0.3666	6.2304	-39.2511	0.0	23	0.0	0.0		1786	0	0
1701993998807	t	gymnasium_test_cue_lumber_mill_left	0.0	5	0	4.5341	464.25600000000003	589.12	0.8595	4.2673	466.56	846.5600000000001	0.8044	0.3958	-0.0551	0.9167	-1.8799	6.1616	-39.2515	0.0	23	0.0	0.0		1786	0	0
1701993998816	t	gymnasium_test_cue_lumber_mill_left	0.0	5	0	4.5659	478.512	584.64	0.8595	4.2549	483.98400000000004	844.16	0.8044	0.3668	-0.0449	0.9292	-4.249	6.0325	-39.2838	0.0	23	0.0	0.0		1786	0	0
1701993998824	t	gymnasium_test_cue_lumber_mill_left	0.0	5	0	4.5401	490.89599999999996	587.2	0.8686	4.2521	494.496	845.76	0.8341	0.3575	-0.0533	0.9324	-5.2778	5.9786	-39.2727	0.0	23	0.0	0.0		1786	0	0
1701993998832	t	gymnasium_test_cue_lumber_mill_left	0.0	5	0	4.6422	505.296	583.6800000000001	0.8686	4.1328	510.048	847.04	0.8341	0.329	-0.0536	0.9428	-4.0058	6.0456	-39.1664	0.0	23	0.0	0.0		1786	0	0
1701993998841	t	gymnasium_test_cue_lumber_mill_left	0.0	5	0	4.6429	517.392	585.6	0.8811	4.2419	523.008	846.24	0.8258	0.3074	-0.0484	0.9503	-3.1934	6.064	-39.084	0.0	23	0.0	0.0		1786	0	0
1701993998849	t	gymnasium_test_cue_lumber_mill_left	0.0	5	0	4.7137	531.504	584.9599999999999	0.8811	4.2766	534.24	848.0	0.8258	0.2866	-0.0447	0.957	1.2307	6.2729	-38.831	0.0	23	0.0	0.0		1786	0	0
1701993998858	t	gymnasium_test_cue_lumber_mill_left	0.0	5	0	4.7342	543.456	583.1999999999999	0.8872	4.3425	546.48	849.1199999999999	0.8361	0.2758	-0.0276	0.9608	34.2974	8.1209	-37.5577	0.0	23	0.0	0.0		1786	0	0
1701993998866	t	gymnasium_test_cue_lumber_mill_left	0.0	5	0	4.6695	554.544	585.44	0.8872	4.1439	554.544	845.76	0.8361	0.2551	-0.034	0.9663	34.2303	8.1101	-37.5241	0.0	23	0.0	0.0		1786	0	0
1701993998874	t	gymnasium_test_cue_lumber_mill_left	0.0	5	0	4.7098	561.024	581.76	0.9083	4.0522	561.744	847.84	0.8468	0.2458	-0.0192	0.9691	34.1819	8.1057	-37.516	0.0	23	0.0	0.0		1786	0	0
1701993998884	t	gymnasium_test_cue_lumber_mill_left	0.0	5	0	4.7039	572.688	581.76	0.9417	4.1704	573.6959999999999	848.64	0.8245	0.2217	-0.0186	0.9749	34.0863	8.0987	-37.4829	0.0	23	0.0	0.0		1786	0	0
1701993998891	t	gymnasium_test_cue_lumber_mill_left	0.0	5	0	4.6984	582.336	582.08	0.9417	4.2102	584.496	848.1600000000001	0.8245	0.2001	-0.0181	0.9796	34.0087	8.0846	-37.453	0.0	23	0.0	0.0		1786	0	0
1701993998899	t	gymnasium_test_cue_lumber_mill_left	0.0	5	0	4.7273	590.544	580.8	0.9417	4.2334	590.112	848.1600000000001	0.8245	0.1921	-0.0092	0.9813	33.8891	8.0465	-37.3568	0.0	23	0.0	0.0		1786	0	0
1701993998908	t	gymnasium_test_cue_lumber_mill_left	0.0	5	0	4.8044	602.208	584.48	0.9299	4.2559	601.1999999999999	849.92	0.8553	0.1633	-0.0178	0.9864	33.7972	8.0392	-37.4062	0.0	23	0.0	0.0		1786	0	0
1701993998916	t	gymnasium_test_cue_lumber_mill_left	0.0	5	0	4.6749	610.8480000000001	585.12	0.9299	4.1955	611.136	850.08	0.8553	0.1538	-0.0133	0.988	33.6828	7.8537	-36.7491	0.0	23	0.0	0.0		1786	0	0
1701993998925	t	gymnasium_test_cue_lumber_mill_left	0.0	5	0	4.7885	620.352	586.24	0.9326	4.0427	621.792	848.9599999999999	0.8606	0.1366	-0.0099	0.9906	33.5761	7.7717	-36.5263	0.0	23	0.0	0.0		1786	0	0
1701993998933	t	gymnasium_test_cue_lumber_mill_left	0.0	5	0	4.7255	620.352	588.32	0.9326	4.1461	625.1039999999999	849.92	0.8606	0.1338	-0.0107	0.9909	33.5859	7.7951	-36.7634	0.0	23	0.0	0.0		1786	0	0
1701993998941	t	gymnasium_test_cue_lumber_mill_left	0.0	5	0	4.7389	597.456	596.48	0.9383	4.2619	603.072	854.5600000000001	0.843	0.1767	-0.023	0.984	33.7649	7.8555	-37.3984	0.0	23	0.0	0.0		1786	0	0
1701993998949	t	gymnasium_test_cue_lumber_mill_left	0.0	5	0	4.7041	558.576	604.48	0.9383	4.2137	565.4879999999999	864.32	0.843	0.2788	-0.0431	0.9594	33.1199	7.764	-37.454	0.0	23	0.0	0.0		1786	0	0
1701993998958	t	gymnasium_test_cue_lumber_mill_left	0.0	5	0	4.6312	533.232	604.0	0.9177	4.2256	537.12	869.28	0.8062	0.2985	-0.0418	0.9535	14.0026	6.6449	-38.2588	0.0	23	0.0	0.0		1786	0	0
1701993998966	t	gymnasium_test_cue_lumber_mill_left	0.0	5	0	4.725	512.64	608.3199999999999	0.9177	4.3365	515.952	870.72	0.8062	0.3387	-0.0476	0.9397	18.4913	6.882	-38.1774	0.0	23	0.0	0.0		1786	0	0
1701993998974	t	gymnasium_test_cue_lumber_mill_left	0.0	5	0	4.7995	510.624	607.84	0.882	4.3705	511.91999999999996	875.6800000000001	0.7751	0.3369	-0.0564	0.9398	0.6279	5.8585	-38.8496	0.0	23	0.0	0.0		1786	200	MYKEYWORD 200
