Recording timestamp	type	Scene Name	scene_num	order	djv_reported	PupilDiam_Left	Gaze2d_Left.x	Gaze2d_Left.y	left_eye_openness	PupilDiam_Right	Gaze2d_Right.x	Gaze2d_Right.y	right_eye_openness	gaze_direction_x	gaze_direction_y	gaze_direction_z	gaze_origin_x	gaze_origin_y	gaze_origin_z	gaze_convergence_distance	participant	study_status	scene_familiarity	recall_status	Identifier	Event value	Event message
1702058869960	t	basketballcourt_test_cue_pool_right	0.0	1	0	2.4962	652.32	835.2	1.0	2.4866	636.768	843.52	1.0	0.1518	-0.056	0.9868	-8.1178	4.4535	-38.4399	0.0	25	0.0	0.0		3909	100	MYKEYWORD 100
1702058869968	t	basketballcourt_test_cue_pool_right	0.0	1	0	2.4807	651.024	835.8399999999999	1.0	2.5416	635.616	841.2800000000001	1.0	0.1499	-0.0593	0.9869	29.8415	4.298	-38.0072	0.0	25	0.0	0.0		3909	0	0
1702058869977	t	basketballcourt_test_cue_pool_right	0.0	1	0	2.4703	649.296	836.32	1.0	2.5567	634.32	845.5999999999999	1.0	0.1532	-0.0573	0.9865	31.9694	4.2357	-37.8547	0.0	25	0.0	0.0		3909	0	0
1702058869985	t	basketballcourt_test_cue_pool_right	0.0	1	0	2.465	646.704	838.5600000000001	1.0	2.4052	632.592	846.72	1.0	0.1623	-0.0615	0.9848	32.0065	4.1569	-37.6346	0.0	25	0.0	0.0		3909	0	0
1702058869994	t	basketballcourt_test_cue_pool_right	0.0	1	0	2.4818	653.04	836.6400000000001	1.0	2.5553	642.96	846.88	1.0	0.1495	-0.053	0.9873	31.9434	4.3043	-38.2098	0.0	25	0.0	0.0		3909	0	0
1702058870002	t	basketballcourt_test_cue_pool_right	0.0	1	0	2.3879	674.208	839.84	1.0	2.646	664.992	845.5999999999999	1.0	0.1112	-0.0591	0.992	-8.8071	4.6477	-39.2833	0.0	25	0.0	0.0		3909	0	0
1702058870011	t	basketballcourt_test_cue_pool_right	0.0	1	0	2.5455	703.296	842.8800000000001	1.0	2.5508	698.688	844.8000000000001	1.0	0.0751	-0.0595	0.9954	26.4455	4.0096	-37.3358	0.0	25	0.0	0.0		3909	0	0
1702058870019	t	basketballcourt_test_cue_pool_right	0.0	1	0	2.5041	742.0319999999999	843.68	1.0	2.5831	739.1519999999999	848.32	1.0	-0.0008	-0.0566	0.9984	6.7767	4.1488	-37.7977	0.0	25	0.0	0.0		3909	0	0
1702058870028	t	basketballcourt_test_cue_pool_right	0.0	1	0	2.5778	781.1999999999999	851.2	1.0	2.492	775.008	851.0400000000001	1.0	-0.093	-0.0575	0.994	-30.7047	4.6565	-39.5044	0.0	25	0.0	0.0		3909	0	0
1702058870036	t	basketballcourt_test_cue_pool_right	0.0	1	0	2.4872	813.744	853.5999999999999	1.0	2.5513	807.5519999999999	859.36	1.0	-0.1525	-0.0752	0.9854	-31.1164	4.5128	-39.1393	0.0	25	0.0	0.0		3909	0	0
1702058870044	t	basketballcourt_test_cue_pool_right	0.0	1	0	2.6763	851.76	862.5600000000001	1.0	2.5131	833.472	858.4	1.0	-0.1897	-0.0591	0.9801	-31.4251	4.4808	-39.2047	0.0	25	0.0	0.0		3909	0	0
1702058870052	t	basketballcourt_test_cue_pool_right	0.0	1	0	2.6572	877.8240000000001	874.7199999999999	1.0	2.6163	862.4159999999999	871.84	1.0	-0.2707	-0.0929	0.9581	-31.585	4.4642	-39.2714	0.0	25	0.0	0.0		3909	0	0
1702058870060	t	basketballcourt_test_cue_pool_right	0.0	1	0	2.7464	881.8560000000001	870.88	0.9775	2.7969	867.744	866.08	0.9615	-0.2843	-0.066	0.9565	-31.6201	4.4522	-39.3072	0.0	25	0.0	0.0		3909	0	0
1702058870070	t	basketballcourt_test_cue_pool_right	0.0	1	0	2.6094	873.0719999999999	874.4	0.9775	2.7481	866.448	869.6	0.9615	-0.2787	-0.0753	0.9574	-31.6206	4.4318	-39.3056	0.0	25	0.0	0.0		3909	0	0
1702058870077	t	basketballcourt_test_cue_pool_right	0.0	1	0	2.7534	874.8000000000001	870.0799999999999	0.9866	2.7277	861.984	872.0000000000001	0.9649	-0.2618	-0.0865	0.9612	-31.618	4.4326	-39.286	0.0	25	0.0	0.0		3909	0	0
1702058870085	t	basketballcourt_test_cue_pool_right	0.0	1	0	2.624	871.632	871.04	0.9866	2.5645	861.696	870.4000000000001	0.9649	-0.2643	-0.0865	0.9605	-31.601	4.4562	-39.2822	0.0	25	0.0	0.0		3909	0	0
1702058870093	t	basketballcourt_test_cue_pool_right	0.0	1	0	2.6731	864.2879999999999	870.0799999999999	1.0	2.4737	853.632	868.6400000000001	1.0	-0.2357	-0.0861	0.968	-31.5869	4.4628	-39.2557	0.0	25	0.0	0.0		3909	0	0
1702058870102	t	basketballcourt_test_cue_pool_right	0.0	1	0	2.7069	865.2959999999999	863.84	1.0	2.6886	857.2320000000001	869.28	1.0	-0.2525	-0.0907	0.9633	-31.5746	4.4873	-39.2617	0.0	25	0.0	0.0		3909	0	0
1702058870110	t	basketballcourt_test_cue_pool_right	0.0	1	0	2.7524	861.4079999999999	866.8799999999999	1.0	2.7609	854.3520000000001	863.84	1.0	-0.242	-0.0727	0.9675	-31.549	4.4928	-39.2605	0.0	25	0.0	0.0		3909	0	0
1702058870118	t	basketballcourt_test_cue_pool_right	0.0	1	0	2.7344	858.3839999999999	865.28	1.0	2.609	845.28	866.08	1.0	-0.2142	-0.0814	0.9734	-2.3634	4.1526	-38.3677	0.0	25	0.0	0.0		3909	0	0
1702058870127	t	basketballcourt_test_cue_pool_right	0.0	1	0	2.6769	852.4799999999999	866.24	1.0	2.5124	841.1039999999999	864.9599999999999	1.0	-0.2002	-0.0838	0.9761	-2.7201	4.1587	-38.3577	0.0	25	0.0	0.0		3909	0	0
1702058870135	t	basketballcourt_test_cue_pool_right	0.0	1	0	2.602	849.7439999999999	867.36	1.0	2.5492	836.9280000000001	858.7199999999999	1.0	-0.1922	-0.0725	0.9787	-3.1806	4.1546	-38.3671	0.0	25	0.0	0.0		3909	0	0
1702058870143	t	basketballcourt_test_cue_pool_right	0.0	1	0	2.7173	845.7120000000001	866.4	1.0	2.6301	833.9039999999999	859.68	1.0	-0.1849	-0.072	0.9801	-3.3688	4.1489	-38.3589	0.0	25	0.0	0.0		3909	0	0
1702058870152	t	basketballcourt_test_cue_pool_right	0.0	1	0	2.6706	844.272	867.84	1.0	2.5095	832.7520000000001	857.2800000000001	1.0	-0.1862	-0.071	0.9799	-4.2107	4.1671	-38.3912	0.0	25	0.0	0.0		3909	0	0
1702058870160	t	basketballcourt_test_cue_pool_right	0.0	1	0	2.6897	845.28	865.9200000000001	1.0	2.5856	832.0319999999999	860.96	1.0	-0.185	-0.0754	0.9798	-3.3829	4.161	-38.3737	0.0	25	0.0	0.0		3909	0	0
1702058870168	t	basketballcourt_test_cue_pool_right	0.0	1	0	2.7336	844.5600000000001	867.36	1.0	2.486	830.0160000000001	859.68	1.0	-0.1823	-0.0759	0.9803	1.5985	4.095	-38.2192	0.0	25	0.0	0.0		3909	0	0
1702058870176	t	basketballcourt_test_cue_pool_right	0.0	1	0	2.7118	842.112	865.1199999999999	1.0	2.6075	829.2959999999999	862.2400000000001	1.0	-0.1749	-0.0781	0.9815	1.4618	4.1044	-38.2217	0.0	25	0.0	0.0		3909	0	0
1702058870185	t	basketballcourt_test_cue_pool_right	0.0	1	0	2.8241	843.12	864.64	1.0	2.6183	827.568	862.72	1.0	-0.1713	-0.0774	0.9822	0.8048	4.1113	-38.2415	0.0	25	0.0	0.0		3909	0	0
1702058870193	t	basketballcourt_test_cue_pool_right	0.0	1	0	2.8166	839.52	869.28	1.0	2.6381	827.568	862.2400000000001	1.0	-0.1626	-0.0858	0.9829	-0.0264	4.1213	-38.2577	0.0	25	0.0	0.0		3909	0	0
1702058870201	t	basketballcourt_test_cue_pool_right	0.0	1	0	2.8156	840.528	867.0400000000001	1.0	2.6996	827.856	860.16	1.0	-0.1656	-0.0775	0.9831	-2.5521	4.1449	-38.3067	0.0	25	0.0	0.0		3909	0	0
1702058870210	t	basketballcourt_test_cue_pool_right	0.0	1	0	2.7817	838.944	866.56	1.0	2.571	824.4	860.96	1.0	-0.157	-0.0815	0.9842	-4.6724	4.1807	-38.3551	0.0	25	0.0	0.0		3909	0	0
1702058870218	t	basketballcourt_test_cue_pool_right	0.0	1	0	2.7186	837.216	867.36	1.0	2.6052	824.688	861.76	1.0	-0.1547	-0.0838	0.9844	-5.1698	4.1913	-38.3982	0.0	25	0.0	0.0		3909	0	0
1702058870227	t	basketballcourt_test_cue_pool_right	0.0	1	0	2.7333	837.072	868.96	1.0	2.7127	823.2479999999999	861.76	1.0	-0.1519	-0.0847	0.9847	-5.6074	4.1903	-38.4123	0.0	25	0.0	0.0		3909	0	0
1702058870235	t	basketballcourt_test_cue_pool_right	0.0	1	0	2.8072	835.9200000000001	869.28	1.0	2.5915	824.832	862.0799999999999	1.0	-0.1516	-0.0823	0.985	-5.6444	4.1746	-38.4179	0.0	25	0.0	0.0		3909	0	0
1702058870243	t	basketballcourt_test_cue_pool_right	0.0	1	0	2.7658	835.488	872.48	1.0	2.6738	824.1120000000001	867.36	1.0	-0.1445	-0.0937	0.985	-4.7543	4.1385	-38.3769	0.0	25	0.0	0.0		3909	0	0
1702058870251	t	basketballcourt_test_cue_pool_right	0.0	1	0	2.7942	834.192	869.76	1.0	2.7556	826.9920000000001	869.92	1.0	-0.136	-0.0852	0.987	-4.6946	4.0923	-38.3749	0.0	25	0.0	0.0		3909	0	0
1702058870260	t	basketballcourt_test_cue_pool_right	0.0	1	0	2.6678	837.9359999999999	870.88	1.0	2.6512	825.1199999999999	873.28	1.0	-0.1253	-0.0919	0.9878	-3.8557	4.0727	-38.3608	0.0	25	0.0	0.0		3909	0	0
1702058870268	t	basketballcourt_test_cue_pool_right	0.0	1	0	2.7225	837.504	871.04	1.0	2.6256	824.688	875.84	1.0	-0.1136	-0.0927	0.9892	-2.9809	4.0393	-38.3247	0.0	25	0.0	0.0		3909	0	0
1702058870276	t	basketballcourt_test_cue_pool_right	0.0	1	0	2.7378	836.64	868.96	1.0	2.5881	826.9920000000001	876.4799999999999	1.0	-0.1041	-0.086	0.9908	-3.9024	4.015	-38.3177	0.0	25	0.0	0.0		3909	0	0
1702058870285	t	basketballcourt_test_cue_pool_right	0.0	1	0	2.6708	845.856	867.52	1.0	2.7858	842.112	878.2400000000001	1.0	-0.1156	-0.0813	0.99	2.3634	3.9491	-38.1697	0.0	25	0.0	0.0		3909	0	0
1702058870293	t	basketballcourt_test_cue_pool_right	0.0	1	0	2.5758	869.904	874.8799999999999	1.0	2.6102	859.248	874.56	1.0	-0.1393	-0.0852	0.9866	2.0862	3.9511	-38.2497	0.0	25	0.0	0.0		3909	0	0
1702058870301	t	basketballcourt_test_cue_pool_right	0.0	1	0	2.7067	901.44	875.6800000000001	1.0	2.7799	902.3040000000001	878.72	1.0	-0.203	-0.0882	0.9752	3.7513	3.9598	-38.2967	0.0	25	0.0	0.0		3909	0	0
1702058870310	t	basketballcourt_test_cue_pool_right	0.0	1	0	2.7267	932.6880000000001	878.0799999999999	0.9417	2.884	932.544	876.4799999999999	0.9563	-0.2599	-0.0789	0.9624	3.8814	3.9543	-38.397	0.0	25	0.0	0.0		3909	0	0
1702058870318	t	basketballcourt_test_cue_pool_right	0.0	1	0	2.8533	969.264	877.44	0.9417	2.8719	957.6	875.84	0.9563	-0.3307	-0.0713	0.941	2.5778	4.0047	-38.5442	0.0	25	0.0	0.0		3909	0	0
1702058870327	t	basketballcourt_test_cue_pool_right	0.0	1	0	2.9949	993.024	883.36	0.9523	3.0586	980.928	872.1600000000001	0.8802	-0.3711	-0.0712	0.9259	0.9267	4.0474	-38.6926	0.0	25	0.0	0.0		3909	0	0
1702058870335	t	basketballcourt_test_cue_pool_right	0.0	1	0	2.9499	1017.072	878.5600000000001	0.9523	2.9974	1000.8	870.88	0.8802	-0.4179	-0.0494	0.9072	-4.7326	4.1285	-38.9815	0.0	25	0.0	0.0		3909	0	0
1702058870343	t	basketballcourt_test_cue_pool_right	0.0	1	0	2.9456	1037.232	881.9200000000001	0.9624	3.1263	1022.544	872.32	0.8561	-0.4632	-0.0505	0.8848	-8.7137	4.2122	-39.2079	0.0	25	0.0	0.0		3909	0	0
1702058870351	t	basketballcourt_test_cue_pool_right	0.0	1	0	2.8891	1041.12	880.1600000000001	0.9624	3.1903	1029.168	873.76	0.8561	-0.4794	-0.0488	0.8762	-13.486	4.2867	-39.391	0.0	25	0.0	0.0		3909	0	0
1702058870360	t	basketballcourt_test_cue_pool_right	0.0	1	0	2.8237	1031.328	880.1600000000001	1.0	3.1745	1019.664	874.8799999999999	1.0	-0.4603	-0.0502	0.8863	-13.9408	4.2605	-39.357	0.0	25	0.0	0.0		3909	0	0
1702058870368	t	basketballcourt_test_cue_pool_right	0.0	1	0	2.9448	1014.192	873.44	1.0	3.072	1004.4	869.76	1.0	-0.4212	-0.0401	0.9061	-10.2259	4.2099	-39.1605	0.0	25	0.0	0.0		3909	0	0
1702058870376	t	basketballcourt_test_cue_pool_right	0.0	1	0	3.0022	1001.376	872.1600000000001	1.0	3.0908	994.896	864.9599999999999	1.0	-0.4073	-0.0447	0.9122	-9.3135	4.2548	-39.0707	0.0	25	0.0	0.0		3909	0	0
1702058870385	t	basketballcourt_test_cue_pool_right	0.0	1	0	2.9604	986.6880000000001	865.44	1.0	2.9392	979.488	859.68	1.0	-0.3768	-0.0411	0.9254	-7.0275	4.2655	-38.9243	0.0	25	0.0	0.0		3909	0	0
1702058870394	t	basketballcourt_test_cue_pool_right	0.0	1	0	2.8095	969.1200000000001	860.16	1.0	3.0033	959.616	850.56	1.0	-0.3442	-0.0357	0.9382	-5.2399	4.3014	-38.7857	0.0	25	0.0	0.0		3909	0	0
1702058870401	t	basketballcourt_test_cue_pool_right	0.0	1	0	2.8453	948.24	854.08	1.0	2.7911	932.6880000000001	845.28	1.0	-0.3023	-0.0316	0.9527	2.8097	4.2186	-38.4523	0.0	25	0.0	0.0		3909	0	0
1702058870410	t	basketballcourt_test_cue_pool_right	0.0	1	0	2.893	929.232	853.4399999999999	0.9865	2.9902	915.696	840.0	0.9031	-0.286	-0.0349	0.9576	8.5945	4.1712	-38.2109	0.0	25	0.0	0.0		3909	0	0
1702058870418	t	basketballcourt_test_cue_pool_right	0.0	1	0	2.7556	906.768	854.5600000000001	0.9865	2.8017	895.824	836.96	0.9031	-0.2567	-0.0427	0.9655	13.7998	4.0967	-37.9916	0.0	25	0.0	0.0		3909	0	0
1702058870427	t	basketballcourt_test_cue_pool_right	0.0	1	0	2.7792	883.5840000000001	850.4	0.9749	2.7443	869.0400000000001	835.8399999999999	0.8932	-0.2152	-0.0368	0.9759	16.406	4.0426	-37.804	0.0	25	0.0	0.0		3909	0	0
1702058870435	t	basketballcourt_test_cue_pool_right	0.0	1	0	2.7764	859.392	849.6	0.9749	2.5481	841.1039999999999	837.9200000000001	0.8932	-0.1646	-0.037	0.9857	-30.7505	4.7154	-39.2189	0.0	25	0.0	0.0		3909	0	0
1702058870444	t	basketballcourt_test_cue_pool_right	0.0	1	0	2.7464	849.168	848.48	0.9564	2.7555	834.768	833.2800000000001	0.9167	-0.1846	-0.0228	0.9825	-31.4681	4.7688	-39.3102	0.0	25	0.0	0.0		3909	0	0
1702058870452	t	basketballcourt_test_cue_pool_right	0.0	1	0	2.7173	833.04	840.48	0.9564	2.6288	815.3280000000001	834.4	0.9167	-0.1412	-0.0271	0.9896	-31.3097	4.7245	-39.2004	0.0	25	0.0	0.0		3909	0	0
1702058870460	t	basketballcourt_test_cue_pool_right	0.0	1	0	2.8143	820.656	841.6	0.9662	2.5557	800.928	828.8000000000001	0.9457	-0.1114	-0.0141	0.9937	-31.1808	4.7571	-39.2228	0.0	25	0.0	0.0		3909	0	0
1702058870469	t	basketballcourt_test_cue_pool_right	0.0	1	0	2.7954	812.592	841.44	0.9662	2.6203	790.8480000000001	831.04	0.9457	-0.1038	-0.0266	0.9942	-31.0324	4.6402	-38.717	0.0	25	0.0	0.0		3909	0	0
1702058870477	t	basketballcourt_test_cue_pool_right	0.0	1	0	2.762	802.08	835.36	0.9618	2.6306	779.616	826.72	0.9599	-0.0821	-0.0206	0.9964	-30.9181	4.74	-38.9293	0.0	25	0.0	0.0		3909	0	0
1702058870485	t	basketballcourt_test_cue_pool_right	0.0	1	0	2.6344	788.4	830.08	0.9618	2.7603	769.68	822.4	0.9599	-0.0648	-0.0193	0.9977	-30.8088	4.7854	-38.8429	0.0	25	0.0	0.0		3909	0	0
1702058870493	t	basketballcourt_test_cue_pool_right	0.0	1	0	2.7401	778.3199999999999	828.32	0.9757	2.5968	755.856	820.8000000000001	0.9787	-0.0295	-0.0192	0.9994	-30.7128	4.9536	-39.388	0.0	25	0.0	0.0		3909	0	0
1702058870503	t	basketballcourt_test_cue_pool_right	0.0	1	0	2.7015	765.936	829.28	0.9757	2.7978	743.184	819.9999999999999	0.9787	-0.0077	-0.0171	0.9998	-30.573	4.7921	-38.7751	0.0	25	0.0	0.0		3909	0	0
1702058870511	t	basketballcourt_test_cue_pool_right	0.0	1	0	2.7238	750.24	828.8000000000001	0.9343	2.6732	731.376	819.8399999999999	0.9944	0.0117	-0.0214	0.9997	-30.4394	4.8729	-39.0014	0.0	25	0.0	0.0		3909	0	0
1702058870519	t	basketballcourt_test_cue_pool_right	0.0	1	0	2.7156	736.56	827.9999999999999	0.9347	2.7263	715.392	813.7600000000001	0.9945	0.0523	-0.0118	0.9986	-30.3283	5.0598	-39.4754	0.0	25	0.0	0.0		3909	0	0
1702058870527	t	basketballcourt_test_cue_pool_right	0.0	1	0	-1.0	718.416	820.32	0.769	-1.0	703.4399999999999	821.28	0.8758	-1.0	-1.0	-1.0	-1.0	-1.0	-1.0	0.0	25	0.0	0.0		3909	0	0
1702058870535	t	basketballcourt_test_cue_pool_right	0.0	1	0	-1.0	730.656	943.52	0.769	-1.0	614.736	987.68	0.8758	-1.0	-1.0	-1.0	-1.0	-1.0	-1.0	0.0	25	0.0	0.0		3909	0	0
1702058870542	t	basketballcourt_test_cue_pool_right	0.0	1	0	-1.0	849.168	948.8	0.436	-1.0	677.088	956.64	0.6089	-1.0	-1.0	-1.0	-1.0	-1.0	-1.0	0.0	25	0.0	0.0		3909	0	0
1702058870550	t	basketballcourt_test_cue_pool_right	0.0	1	0	-1.0	859.536	966.56	0.436	-1.0	703.296	944.6400000000001	0.6089	-1.0	-1.0	-1.0	-1.0	-1.0	-1.0	0.0	25	0.0	0.0		3909	0	0
1702058870557	t	basketballcourt_test_cue_pool_right	0.0	1	0	-1.0	-1440.0	-1600.0	0.112	-1.0	731.52	881.7600000000001	0.1998	-1.0	-1.0	-1.0	-1.0	-1.0	-1.0	0.0	25	0.0	0.0		3909	0	0
1702058870566	t	basketballcourt_test_cue_pool_right	0.0	1	0	-1.0	-1440.0	-1600.0	0.112	-1.0	1001.952	1001.2800000000001	0.1998	-1.0	-1.0	-1.0	-1.0	-1.0	-1.0	0.0	25	0.0	0.0		3909	0	0
1702058870576	t	basketballcourt_test_cue_pool_right	0.0	1	0	-1.0	857.664	921.12	0.0145	-1.0	1049.616	1001.44	0.1647	-1.0	-1.0	-1.0	-1.0	-1.0	-1.0	0.0	25	0.0	0.0		3909	0	0
1702058870584	t	basketballcourt_test_cue_pool_right	0.0	1	0	-1.0	904.032	915.1999999999999	0.0145	-1.0	1085.472	1043.84	0.1647	-1.0	-1.0	-1.0	-1.0	-1.0	-1.0	0.0	25	0.0	0.0		3909	0	0
1702058870593	t	basketballcourt_test_cue_pool_right	0.0	1	0	-1.0	931.392	831.3599999999999	0.1318	-1.0	1139.472	1038.24	0.2796	-1.0	-1.0	-1.0	-1.0	-1.0	-1.0	0.0	25	0.0	0.0		3909	0	0
1702058870601	t	basketballcourt_test_cue_pool_right	0.0	1	0	-1.0	969.1200000000001	819.8399999999999	0.1318	-1.0	936.7199999999999	831.5200000000001	0.2796	-1.0	-1.0	-1.0	-1.0	-1.0	-1.0	0.0	25	0.0	0.0		3909	0	0
1702058870610	t	basketballcourt_test_cue_pool_right	0.0	1	0	-1.0	993.5999999999999	831.04	0.4095	-1.0	973.44	837.9200000000001	0.5095	-1.0	-1.0	-1.0	-1.0	-1.0	-1.0	0.0	25	0.0	0.0		3909	0	0
1702058870618	t	basketballcourt_test_cue_pool_right	0.0	1	0	-1.0	1014.48	853.5999999999999	0.4095	-1.0	985.824	841.1199999999999	0.5095	-1.0	-1.0	-1.0	-1.0	-1.0	-1.0	0.0	25	0.0	0.0		3909	0	0
1702058870627	t	basketballcourt_test_cue_pool_right	0.0	1	0	-1.0	1032.336	865.44	0.601	-1.0	1009.7280000000001	837.9200000000001	0.5581	-1.0	-1.0	-1.0	-1.0	-1.0	-1.0	0.0	25	0.0	0.0		3909	0	0
1702058870635	t	basketballcourt_test_cue_pool_right	0.0	1	0	-1.0	1051.776	867.52	0.601	-1.0	1043.712	859.84	0.5581	-1.0	-1.0	-1.0	-1.0	-1.0	-1.0	0.0	25	0.0	0.0		3909	0	0
1702058870643	t	basketballcourt_test_cue_pool_right	0.0	1	0	-1.0	1064.3039999999999	878.88	0.7094	-1.0	1045.296	862.4000000000001	0.5834	-1.0	-1.0	-1.0	-1.0	-1.0	-1.0	0.0	25	0.0	0.0		3909	0	0
1702058870651	t	basketballcourt_test_cue_pool_right	0.0	1	0	3.014	1076.1119999999999	884.16	0.7108	3.1818	1057.104	876.16	0.5851	-0.517	-0.0515	0.8544	21.216	3.7065	-37.9858	0.0	25	0.0	0.0		3909	0	0
1702058870660	t	basketballcourt_test_cue_pool_right	0.0	1	0	3.1532	1090.368	889.9200000000001	0.8127	3.2246	1075.968	875.0400000000001	0.6389	-0.5427	-0.0476	0.8386	24.4797	3.591	-37.956	0.0	25	0.0	0.0		3909	0	0
1702058870668	t	basketballcourt_test_cue_pool_right	0.0	1	0	3.1384	1103.472	896.0000000000001	0.8127	-1.0	1105.2	900.96	0.6389	-0.572	-0.0577	0.8182	27.0788	3.539	-37.9256	0.0	25	0.0	0.0		3909	0	0
1702058870676	t	basketballcourt_test_cue_pool_right	0.0	1	0	3.1435	1107.2160000000001	896.96	0.8609	3.2103	1090.512	888.1600000000001	0.6475	-0.5806	-0.0498	0.8126	18.8216	3.6407	-38.3013	0.0	25	0.0	0.0		3909	0	0
1702058870685	t	basketballcourt_test_cue_pool_right	0.0	1	0	3.1236	1099.728	902.0799999999999	0.8609	3.088	1082.448	888.32	0.6475	-0.5986	-0.0637	0.7985	6.7845	3.8551	-38.7367	0.0	25	0.0	0.0		3909	0	0
1702058870693	t	basketballcourt_test_cue_pool_right	0.0	1	0	3.0996	1068.048	890.7199999999999	0.888	3.0284	1059.84	881.7600000000001	0.6832	-0.5626	-0.0499	0.8252	4.0726	3.9145	-38.6769	0.0	25	0.0	0.0		3909	0	0
1702058870701	t	basketballcourt_test_cue_pool_right	0.0	1	0	2.9487	1037.232	892.4799999999999	0.888	3.3142	1035.216	869.6	0.6832	-0.5177	-0.0454	0.8544	-1.242	3.9873	-38.7475	0.0	25	0.0	0.0		3909	0	0
1702058870709	t	basketballcourt_test_cue_pool_right	0.0	1	0	2.8297	1015.1999999999999	884.3199999999999	0.9907	3.0964	1002.816	872.48	0.7769	-0.4632	-0.0498	0.8848	-0.8724	3.9678	-38.5889	0.0	25	0.0	0.0		3909	0	0
1702058870718	t	basketballcourt_test_cue_pool_right	0.0	1	0	2.8671	991.872	877.12	0.9907	2.8716	979.488	868.96	0.7769	-0.4243	-0.0432	0.9045	7.1232	3.8392	-38.1626	0.0	25	0.0	0.0		3909	0	0
1702058870726	t	basketballcourt_test_cue_pool_right	0.0	1	0	2.7885	976.0319999999999	874.8799999999999	1.0	2.9635	960.1919999999999	857.6	1.0	-0.4046	-0.0351	0.9138	12.0723	3.7701	-37.9034	0.0	25	0.0	0.0		3909	0	0
1702058870735	t	basketballcourt_test_cue_pool_right	0.0	1	0	2.7705	951.12	873.28	1.0	2.899	940.896	858.7199999999999	1.0	-0.3523	-0.0443	0.9348	15.9185	3.7083	-37.6691	0.0	25	0.0	0.0		3909	0	0
1702058870743	t	basketballcourt_test_cue_pool_right	0.0	1	0	2.8284	934.128	867.6800000000001	1.0	2.8303	915.1199999999999	857.9200000000001	1.0	-0.322	-0.0443	0.9457	21.5787	3.6598	-37.3784	0.0	25	0.0	0.0		3909	0	0
1702058870752	t	basketballcourt_test_cue_pool_right	0.0	1	0	2.7368	914.832	868.96	1.0	2.9204	900.0	850.08	1.0	-0.2933	-0.0543	0.9545	18.6558	3.73	-37.4272	0.0	25	0.0	0.0		3909	0	0
1702058870760	t	basketballcourt_test_cue_pool_right	0.0	1	0	2.841	895.392	863.84	1.0	2.6374	871.4879999999999	855.52	1.0	-0.2516	-0.0516	0.9664	18.8602	3.7383	-37.3548	0.0	25	0.0	0.0		3909	0	0
1702058870768	t	basketballcourt_test_cue_pool_right	0.0	1	0	2.7799	876.24	851.0400000000001	1.0	2.4374	850.752	850.08	1.0	-0.2102	-0.0268	0.9773	15.8222	3.8257	-37.411	0.0	25	0.0	0.0		3909	0	0
1702058870777	t	basketballcourt_test_cue_pool_right	0.0	1	0	2.8097	855.36	855.6800000000001	0.995	2.478	836.064	848.64	0.893	-0.1677	-0.0473	0.9847	-24.6958	4.4554	-38.8617	0.0	25	0.0	0.0		3909	0	0
1702058870785	t	basketballcourt_test_cue_pool_right	0.0	1	0	2.7763	843.408	854.88	0.995	2.6691	823.8240000000001	846.24	0.8937	-0.1499	-0.0427	0.9878	-31.29	4.6211	-39.2728	0.0	25	0.0	0.0		3909	0	0
1702058870794	t	basketballcourt_test_cue_pool_right	0.0	1	0	2.6734	825.84	848.8	0.9882	2.5626	804.528	847.04	0.9646	-0.1141	-0.0476	0.9923	-31.2313	4.598	-39.186	0.0	25	0.0	0.0		3909	0	0
1702058870802	t	basketballcourt_test_cue_pool_right	0.0	1	0	2.7306	807.5519999999999	850.24	0.9882	2.6346	787.6800000000001	838.72	0.9646	-0.0871	-0.0192	0.996	-31.0345	4.7526	-39.7369	0.0	25	0.0	0.0		3909	0	0
1702058870810	t	basketballcourt_test_cue_pool_right	0.0	1	0	2.6802	791.136	854.24	0.97	2.5974	768.5279999999999	837.9200000000001	0.9829	-0.0556	-0.0191	0.9983	-30.8286	4.6494	-39.3368	0.0	25	0.0	0.0		3909	0	0
1702058870819	t	basketballcourt_test_cue_pool_right	0.0	1	0	2.7766	789.264	852.3199999999999	0.97	2.7081	767.952	836.0	0.9829	-0.0437	-0.0132	0.9989	-30.8695	4.5818	-39.0625	0.0	25	0.0	0.0		3909	0	0
1702058870827	t	basketballcourt_test_cue_pool_right	0.0	1	0	2.6738	813.5999999999999	847.1999999999999	1.0	2.6729	797.04	836.8000000000001	1.0	-0.0925	-0.0165	0.9956	-31.1498	4.6985	-39.459	0.0	25	0.0	0.0		3909	0	0
1702058870835	t	basketballcourt_test_cue_pool_right	0.0	1	0	2.8275	850.608	853.4399999999999	1.0	2.7379	831.456	840.9599999999999	1.0	-0.1496	-0.0281	0.9883	-31.5362	4.6486	-39.2868	0.0	25	0.0	0.0		3909	0	0
1702058870843	t	basketballcourt_test_cue_pool_right	0.0	1	0	2.7341	884.304	850.08	0.9579	2.8201	870.912	841.2800000000001	0.9522	-0.2338	-0.0128	0.9722	-31.7641	4.6212	-39.3762	0.0	25	0.0	0.0		3909	0	0
1702058870851	t	basketballcourt_test_cue_pool_right	0.0	1	0	2.8682	921.6	853.76	0.9579	2.8325	903.5999999999999	842.56	0.9522	-0.3024	0.0	0.9532	-31.8223	4.593	-39.4831	0.0	25	0.0	0.0		3909	0	0
1702058870860	t	basketballcourt_test_cue_pool_right	0.0	1	0	2.8314	950.688	853.4399999999999	0.9519	2.9983	930.096	842.8800000000001	0.8842	-0.3548	0.0093	0.9349	-32.3547	4.6067	-39.5999	0.0	25	0.0	0.0		3909	0	0
1702058870868	t	basketballcourt_test_cue_pool_right	0.0	1	0	2.7521	982.224	865.1199999999999	0.9519	3.0339	954.576	851.52	0.8842	-0.3974	-0.0153	0.9175	-32.6507	4.6246	-39.6889	0.0	25	0.0	0.0		3909	0	0
1702058870876	t	basketballcourt_test_cue_pool_right	0.0	1	0	2.9107	1002.528	868.0	0.9894	2.7915	974.16	854.24	0.875	-0.4374	-0.0156	0.8991	-32.8296	4.6223	-39.7858	0.0	25	0.0	0.0		3909	0	0
1702058870885	t	basketballcourt_test_cue_pool_right	0.0	1	0	2.8778	1018.8000000000001	876.8000000000001	0.9894	3.021	998.2080000000001	861.4399999999999	0.875	-0.4921	-0.0236	0.8702	-32.9965	4.6169	-39.9132	0.0	25	0.0	0.0		3909	0	0
1702058870893	t	basketballcourt_test_cue_pool_right	0.0	1	0	3.0385	1038.816	880.1600000000001	1.0	2.8291	1012.8960000000001	862.5600000000001	1.0	-0.5188	-0.0157	0.8548	-33.1221	4.6009	-40.002	0.0	25	0.0	0.0		3909	0	0
1702058870901	t	basketballcourt_test_cue_pool_right	0.0	1	0	3.0034	1043.856	882.24	1.0	3.0275	1022.256	871.1999999999999	1.0	-0.5387	-0.0383	0.8416	-33.1746	4.5971	-40.0419	0.0	25	0.0	0.0		3909	0	0
1702058870909	t	basketballcourt_test_cue_pool_right	0.0	1	0	3.0004	1042.128	880.0000000000001	1.0	2.9896	1015.9200000000001	870.2400000000001	1.0	-0.5326	-0.044	0.8452	-32.9894	4.6193	-39.9918	0.0	25	0.0	0.0		3909	0	0
1702058870918	t	basketballcourt_test_cue_pool_right	0.0	1	0	3.046	1012.6080000000001	871.52	1.0	3.0609	995.1840000000001	862.72	1.0	-0.4735	-0.0404	0.8799	-0.3311	4.0649	-38.3881	0.0	25	0.0	0.0		3909	0	0
1702058870927	t	basketballcourt_test_cue_pool_right	0.0	1	0	2.9722	994.896	874.56	1.0	3.0228	978.192	862.88	1.0	-0.4566	-0.054	0.888	3.8579	3.9856	-38.1104	0.0	25	0.0	0.0		3909	0	0
1702058870935	t	basketballcourt_test_cue_pool_right	0.0	1	0	3.0007	965.808	876.8000000000001	1.0	2.99	955.008	855.04	1.0	-0.4005	-0.0553	0.9146	3.3055	3.9741	-38.0371	0.0	25	0.0	0.0		3909	0	0
1702058870943	t	basketballcourt_test_cue_pool_right	0.0	1	0	2.7338	943.92	868.16	1.0	3.0134	933.8399999999999	849.6	1.0	-0.3649	-0.0364	0.9303	3.1375	3.9725	-37.98	0.0	25	0.0	0.0		3909	0	0
1702058870951	t	basketballcourt_test_cue_pool_right	0.0	1	0	2.9328	925.488	871.52	1.0	2.9899	910.656	849.76	1.0	-0.3413	-0.04	0.9391	-8.7285	4.1835	-38.4443	0.0	25	0.0	0.0		3909	0	0
1702058870960	t	basketballcourt_test_cue_pool_right	0.0	1	0	2.8118	905.472	871.84	1.0	2.899	888.624	853.12	1.0	-0.3093	-0.0529	0.9495	-8.7694	4.1728	-38.379	0.0	25	0.0	0.0		3909	0	0
1702058870968	t	basketballcourt_test_cue_pool_right	0.0	1	0	2.8389	888.48	871.84	1.0	2.7816	868.752	850.56	1.0	-0.2783	-0.056	0.9589	8.3894	3.8261	-37.5788	0.0	25	0.0	0.0		3909	0	0
1702058870976	t	basketballcourt_test_cue_pool_right	0.0	1	0	2.8645	869.616	867.84	1.0	2.6975	850.896	856.64	1.0	-0.2494	-0.0628	0.9664	10.3433	3.8064	-37.435	0.0	25	0.0	0.0		3909	0	0
1702058870985	t	basketballcourt_test_cue_pool_right	0.0	1	0	2.7551	846.7199999999999	861.28	1.0	2.5549	826.9920000000001	855.04	1.0	-0.1847	-0.0534	0.9813	-26.9588	4.4313	-38.9934	0.0	25	0.0	0.0		3909	0	0
1702058870993	t	basketballcourt_test_cue_pool_right	0.0	1	0	2.8241	838.0799999999999	861.92	1.0	2.7564	819.2159999999999	853.28	1.0	-0.1851	-0.0467	0.9816	-31.1544	4.532	-39.2696	0.0	25	0.0	0.0		3909	0	0
1702058871002	t	basketballcourt_test_cue_pool_right	0.0	1	0	2.7702	819.792	853.92	1.0	2.704	800.064	853.76	1.0	-0.1407	-0.0551	0.9885	-31.0197	4.6453	-39.6099	0.0	25	0.0	0.0		3909	0	0
1702058871010	t	basketballcourt_test_cue_pool_right	0.0	1	0	2.6908	806.112	850.08	1.0	2.6434	787.1039999999999	849.76	1.0	-0.1274	-0.0463	0.9908	-30.8482	4.501	-39.0083	0.0	25	0.0	0.0		3909	0	0
1702058871019	t	basketballcourt_test_cue_pool_right	0.0	1	0	2.8167	793.1519999999999	854.24	1.0	2.7667	773.712	847.04	1.0	-0.1076	-0.0529	0.9928	-30.6818	4.6807	-39.3881	0.0	25	0.0	0.0		3909	0	0
1702058871027	t	basketballcourt_test_cue_pool_right	0.0	1	0	2.7867	781.1999999999999	851.68	1.0	2.7097	758.4479999999999	845.12	1.0	-0.0851	-0.0434	0.9954	-30.506	4.5417	-38.9507	0.0	25	0.0	0.0		3909	0	0
1702058871036	t	basketballcourt_test_cue_pool_right	0.0	1	0	2.8692	766.08	846.5600000000001	1.0	2.7471	746.64	845.5999999999999	1.0	-0.0743	-0.0453	0.9962	-30.2594	4.4054	-38.452	0.0	25	0.0	0.0		3909	0	0
1702058871044	t	basketballcourt_test_cue_pool_right	0.0	1	0	2.8711	754.272	844.8000000000001	1.0	2.6007	735.984	843.0400000000001	1.0	-0.0588	-0.0378	0.9975	-30.0897	4.5681	-39.0353	0.0	25	0.0	0.0		3909	0	0
1702058871052	t	basketballcourt_test_cue_pool_right	0.0	1	0	2.7762	742.3199999999999	842.56	1.0	2.6826	725.472	845.5999999999999	1.0	-0.0481	-0.0388	0.9981	-29.6467	4.3741	-38.4679	0.0	25	0.0	0.0		3909	0	0
1702058871060	t	basketballcourt_test_cue_pool_right	0.0	1	0	2.7303	731.0880000000001	839.84	1.0	2.6016	713.808	847.84	1.0	-0.0284	-0.0455	0.9986	-29.8491	4.4879	-38.9212	0.0	25	0.0	0.0		3909	0	0
1702058871068	t	basketballcourt_test_cue_pool_right	0.0	1	0	2.7499	723.168	839.3599999999999	1.0	2.7218	702.432	844.48	1.0	-0.0023	-0.0332	0.9994	-29.811	4.4569	-38.8027	0.0	25	0.0	0.0		3909	0	0
1702058871077	t	basketballcourt_test_cue_pool_right	0.0	1	0	2.7249	728.2080000000001	838.5600000000001	1.0	2.7077	711.36	845.4399999999999	1.0	-0.0107	-0.0423	0.999	-29.8844	4.4671	-38.7491	0.0	25	0.0	0.0		3909	0	0
1702058871085	t	basketballcourt_test_cue_pool_right	0.0	1	0	2.7589	758.016	839.3599999999999	1.0	2.6926	742.1759999999999	837.4399999999999	1.0	-0.0703	-0.0226	0.9973	-30.163	4.5164	-38.7479	0.0	25	0.0	0.0		3909	0	0
1702058871093	t	basketballcourt_test_cue_pool_right	0.0	1	0	2.8202	794.592	839.1999999999999	1.0	2.5791	778.4639999999999	833.2800000000001	1.0	-0.1424	-0.0214	0.9896	-29.4312	4.6238	-38.8821	0.0	25	0.0	0.0		3909	0	0
1702058871102	t	basketballcourt_test_cue_pool_right	0.0	1	0	2.8731	822.672	835.8399999999999	1.0	2.5363	799.2	832.48	1.0	-0.1691	-0.0301	0.9851	-30.7543	4.7769	-39.2049	0.0	25	0.0	0.0		3909	0	0
1702058871110	t	basketballcourt_test_cue_pool_right	0.0	1	0	2.8712	839.232	832.64	1.0	2.676	809.856	831.5200000000001	1.0	-0.1905	-0.0347	0.9811	-30.9117	4.8	-39.1195	0.0	25	0.0	0.0		3909	0	0
1702058871118	t	basketballcourt_test_cue_pool_right	0.0	1	0	2.8581	834.9119999999999	830.72	1.0	2.5762	805.824	828.6400000000001	1.0	-0.1858	-0.0318	0.9821	-30.9013	4.8398	-39.1471	0.0	25	0.0	0.0		3909	0	0
1702058871126	t	basketballcourt_test_cue_pool_right	0.0	1	0	2.8251	826.2719999999999	829.4399999999999	1.0	2.5764	799.2	824.64	1.0	-0.1693	-0.0245	0.9853	-30.869	4.8796	-39.1849	0.0	25	0.0	0.0		3909	0	0
1702058871135	t	basketballcourt_test_cue_pool_right	0.0	1	0	2.8044	821.952	829.12	1.0	2.5681	799.2	828.32	1.0	-0.1723	-0.0387	0.9843	-30.8436	4.8798	-39.1653	0.0	25	0.0	0.0		3909	0	0
1702058871143	t	basketballcourt_test_cue_pool_right	0.0	1	0	2.835	819.936	830.08	1.0	2.6423	796.1759999999999	825.92	1.0	-0.1603	-0.0316	0.9865	-30.7355	4.8977	-39.2132	0.0	25	0.0	0.0		3909	0	0
1702058871152	t	basketballcourt_test_cue_pool_right	0.0	1	0	2.8156	817.2	828.48	1.0	2.6598	795.024	827.0400000000001	1.0	-0.1593	-0.033	0.9867	-30.0104	4.8638	-39.1454	0.0	25	0.0	0.0		3909	0	0
1702058871160	t	basketballcourt_test_cue_pool_right	0.0	1	0	2.726	814.752	829.4399999999999	1.0	2.5419	790.7040000000001	829.5999999999999	1.0	-0.1504	-0.0342	0.988	-25.0671	4.6647	-38.6189	0.0	25	0.0	0.0		3909	0	0
1702058871168	t	basketballcourt_test_cue_pool_right	0.0	1	0	2.6778	810.864	826.8800000000001	1.0	2.662	791.424	828.96	1.0	-0.151	-0.0288	0.9881	-27.7903	4.6951	-38.7343	0.0	25	0.0	0.0		3909	0	0
1702058871177	t	basketballcourt_test_cue_pool_right	0.0	1	0	2.7594	810.0	827.9999999999999	1.0	2.5658	786.528	829.28	1.0	-0.1427	-0.043	0.9888	8.9006	4.384	-37.7511	0.0	25	0.0	0.0		3909	0	0
1702058871185	t	basketballcourt_test_cue_pool_right	0.0	1	0	2.7962	807.6959999999999	824.8	1.0	2.7272	790.2719999999999	829.12	1.0	-0.1481	-0.0293	0.9885	27.3806	3.8582	-36.0352	0.0	25	0.0	0.0		3909	0	0
1702058871193	t	basketballcourt_test_cue_pool_right	0.0	1	0	2.7949	806.5440000000001	822.08	1.0	2.7134	787.6800000000001	828.16	1.0	-0.1468	-0.0197	0.989	30.1445	3.7683	-35.7291	0.0	25	0.0	0.0		3909	0	0
1702058871202	t	basketballcourt_test_cue_pool_right	0.0	1	0	2.7948	805.392	823.5200000000001	1.0	2.6178	788.112	829.4399999999999	1.0	-0.145	-0.028	0.989	30.3686	3.8323	-35.9123	0.0	25	0.0	0.0		3909	0	0
1702058871210	t	basketballcourt_test_cue_pool_right	0.0	1	0	2.6886	801.6479999999999	821.7599999999999	1.0	2.6621	786.816	826.4	1.0	-0.1312	-0.025	0.991	30.412	3.8262	-35.8456	0.0	25	0.0	0.0		3909	0	0
1702058871218	t	basketballcourt_test_cue_pool_right	0.0	1	0	2.74	800.928	820.32	1.0	2.7436	788.112	823.04	1.0	-0.1321	-0.0223	0.991	30.419	3.781	-35.6261	0.0	25	0.0	0.0		3909	0	0
1702058871227	t	basketballcourt_test_cue_pool_right	0.0	1	0	2.7005	799.776	820.64	1.0	2.6414	785.808	825.1200000000001	1.0	-0.126	-0.0275	0.9916	30.4173	3.8162	-35.6949	0.0	25	0.0	0.0		3909	0	0
1702058871235	t	basketballcourt_test_cue_pool_right	0.0	1	0	2.757	800.208	819.36	1.0	2.7012	785.664	823.04	1.0	-0.1269	-0.0258	0.9916	30.4124	3.8791	-35.8759	0.0	25	0.0	0.0		3909	0	0
1702058871243	t	basketballcourt_test_cue_pool_right	0.0	1	0	2.6524	797.6159999999999	818.72	1.0	2.7265	785.52	824.9599999999999	1.0	-0.117	-0.0154	0.993	30.3163	3.6118	-35.0394	0.0	25	0.0	0.0		3909	0	0
1702058871251	t	basketballcourt_test_cue_pool_right	0.0	1	0	2.7662	796.464	818.72	1.0	2.6677	783.792	825.6	1.0	-0.1152	-0.0165	0.9932	30.0779	3.6578	-35.1823	0.0	25	0.0	0.0		3909	0	0
1702058871260	t	basketballcourt_test_cue_pool_right	0.0	1	0	2.722	795.456	820.32	1.0	2.7332	782.928	823.1999999999999	1.0	-0.1123	-0.0229	0.9934	29.5625	3.7039	-35.3399	0.0	25	0.0	0.0		3909	0	0
1702058871268	t	basketballcourt_test_cue_pool_right	0.0	1	0	2.6447	794.8800000000001	820.48	1.0	2.7065	783.648	826.24	1.0	-0.1073	-0.0386	0.9935	29.922	4.1562	-36.7694	0.0	25	0.0	0.0		3909	0	0
1702058871276	t	basketballcourt_test_cue_pool_right	0.0	1	0	2.6628	794.448	820.1599999999999	1.0	2.7387	784.0799999999999	825.76	1.0	-0.1108	-0.036	0.9932	18.9386	4.2792	-37.1734	0.0	25	0.0	0.0		3909	0	0
1702058871285	t	basketballcourt_test_cue_pool_right	0.0	1	0	2.6804	794.16	820.48	1.0	2.6591	782.784	825.2800000000001	1.0	-0.1234	-0.0286	0.9919	-26.901	4.777	-38.8364	0.0	25	0.0	0.0		3909	0	0
1702058871293	t	basketballcourt_test_cue_pool_right	0.0	1	0	2.6814	793.8720000000001	820.1599999999999	1.0	2.6756	780.768	825.44	1.0	-0.1166	-0.0286	0.9928	-30.7786	4.8108	-38.9482	0.0	25	0.0	0.0		3909	0	0
1702058871301	t	basketballcourt_test_cue_pool_right	0.0	1	0	2.6834	793.7280000000001	819.8399999999999	1.0	2.7083	783.0719999999999	826.4	1.0	-0.1261	-0.0344	0.9914	-30.7782	4.8381	-38.9967	0.0	25	0.0	0.0		3909	0	0
1702058871310	t	basketballcourt_test_cue_pool_right	0.0	1	0	2.7599	793.8720000000001	818.72	1.0	2.7348	783.936	824.48	1.0	-0.1293	-0.0312	0.9911	-30.7802	4.8438	-38.9428	0.0	25	0.0	0.0		3909	0	0
1702058871318	t	basketballcourt_test_cue_pool_right	0.0	1	0	2.7408	793.44	819.36	1.0	2.7202	784.3679999999999	824.9599999999999	1.0	-0.1317	-0.038	0.9906	-30.7788	4.8071	-38.7282	0.0	25	0.0	0.0		3909	0	0
1702058871326	t	basketballcourt_test_cue_pool_right	0.0	1	0	2.6774	791.568	814.24	1.0	2.7033	775.152	816.3199999999999	1.0	-0.1137	-0.0242	0.9932	-30.6918	4.8175	-38.4733	0.0	25	0.0	0.0		3909	0	0
1702058871335	t	basketballcourt_test_cue_pool_right	0.0	1	0	2.7424	774.72	793.12	1.0	2.7472	761.04	796.64	1.0	-0.1028	0.0044	0.9947	-30.4684	5.171	-39.0408	0.0	25	0.0	0.0		3909	0	0
1702058871343	t	basketballcourt_test_cue_pool_right	0.0	1	0	2.7273	759.8879999999999	771.52	1.0	2.6549	735.2640000000001	775.52	1.0	-0.0663	0.0501	0.9965	-30.1574	5.0725	-38.142	0.0	25	0.0	0.0		3909	0	0
1702058871351	t	basketballcourt_test_cue_pool_right	0.0	1	0	2.7097	746.7839999999999	749.28	1.0	2.7216	714.096	761.4399999999999	1.0	-0.0201	0.0682	0.9975	-29.9636	5.1143	-37.7162	0.0	25	0.0	0.0		3909	0	0
1702058871360	t	basketballcourt_test_cue_pool_right	0.0	1	0	2.6504	739.7280000000001	737.28	1.0	2.8017	705.168	742.4000000000001	1.0	-0.0016	0.122	0.9925	-29.7321	5.172	-37.624	0.0	25	0.0	0.0		3909	0	0
1702058871369	t	basketballcourt_test_cue_pool_right	0.0	1	0	2.6751	739.1519999999999	735.52	1.0	2.7774	706.176	741.6	1.0	0.0051	0.1294	0.9916	-25.5041	5.1202	-37.5377	0.0	25	0.0	0.0		3909	0	0
1702058871377	t	basketballcourt_test_cue_pool_right	0.0	1	0	2.6606	738.432	736.48	1.0	2.7085	710.784	743.8399999999999	1.0	0.0036	0.122	0.9925	15.1488	4.6857	-36.1042	0.0	25	0.0	0.0		3909	0	0
1702058871385	t	basketballcourt_test_cue_pool_right	0.0	1	0	2.6463	740.8799999999999	739.52	1.0	2.7406	717.264	744.16	1.0	-0.0051	0.1238	0.9923	29.1434	4.3507	-35.1142	0.0	25	0.0	0.0		3909	0	0
1702058871393	t	basketballcourt_test_cue_pool_right	0.0	1	0	2.7124	741.0239999999999	740.8000000000001	1.0	2.6886	720.144	746.72	1.0	0.0001	0.121	0.9926	30.0481	4.3737	-35.2395	0.0	25	0.0	0.0		3909	0	0
1702058871401	t	basketballcourt_test_cue_pool_right	0.0	1	0	2.646	745.3439999999999	744.16	1.0	2.7071	723.4559999999999	751.04	1.0	-0.0111	0.1076	0.9941	30.1721	4.381	-35.2555	0.0	25	0.0	0.0		3909	0	0
1702058871409	t	basketballcourt_test_cue_pool_right	0.0	1	0	2.6566	747.072	745.6	1.0	2.6645	725.616	753.4399999999999	1.0	-0.0154	0.1081	0.994	26.2613	4.3474	-35.2149	0.0	25	0.0	0.0		3909	0	0
1702058871418	t	basketballcourt_test_cue_pool_right	0.0	1	0	2.6804	747.648	748.1600000000001	1.0	2.6679	728.496	756.64	1.0	-0.0238	0.1075	0.9939	-27.8206	5.0115	-37.7175	0.0	25	0.0	0.0		3909	0	0
1702058871426	t	basketballcourt_test_cue_pool_right	0.0	1	0	2.6331	749.088	750.5600000000001	1.0	2.6025	731.808	759.52	1.0	-0.0299	0.0976	0.9948	-28.8143	5.1162	-38.1261	0.0	25	0.0	0.0		3909	0	0
1702058871434	t	basketballcourt_test_cue_pool_right	0.0	1	0	2.687	753.9839999999999	752.48	1.0	2.6819	732.96	760.0	1.0	-0.0275	0.1018	0.9944	-28.0116	5.0518	-37.981	0.0	25	0.0	0.0		3909	0	0
1702058871443	t	basketballcourt_test_cue_pool_right	0.0	1	0	2.6492	756.8639999999999	752.64	1.0	2.6268	735.984	761.9200000000001	1.0	-0.0322	0.0994	0.9945	-26.2727	4.9384	-37.6484	0.0	25	0.0	0.0		3909	0	0
1702058871451	t	basketballcourt_test_cue_pool_right	0.0	1	0	2.6793	757.5840000000001	753.92	1.0	2.7106	739.4399999999999	763.84	1.0	-0.0349	0.094	0.9949	-18.3544	4.8604	-37.3747	0.0	25	0.0	0.0		3909	0	0
1702058871460	t	basketballcourt_test_cue_pool_right	0.0	1	0	2.7148	760.176	753.92	1.0	2.6825	740.592	764.48	1.0	-0.0345	0.0923	0.9951	1.6039	4.5683	-36.2898	0.0	25	0.0	0.0		3909	0	0
1702058871468	t	basketballcourt_test_cue_pool_right	0.0	1	0	2.6668	762.048	755.36	1.0	2.5946	743.04	766.5600000000001	1.0	-0.0389	0.0849	0.9956	1.1972	4.6092	-36.4385	0.0	25	0.0	0.0		3909	0	0
1702058871476	t	basketballcourt_test_cue_pool_right	0.0	1	0	2.7624	762.4799999999999	755.68	1.0	2.6716	748.368	765.4399999999999	1.0	-0.0425	0.088	0.9952	14.7225	4.3805	-35.6127	0.0	25	0.0	0.0		3909	0	0
1702058871485	t	basketballcourt_test_cue_pool_right	0.0	1	0	2.7474	764.784	755.52	1.0	2.691	749.088	765.76	1.0	-0.0463	0.0868	0.9951	20.627	4.3052	-35.3136	0.0	25	0.0	0.0		3909	0	0
1702058871493	t	basketballcourt_test_cue_pool_right	0.0	1	0	2.7628	766.08	755.68	1.0	2.7143	750.8159999999999	765.12	1.0	-0.047	0.0886	0.9949	24.6899	4.2126	-34.9947	0.0	25	0.0	0.0		3909	0	0
1702058871501	t	basketballcourt_test_cue_pool_right	0.0	1	0	2.7441	766.8	755.84	1.0	2.7037	751.248	767.1999999999999	1.0	-0.0456	0.0904	0.9948	21.1192	4.1974	-34.9928	0.0	25	0.0	0.0		3909	0	0
1702058871510	t	basketballcourt_test_cue_pool_right	0.0	1	0	2.7923	768.096	754.72	1.0	2.6411	752.4	766.72	1.0	-0.0493	0.0963	0.9941	2.0888	4.456	-36.0239	0.0	25	0.0	0.0		3909	0	0
1702058871518	t	basketballcourt_test_cue_pool_right	0.0	1	0	2.7146	768.3839999999999	756.8	1.0	2.6484	754.7040000000001	766.08	1.0	-0.0537	0.0937	0.9941	-4.8089	4.5938	-36.5424	0.0	25	0.0	0.0		3909	0	0
1702058871526	t	basketballcourt_test_cue_pool_right	0.0	1	0	2.7245	768.5279999999999	757.5999999999999	1.0	2.6373	754.5600000000001	766.72	1.0	-0.0539	0.0907	0.9944	-14.1417	4.7398	-37.0733	0.0	25	0.0	0.0		3909	0	0
1702058871535	t	basketballcourt_test_cue_pool_right	0.0	1	0	2.6982	769.968	755.52	1.0	2.6794	755.136	766.72	1.0	-0.0551	0.092	0.9942	-8.8534	4.6723	-36.8006	0.0	25	0.0	0.0		3909	0	0
1702058871543	t	basketballcourt_test_cue_pool_right	0.0	1	0	2.7383	770.4000000000001	757.4399999999999	1.0	2.6343	756.0	766.88	1.0	-0.0576	0.088	0.9944	-8.7671	4.6797	-36.8055	0.0	25	0.0	0.0		3909	0	0
1702058871551	t	basketballcourt_test_cue_pool_right	0.0	1	0	2.6456	770.544	756.1600000000001	1.0	2.6508	757.5840000000001	767.36	1.0	-0.0631	0.0859	0.9943	-21.4159	4.8769	-37.5021	0.0	25	0.0	0.0		3909	0	0
1702058871560	t	basketballcourt_test_cue_pool_right	0.0	1	0	2.6915	772.272	758.88	1.0	2.6281	757.872	766.88	1.0	-0.0652	0.0906	0.9937	-29.845	5.0505	-38.2156	0.0	25	0.0	0.0		3909	0	0
1702058871568	t	basketballcourt_test_cue_pool_right	0.0	1	0	2.6525	777.744	771.6800000000001	1.0	2.6754	759.456	778.24	1.0	-0.0689	0.0943	0.9931	-30.2868	4.8445	-38.2267	0.0	25	0.0	0.0		3909	0	0
1702058871577	t	basketballcourt_test_cue_pool_right	0.0	1	0	2.7319	794.304	809.92	1.0	2.6055	764.208	812.1600000000001	1.0	-0.0777	0.0247	0.9967	-29.2514	4.9171	-39.4674	0.0	25	0.0	0.0		3909	0	0
1702058871585	t	basketballcourt_test_cue_pool_right	0.0	1	0	2.7948	805.68	845.92	1.0	2.5363	765.936	845.4399999999999	1.0	-0.0899	-0.0575	0.9943	14.2255	3.9317	-37.0251	0.0	25	0.0	0.0		3909	0	0
1702058871593	t	basketballcourt_test_cue_pool_right	0.0	1	0	2.6738	816.3359999999999	879.52	1.0	2.4893	771.4079999999999	883.36	1.0	-0.1131	-0.1232	0.9859	29.0509	3.2001	-35.4981	0.0	25	0.0	0.0		3909	0	0
1702058871602	t	basketballcourt_test_cue_pool_right	0.0	1	0	2.6599	819.072	910.2399999999999	1.0	2.5302	768.96	911.9999999999999	1.0	-0.1197	-0.1859	0.9753	29.6021	2.9291	-35.3343	0.0	25	0.0	0.0		3909	0	0
1702058871610	t	basketballcourt_test_cue_pool_right	0.0	1	0	2.6221	822.96	939.1999999999999	1.0	2.5314	772.704	942.7199999999999	1.0	-0.1384	-0.2354	0.962	29.9176	2.6897	-35.3712	0.0	25	0.0	0.0		3909	0	0
1702058871618	t	basketballcourt_test_cue_pool_right	0.0	1	0	2.6582	819.936	955.52	1.0	2.7075	775.728	965.44	1.0	-0.1223	-0.2783	0.9527	29.9774	2.6196	-35.3665	0.0	25	0.0	0.0		3909	0	0
1702058871627	t	basketballcourt_test_cue_pool_right	0.0	1	0	2.6747	818.784	955.6800000000001	0.9834	2.6342	781.632	969.4399999999999	0.996	-0.1459	-0.2678	0.9524	30.1275	2.5764	-35.4015	0.0	25	0.0	0.0		3909	0	0
1702058871635	t	basketballcourt_test_cue_pool_right	0.0	1	0	2.6468	814.4639999999999	956.0	0.9834	2.5733	783.792	967.52	0.996	-0.1475	-0.276	0.9498	30.221	2.6077	-35.3817	0.0	25	0.0	0.0		3909	0	0
1702058871643	t	basketballcourt_test_cue_pool_right	0.0	1	0	2.6567	810.4319999999999	953.28	0.9243	2.6142	784.8000000000001	967.0400000000001	0.9155	-0.1391	-0.2704	0.9527	30.2577	2.6229	-35.3828	0.0	25	0.0	0.0		3909	0	0
1702058871652	t	basketballcourt_test_cue_pool_right	0.0	1	0	2.7177	810.4319999999999	953.28	0.9243	2.7375	785.9519999999999	959.36	0.9155	-0.1471	-0.2724	0.9509	30.2915	2.6373	-35.386	0.0	25	0.0	0.0		3909	0	0
1702058871660	t	basketballcourt_test_cue_pool_right	0.0	1	0	2.642	808.848	952.16	0.9147	2.6649	788.256	961.4399999999999	0.885	-0.145	-0.2713	0.9515	30.2771	2.651	-35.3864	0.0	25	0.0	0.0		3909	0	0
1702058871668	t	basketballcourt_test_cue_pool_right	0.0	1	0	2.814	807.5519999999999	954.08	0.9147	2.7115	787.5360000000001	957.6	0.885	-0.1437	-0.2806	0.949	24.3727	2.7638	-35.694	0.0	25	0.0	0.0		3909	0	0
1702058871677	t	basketballcourt_test_cue_pool_right	0.0	1	0	2.7159	808.704	942.0799999999999	0.9314	2.7425	787.5360000000001	952.96	0.8722	-0.1402	-0.249	0.9583	2.4187	3.126	-36.858	0.0	25	0.0	0.0		3909	0	0
1702058871684	t	basketballcourt_test_cue_pool_right	0.0	1	0	2.6929	803.088	952.16	0.9314	2.7473	788.688	950.24	0.8722	-0.1309	-0.2691	0.9542	0.9398	3.176	-36.9229	0.0	25	0.0	0.0		3909	0	0
1702058871693	t	basketballcourt_test_cue_pool_right	0.0	1	0	2.7045	804.096	944.48	0.931	2.6475	787.5360000000001	948.32	0.8821	-0.1304	-0.2565	0.9577	0.7143	3.1985	-36.9327	0.0	25	0.0	0.0		3909	0	0
1702058871701	t	basketballcourt_test_cue_pool_right	0.0	1	0	2.6193	801.36	944.0	0.931	2.6282	788.544	944.3199999999999	0.8821	-0.1273	-0.2523	0.9592	0.636	3.2156	-36.9351	0.0	25	0.0	0.0		3909	0	0
1702058871709	t	basketballcourt_test_cue_pool_right	0.0	1	0	2.4199	795.7439999999999	938.24	0.9465	2.6462	787.5360000000001	944.0	0.8834	-0.1143	-0.2436	0.9631	-0.9469	3.2464	-37.0176	0.0	25	0.0	0.0		3909	0	0
1702058871718	t	basketballcourt_test_cue_pool_right	0.0	1	0	2.5024	799.488	942.0799999999999	0.9469	2.5209	790.416	940.8	0.8842	-0.1289	-0.2446	0.961	-1.0306	3.2531	-37.0276	0.0	25	0.0	0.0		3909	0	0
1702058871726	t	basketballcourt_test_cue_pool_right	0.0	1	0	2.5363	797.328	941.6	0.9547	2.4942	790.2719999999999	939.5200000000001	0.8634	-0.1263	-0.242	0.962	-0.9955	3.2549	-37.0249	0.0	25	0.0	0.0		3909	0	0
1702058871734	t	basketballcourt_test_cue_pool_right	0.0	1	0	2.449	793.8720000000001	932.48	0.9547	2.502	790.2719999999999	939.3599999999999	0.8634	-0.1201	-0.2275	0.9663	-1.0743	3.2586	-37.0309	0.0	25	0.0	0.0		3909	0	0
1702058871743	t	basketballcourt_test_cue_pool_right	0.0	1	0	2.6165	799.0559999999999	936.0	0.947	2.5107	788.9760000000001	940.16	0.8565	-0.1285	-0.2345	0.9636	-1.5785	3.2702	-37.0593	0.0	25	0.0	0.0		3909	0	0
1702058871751	t	basketballcourt_test_cue_pool_right	0.0	1	0	2.5598	795.7439999999999	932.8	0.947	2.5717	787.1039999999999	938.72	0.8565	-0.1176	-0.229	0.9663	-2.3536	3.2901	-37.097	0.0	25	0.0	0.0		3909	0	0
1702058871760	t	basketballcourt_test_cue_pool_right	0.0	1	0	2.6176	794.592	929.7599999999999	0.9534	2.5653	784.9440000000001	938.4000000000001	0.8536	-0.1103	-0.2253	0.968	-2.727	3.3018	-37.1142	0.0	25	0.0	0.0		3909	0	0
1702058871768	t	basketballcourt_test_cue_pool_right	0.0	1	0	2.602	795.312	930.5600000000001	0.9534	2.5171	785.664	938.4000000000001	0.8536	-0.1135	-0.2282	0.967	-2.452	3.3057	-37.0997	0.0	25	0.0	0.0		3909	0	0
1702058871776	t	basketballcourt_test_cue_pool_right	0.0	1	0	2.6176	794.592	929.7599999999999	0.9603	2.5087	785.232	937.4399999999999	0.8611	-0.1113	-0.2276	0.9674	-2.601	3.3195	-37.105	0.0	25	0.0	0.0		3909	0	0
1702058871784	t	basketballcourt_test_cue_pool_right	0.0	1	0	2.6022	795.024	929.7599999999999	0.9603	2.5705	782.352	936.6400000000001	0.8611	-0.1052	-0.2285	0.9678	-2.1636	3.3229	-37.0771	0.0	25	0.0	0.0		3909	0	0
1702058871792	t	basketballcourt_test_cue_pool_right	0.0	1	0	2.6735	794.304	927.68	0.9426	2.5737	784.0799999999999	937.12	0.8573	-0.1091	-0.2293	0.9672	-2.1198	3.3403	-37.0777	0.0	25	0.0	0.0		3909	0	0
1702058871801	t	basketballcourt_test_cue_pool_right	0.0	1	0	2.651	794.016	925.6	0.9426	2.5453	783.792	936.48	0.8573	-0.1071	-0.2339	0.9663	-1.5629	3.372	-37.0253	0.0	25	0.0	0.0		3909	0	0
1702058871809	t	basketballcourt_test_cue_pool_right	0.0	1	0	2.5846	791.28	927.0400000000001	0.9799	2.6246	783.36	934.0799999999999	0.8496	-0.1022	-0.2327	0.9671	-0.9685	3.3637	-36.992	0.0	25	0.0	0.0		3909	0	0
1702058871818	t	basketballcourt_test_cue_pool_right	0.0	1	0	2.6524	792.72	926.4	0.9799	2.607	783.504	934.24	0.8496	-0.1067	-0.2318	0.9669	-1.8902	3.3791	-37.0421	0.0	25	0.0	0.0		3909	0	0
1702058871826	t	basketballcourt_test_cue_pool_right	0.0	1	0	2.6735	794.16	925.92	0.9774	2.5896	783.36	934.24	0.8601	-0.11	-0.231	0.9667	-2.604	3.3913	-37.0808	0.0	25	0.0	0.0		3909	0	0
1702058871834	t	basketballcourt_test_cue_pool_right	0.0	1	0	2.6965	794.16	926.4	0.9774	2.607	783.504	934.24	0.8601	-0.111	-0.2319	0.9664	-3.039	3.3992	-37.1042	0.0	25	0.0	0.0		3909	0	0
1702058871843	t	basketballcourt_test_cue_pool_right	0.0	1	0	2.6739	794.16	925.92	0.9841	2.625	783.792	934.24	0.8518	-0.1118	-0.2311	0.9665	-3.1159	3.4015	-37.1085	0.0	25	0.0	0.0		3909	0	0
1702058871851	t	basketballcourt_test_cue_pool_right	0.0	1	0	2.696	794.016	925.6	0.9842	2.6475	783.648	934.0799999999999	0.8527	-0.1116	-0.2309	0.9665	-2.9055	3.4003	-37.0975	0.0	25	0.0	0.0		3909	0	0
1702058871860	t	basketballcourt_test_cue_pool_right	0.0	1	0	2.7179	794.016	925.2800000000001	0.9876	2.6698	783.648	934.0799999999999	0.8622	-0.1116	-0.2308	0.9666	-2.3412	3.3936	-37.0676	0.0	25	0.0	0.0		3909	0	0
1702058871868	t	basketballcourt_test_cue_pool_right	0.0	1	0	2.7083	794.016	925.1200000000001	0.9876	2.6761	783.648	933.2800000000001	0.8622	-0.1124	-0.2294	0.9668	-1.4032	3.3808	-37.0175	0.0	25	0.0	0.0		3909	0	0
1702058871876	t	basketballcourt_test_cue_pool_right	0.0	1	0	2.7559	792.432	924.8	0.9703	2.6773	783.792	932.48	0.8617	-0.1151	-0.2229	0.968	-1.1641	3.3591	-37.0244	0.0	25	0.0	0.0		3909	0	0
1702058871884	t	basketballcourt_test_cue_pool_right	0.0	1	0	2.7806	793.44	922.88	0.9703	2.6739	783.648	932.48	0.8617	-0.1175	-0.2204	0.9683	-2.2036	3.3792	-37.0812	0.0	25	0.0	0.0		3909	0	0
1702058871893	t	basketballcourt_test_cue_pool_right	0.0	1	0	2.7508	792.72	922.4	0.9778	2.6772	783.648	932.48	0.8747	-0.1161	-0.2204	0.9685	-2.9937	3.3949	-37.1225	0.0	25	0.0	0.0		3909	0	0
1702058871901	t	basketballcourt_test_cue_pool_right	0.0	1	0	2.7204	792.72	922.72	0.9778	2.6783	783.648	932.3199999999999	0.8747	-0.1163	-0.2212	0.9682	-3.4902	3.4065	-37.1484	0.0	25	0.0	0.0		3909	0	0
1702058871909	t	basketballcourt_test_cue_pool_right	0.0	1	0	2.7391	793.0079999999999	922.4	0.9965	2.679	783.648	932.16	0.8673	-0.1172	-0.2209	0.9682	-3.6644	3.4119	-37.1576	0.0	25	0.0	0.0		3909	0	0
1702058871918	t	basketballcourt_test_cue_pool_right	0.0	1	0	2.7571	792.8639999999999	922.72	0.9965	2.6803	783.504	932.16	0.8673	-0.1169	-0.2217	0.9681	-3.4952	3.411	-37.1488	0.0	25	0.0	0.0		3909	0	0
1702058871926	t	basketballcourt_test_cue_pool_right	0.0	1	0	2.746	792.72	922.56	0.9932	2.6818	783.648	932.16	0.8893	-0.1172	-0.2219	0.968	-3.0054	3.4051	-37.1238	0.0	25	0.0	0.0		3909	0	0
1702058871934	t	basketballcourt_test_cue_pool_right	0.0	1	0	2.7343	792.72	922.72	0.9932	2.6822	783.648	930.88	0.8893	-0.1171	-0.2198	0.9685	-2.2328	3.3941	-37.0838	0.0	25	0.0	0.0		3909	0	0
1702058871943	t	basketballcourt_test_cue_pool_right	0.0	1	0	2.7331	792.432	922.56	0.9915	2.7179	784.512	930.24	0.8709	-0.1162	-0.2192	0.9687	-1.1746	3.3822	-37.0332	0.0	25	0.0	0.0		3909	0	0
1702058871951	t	basketballcourt_test_cue_pool_right	0.0	1	0	2.7323	792.72	922.72	0.9915	2.7858	786.24	926.72	0.8709	-0.1196	-0.2132	0.9697	0.5559	3.356	-36.9457	0.0	25	0.0	0.0		3909	200	MYKEYWORD 200
