Recording timestamp	type	Scene Name	scene_num	order	djv_reported	PupilDiam_Left	Gaze2d_Left.x	Gaze2d_Left.y	left_eye_openness	PupilDiam_Right	Gaze2d_Right.x	Gaze2d_Right.y	right_eye_openness	gaze_direction_x	gaze_direction_y	gaze_direction_z	gaze_origin_x	gaze_origin_y	gaze_origin_z	gaze_convergence_distance	participant	study_status	scene_familiarity	recall_status	Identifier	Event value	Event message
1701718284580	t	officespace_test_cue_diner_left	0.0	0	0	4.5823	611.568	760.64	1.0	4.6486	710.496	872.48	1.0	0.1964	0.0116	0.9805	17.1558	4.0593	-35.4744	0.0	3	1.0	0.0		1841	100	MYKEYWORD 100
1701718284588	t	officespace_test_cue_diner_left	0.0	0	0	4.571	611.568	761.28	1.0	4.6418	710.784	872.48	1.0	0.1983	0.0129	0.98	24.128	4.2272	-35.4636	0.0	3	1.0	0.0		1841	0	0
1701718284596	t	officespace_test_cue_diner_left	0.0	0	0	4.5693	612.8639999999999	761.5999999999999	1.0	4.6415	712.08	872.32	1.0	0.1945	0.0132	0.9808	27.6767	4.3144	-35.462	0.0	3	1.0	0.0		1841	0	0
1701718284605	t	officespace_test_cue_diner_left	0.0	0	0	4.5684	613.152	762.24	1.0	4.6415	712.08	872.32	1.0	0.1944	0.0123	0.9808	29.3044	4.3525	-35.4611	0.0	3	1.0	0.0		1841	0	0
1701718284613	t	officespace_test_cue_diner_left	0.0	0	0	4.5188	616.032	765.28	1.0	4.6264	713.808	872.32	1.0	0.1892	0.0082	0.9819	29.3969	4.3185	-35.4477	0.0	3	1.0	0.0		1841	0	0
1701718284621	t	officespace_test_cue_diner_left	0.0	0	0	4.6011	617.904	771.04	1.0	4.5302	717.408	878.0799999999999	1.0	0.1908	0.0004	0.9816	30.8433	4.3051	-35.4695	0.0	3	1.0	0.0		1841	0	0
1701718284629	t	officespace_test_cue_diner_left	0.0	0	0	4.7322	632.592	791.04	1.0	4.5213	722.016	897.9200000000001	1.0	0.1628	-0.0311	0.9862	30.6027	4.1286	-35.5492	0.0	3	1.0	0.0		1841	0	0
1701718284638	t	officespace_test_cue_diner_left	0.0	0	0	4.4397	646.5600000000001	820.64	1.0	4.5129	724.752	926.4	1.0	0.148	-0.0911	0.9848	26.5391	3.9414	-36.0707	0.0	3	1.0	0.0		1841	0	0
1701718284646	t	officespace_test_cue_diner_left	0.0	0	0	4.4533	664.992	851.68	1.0	4.6292	737.856	956.1600000000001	1.0	0.1199	-0.1478	0.9817	11.4401	3.2783	-35.9695	0.0	3	1.0	0.0		1841	0	0
1701718284655	t	officespace_test_cue_diner_left	0.0	0	0	4.4462	679.536	884.96	1.0	4.5518	747.072	988.32	1.0	0.1034	-0.2101	0.9722	18.5582	3.0978	-35.5948	0.0	3	1.0	0.0		1841	0	0
1701718284663	t	officespace_test_cue_diner_left	0.0	0	0	4.4137	690.768	916.0	1.0	4.4225	754.5600000000001	1017.92	1.0	0.0762	-0.2704	0.9597	-13.1409	2.1108	-35.6972	0.0	3	1.0	0.0		1841	0	0
1701718284671	t	officespace_test_cue_diner_left	0.0	0	0	4.5199	698.4	942.4	1.0	4.5955	760.176	1045.12	1.0	0.0598	-0.3231	0.9445	-13.724	1.9174	-35.7421	0.0	3	1.0	0.0		1841	0	0
1701718284679	t	officespace_test_cue_diner_left	0.0	0	0	4.4358	704.304	969.6	1.0	4.6416	761.4720000000001	1069.1200000000001	1.0	0.0559	-0.3725	0.9263	-15.1116	1.7307	-35.8024	0.0	3	1.0	0.0		1841	0	0
1701718284688	t	officespace_test_cue_diner_left	0.0	0	0	4.4327	705.024	984.6399999999999	1.0	4.5113	761.4720000000001	1090.56	1.0	0.0544	-0.4148	0.9083	-21.5017	1.4683	-35.8676	0.0	3	1.0	0.0		1841	0	0
1701718284696	t	officespace_test_cue_diner_left	0.0	0	0	4.3723	701.568	991.04	0.8544	4.4888	768.672	1093.6	0.9701	0.0369	-0.427	0.9035	-26.0063	1.3673	-35.8853	0.0	3	1.0	0.0		1841	0	0
1701718284704	t	officespace_test_cue_diner_left	0.0	0	0	4.4744	698.256	991.04	0.8544	4.5758	770.4000000000001	1093.76	0.9701	0.0445	-0.4279	0.9027	-25.7655	1.3739	-35.8796	0.0	3	1.0	0.0		1841	0	0
1701718284712	t	officespace_test_cue_diner_left	0.0	0	0	4.3857	691.92	987.68	0.6798	4.564	771.2639999999999	1092.16	0.8845	0.0482	-0.4225	0.9051	-25.6452	1.3799	-35.88	0.0	3	1.0	0.0		1841	0	0
1701718284721	t	officespace_test_cue_diner_left	0.0	0	0	4.3144	691.92	987.36	0.6798	4.5315	768.3839999999999	1090.4	0.8845	0.0626	-0.4137	0.9082	-15.5539	1.6048	-35.8456	0.0	3	1.0	0.0		1841	0	0
1701718284729	t	officespace_test_cue_diner_left	0.0	0	0	4.3465	690.048	991.04	0.6382	4.496	769.248	1090.4	0.8512	0.0647	-0.4133	0.9083	-5.6819	1.8177	-35.8178	0.0	3	1.0	0.0		1841	0	0
1701718284737	t	officespace_test_cue_diner_left	0.0	0	0	4.3847	690.768	991.84	0.6382	4.5317	770.1120000000001	1090.4	0.8512	0.062	-0.4123	0.9089	-0.8398	1.9191	-35.8052	0.0	3	1.0	0.0		1841	0	0
1701718284746	t	officespace_test_cue_diner_left	0.0	0	0	4.4399	690.048	990.24	0.6288	4.4992	772.56	1091.84	0.8456	0.0593	-0.4103	0.91	-0.9105	1.9074	-35.8078	0.0	3	1.0	0.0		1841	0	0
1701718284754	t	officespace_test_cue_diner_left	0.0	0	0	4.3816	689.472	992.3199999999999	0.6288	4.6349	771.984	1091.2	0.8456	0.0618	-0.4148	0.9078	-3.4712	1.8604	-35.8122	0.0	3	1.0	0.0		1841	0	0
1701718284762	t	officespace_test_cue_diner_left	0.0	0	0	4.3799	689.1840000000001	990.7199999999999	0.6306	4.6389	772.56	1089.76	0.836	0.0618	-0.4094	0.9102	-3.5925	1.8555	-35.8114	0.0	3	1.0	0.0		1841	0	0
1701718284771	t	officespace_test_cue_diner_left	0.0	0	0	4.3669	686.448	990.24	0.6306	4.7013	772.848	1089.76	0.836	0.0663	-0.4084	0.9104	-3.0799	1.8657	-35.8111	0.0	3	1.0	0.0		1841	0	0
1701718284779	t	officespace_test_cue_diner_left	0.0	0	0	4.3717	687.6	990.08	0.6148	4.6158	773.712	1089.4399999999998	0.8466	0.0621	-0.4071	0.9113	-2.5027	1.8756	-35.8095	0.0	3	1.0	0.0		1841	0	0
1701718284788	t	officespace_test_cue_diner_left	0.0	0	0	4.3666	686.448	990.08	0.6148	4.5339	774.576	1089.12	0.8466	0.062	-0.4057	0.9119	-2.1969	1.8795	-35.8086	0.0	3	1.0	0.0		1841	0	0
1701718284796	t	officespace_test_cue_diner_left	0.0	0	0	4.2439	686.3040000000001	991.84	0.6252	4.5694	774.576	1089.28	0.8488	0.0615	-0.4043	0.9125	-0.4498	1.8968	-35.8124	0.0	3	1.0	0.0		1841	0	0
1701718284804	t	officespace_test_cue_diner_left	0.0	0	0	4.4512	685.872	990.56	0.6252	4.6049	774.576	1089.4399999999998	0.8488	0.0614	-0.4019	0.9136	-0.6546	1.8886	-35.8131	0.0	3	1.0	0.0		1841	0	0
1701718284813	t	officespace_test_cue_diner_left	0.0	0	0	4.4582	685.5840000000001	991.5200000000001	0.6283	4.6181	775.152	1089.4399999999998	0.8532	0.0611	-0.403	0.9131	-0.9829	1.8785	-35.8149	0.0	3	1.0	0.0		1841	0	0
1701718284821	t	officespace_test_cue_diner_left	0.0	0	0	4.4653	685.5840000000001	990.56	0.6283	4.6048	775.584	1089.6000000000001	0.8532	0.0598	-0.401	0.9141	-1.2295	1.8703	-35.816	0.0	3	1.0	0.0		1841	0	0
1701718284829	t	officespace_test_cue_diner_left	0.0	0	0	4.4582	685.4399999999999	991.2	0.6502	4.6179	775.152	1089.6000000000001	0.849	0.0611	-0.4017	0.9137	-1.4192	1.8635	-35.8172	0.0	3	1.0	0.0		1841	0	0
1701718284838	t	officespace_test_cue_diner_left	0.0	0	0	4.4651	685.152	990.56	0.6502	4.6044	775.584	1089.76	0.849	0.0603	-0.4003	0.9144	-1.2997	1.8635	-35.8166	0.0	3	1.0	0.0		1841	0	0
1701718284846	t	officespace_test_cue_diner_left	0.0	0	0	4.4582	684.864	990.08	0.6506	4.6034	775.584	1089.6000000000001	0.857	0.0605	-0.3994	0.9148	-1.0164	1.8697	-35.8158	0.0	3	1.0	0.0		1841	0	0
1701718284854	t	officespace_test_cue_diner_left	0.0	0	0	4.4652	684.864	989.7600000000001	0.6506	4.6023	775.728	1089.6000000000001	0.857	0.0604	-0.3988	0.9151	-0.7074	1.8765	-35.815	0.0	3	1.0	0.0		1841	0	0
1701718284863	t	officespace_test_cue_diner_left	0.0	0	0	4.4582	684.7199999999999	989.7600000000001	0.648	4.6035	776.0160000000001	1089.6000000000001	0.8563	0.0599	-0.3987	0.9151	-0.2903	1.8861	-35.8136	0.0	3	1.0	0.0		1841	0	0
1701718284871	t	officespace_test_cue_diner_left	0.0	0	0	4.4617	684.576	989.6000000000001	0.648	4.6047	776.3040000000001	1089.6000000000001	0.8563	0.0592	-0.3987	0.9151	-0.2772	1.8871	-35.8132	0.0	3	1.0	0.0		1841	0	0
1701718284879	t	officespace_test_cue_diner_left	0.0	0	0	4.4634	684.144	989.6000000000001	0.6597	4.6086	776.448	1089.6000000000001	0.8561	0.0595	-0.3989	0.915	-0.4594	1.8841	-35.8137	0.0	3	1.0	0.0		1841	0	0
1701718284887	t	officespace_test_cue_diner_left	0.0	0	0	4.4621	683.856	989.6000000000001	0.6597	4.6124	776.448	1089.6000000000001	0.8561	0.0592	-0.3997	0.9147	-2.1875	1.8478	-35.8183	0.0	3	1.0	0.0		1841	0	0
1701718284896	t	officespace_test_cue_diner_left	0.0	0	0	4.4637	683.568	989.6000000000001	0.6544	4.6124	777.024	1089.6000000000001	0.8629	0.0581	-0.3996	0.9148	-2.2017	1.8472	-35.8185	0.0	3	1.0	0.0		1841	0	0
1701718284904	t	officespace_test_cue_diner_left	0.0	0	0	4.4655	683.856	989.6000000000001	0.6544	4.6303	777.024	1089.6000000000001	0.8629	0.0576	-0.3996	0.9149	-2.2316	1.8465	-35.8185	0.0	3	1.0	0.0		1841	0	0
1701718284913	t	officespace_test_cue_diner_left	0.0	0	0	4.4673	683.856	989.12	0.6688	4.6315	777.3119999999999	1089.6000000000001	0.8713	0.0567	-0.3988	0.9153	-2.1948	1.8471	-35.8183	0.0	3	1.0	0.0		1841	0	0
1701718284921	t	officespace_test_cue_diner_left	0.0	0	0	4.469	684.0	988.48	0.6688	4.6313	777.456	1089.92	0.8713	0.0559	-0.3987	0.9154	-2.2696	1.8453	-35.8186	0.0	3	1.0	0.0		1841	0	0
1701718284929	t	officespace_test_cue_diner_left	0.0	0	0	4.5147	684.0	987.8399999999999	0.6564	4.6311	777.6	1089.92	0.868	0.0558	-0.3973	0.916	-2.3312	1.8427	-35.8198	0.0	3	1.0	0.0		1841	0	0
1701718284937	t	officespace_test_cue_diner_left	0.0	0	0	4.5149	684.0	987.68	0.6564	4.6362	777.888	1089.92	0.868	0.0555	-0.397	0.9161	-2.2375	1.8442	-35.8198	0.0	3	1.0	0.0		1841	0	0
1701718284946	t	officespace_test_cue_diner_left	0.0	0	0	4.6371	686.592	986.72	0.6608	4.6617	779.1840000000001	1092.48	0.8753	0.0524	-0.3986	0.9156	-2.0515	1.8435	-35.8245	0.0	3	1.0	0.0		1841	0	0
1701718284954	t	officespace_test_cue_diner_left	0.0	0	0	4.5555	695.376	988.48	0.6608	4.6992	788.4	1089.6000000000001	0.8753	0.0438	-0.4	0.9155	-0.1733	1.9107	-35.8141	0.0	3	1.0	0.0		1841	0	0
1701718284963	t	officespace_test_cue_diner_left	0.0	0	0	4.6115	720.0	979.36	0.6628	4.8146	809.4240000000001	1073.92	0.8783	-0.0029	-0.3762	0.9265	-0.9314	1.9832	-35.7876	0.0	3	1.0	0.0		1841	0	0
1701718284971	t	officespace_test_cue_diner_left	0.0	0	0	4.6345	746.9280000000001	974.8799999999999	0.6628	4.7459	833.328	1068.64	0.8783	-0.0484	-0.3697	0.9279	-3.1734	1.9968	-35.7873	0.0	3	1.0	0.0		1841	0	0
1701718284980	t	officespace_test_cue_diner_left	0.0	0	0	4.6223	777.6	961.28	0.6599	4.8092	860.832	1063.8400000000001	0.8416	-0.1101	-0.3507	0.93	-4.9793	2.032	-35.8041	0.0	3	1.0	0.0		1841	0	0
1701718284988	t	officespace_test_cue_diner_left	0.0	0	0	4.5984	793.8720000000001	963.04	0.6599	4.8264	877.8240000000001	1064.6399999999999	0.8416	-0.1477	-0.3546	0.9233	-6.3008	2.024	-35.8299	0.0	3	1.0	0.0		1841	0	0
1701718284996	t	officespace_test_cue_diner_left	0.0	0	0	4.5237	798.048	963.1999999999999	0.6762	4.8404	883.0079999999999	1064.0	0.8749	-0.1547	-0.3542	0.9223	-7.5297	2.0058	-35.8423	0.0	3	1.0	0.0		1841	0	0
1701718285004	t	officespace_test_cue_diner_left	0.0	0	0	4.6805	797.04	957.6	0.6762	4.8924	883.44	1067.04	0.8749	-0.1553	-0.3497	0.9239	-7.8942	1.9805	-35.8497	0.0	3	1.0	0.0		1841	0	0
1701718285013	t	officespace_test_cue_diner_left	0.0	0	0	4.6323	795.6	960.0	0.7422	4.8918	881.136	1066.08	0.8921	-0.1495	-0.3491	0.9251	-7.6254	1.9742	-35.8486	0.0	3	1.0	0.0		1841	0	0
1701718285021	t	officespace_test_cue_diner_left	0.0	0	0	4.5945	794.16	957.6	0.7422	4.9027	881.8560000000001	1066.8799999999999	0.8921	-0.1481	-0.3461	0.9265	-6.8899	1.986	-35.8466	0.0	3	1.0	0.0		1841	0	0
1701718285030	t	officespace_test_cue_diner_left	0.0	0	0	4.6101	794.16	958.4	0.7457	4.8549	883.8720000000001	1068.64	0.9065	-0.1507	-0.3497	0.9247	-5.1257	2.0275	-35.842	0.0	3	1.0	0.0		1841	0	0
1701718285038	t	officespace_test_cue_diner_left	0.0	0	0	4.6253	794.16	959.2	0.7457	4.878	883.7280000000001	1066.3999999999999	0.9065	-0.1465	-0.3428	0.9279	3.8555	2.2249	-35.7969	0.0	3	1.0	0.0		1841	0	0
1701718285047	t	officespace_test_cue_diner_left	0.0	0	0	4.6515	793.8720000000001	958.4	0.7506	4.883	883.7280000000001	1066.8799999999999	0.924	-0.1469	-0.3427	0.9279	2.206	2.1883	-35.8061	0.0	3	1.0	0.0		1841	0	0
1701718285054	t	officespace_test_cue_diner_left	0.0	0	0	4.6255	793.5840000000001	958.8800000000001	0.7506	4.8889	883.7280000000001	1066.3999999999999	0.924	-0.1474	-0.3438	0.9274	0.2386	2.1443	-35.8168	0.0	3	1.0	0.0		1841	0	0
1701718285063	t	officespace_test_cue_diner_left	0.0	0	0	4.6092	793.0079999999999	959.0400000000001	0.7656	4.889	883.7280000000001	1066.24	0.9185	-0.1469	-0.3446	0.9272	-1.3087	2.111	-35.8243	0.0	3	1.0	0.0		1841	0	0
1701718285071	t	officespace_test_cue_diner_left	0.0	0	0	4.6251	792.576	958.8800000000001	0.7656	4.8888	883.8720000000001	1066.08	0.9185	-0.1466	-0.3443	0.9273	-1.6247	2.1045	-35.8258	0.0	3	1.0	0.0		1841	0	0
1701718285079	t	officespace_test_cue_diner_left	0.0	0	0	4.6207	792.432	958.4	0.7682	4.885	883.7280000000001	1066.08	0.9251	-0.1464	-0.3436	0.9276	-1.2262	2.1139	-35.8234	0.0	3	1.0	0.0		1841	0	0
1701718285088	t	officespace_test_cue_diner_left	0.0	0	0	4.6258	792.432	958.08	0.7682	4.8811	883.8720000000001	1066.08	0.9251	-0.1465	-0.3429	0.9279	-1.0792	2.1178	-35.8222	0.0	3	1.0	0.0		1841	0	0
1701718285096	t	officespace_test_cue_diner_left	0.0	0	0	4.6267	792.432	958.08	0.7731	4.8797	883.8720000000001	1065.76	0.9272	-0.1468	-0.3429	0.9278	-0.7212	2.1279	-35.8194	0.0	3	1.0	0.0		1841	0	0
1701718285104	t	officespace_test_cue_diner_left	0.0	0	0	4.6274	792.432	958.08	0.7731	4.8814	883.8720000000001	1065.6000000000001	0.9272	-0.1469	-0.3431	0.9277	-0.883	2.1267	-35.8192	0.0	3	1.0	0.0		1841	0	0
1701718285113	t	officespace_test_cue_diner_left	0.0	0	0	4.6297	792.288	957.76	0.7761	4.8846	883.8720000000001	1064.32	0.9251	-0.1469	-0.3412	0.9284	-0.8342	2.1304	-35.8179	0.0	3	1.0	0.0		1841	0	0
1701718285121	t	officespace_test_cue_diner_left	0.0	0	0	4.632	792.288	957.6	0.7761	4.8877	883.8720000000001	1063.04	0.9251	-0.147	-0.3393	0.9291	-0.7475	2.1349	-35.8165	0.0	3	1.0	0.0		1841	0	0
1701718285129	t	officespace_test_cue_diner_left	0.0	0	0	4.6299	792.288	957.2800000000001	0.7847	4.885	883.8720000000001	1063.2	0.9365	-0.1469	-0.3394	0.9291	-0.7286	2.1367	-35.8158	0.0	3	1.0	0.0		1841	0	0
1701718285138	t	officespace_test_cue_diner_left	0.0	0	0	4.6321	792.288	957.44	0.7847	4.8829	883.8720000000001	1063.04	0.9365	-0.1469	-0.3398	0.9289	-0.7342	2.138	-35.8152	0.0	3	1.0	0.0		1841	0	0
1701718285146	t	officespace_test_cue_diner_left	0.0	0	0	4.632	791.8560000000001	957.44	0.7846	4.8852	883.8720000000001	1063.04	0.9293	-0.1459	-0.3405	0.9288	-0.7542	2.141	-35.8149	0.0	3	1.0	0.0		1841	0	0
1701718285154	t	officespace_test_cue_diner_left	0.0	0	0	4.6622	791.136	956.9599999999999	0.7846	4.8829	883.8720000000001	1063.04	0.9293	-0.1448	-0.3404	0.9291	-1.2451	2.1326	-35.8169	0.0	3	1.0	0.0		1841	0	0
1701718285163	t	officespace_test_cue_diner_left	0.0	0	0	4.6319	791.136	956.9599999999999	0.7801	4.8875	883.8720000000001	1063.04	0.946	-0.1444	-0.3403	0.9291	-1.1428	2.1352	-35.8155	0.0	3	1.0	0.0		1841	0	0
1701718285171	t	officespace_test_cue_diner_left	0.0	0	0	4.6277	790.7040000000001	956.9599999999999	0.7801	4.8828	884.016	1062.72	0.946	-0.1437	-0.3402	0.9293	-1.1015	2.1369	-35.8145	0.0	3	1.0	0.0		1841	0	0
1701718285179	t	officespace_test_cue_diner_left	0.0	0	0	4.6319	790.7040000000001	956.8	0.7968	4.8682	884.16	1062.72	0.9308	-0.144	-0.3399	0.9294	-0.8643	2.1429	-35.8129	0.0	3	1.0	0.0		1841	0	0
1701718285188	t	officespace_test_cue_diner_left	0.0	0	0	4.6319	790.7040000000001	956.8	0.7968	4.8683	884.16	1062.72	0.9308	-0.144	-0.3399	0.9294	-0.9173	2.1422	-35.8127	0.0	3	1.0	0.0		1841	0	0
1701718285196	t	officespace_test_cue_diner_left	0.0	0	0	4.6319	790.7040000000001	956.8	0.8015	4.8617	884.16	1062.72	0.9416	-0.144	-0.3401	0.9293	-0.8783	2.144	-35.8124	0.0	3	1.0	0.0		1841	0	0
1701718285204	t	officespace_test_cue_diner_left	0.0	0	0	4.632	790.7040000000001	956.8	0.8015	4.8617	884.448	1062.4	0.9416	-0.1447	-0.3398	0.9293	-1.0108	2.1414	-35.8127	0.0	3	1.0	0.0		1841	0	0
1701718285213	t	officespace_test_cue_diner_left	0.0	0	0	4.6321	790.416	956.8	0.8089	4.8592	884.448	1062.24	0.9484	-0.1445	-0.3396	0.9294	-0.9961	2.1425	-35.8126	0.0	3	1.0	0.0		1841	0	0
1701718285221	t	officespace_test_cue_diner_left	0.0	0	0	4.6129	790.416	956.64	0.8089	4.8621	884.448	1061.76	0.9484	-0.1447	-0.3388	0.9296	-1.0199	2.1436	-35.8126	0.0	3	1.0	0.0		1841	0	0
1701718285229	t	officespace_test_cue_diner_left	0.0	0	0	4.6016	790.7040000000001	956.64	0.8078	4.8623	884.448	1061.28	0.9444	-0.1452	-0.3385	0.9297	-1.0307	2.1454	-35.8126	0.0	3	1.0	0.0		1841	0	0
1701718285238	t	officespace_test_cue_diner_left	0.0	0	0	4.6018	790.416	956.32	0.8078	4.8563	884.592	1061.1200000000001	0.9444	-0.1452	-0.3384	0.9297	-1.0065	2.149	-35.8119	0.0	3	1.0	0.0		1841	0	0
1701718285246	t	officespace_test_cue_diner_left	0.0	0	0	4.6019	790.7040000000001	956.1600000000001	0.8172	4.8513	885.024	1060.8	0.9493	-0.1467	-0.3382	0.9296	-0.9073	2.1548	-35.811	0.0	3	1.0	0.0		1841	0	0
1701718285254	t	officespace_test_cue_diner_left	0.0	0	0	4.6015	790.416	956.1600000000001	0.8172	4.8511	885.024	1060.8	0.9493	-0.1463	-0.3389	0.9294	-0.8475	2.1595	-35.8101	0.0	3	1.0	0.0		1841	0	0
1701718285263	t	officespace_test_cue_diner_left	0.0	0	0	4.6019	790.416	955.6800000000001	0.8207	4.8469	885.024	1060.32	0.9503	-0.1461	-0.3377	0.9298	-0.8508	2.1624	-35.8099	0.0	3	1.0	0.0		1841	0	0
1701718285271	t	officespace_test_cue_diner_left	0.0	0	0	4.6021	790.1279999999999	955.1999999999999	0.8207	4.8202	885.168	1060.32	0.9503	-0.1456	-0.3373	0.9301	-0.827	2.1642	-35.8096	0.0	3	1.0	0.0		1841	0	0
1701718285279	t	officespace_test_cue_diner_left	0.0	0	0	4.5951	790.416	954.24	0.8093	4.8203	885.168	1060.32	0.9488	-0.1463	-0.3358	0.9305	-0.7898	2.1654	-35.8091	0.0	3	1.0	0.0		1841	0	0
1701718285288	t	officespace_test_cue_diner_left	0.0	0	0	4.5949	790.416	954.24	0.8093	4.8132	885.168	1059.84	0.9488	-0.1463	-0.3355	0.9306	-0.7333	2.1684	-35.8074	0.0	3	1.0	0.0		1841	0	0
1701718285296	t	officespace_test_cue_diner_left	0.0	0	0	4.595	790.416	954.08	0.8197	4.812	885.168	1059.84	0.9595	-0.1467	-0.3358	0.9304	-0.6942	2.1719	-35.8067	0.0	3	1.0	0.0		1841	0	0
1701718285304	t	officespace_test_cue_diner_left	0.0	0	0	4.594	790.416	953.76	0.8197	4.8123	885.168	1059.52	0.9595	-0.147	-0.3351	0.9306	-0.6662	2.175	-35.8064	0.0	3	1.0	0.0		1841	0	0
1701718285313	t	officespace_test_cue_diner_left	0.0	0	0	4.5818	790.1279999999999	953.4399999999999	0.813	4.8009	885.6	1059.04	0.9549	-0.1472	-0.3347	0.9307	-0.6332	2.179	-35.8057	0.0	3	1.0	0.0		1841	0	0
1701718285321	t	officespace_test_cue_diner_left	0.0	0	0	4.5534	790.1279999999999	953.4399999999999	0.813	4.7992	885.6	1059.04	0.9549	-0.1469	-0.335	0.9307	-0.6096	2.1814	-35.805	0.0	3	1.0	0.0		1841	0	0
1701718285329	t	officespace_test_cue_diner_left	0.0	0	0	4.5506	790.1279999999999	953.12	0.8379	4.8017	885.6	1057.76	0.9652	-0.1469	-0.3329	0.9314	-0.6203	2.1836	-35.8049	0.0	3	1.0	0.0		1841	0	0
1701718285338	t	officespace_test_cue_diner_left	0.0	0	0	4.5505	790.1279999999999	952.96	0.8379	4.8007	885.6	1057.6000000000001	0.9652	-0.1468	-0.3331	0.9314	-0.63	2.1874	-35.8047	0.0	3	1.0	0.0		1841	0	0
1701718285346	t	officespace_test_cue_diner_left	0.0	0	0	4.5147	789.1200000000001	948.64	0.8395	4.7041	884.592	1052.64	0.952	-0.1444	-0.323	0.9353	-0.3763	2.2166	-35.7943	0.0	3	1.0	0.0		1841	0	0
1701718285354	t	officespace_test_cue_diner_left	0.0	0	0	4.5079	781.056	944.6400000000001	0.8395	4.7199	874.9440000000001	1049.6000000000001	0.952	-0.1293	-0.3201	0.9385	0.6923	2.2723	-35.7636	0.0	3	1.0	0.0		1841	0	0
1701718285362	t	officespace_test_cue_diner_left	0.0	0	0	4.4724	767.664	939.1999999999999	0.8446	4.8802	858.672	1040.96	0.9638	-0.0987	-0.3097	0.9457	2.3992	2.3541	-35.7207	0.0	3	1.0	0.0		1841	0	0
1701718285371	t	officespace_test_cue_diner_left	0.0	0	0	4.5281	756.144	930.88	0.8446	4.8061	847.0079999999999	1031.52	0.9638	-0.0799	-0.2971	0.9515	5.8629	2.5021	-35.6726	0.0	3	1.0	0.0		1841	0	0
1701718285379	t	officespace_test_cue_diner_left	0.0	0	0	4.3296	747.36	925.92	0.8098	4.7154	837.648	1026.72	0.9561	-0.0602	-0.2907	0.9549	9.0082	2.613	-35.6375	0.0	3	1.0	0.0		1841	0	0
1701718285388	t	officespace_test_cue_diner_left	0.0	0	0	4.351	743.472	920.48	0.8098	4.7756	834.0480000000001	1020.64	0.9561	-0.0502	-0.2762	0.9598	11.7083	2.6935	-35.6222	0.0	3	1.0	0.0		1841	0	0
1701718285396	t	officespace_test_cue_diner_left	0.0	0	0	4.4332	744.9119999999999	917.92	0.7855	4.8807	834.0480000000001	1017.44	0.9657	-0.0529	-0.2657	0.9626	12.8221	2.7145	-35.6198	0.0	3	1.0	0.0		1841	0	0
1701718285404	t	officespace_test_cue_diner_left	0.0	0	0	4.3666	743.616	918.2399999999999	0.7855	4.7692	834.768	1020.8000000000001	0.9657	-0.0494	-0.2701	0.9616	12.4207	2.7054	-35.6207	0.0	3	1.0	0.0		1841	0	0
1701718285412	t	officespace_test_cue_diner_left	0.0	0	0	4.4034	743.04	919.68	0.8126	4.8637	835.0559999999999	1019.2	0.9817	-0.0499	-0.2688	0.9619	10.9946	2.6606	-35.6346	0.0	3	1.0	0.0		1841	0	0
1701718285421	t	officespace_test_cue_diner_left	0.0	0	0	4.2847	743.76	920.64	0.8126	4.8228	835.6320000000001	1019.8399999999999	0.9817	-0.0552	-0.2737	0.9602	7.739	2.596	-35.6452	0.0	3	1.0	0.0		1841	0	0
1701718285429	t	officespace_test_cue_diner_left	0.0	0	0	4.4816	743.184	919.36	0.8262	4.7728	835.6320000000001	1020.1599999999999	0.9836	-0.0575	-0.2733	0.9602	4.3079	2.5255	-35.6564	0.0	3	1.0	0.0		1841	0	0
1701718285438	t	officespace_test_cue_diner_left	0.0	0	0	4.4501	742.6080000000001	918.5600000000001	0.8262	4.8204	835.6320000000001	1019.8399999999999	0.9836	-0.057	-0.2726	0.9604	1.5466	2.468	-35.6643	0.0	3	1.0	0.0		1841	0	0
1701718285446	t	officespace_test_cue_diner_left	0.0	0	0	4.4399	743.184	919.36	0.8403	4.8129	835.6320000000001	1019.68	0.9799	-0.0586	-0.2748	0.9597	-0.5113	2.4257	-35.6697	0.0	3	1.0	0.0		1841	0	0
1701718285454	t	officespace_test_cue_diner_left	0.0	0	0	4.4294	743.184	918.5600000000001	0.8403	4.8047	835.6320000000001	1019.8399999999999	0.9799	-0.0587	-0.2746	0.9598	-1.3016	2.4108	-35.6716	0.0	3	1.0	0.0		1841	0	0
1701718285463	t	officespace_test_cue_diner_left	0.0	0	0	4.4406	743.184	917.92	0.8366	4.7912	836.064	1019.68	0.978	-0.0593	-0.2735	0.96	-1.3636	2.4114	-35.6714	0.0	3	1.0	0.0		1841	0	0
1701718285471	t	officespace_test_cue_diner_left	0.0	0	0	4.4294	743.184	918.5600000000001	0.8366	4.8051	836.496	1019.36	0.978	-0.0596	-0.2745	0.9597	-1.0928	2.4194	-35.6702	0.0	3	1.0	0.0		1841	0	0
1701718285479	t	officespace_test_cue_diner_left	0.0	0	0	4.4407	743.184	917.92	0.8389	4.8067	836.496	1019.36	0.9691	-0.0594	-0.2737	0.96	-0.8103	2.4278	-35.6692	0.0	3	1.0	0.0		1841	0	0
1701718285488	t	officespace_test_cue_diner_left	0.0	0	0	4.4296	743.184	918.5600000000001	0.8389	4.8081	836.496	1019.36	0.9691	-0.0592	-0.2749	0.9596	-0.4007	2.4387	-35.6677	0.0	3	1.0	0.0		1841	0	0
1701718285496	t	officespace_test_cue_diner_left	0.0	0	0	4.4407	743.184	917.92	0.8466	4.8145	836.64	1019.2	0.989	-0.0595	-0.2742	0.9598	-0.2962	2.4438	-35.667	0.0	3	1.0	0.0		1841	0	0
1701718285504	t	officespace_test_cue_diner_left	0.0	0	0	4.4539	743.328	917.92	0.8466	4.8206	836.64	1019.0400000000001	0.989	-0.0598	-0.2743	0.9598	-0.2098	2.4481	-35.6664	0.0	3	1.0	0.0		1841	0	0
1701718285513	t	officespace_test_cue_diner_left	0.0	0	0	4.4406	743.184	917.92	0.8469	4.8146	836.7839999999999	1018.8800000000001	0.9781	-0.0599	-0.2747	0.9596	-0.2014	2.4505	-35.6662	0.0	3	1.0	0.0		1841	0	0
1701718285521	t	officespace_test_cue_diner_left	0.0	0	0	4.4437	743.328	917.92	0.8469	4.8206	837.072	1018.8800000000001	0.9781	-0.0601	-0.2749	0.9596	-0.2078	2.453	-35.666	0.0	3	1.0	0.0		1841	0	0
1701718285529	t	officespace_test_cue_diner_left	0.0	0	0	4.4407	743.184	917.76	0.8445	4.8219	836.9280000000001	1018.72	0.9713	-0.0596	-0.2754	0.9595	-0.1992	2.4565	-35.6652	0.0	3	1.0	0.0		1841	0	0
1701718285538	t	officespace_test_cue_diner_left	0.0	0	0	4.4299	743.184	917.92	0.8445	4.823	837.072	1018.72	0.9713	-0.0598	-0.2757	0.9594	-0.1909	2.4589	-35.6647	0.0	3	1.0	0.0		1841	0	0
1701718285546	t	officespace_test_cue_diner_left	0.0	0	0	4.4407	743.184	917.76	0.855	4.8435	837.072	1017.76	0.9847	-0.0597	-0.2746	0.9597	-0.1864	2.4608	-35.6643	0.0	3	1.0	0.0		1841	0	0
1701718285554	t	officespace_test_cue_diner_left	0.0	0	0	4.4407	743.184	917.76	0.855	4.8473	837.36	1017.6	0.9847	-0.0606	-0.2746	0.9596	-0.1783	2.4633	-35.6644	0.0	3	1.0	0.0		1841	0	0
1701718285563	t	officespace_test_cue_diner_left	0.0	0	0	4.4472	743.328	917.44	0.8475	4.8553	837.504	1017.6	0.9759	-0.0611	-0.2743	0.9597	-0.1942	2.4647	-35.6645	0.0	3	1.0	0.0		1841	0	0
1701718285571	t	officespace_test_cue_diner_left	0.0	0	0	4.4485	743.328	917.2800000000001	0.8475	4.8647	837.504	1017.6	0.9759	-0.0609	-0.2742	0.9597	-0.2219	2.4659	-35.6644	0.0	3	1.0	0.0		1841	200	MYKEYWORD 200
