Recording timestamp	type	Scene Name	scene_num	order	djv_reported	PupilDiam_Left	Gaze2d_Left.x	Gaze2d_Left.y	left_eye_openness	PupilDiam_Right	Gaze2d_Right.x	Gaze2d_Right.y	right_eye_openness	gaze_direction_x	gaze_direction_y	gaze_direction_z	gaze_origin_x	gaze_origin_y	gaze_origin_z	gaze_convergence_distance	participant	study_status	scene_familiarity	recall_status	Identifier	Event value	Event message
1701729059906	t	attic_testcue_childrensroom_right	0.0	1	0	4.0429	713.952	1027.2	1.0	4.2174	659.232	1197.76	1.0	0.3421	-0.0897	0.9354	0.2605	-2.3924	-30.6698	0.0	6	0.0	0.0		1763	100	MYKEYWORD 100
1701729059914	t	attic_testcue_childrensroom_right	0.0	1	0	4.0601	715.68	1029.92	1.0	4.2247	661.8240000000001	1194.08	1.0	0.3363	-0.0902	0.9374	0.4534	-2.378	-30.6627	0.0	6	0.0	0.0		1763	0	0
1701729059923	t	attic_testcue_childrensroom_right	0.0	1	0	3.9927	717.264	1027.04	1.0	4.2027	663.84	1192.32	1.0	0.3315	-0.0844	0.9397	0.6087	-2.3622	-30.6583	0.0	6	0.0	0.0		1763	0	0
1701729059931	t	attic_testcue_childrensroom_right	0.0	1	0	3.9365	718.704	1024.6399999999999	1.0	4.2194	666.576	1191.68	1.0	0.326	-0.0815	0.9418	0.5458	-2.3547	-30.6516	0.0	6	0.0	0.0		1763	0	0
1701729059939	t	attic_testcue_childrensroom_right	0.0	1	0	3.9787	721.008	1023.84	1.0	4.2408	668.016	1188.48	1.0	0.3201	-0.0768	0.9443	0.8928	-2.3307	-30.6477	0.0	6	0.0	0.0		1763	0	0
1701729059948	t	attic_testcue_childrensroom_right	0.0	1	0	4.0134	719.568	1024.6399999999999	1.0	4.2703	668.88	1185.76	1.0	0.3238	-0.0749	0.9431	1.4377	-2.2977	-30.6511	0.0	6	0.0	0.0		1763	0	0
1701729059956	t	attic_testcue_childrensroom_right	0.0	1	0	4.0312	722.592	1023.6800000000001	1.0	4.285	670.032	1184.1599999999999	1.0	0.3177	-0.0715	0.9455	1.4292	-2.2948	-30.6438	0.0	6	0.0	0.0		1763	0	0
1701729059964	t	attic_testcue_childrensroom_right	0.0	1	0	3.9542	722.592	1021.28	1.0	4.1847	670.896	1183.84	1.0	0.318	-0.068	0.9456	1.431	-2.289	-30.6448	0.0	6	0.0	0.0		1763	0	0
1701729059972	t	attic_testcue_childrensroom_right	0.0	1	0	3.9724	726.048	1022.4	1.0	4.284	674.0640000000001	1181.12	1.0	0.3067	-0.0677	0.9494	1.6844	-2.274	-30.6321	0.0	6	0.0	0.0		1763	0	0
1701729059981	t	attic_testcue_childrensroom_right	0.0	1	0	3.9828	726.768	1020.1599999999999	1.0	4.2746	674.496	1179.8400000000001	1.0	0.307	-0.0625	0.9496	1.2777	-2.2824	-30.6308	0.0	6	0.0	0.0		1763	0	0
1701729059989	t	attic_testcue_childrensroom_right	0.0	1	0	3.9757	727.3439999999999	1019.52	1.0	4.1978	675.216	1178.08	1.0	0.3063	-0.061	0.95	0.7869	-2.291	-30.6254	0.0	6	0.0	0.0		1763	0	0
1701729059997	t	attic_testcue_childrensroom_right	0.0	1	0	3.8882	730.08	1019.0400000000001	1.0	4.2338	676.0799999999999	1180.64	1.0	0.2954	-0.0653	0.9531	0.3015	-2.3175	-30.6147	0.0	6	0.0	0.0		1763	0	0
1701729060006	t	attic_testcue_childrensroom_right	0.0	1	0	3.9819	716.544	1022.4	1.0	4.2827	659.52	1184.6399999999999	1.0	0.3297	-0.0633	0.942	0.5598	-2.3534	-30.6746	0.0	6	0.0	0.0		1763	0	0
1701729060014	t	attic_testcue_childrensroom_right	0.0	1	0	4.0608	696.528	1031.52	1.0	4.211	627.696	1197.28	1.0	0.3852	-0.0859	0.9188	3.8328	-2.253	-30.7741	0.0	6	0.0	0.0		1763	0	0
1701729060022	t	attic_testcue_childrensroom_right	0.0	1	0	3.9571	672.192	1037.92	1.0	4.1337	595.7280000000001	1203.2	1.0	0.438	-0.0943	0.894	9.08	-2.0428	-30.9102	0.0	6	0.0	0.0		1763	0	0
1701729060031	t	attic_testcue_childrensroom_right	0.0	1	0	4.0731	651.456	1042.88	1.0	4.1554	566.928	1213.28	1.0	0.4814	-0.0975	0.871	17.1587	-1.7267	-31.0503	0.0	6	0.0	0.0		1763	0	0
1701729060039	t	attic_testcue_childrensroom_right	0.0	1	0	4.1643	639.072	1052.8	1.0	4.2239	552.528	1214.56	1.0	0.5012	-0.1139	0.8578	21.0656	-1.5956	-31.1299	0.0	6	0.0	0.0		1763	0	0
1701729060047	t	attic_testcue_childrensroom_right	0.0	1	0	4.2115	632.16	1051.68	1.0	4.2265	551.664	1214.4	1.0	0.5105	-0.1075	0.8531	21.308	-1.5818	-31.171	0.0	6	0.0	0.0		1763	0	0
1701729060056	t	attic_testcue_childrensroom_right	0.0	1	0	4.1966	632.736	1048.8	1.0	4.2527	557.28	1210.88	1.0	0.5035	-0.0972	0.8585	20.4455	-1.6218	-31.1667	0.0	6	0.0	0.0		1763	0	0
1701729060064	t	attic_testcue_childrensroom_right	0.0	1	0	4.1387	633.6	1049.92	1.0	4.2862	556.848	1212.0	1.0	0.5033	-0.1017	0.8581	18.5274	-1.7029	-31.1562	0.0	6	0.0	0.0		1763	0	0
1701729060072	t	attic_testcue_childrensroom_right	0.0	1	0	4.1297	634.8960000000001	1047.68	1.0	4.28	559.44	1210.24	1.0	0.4995	-0.0978	0.8607	13.4907	-1.9028	-31.1325	0.0	6	0.0	0.0		1763	0	0
1701729060081	t	attic_testcue_childrensroom_right	0.0	1	0	4.164	638.3520000000001	1044.0	1.0	4.3023	563.04	1208.8	1.0	0.4909	-0.0928	0.8663	8.1845	-2.1108	-31.0971	0.0	6	0.0	0.0		1763	0	0
1701729060089	t	attic_testcue_childrensroom_right	0.0	1	0	4.068	636.912	1044.8	1.0	4.2208	564.9119999999999	1209.44	1.0	0.4995	-0.1018	0.8603	-9.7445	-2.8459	-31.0412	0.0	6	0.0	0.0		1763	0	0
1701729060097	t	attic_testcue_childrensroom_right	0.0	1	0	4.0157	638.928	1041.76	1.0	4.1589	566.4960000000001	1203.6799999999998	1.0	0.4955	-0.0868	0.8642	-4.726	-2.6282	-31.0535	0.0	6	0.0	0.0		1763	0	0
1701729060106	t	attic_testcue_childrensroom_right	0.0	1	0	4.0179	638.3520000000001	1039.68	1.0	4.1577	566.4960000000001	1201.28	1.0	0.4977	-0.0815	0.8635	-0.0665	-2.4164	-31.0688	0.0	6	0.0	0.0		1763	0	0
1701729060115	t	attic_testcue_childrensroom_right	0.0	1	0	4.0356	639.936	1040.48	1.0	4.0902	569.376	1200.8	1.0	0.4906	-0.0874	0.867	1.4123	-2.3394	-31.0537	0.0	6	0.0	0.0		1763	0	0
1701729060123	t	attic_testcue_childrensroom_right	0.0	1	0	3.9654	641.808	1036.1599999999999	1.0	4.2349	572.256	1194.72	1.0	0.4847	-0.0731	0.8716	1.1618	-2.3336	-31.0458	0.0	6	0.0	0.0		1763	0	0
1701729060131	t	attic_testcue_childrensroom_right	0.0	1	0	3.9344	643.824	1033.92	1.0	4.1533	571.248	1194.4	1.0	0.4849	-0.0721	0.8716	0.8799	-2.3299	-31.0394	0.0	6	0.0	0.0		1763	0	0
1701729060140	t	attic_testcue_childrensroom_right	0.0	1	0	4.0309	643.3919999999999	1035.2	1.0	4.1945	574.2719999999999	1192.96	1.0	0.4835	-0.0748	0.8721	1.0975	-2.309	-31.0297	0.0	6	0.0	0.0		1763	0	0
1701729060148	t	attic_testcue_childrensroom_right	0.0	1	0	3.9432	645.12	1033.6000000000001	1.0	4.2246	576.144	1192.16	1.0	0.4801	-0.0734	0.8741	0.9939	-2.3047	-31.0194	0.0	6	0.0	0.0		1763	0	0
1701729060156	t	attic_testcue_childrensroom_right	0.0	1	0	4.0099	645.84	1033.44	1.0	4.2108	577.872	1191.68	1.0	0.4787	-0.0741	0.8748	0.9383	-2.3002	-31.0115	0.0	6	0.0	0.0		1763	0	0
1701729060165	t	attic_testcue_childrensroom_right	0.0	1	0	3.96	645.984	1032.96	1.0	4.2203	577.872	1190.8799999999999	1.0	0.4808	-0.0723	0.8738	0.5508	-2.3116	-31.0112	0.0	6	0.0	0.0		1763	0	0
1701729060173	t	attic_testcue_childrensroom_right	0.0	1	0	3.9082	645.984	1033.44	1.0	4.2901	578.304	1189.4399999999998	1.0	0.4817	-0.0713	0.8734	0.1712	-2.3235	-31.0094	0.0	6	0.0	0.0		1763	0	0
1701729060181	t	attic_testcue_childrensroom_right	0.0	1	0	3.9394	646.2719999999999	1033.1200000000001	1.0	4.1862	579.6	1188.8	1.0	0.4793	-0.0703	0.8748	-0.0877	-2.3335	-31.0055	0.0	6	0.0	0.0		1763	0	0
1701729060190	t	attic_testcue_childrensroom_right	0.0	1	0	3.9314	646.5600000000001	1032.8	1.0	4.2354	581.472	1188.8	1.0	0.476	-0.0703	0.8766	-0.2839	-2.3415	-31.0019	0.0	6	0.0	0.0		1763	0	0
1701729060198	t	attic_testcue_childrensroom_right	0.0	1	0	3.9172	647.856	1032.6399999999999	1.0	4.2237	583.776	1188.32	1.0	0.4708	-0.0706	0.8794	-0.4048	-2.346	-30.9926	0.0	6	0.0	0.0		1763	0	0
1701729060206	t	attic_testcue_childrensroom_right	0.0	1	0	3.906	649.1519999999999	1032.48	1.0	4.1255	584.496	1191.84	1.0	0.4677	-0.0774	0.8805	0.0466	-2.3273	-30.9883	0.0	6	0.0	0.0		1763	0	0
1701729060215	t	attic_testcue_childrensroom_right	0.0	1	0	3.9152	649.584	1031.8400000000001	1.0	4.1094	585.648	1190.4	1.0	0.4662	-0.0743	0.8815	0.6541	-2.301	-30.9889	0.0	6	0.0	0.0		1763	0	0
1701729060223	t	attic_testcue_childrensroom_right	0.0	1	0	3.9064	649.872	1031.2	1.0	4.2495	587.808	1188.48	1.0	0.4644	-0.0704	0.8828	1.4591	-2.2647	-30.9878	0.0	6	0.0	0.0		1763	0	0
1701729060231	t	attic_testcue_childrensroom_right	0.0	1	0	3.9056	649.872	1030.8799999999999	1.0	4.2358	589.536	1186.08	1.0	0.4629	-0.0668	0.8839	1.7525	-2.2495	-30.9842	0.0	6	0.0	0.0		1763	0	0
1701729060240	t	attic_testcue_childrensroom_right	0.0	1	0	3.9047	650.0160000000001	1030.56	1.0	4.1915	589.68	1190.4	1.0	0.4639	-0.0746	0.8827	1.8407	-2.2433	-30.9767	0.0	6	0.0	0.0		1763	0	0
1701729060248	t	attic_testcue_childrensroom_right	0.0	1	0	3.9199	656.64	1028.3200000000002	1.0	4.2293	590.4	1186.56	1.0	0.4577	-0.066	0.8867	0.3824	-2.2994	-30.9501	0.0	6	0.0	0.0		1763	0	0
1701729060256	t	attic_testcue_childrensroom_right	0.0	1	0	3.8871	656.64	1027.36	1.0	4.0304	591.984	1190.24	1.0	0.456	-0.0724	0.887	-0.9512	-2.3552	-30.9383	0.0	6	0.0	0.0		1763	0	0
1701729060265	t	attic_testcue_childrensroom_right	0.0	1	0	3.9093	657.792	1027.52	1.0	4.0779	594.432	1189.28	1.0	0.4492	-0.0714	0.8905	-0.4729	-2.3378	-30.9345	0.0	6	0.0	0.0		1763	0	0
1701729060273	t	attic_testcue_childrensroom_right	0.0	1	0	3.9004	658.944	1027.52	1.0	4.0983	595.008	1187.6799999999998	1.0	0.4486	-0.0679	0.8911	-3.043	-2.4479	-30.9258	0.0	6	0.0	0.0		1763	0	0
1701729060281	t	attic_testcue_childrensroom_right	0.0	1	0	3.9018	659.088	1027.36	1.0	4.1184	595.7280000000001	1186.08	1.0	0.4469	-0.0646	0.8922	-1.7842	-2.3968	-30.9282	0.0	6	0.0	0.0		1763	0	0
1701729060290	t	attic_testcue_childrensroom_right	0.0	1	0	3.8999	659.232	1027.36	1.0	4.1269	596.16	1185.6	1.0	0.4475	-0.0641	0.892	-3.3523	-2.4599	-30.9216	0.0	6	0.0	0.0		1763	0	0
1701729060298	t	attic_testcue_childrensroom_right	0.0	1	0	3.8878	659.376	1027.36	1.0	4.1357	596.592	1185.1200000000001	1.0	0.4451	-0.0639	0.8932	-1.336	-2.3743	-30.9279	0.0	6	0.0	0.0		1763	0	0
1701729060306	t	attic_testcue_childrensroom_right	0.0	1	0	3.877	659.664	1027.36	1.0	4.1424	596.592	1185.1200000000001	1.0	0.4436	-0.0643	0.8939	1.4438	-2.2579	-30.9359	0.0	6	0.0	0.0		1763	0	0
1701729060315	t	attic_testcue_childrensroom_right	0.0	1	0	3.8763	659.808	1027.2	1.0	4.1496	596.592	1185.1200000000001	1.0	0.4447	-0.064	0.8934	-0.3188	-2.3306	-30.9291	0.0	6	0.0	0.0		1763	0	0
1701729060323	t	attic_testcue_childrensroom_right	0.0	1	0	3.8766	659.952	1027.04	1.0	4.1533	597.024	1184.96	1.0	0.4443	-0.0637	0.8936	-0.8017	-2.3505	-30.927	0.0	6	0.0	0.0		1763	0	0
1701729060331	t	attic_testcue_childrensroom_right	0.0	1	0	3.8794	659.952	1026.56	1.0	4.1888	598.896	1184.32	1.0	0.4466	-0.0603	0.8927	-1.1386	-2.3672	-30.9206	0.0	6	0.0	0.0		1763	0	0
1701729060340	t	attic_testcue_childrensroom_right	0.0	1	0	3.8656	662.256	1023.6800000000001	1.0	4.1675	600.624	1180.96	1.0	0.4439	-0.0575	0.8942	-1.3189	-2.3394	-30.9064	0.0	6	0.0	0.0		1763	0	0
1701729060348	t	attic_testcue_childrensroom_right	0.0	1	0	3.9178	663.984	1022.24	1.0	4.1266	601.344	1183.68	1.0	0.4429	-0.0625	0.8944	-1.6378	-2.3454	-30.8946	0.0	6	0.0	0.0		1763	0	0
1701729060356	t	attic_testcue_childrensroom_right	0.0	1	0	3.8609	664.5600000000001	1020.1599999999999	1.0	4.1643	602.496	1184.0	1.0	0.4427	-0.0603	0.8946	-1.7386	-2.3451	-30.8907	0.0	6	0.0	0.0		1763	0	0
1701729060365	t	attic_testcue_childrensroom_right	0.0	1	0	3.9114	665.424	1020.96	1.0	4.205	603.36	1182.08	1.0	0.4418	-0.0582	0.8952	-1.5741	-2.338	-30.8883	0.0	6	0.0	0.0		1763	0	0
1701729060373	t	attic_testcue_childrensroom_right	0.0	1	0	3.8975	665.136	1021.9200000000001	1.0	4.1183	602.496	1182.4	1.0	0.4439	-0.0601	0.894	-1.6575	-2.3415	-30.8902	0.0	6	0.0	0.0		1763	0	0
1701729060381	t	attic_testcue_childrensroom_right	0.0	1	0	3.8832	664.992	1022.88	1.0	4.1156	602.0640000000001	1183.3600000000001	1.0	0.4458	-0.0616	0.893	-1.7484	-2.3533	-30.8917	0.0	6	0.0	0.0		1763	0	0
1701729060390	t	attic_testcue_childrensroom_right	0.0	1	0	3.8961	664.848	1022.88	1.0	4.1219	601.6320000000001	1182.8799999999999	1.0	0.4469	-0.0592	0.8926	-1.8219	-2.3625	-30.8932	0.0	6	0.0	0.0		1763	0	0
1701729060398	t	attic_testcue_childrensroom_right	0.0	1	0	3.9083	662.832	1022.4	1.0	4.1481	601.6320000000001	1183.52	1.0	0.4518	-0.0613	0.89	-1.7637	-2.3483	-30.8975	0.0	6	0.0	0.0		1763	0	0
1701729060406	t	attic_testcue_childrensroom_right	0.0	1	0	3.918	664.128	1021.4399999999999	1.0	4.1544	601.6320000000001	1183.2	1.0	0.4485	-0.0637	0.8915	-0.0214	-2.2552	-30.8978	0.0	6	0.0	0.0		1763	0	0
1701729060414	t	attic_testcue_childrensroom_right	0.0	1	0	3.7941	662.688	1020.64	1.0	4.1489	601.488	1181.6000000000001	1.0	0.4562	-0.0689	0.8872	-3.8419	-2.3708	-30.8734	0.0	6	0.0	0.0		1763	0	0
1701729060423	t	attic_testcue_childrensroom_right	0.0	1	0	3.8873	664.2719999999999	1017.1200000000001	1.0	4.1734	600.192	1180.16	1.0	0.4578	-0.0672	0.8865	-4.3856	-2.3595	-30.868	0.0	6	0.0	0.0		1763	0	0
1701729060431	t	attic_testcue_childrensroom_right	0.0	1	0	3.9579	668.304	1009.1200000000001	1.0	4.1543	606.096	1175.84	1.0	0.4553	-0.0612	0.8882	-3.769	-2.2632	-30.8388	0.0	6	0.0	0.0		1763	0	0
1701729060439	t	attic_testcue_childrensroom_right	0.0	1	0	4.4888	687.744	979.8400000000001	0.7342	4.0846	633.456	1170.4	0.9536	0.4086	-0.0457	0.9116	-7.8963	-2.308	-30.7083	0.0	6	0.0	0.0		1763	0	0
1701729060448	t	attic_testcue_childrensroom_right	0.0	1	0	-1.0	706.3199999999999	950.7199999999999	0.7342	4.3601	666.0	1140.0	0.9536	0.3588	0.0043	0.9334	-31.6524	-3.2573	-30.5411	0.0	6	0.0	0.0		1763	0	0
1701729060456	t	attic_testcue_childrensroom_right	0.0	1	0	-1.0	523.7280000000001	1125.1200000000001	0.563	3.7937	695.808	1150.56	0.7417	0.2916	-0.0882	0.9525	-31.9457	-3.0879	-30.397	0.0	6	0.0	0.0		1763	0	0
1701729060464	t	attic_testcue_childrensroom_right	0.0	1	0	-1.0	600.48	1081.76	0.563	-1.0	722.16	1132.32	0.7417	-1.0	-1.0	-1.0	-1.0	-1.0	-1.0	0.0	6	0.0	0.0		1763	0	0
1701729060472	t	attic_testcue_childrensroom_right	0.0	1	0	-1.0	838.6560000000001	1074.56	0.4414	-1.0	715.392	1112.3200000000002	0.4391	-1.0	-1.0	-1.0	-1.0	-1.0	-1.0	0.0	6	0.0	0.0		1763	0	0
1701729060480	t	attic_testcue_childrensroom_right	0.0	1	0	-1.0	977.328	1068.0	0.4414	-1.0	763.92	1186.56	0.4391	-1.0	-1.0	-1.0	-1.0	-1.0	-1.0	0.0	6	0.0	0.0		1763	0	0
1701729060488	t	attic_testcue_childrensroom_right	0.0	1	0	-1.0	549.7919999999999	1211.36	0.2673	-1.0	749.232	1279.36	0.2359	-1.0	-1.0	-1.0	-1.0	-1.0	-1.0	0.0	6	0.0	0.0		1763	0	0
1701729060497	t	attic_testcue_childrensroom_right	0.0	1	0	-1.0	555.552	1233.44	0.2673	-1.0	826.7040000000001	1238.0800000000002	0.2359	-1.0	-1.0	-1.0	-1.0	-1.0	-1.0	0.0	6	0.0	0.0		1763	0	0
1701729060505	t	attic_testcue_childrensroom_right	0.0	1	0	-1.0	542.592	1234.3999999999999	0.2096	-1.0	801.072	1204.3200000000002	0.108	-1.0	-1.0	-1.0	-1.0	-1.0	-1.0	0.0	6	0.0	0.0		1763	0	0
1701729060513	t	attic_testcue_childrensroom_right	0.0	1	0	-1.0	550.512	1272.32	0.2096	-1.0	660.24	1306.08	0.108	-1.0	-1.0	-1.0	-1.0	-1.0	-1.0	0.0	6	0.0	0.0		1763	0	0
1701729060522	t	attic_testcue_childrensroom_right	0.0	1	0	-1.0	581.184	1261.9199999999998	0.1194	-1.0	666.72	1287.36	0.0	-1.0	-1.0	-1.0	-1.0	-1.0	-1.0	0.0	6	0.0	0.0		1763	0	0
1701729060530	t	attic_testcue_childrensroom_right	0.0	1	0	-1.0	570.672	1274.08	0.1194	-1.0	746.496	1301.28	0.0	-1.0	-1.0	-1.0	-1.0	-1.0	-1.0	0.0	6	0.0	0.0		1763	0	0
1701729060538	t	attic_testcue_childrensroom_right	0.0	1	0	-1.0	541.8720000000001	1248.32	0.026	-1.0	723.168	1347.2	0.0	-1.0	-1.0	-1.0	-1.0	-1.0	-1.0	0.0	6	0.0	0.0		1763	0	0
1701729060547	t	attic_testcue_childrensroom_right	0.0	1	0	-1.0	554.688	1247.04	0.026	-1.0	660.096	1299.3600000000001	0.0	-1.0	-1.0	-1.0	-1.0	-1.0	-1.0	0.0	6	0.0	0.0		1763	0	0
1701729060555	t	attic_testcue_childrensroom_right	0.0	1	0	-1.0	542.448	1246.8799999999999	0.0682	-1.0	688.464	1295.84	0.0	-1.0	-1.0	-1.0	-1.0	-1.0	-1.0	0.0	6	0.0	0.0		1763	0	0
1701729060563	t	attic_testcue_childrensroom_right	0.0	1	0	-1.0	540.0	1204.3200000000002	0.0682	-1.0	921.6	1222.0800000000002	0.0	-1.0	-1.0	-1.0	-1.0	-1.0	-1.0	0.0	6	0.0	0.0		1763	0	0
1701729060571	t	attic_testcue_childrensroom_right	0.0	1	0	-1.0	556.1279999999999	1241.28	0.0867	-1.0	902.88	1211.36	0.0	-1.0	-1.0	-1.0	-1.0	-1.0	-1.0	0.0	6	0.0	0.0		1763	0	0
1701729060580	t	attic_testcue_childrensroom_right	0.0	1	0	-1.0	488.592	1208.8	0.0867	-1.0	969.552	1235.84	0.0	-1.0	-1.0	-1.0	-1.0	-1.0	-1.0	0.0	6	0.0	0.0		1763	0	0
1701729060589	t	attic_testcue_childrensroom_right	0.0	1	0	-1.0	893.5200000000001	1016.8	0.2654	-1.0	990.7199999999999	1116.48	0.0	-1.0	-1.0	-1.0	-1.0	-1.0	-1.0	0.0	6	0.0	0.0		1763	0	0
1701729060597	t	attic_testcue_childrensroom_right	0.0	1	0	-1.0	868.8960000000001	925.92	0.2654	-1.0	1010.592	1125.1200000000001	0.0	-1.0	-1.0	-1.0	-1.0	-1.0	-1.0	0.0	6	0.0	0.0		1763	0	0
1701729060606	t	attic_testcue_childrensroom_right	0.0	1	0	-1.0	771.984	1016.16	0.4893	-1.0	1024.56	1155.04	0.2335	-1.0	-1.0	-1.0	-1.0	-1.0	-1.0	0.0	6	0.0	0.0		1763	0	0
1701729060614	t	attic_testcue_childrensroom_right	0.0	1	0	-1.0	866.592	863.3599999999999	0.4893	-1.0	1040.688	1156.0	0.2335	-1.0	-1.0	-1.0	-1.0	-1.0	-1.0	0.0	6	0.0	0.0		1763	0	0
1701729060623	t	attic_testcue_childrensroom_right	0.0	1	0	-1.0	1099.296	929.7599999999999	0.5108	-1.0	1049.472	1183.84	0.4056	-1.0	-1.0	-1.0	-1.0	-1.0	-1.0	0.0	6	0.0	0.0		1763	0	0
1701729060631	t	attic_testcue_childrensroom_right	0.0	1	0	-1.0	1103.472	952.0	0.5108	-1.0	1052.496	1185.44	0.4056	-1.0	-1.0	-1.0	-1.0	-1.0	-1.0	0.0	6	0.0	0.0		1763	0	0
1701729060639	t	attic_testcue_childrensroom_right	0.0	1	0	-1.0	1095.984	972.32	0.5529	-1.0	1052.496	1188.0	0.5012	-1.0	-1.0	-1.0	-1.0	-1.0	-1.0	0.0	6	0.0	0.0		1763	0	0
1701729060647	t	attic_testcue_childrensroom_right	0.0	1	0	-1.0	1082.448	980.64	0.5529	-1.0	1044.0	1184.48	0.5012	-1.0	-1.0	-1.0	-1.0	-1.0	-1.0	0.0	6	0.0	0.0		1763	0	0
1701729060657	t	attic_testcue_childrensroom_right	0.0	1	0	-1.0	1075.968	973.28	0.6248	-1.0	1039.104	1195.6799999999998	0.5811	-1.0	-1.0	-1.0	-1.0	-1.0	-1.0	0.0	6	0.0	0.0		1763	0	0
1701729060665	t	attic_testcue_childrensroom_right	0.0	1	0	-1.0	1066.608	978.5600000000001	0.6248	4.4258	1024.848	1182.24	0.5811	-0.373	0.0104	0.9278	-35.1944	-3.7492	-30.9084	0.0	6	0.0	0.0		1763	0	0
1701729060673	t	attic_testcue_childrensroom_right	0.0	1	0	4.2927	1059.696	978.4000000000001	0.7317	4.3549	1020.9599999999999	1181.76	0.6833	-0.3633	0.0141	0.9316	-35.1711	-3.7706	-30.9093	0.0	6	0.0	0.0		1763	0	0
1701729060682	t	attic_testcue_childrensroom_right	0.0	1	0	4.3304	1051.2	977.12	0.7317	4.3269	1021.6800000000001	1178.08	0.6833	-0.3857	0.0181	0.9224	-35.0768	-3.7202	-30.8926	0.0	6	0.0	0.0		1763	0	0
1701729060689	t	attic_testcue_childrensroom_right	0.0	1	0	4.3471	1046.448	974.8799999999999	0.7733	4.3997	1011.312	1179.36	0.7617	-0.3535	0.0013	0.9354	-34.1928	-3.6607	-30.8269	0.0	6	0.0	0.0		1763	0	0
1701729060698	t	attic_testcue_childrensroom_right	0.0	1	0	4.3167	1040.9759999999999	979.68	0.7733	4.2919	1006.4159999999999	1176.64	0.7617	-0.3503	0.0057	0.9366	-18.2766	-2.8662	-30.7455	0.0	6	0.0	0.0		1763	0	0
1701729060706	t	attic_testcue_childrensroom_right	0.0	1	0	4.3379	1036.8	980.32	0.8063	4.2584	1002.3840000000001	1175.2	0.7748	-0.3456	0.0008	0.9384	-11.0297	-2.4875	-30.6942	0.0	6	0.0	0.0		1763	0	0
1701729060714	t	attic_testcue_childrensroom_right	0.0	1	0	4.2569	1029.744	976.8000000000001	0.8063	4.3935	995.3280000000001	1165.6000000000001	0.7748	-0.3301	0.0245	0.9436	-6.8849	-2.2867	-30.6796	0.0	6	0.0	0.0		1763	0	0
1701729060723	t	attic_testcue_childrensroom_right	0.0	1	0	4.2594	1020.528	969.92	0.8913	4.3488	992.4480000000001	1166.3999999999999	0.8156	-0.3265	0.0302	0.9447	-0.2816	-1.9525	-30.6262	0.0	6	0.0	0.0		1763	0	0
1701729060731	t	attic_testcue_childrensroom_right	0.0	1	0	4.3081	1012.8960000000001	969.6	0.8913	4.3191	987.5519999999999	1162.72	0.8156	-0.3095	0.0274	0.9505	-3.9578	-2.1045	-30.6227	0.0	6	0.0	0.0		1763	0	0
1701729060739	t	attic_testcue_childrensroom_right	0.0	1	0	4.2954	1008.288	969.92	0.8788	4.2849	981.504	1164.16	0.8265	-0.3002	0.0123	0.9538	-7.1986	-2.2312	-30.5869	0.0	6	0.0	0.0		1763	0	0
1701729060748	t	attic_testcue_childrensroom_right	0.0	1	0	4.289	1005.696	966.08	0.8788	4.4055	974.592	1162.4	0.8265	-0.2954	0.0202	0.9552	2.4991	-1.747	-30.5367	0.0	6	0.0	0.0		1763	0	0
1701729060758	t	attic_testcue_childrensroom_right	0.0	1	0	4.132	998.496	964.64	0.8699	4.5024	966.528	1153.1200000000001	0.8312	-0.2781	0.0325	0.96	3.5736	-1.6916	-30.511	0.0	6	0.0	0.0		1763	0	0
1701729060765	t	attic_testcue_childrensroom_right	0.0	1	0	4.0569	990.4319999999999	964.0	0.8699	4.3654	962.928	1148.32	0.8312	-0.2677	0.0326	0.9629	1.7943	-1.7636	-30.47	0.0	6	0.0	0.0		1763	0	0
1701729060773	t	attic_testcue_childrensroom_right	0.0	1	0	4.0721	983.232	962.5600000000001	0.8945	4.5016	956.0160000000001	1143.3600000000001	0.8933	-0.2533	0.04	0.9666	-3.4222	-2.0107	-30.4249	0.0	6	0.0	0.0		1763	0	0
1701729060781	t	attic_testcue_childrensroom_right	0.0	1	0	4.1432	979.2	960.6400000000001	0.8945	4.522	947.808	1143.84	0.8933	-0.2383	0.0422	0.9703	-14.5166	-2.5369	-30.442	0.0	6	0.0	0.0		1763	0	0
1701729060790	t	attic_testcue_childrensroom_right	0.0	1	0	4.0336	968.688	959.68	0.8838	4.4919	942.336	1141.92	0.9026	-0.2177	0.0451	0.975	-34.0463	-3.4276	-30.5492	0.0	6	0.0	0.0		1763	0	0
1701729060798	t	attic_testcue_childrensroom_right	0.0	1	0	3.9885	965.376	954.72	0.8838	4.5653	940.032	1139.8400000000001	0.9026	-0.2172	0.0502	0.9748	-34.3511	-3.4302	-30.5495	0.0	6	0.0	0.0		1763	0	0
1701729060806	t	attic_testcue_childrensroom_right	0.0	1	0	4.0942	961.1999999999999	959.2	0.9005	4.5251	933.552	1136.96	0.9144	-0.2017	0.0546	0.9779	-34.3079	-3.414	-30.5326	0.0	6	0.0	0.0		1763	0	0
1701729060815	t	attic_testcue_childrensroom_right	0.0	1	0	3.9538	954.72	956.9599999999999	0.9005	4.4466	927.072	1133.76	0.9144	-0.1897	0.0618	0.9799	-34.2384	-3.4069	-30.5188	0.0	6	0.0	0.0		1763	0	0
1701729060823	t	attic_testcue_childrensroom_right	0.0	1	0	4.042	950.1120000000001	953.92	0.9354	4.5861	923.616	1129.76	0.9251	-0.1846	0.0737	0.98	-34.1919	-3.3887	-30.5134	0.0	6	0.0	0.0		1763	0	0
1701729060831	t	attic_testcue_childrensroom_right	0.0	1	0	4.095	942.7679999999999	955.84	0.9354	4.4464	914.976	1133.92	0.9251	-0.1631	0.0499	0.9853	-34.1314	-3.3831	-30.4597	0.0	6	0.0	0.0		1763	0	0
1701729060840	t	attic_testcue_childrensroom_right	0.0	1	0	4.1272	939.312	955.6800000000001	0.9456	4.3303	909.792	1129.28	0.9508	-0.1604	0.062	0.9851	-34.042	-3.3729	-30.4326	0.0	6	0.0	0.0		1763	0	0
1701729060848	t	attic_testcue_childrensroom_right	0.0	1	0	4.1433	936.432	952.96	0.9456	4.3918	904.608	1131.52	0.9508	-0.15	0.0473	0.9875	-33.9006	-3.3649	-30.3598	0.0	6	0.0	0.0		1763	0	0
1701729060856	t	attic_testcue_childrensroom_right	0.0	1	0	4.0645	930.384	953.12	1.0	4.4036	898.56	1130.4	1.0	-0.1424	0.0483	0.9886	-32.0991	-3.3083	-30.2459	0.0	6	0.0	0.0		1763	0	0
1701729060865	t	attic_testcue_childrensroom_right	0.0	1	0	4.1082	926.208	954.08	1.0	4.5019	894.528	1127.84	1.0	-0.1346	0.055	0.9894	-16.5896	-2.6677	-29.9864	0.0	6	0.0	0.0		1763	0	0
1701729060873	t	attic_testcue_childrensroom_right	0.0	1	0	4.0396	922.8960000000001	953.28	1.0	4.4241	891.6479999999999	1127.36	1.0	-0.1308	0.0517	0.9901	10.8341	-1.4876	-29.6776	0.0	6	0.0	0.0		1763	0	0
1701729060881	t	attic_testcue_childrensroom_right	0.0	1	0	4.0381	917.28	951.2	1.0	4.4576	885.8879999999999	1126.3999999999999	1.0	-0.1124	0.0575	0.992	28.4038	-0.765	-29.3719	0.0	6	0.0	0.0		1763	0	0
1701729060890	t	attic_testcue_childrensroom_right	0.0	1	0	4.0552	911.952	952.3199999999999	1.0	4.4669	882.144	1125.1200000000001	1.0	-0.1014	0.0549	0.9933	28.6423	-0.8302	-29.158	0.0	6	0.0	0.0		1763	0	0
1701729060898	t	attic_testcue_childrensroom_right	0.0	1	0	4.1268	907.2	949.92	1.0	4.5334	875.0880000000001	1123.52	1.0	-0.0895	0.0651	0.9939	28.6826	-0.8256	-29.1786	0.0	6	0.0	0.0		1763	200	MYKEYWORD 200
