Recording timestamp	type	Scene Name	scene_num	order	djv_reported	PupilDiam_Left	Gaze2d_Left.x	Gaze2d_Left.y	left_eye_openness	PupilDiam_Right	Gaze2d_Right.x	Gaze2d_Right.y	right_eye_openness	gaze_direction_x	gaze_direction_y	gaze_direction_z	gaze_origin_x	gaze_origin_y	gaze_origin_z	gaze_convergence_distance	participant	study_status	scene_familiarity	recall_status	Identifier	Event value	Event message
1701988606811	t	prison_testcue_storefront_right	0.0	0	0	4.4493	619.2	683.6800000000001	0.6112	5.1503	619.056	694.24	0.784	-0.0088	-0.1536	0.9881	-28.3203	6.115	-33.0622	0.0	21	1.0	0.0		5441	100	MYKEYWORD 100
1701988606819	t	prison_testcue_storefront_right	0.0	0	0	4.1058	605.376	692.3199999999999	0.6112	5.2555	602.64	694.7199999999999	0.784	0.0269	-0.1689	0.9853	-14.9087	6.4156	-34.0434	0.0	21	1.0	0.0		5441	0	0
1701988606828	t	prison_testcue_storefront_right	0.0	0	0	4.5309	597.024	690.7199999999999	0.5629	5.2496	593.712	702.7199999999999	0.753	0.0395	-0.1769	0.9834	-15.8654	6.3338	-33.9594	0.0	21	1.0	0.0		5441	0	0
1701988606836	t	prison_testcue_storefront_right	0.0	0	0	4.4834	597.312	696.48	0.5629	5.2475	590.832	706.24	0.753	0.031	-0.2006	0.9792	-2.0345	6.6467	-34.8952	0.0	21	1.0	0.0		5441	0	0
1701988606844	t	prison_testcue_storefront_right	0.0	0	0	4.4063	591.696	700.3199999999999	0.4625	5.2996	590.4	704.3199999999999	0.7119	0.0375	-0.1981	0.9794	-3.5286	6.5996	-34.8006	0.0	21	1.0	0.0		5441	0	0
1701988606853	t	prison_testcue_storefront_right	0.0	0	0	4.4207	591.552	695.04	0.4625	5.2496	589.536	703.84	0.7119	0.0363	-0.1931	0.9805	-0.694	6.6656	-35.004	0.0	21	1.0	0.0		5441	0	0
1701988606861	t	prison_testcue_storefront_right	0.0	0	0	4.3878	592.4159999999999	701.76	0.4487	5.134	585.9359999999999	710.56	0.7503	0.0367	-0.2159	0.9757	1.7561	6.7179	-35.1557	0.0	21	1.0	0.0		5441	0	0
1701988606870	t	prison_testcue_storefront_right	0.0	0	0	4.3074	589.104	703.2	0.4487	5.2009	583.488	708.48	0.7503	0.0431	-0.2173	0.9751	3.6457	6.7671	-35.2934	0.0	21	1.0	0.0		5441	0	0
1701988606878	t	prison_testcue_storefront_right	0.0	0	0	4.3714	588.816	700.64	0.454	5.1596	581.76	711.84	0.7447	0.0434	-0.2213	0.9742	5.5728	6.8177	-35.4205	0.0	21	1.0	0.0		5441	0	0
1701988606886	t	prison_testcue_storefront_right	0.0	0	0	4.4364	588.672	700.48	0.454	5.1553	582.192	708.3199999999999	0.7447	0.0398	-0.2197	0.9748	7.3867	6.8709	-35.5465	0.0	21	1.0	0.0		5441	0	0
1701988606895	t	prison_testcue_storefront_right	0.0	0	0	4.4426	588.528	699.84	0.464	5.1505	578.448	712.16	0.7527	0.0442	-0.2267	0.9729	7.8436	6.8937	-35.5685	0.0	21	1.0	0.0		5441	0	0
1701988606903	t	prison_testcue_storefront_right	0.0	0	0	4.4361	588.672	700.48	0.464	5.1453	580.032	704.8	0.7527	0.041	-0.2206	0.9745	7.7629	6.9103	-35.5775	0.0	21	1.0	0.0		5441	0	0
1701988606911	t	prison_testcue_storefront_right	0.0	0	0	4.4312	588.528	699.84	0.4604	4.9916	581.904	709.92	0.726	0.0372	-0.2286	0.9728	7.8937	6.9237	-35.5739	0.0	21	1.0	0.0		5441	0	0
1701988606920	t	prison_testcue_storefront_right	0.0	0	0	4.4265	588.528	699.2	0.4604	5.1321	580.1759999999999	703.36	0.726	0.0397	-0.2212	0.9744	8.1343	6.9432	-35.6016	0.0	21	1.0	0.0		5441	0	0
1701988606928	t	prison_testcue_storefront_right	0.0	0	0	4.2642	586.656	705.44	0.4463	5.1521	580.752	703.04	0.7203	0.042	-0.2406	0.9697	7.8733	6.9851	-35.567	0.0	21	1.0	0.0		5441	0	0
1701988606936	t	prison_testcue_storefront_right	0.0	0	0	4.3896	587.088	697.76	0.4463	5.0592	577.5840000000001	705.12	0.7203	0.0462	-0.2332	0.9713	7.0272	6.9879	-35.4993	0.0	21	1.0	0.0		5441	0	0
1701988606945	t	prison_testcue_storefront_right	0.0	0	0	4.405	586.656	696.96	0.4674	5.2724	579.168	699.52	0.7207	0.0453	-0.2295	0.9723	7.0715	7.0197	-35.5158	0.0	21	1.0	0.0		5441	0	0
1701988606953	t	prison_testcue_storefront_right	0.0	0	0	4.5021	578.736	692.16	0.4674	5.1868	578.304	704.3199999999999	0.7207	0.0622	-0.231	0.9709	6.4392	7.0228	-35.4515	0.0	21	1.0	0.0		5441	0	0
1701988606961	t	prison_testcue_storefront_right	0.0	0	0	4.4198	582.624	694.56	0.4789	5.2186	579.312	695.2	0.7024	0.0523	-0.2267	0.9726	8.0309	7.0809	-35.5992	0.0	21	1.0	0.0		5441	0	0
1701988606970	t	prison_testcue_storefront_right	0.0	0	0	4.4407	586.656	692.16	0.4789	5.1897	580.608	696.96	0.7024	0.0416	-0.2271	0.973	9.0159	7.1089	-35.6582	0.0	21	1.0	0.0		5441	0	0
1701988606978	t	prison_testcue_storefront_right	0.0	0	0	4.3893	585.9359999999999	694.24	0.4596	5.1588	579.744	698.56	0.7053	0.0441	-0.2343	0.9712	9.3172	7.1199	-35.6711	0.0	21	1.0	0.0		5441	0	0
1701988606986	t	prison_testcue_storefront_right	0.0	0	0	4.3373	585.216	694.24	0.4596	5.1867	579.456	699.84	0.7053	0.0455	-0.2373	0.9704	9.9419	7.138	-35.7071	0.0	21	1.0	0.0		5441	0	0
1701988606995	t	prison_testcue_storefront_right	0.0	0	0	4.3892	585.792	693.12	0.454	5.17	579.744	699.84	0.7016	0.0439	-0.2356	0.9709	9.5855	7.1315	-35.6788	0.0	21	1.0	0.0		5441	0	0
1701988607003	t	prison_testcue_storefront_right	0.0	0	0	4.3649	585.216	692.16	0.454	5.173	579.456	700.48	0.7016	0.0452	-0.2352	0.9709	9.7607	7.1376	-35.6872	0.0	21	1.0	0.0		5441	0	0
1701988607011	t	prison_testcue_storefront_right	0.0	0	0	4.3905	584.784	690.7199999999999	0.4298	5.1756	579.312	701.12	0.6998	0.0466	-0.2334	0.9713	9.5657	7.1344	-35.6702	0.0	21	1.0	0.0		5441	0	0
1701988607020	t	prison_testcue_storefront_right	0.0	0	0	4.4159	584.352	689.12	0.4298	5.173	579.456	700.48	0.6998	0.0506	-0.2238	0.9733	3.4568	6.987	-35.2538	0.0	21	1.0	0.0		5441	0	0
1701988607028	t	prison_testcue_storefront_right	0.0	0	0	4.3933	584.784	690.7199999999999	0.4448	5.2157	576.144	702.7199999999999	0.6965	0.0502	-0.2336	0.971	9.7884	7.1257	-35.6777	0.0	21	1.0	0.0		5441	0	0
1701988607036	t	prison_testcue_storefront_right	0.0	0	0	4.494	567.792	688.32	0.4448	5.1471	567.792	710.24	0.6965	0.0893	-0.2368	0.9674	11.7816	7.1576	-35.8007	0.0	21	1.0	0.0		5441	0	0
1701988607045	t	prison_testcue_storefront_right	0.0	0	0	4.6396	563.04	688.64	0.458	5.4295	559.728	705.2800000000001	0.704	0.1001	-0.2176	0.9709	4.5789	6.9296	-35.3168	0.0	21	1.0	0.0		5441	0	0
1701988607053	t	prison_testcue_storefront_right	0.0	0	0	4.6331	567.648	696.0	0.458	5.4283	559.008	708.96	0.704	0.0857	-0.2258	0.9704	4.084	6.8692	-35.2849	0.0	21	1.0	0.0		5441	0	0
1701988607061	t	prison_testcue_storefront_right	0.0	0	0	4.5762	565.4879999999999	700.64	0.3888	5.3394	560.592	711.68	0.6796	0.0864	-0.2311	0.9691	4.5698	6.8493	-35.3339	0.0	21	1.0	0.0		5441	0	0
1701988607070	t	prison_testcue_storefront_right	0.0	0	0	4.8072	567.648	694.08	0.3888	5.2067	559.44	718.88	0.6796	0.084	-0.2282	0.97	7.5913	6.8998	-35.5475	0.0	21	1.0	0.0		5441	0	0
1701988607078	t	prison_testcue_storefront_right	0.0	0	0	4.5913	569.376	700.96	0.4011	5.2363	561.312	722.0799999999999	0.6556	0.079	-0.2377	0.9681	8.2019	6.8773	-35.5982	0.0	21	1.0	0.0		5441	0	0
1701988607086	t	prison_testcue_storefront_right	0.0	0	0	4.5911	566.352	702.7199999999999	0.4011	5.4911	563.328	716.96	0.6556	0.0822	-0.2211	0.9718	6.4847	6.7744	-35.503	0.0	21	1.0	0.0		5441	0	0
1701988607094	t	prison_testcue_storefront_right	0.0	0	0	4.7532	563.904	698.4	0.4024	5.3341	561.744	728.48	0.6699	0.0885	-0.2231	0.9708	9.7946	6.8192	-35.7381	0.0	21	1.0	0.0		5441	0	0
1701988607103	t	prison_testcue_storefront_right	0.0	0	0	4.3291	571.3919999999999	716.64	0.4024	5.2698	559.44	731.04	0.6699	0.0773	-0.2495	0.9653	9.756	6.7627	-35.7507	0.0	21	1.0	0.0		5441	0	0
1701988607111	t	prison_testcue_storefront_right	0.0	0	0	4.8808	574.128	701.2800000000001	0.3606	5.1699	563.472	737.28	0.6447	0.0638	-0.2178	0.9739	8.8982	6.6804	-35.7013	0.0	21	1.0	0.0		5441	0	0
1701988607119	t	prison_testcue_storefront_right	0.0	0	0	4.4765	571.248	721.76	0.3606	5.0874	565.7760000000001	745.92	0.6447	0.0691	-0.2591	0.9633	10.8464	6.6951	-35.8534	0.0	21	1.0	0.0		5441	0	0
1701988607127	t	prison_testcue_storefront_right	0.0	0	0	4.854	570.096	707.2	0.3386	5.2714	564.048	743.04	0.6429	0.0732	-0.2184	0.9731	11.6982	6.6611	-35.9183	0.0	21	1.0	0.0		5441	0	0
1701988607136	t	prison_testcue_storefront_right	0.0	0	0	4.4777	576.0	727.36	0.3386	5.3663	565.4879999999999	744.16	0.6429	0.063	-0.247	0.9669	9.5418	6.5556	-35.7889	0.0	21	1.0	0.0		5441	0	0
1701988607144	t	prison_testcue_storefront_right	0.0	0	0	4.44	578.448	734.0799999999999	0.3677	5.306	566.064	746.4000000000001	0.6663	0.0615	-0.2513	0.966	6.1656	6.4306	-35.5682	0.0	21	1.0	0.0		5441	0	0
1701988607152	t	prison_testcue_storefront_right	0.0	0	0	4.5012	575.856	734.24	0.3677	4.9677	564.768	753.28	0.6663	0.0693	-0.2519	0.9653	3.2717	6.3213	-35.3812	0.0	21	1.0	0.0		5441	0	0
1701988607161	t	prison_testcue_storefront_right	0.0	0	0	4.4992	574.848	737.6	0.3724	4.968	564.9119999999999	757.4399999999999	0.664	0.0721	-0.2574	0.9636	2.3045	6.2694	-35.3227	0.0	21	1.0	0.0		5441	0	0
1701988607169	t	prison_testcue_storefront_right	0.0	0	0	4.6684	570.24	732.16	0.3724	5.1647	565.056	753.4399999999999	0.664	0.081	-0.2376	0.968	1.0501	6.211	-35.2417	0.0	21	1.0	0.0		5441	0	0
1701988607177	t	prison_testcue_storefront_right	0.0	0	0	4.7088	576.72	735.52	0.3261	4.8468	564.336	761.9200000000001	0.6683	0.0691	-0.254	0.9647	3.1039	6.2478	-35.3864	0.0	21	1.0	0.0		5441	0	0
1701988607186	t	prison_testcue_storefront_right	0.0	0	0	4.613	577.872	737.12	0.3261	5.0976	567.9359999999999	752.8	0.6683	0.0628	-0.2402	0.9687	2.1629	6.2153	-35.3225	0.0	21	1.0	0.0		5441	0	0
1701988607194	t	prison_testcue_storefront_right	0.0	0	0	4.5739	576.72	738.5600000000001	0.3424	5.0191	568.512	756.48	0.6689	0.0625	-0.2495	0.9663	4.4737	6.2735	-35.4825	0.0	21	1.0	0.0		5441	0	0
1701988607203	t	prison_testcue_storefront_right	0.0	0	0	4.5979	577.728	738.5600000000001	0.3424	4.9398	567.9359999999999	760.0	0.6689	0.0612	-0.2555	0.9649	5.1598	6.2928	-35.5294	0.0	21	1.0	0.0		5441	0	0
1701988607212	t	prison_testcue_storefront_right	0.0	0	0	4.5735	578.736	738.5600000000001	0.3175	4.9416	567.36	755.84	0.6428	0.061	-0.2518	0.9658	5.8103	6.3192	-35.5717	0.0	21	1.0	0.0		5441	0	0
1701988607220	t	prison_testcue_storefront_right	0.0	0	0	4.631	576.72	734.88	0.3175	4.9211	570.384	758.24	0.6428	0.0635	-0.2537	0.9652	7.2368	6.3774	-35.6645	0.0	21	1.0	0.0		5441	0	0
1701988607228	t	prison_testcue_storefront_right	0.0	0	0	4.5613	582.336	735.52	0.2964	4.878	578.592	756.64	0.6449	0.0415	-0.2572	0.9655	7.2591	6.4016	-35.6585	0.0	21	1.0	0.0		5441	0	0
1701988607236	t	prison_testcue_storefront_right	0.0	0	0	4.6213	579.456	735.2	0.2964	4.9616	576.144	754.4	0.6449	0.0519	-0.2575	0.9649	7.6803	6.4327	-35.6845	0.0	21	1.0	0.0		5441	0	0
1701988607245	t	prison_testcue_storefront_right	0.0	0	0	4.6662	580.752	728.6400000000001	0.327	5.2023	578.448	745.4399999999999	0.6294	0.0466	-0.2367	0.9705	6.2939	6.413	-35.5834	0.0	21	1.0	0.0		5441	0	0
1701988607253	t	prison_testcue_storefront_right	0.0	0	0	4.5047	581.184	737.92	0.327	4.9829	579.312	751.36	0.6294	0.0459	-0.2676	0.9624	9.4794	6.5207	-35.8003	0.0	21	1.0	0.0		5441	0	0
1701988607262	t	prison_testcue_storefront_right	0.0	0	0	4.6737	580.896	727.2	0.3318	4.962	582.192	747.2	0.6208	0.0431	-0.2445	0.9687	8.3149	6.5033	-35.716	0.0	21	1.0	0.0		5441	0	0
1701988607270	t	prison_testcue_storefront_right	0.0	0	0	4.5043	581.184	733.12	0.3318	4.9951	581.904	748.1600000000001	0.6208	0.0448	-0.2574	0.9653	8.27	6.5092	-35.7122	0.0	21	1.0	0.0		5441	0	0
1701988607278	t	prison_testcue_storefront_right	0.0	0	0	4.5614	587.376	731.8399999999999	0.3463	5.0755	581.472	747.04	0.6156	0.0369	-0.2572	0.9657	9.6401	6.5559	-35.8009	0.0	21	1.0	0.0		5441	0	0
1701988607287	t	prison_testcue_storefront_right	0.0	0	0	4.5647	586.224	733.6	0.3463	4.7212	578.592	759.52	0.6156	0.0451	-0.2755	0.9602	9.0101	6.5434	-35.7598	0.0	21	1.0	0.0		5441	0	0
1701988607295	t	prison_testcue_storefront_right	0.0	0	0	4.6242	584.208	730.72	0.3286	4.9515	589.248	752.64	0.5972	0.0352	-0.2608	0.9647	7.0397	6.4962	-35.6286	0.0	21	1.0	0.0		5441	0	0
1701988607303	t	prison_testcue_storefront_right	0.0	0	0	4.5642	586.224	733.6	0.3286	4.997	589.968	750.24	0.5972	0.0307	-0.2626	0.9644	6.8867	6.4931	-35.6199	0.0	21	1.0	0.0		5441	0	0
1701988607311	t	prison_testcue_storefront_right	0.0	0	0	4.5728	587.376	734.72	0.3393	4.9388	591.8399999999999	748.64	0.5886	0.0293	-0.2637	0.9642	6.9052	6.5025	-35.6217	0.0	21	1.0	0.0		5441	0	0
1701988607320	t	prison_testcue_storefront_right	0.0	0	0	4.3887	588.528	739.36	0.3393	4.6176	583.344	761.5999999999999	0.5886	0.0423	-0.2897	0.9562	7.2871	6.5174	-35.6451	0.0	21	1.0	0.0		5441	0	0
1701988607328	t	prison_testcue_storefront_right	0.0	0	0	4.1499	598.032	740.96	0.3127	4.6128	588.096	761.9200000000001	0.5866	0.0199	-0.2929	0.9559	5.5352	6.4792	-35.5235	0.0	21	1.0	0.0		5441	0	0
1701988607336	t	prison_testcue_storefront_right	0.0	0	0	3.9227	607.824	748.0	0.3127	4.5412	592.272	772.64	0.5866	-0.0027	-0.3233	0.9463	6.1349	6.5192	-35.559	0.0	21	1.0	0.0		5441	0	0
1701988607345	t	prison_testcue_storefront_right	0.0	0	0	3.4743	608.976	755.68	0.2616	4.907	594.144	755.84	0.5399	0.0042	-0.3121	0.95	1.9192	6.4438	-35.27	0.0	21	1.0	0.0		5441	0	0
1701988607353	t	prison_testcue_storefront_right	0.0	0	0	2.5563	609.84	779.36	0.2616	3.7524	593.856	784.48	0.5399	0.0067	-0.3863	0.9223	-1.8677	6.382	-35.0179	0.0	21	1.0	0.0		5441	0	0
1701988607361	t	prison_testcue_storefront_right	0.0	0	0	2.5826	612.432	784.16	0.1126	3.9107	605.0880000000001	788.8	0.4388	-0.0113	-0.3744	0.9272	2.8942	6.3215	-35.405	0.0	21	1.0	0.0		5441	0	0
1701988607370	t	prison_testcue_storefront_right	0.0	0	0	2.2625	652.0319999999999	792.16	0.1126	2.7391	592.992	808.4799999999999	0.4388	-0.05	-0.3817	0.9229	-2.0045	6.0457	-35.1108	0.0	21	1.0	0.0		5441	0	0
1701988607377	t	prison_testcue_storefront_right	0.0	0	0	-1.0	544.7520000000001	796.96	0.0	-1.0	608.832	739.2	0.25	-1.0	-1.0	-1.0	-1.0	-1.0	-1.0	0.0	21	1.0	0.0		5441	0	0
1701988607385	t	prison_testcue_storefront_right	0.0	0	0	-1.0	616.032	811.36	0.0	-1.0	1181.232	1043.52	0.25	-1.0	-1.0	-1.0	-1.0	-1.0	-1.0	0.0	21	1.0	0.0		5441	0	0
1701988607394	t	prison_testcue_storefront_right	0.0	0	0	-1.0	657.216	867.6800000000001	0.0	-1.0	1212.912	1055.04	0.0	-1.0	-1.0	-1.0	-1.0	-1.0	-1.0	0.0	21	1.0	0.0		5441	0	0
1701988607402	t	prison_testcue_storefront_right	0.0	0	0	-1.0	661.8240000000001	864.48	0.0	-1.0	804.8159999999999	870.88	0.0	-1.0	-1.0	-1.0	-1.0	-1.0	-1.0	0.0	21	1.0	0.0		5441	0	0
1701988607410	t	prison_testcue_storefront_right	0.0	0	0	-1.0	641.52	836.32	0.0	-1.0	692.784	894.5600000000001	0.0	-1.0	-1.0	-1.0	-1.0	-1.0	-1.0	0.0	21	1.0	0.0		5441	0	0
1701988607419	t	prison_testcue_storefront_right	0.0	0	0	-1.0	562.464	940.0	0.0	-1.0	686.592	868.0	0.0	-1.0	-1.0	-1.0	-1.0	-1.0	-1.0	0.0	21	1.0	0.0		5441	0	0
1701988607427	t	prison_testcue_storefront_right	0.0	0	0	-1.0	316.224	1014.88	0.0	-1.0	672.336	916.8	0.0	-1.0	-1.0	-1.0	-1.0	-1.0	-1.0	0.0	21	1.0	0.0		5441	0	0
1701988607436	t	prison_testcue_storefront_right	0.0	0	0	-1.0	317.088	1019.36	0.0	-1.0	663.408	885.76	0.0	-1.0	-1.0	-1.0	-1.0	-1.0	-1.0	0.0	21	1.0	0.0		5441	0	0
1701988607444	t	prison_testcue_storefront_right	0.0	0	0	-1.0	310.464	1059.2	0.0	-1.0	659.664	971.68	0.0	-1.0	-1.0	-1.0	-1.0	-1.0	-1.0	0.0	21	1.0	0.0		5441	0	0
1701988607452	t	prison_testcue_storefront_right	0.0	0	0	-1.0	302.4	1049.12	0.0	-1.0	719.568	947.1999999999999	0.0	-1.0	-1.0	-1.0	-1.0	-1.0	-1.0	0.0	21	1.0	0.0		5441	0	0
1701988607460	t	prison_testcue_storefront_right	0.0	0	0	-1.0	616.176	880.8	0.0	-1.0	740.736	953.92	0.0	-1.0	-1.0	-1.0	-1.0	-1.0	-1.0	0.0	21	1.0	0.0		5441	0	0
1701988607469	t	prison_testcue_storefront_right	0.0	0	0	-1.0	675.504	886.88	0.0	-1.0	691.92	948.48	0.0	-1.0	-1.0	-1.0	-1.0	-1.0	-1.0	0.0	21	1.0	0.0		5441	0	0
1701988607477	t	prison_testcue_storefront_right	0.0	0	0	-1.0	324.72	1054.24	0.0	-1.0	697.392	949.2800000000001	0.0	-1.0	-1.0	-1.0	-1.0	-1.0	-1.0	0.0	21	1.0	0.0		5441	0	0
1701988607485	t	prison_testcue_storefront_right	0.0	0	0	-1.0	320.4	1060.1599999999999	0.0	-1.0	704.16	974.4	0.0	-1.0	-1.0	-1.0	-1.0	-1.0	-1.0	0.0	21	1.0	0.0		5441	0	0
1701988607494	t	prison_testcue_storefront_right	0.0	0	0	-1.0	298.8	1078.4	0.0	-1.0	710.352	964.64	0.0	-1.0	-1.0	-1.0	-1.0	-1.0	-1.0	0.0	21	1.0	0.0		5441	0	0
1701988607502	t	prison_testcue_storefront_right	0.0	0	0	-1.0	316.224	1020.96	0.0	-1.0	813.4559999999999	951.52	0.0	-1.0	-1.0	-1.0	-1.0	-1.0	-1.0	0.0	21	1.0	0.0		5441	0	0
1701988607511	t	prison_testcue_storefront_right	0.0	0	0	-1.0	619.488	872.0000000000001	0.0	-1.0	744.192	945.92	0.0	-1.0	-1.0	-1.0	-1.0	-1.0	-1.0	0.0	21	1.0	0.0		5441	0	0
1701988607518	t	prison_testcue_storefront_right	0.0	0	0	-1.0	612.432	845.5999999999999	0.0	-1.0	732.3840000000001	957.76	0.0	-1.0	-1.0	-1.0	-1.0	-1.0	-1.0	0.0	21	1.0	0.0		5441	0	0
1701988607527	t	prison_testcue_storefront_right	0.0	0	0	-1.0	624.816	824.64	0.0	-1.0	761.184	907.3600000000001	0.0	-1.0	-1.0	-1.0	-1.0	-1.0	-1.0	0.0	21	1.0	0.0		5441	0	0
1701988607535	t	prison_testcue_storefront_right	0.0	0	0	-1.0	584.928	820.1599999999999	0.0	-1.0	1107.792	1022.56	0.0	-1.0	-1.0	-1.0	-1.0	-1.0	-1.0	0.0	21	1.0	0.0		5441	0	0
1701988607544	t	prison_testcue_storefront_right	0.0	0	0	-1.0	282.24	1061.6	0.0	-1.0	1090.224	1020.8000000000001	0.0	-1.0	-1.0	-1.0	-1.0	-1.0	-1.0	0.0	21	1.0	0.0		5441	0	0
1701988607552	t	prison_testcue_storefront_right	0.0	0	0	-1.0	262.656	1032.16	0.0	-1.0	633.312	846.4000000000001	0.0	-1.0	-1.0	-1.0	-1.0	-1.0	-1.0	0.0	21	1.0	0.0		5441	0	0
1701988607561	t	prison_testcue_storefront_right	0.0	0	0	-1.0	586.512	735.8399999999999	0.0	-1.0	637.7760000000001	784.32	0.0	-1.0	-1.0	-1.0	-1.0	-1.0	-1.0	0.0	21	1.0	0.0		5441	0	0
1701988607569	t	prison_testcue_storefront_right	0.0	0	0	-1.0	584.352	726.4	0.0	-1.0	636.912	799.2	0.0	-1.0	-1.0	-1.0	-1.0	-1.0	-1.0	0.0	21	1.0	0.0		5441	0	0
1701988607577	t	prison_testcue_storefront_right	0.0	0	0	-1.0	573.6959999999999	776.8	0.0	-1.0	666.864	750.5600000000001	0.0	-1.0	-1.0	-1.0	-1.0	-1.0	-1.0	0.0	21	1.0	0.0		5441	0	0
1701988607586	t	prison_testcue_storefront_right	0.0	0	0	-1.0	658.944	734.72	0.0	-1.0	670.32	741.76	0.0	-1.0	-1.0	-1.0	-1.0	-1.0	-1.0	0.0	21	1.0	0.0		5441	0	0
1701988607594	t	prison_testcue_storefront_right	0.0	0	0	-1.0	661.104	755.52	0.0267	-1.0	664.2719999999999	761.12	0.0253	-1.0	-1.0	-1.0	-1.0	-1.0	-1.0	0.0	21	1.0	0.0		5441	0	0
1701988607603	t	prison_testcue_storefront_right	0.0	0	0	-1.0	667.5840000000001	743.8399999999999	0.0267	-1.0	648.0	761.9200000000001	0.0253	-1.0	-1.0	-1.0	-1.0	-1.0	-1.0	0.0	21	1.0	0.0		5441	0	0
1701988607611	t	prison_testcue_storefront_right	0.0	0	0	-1.0	654.624	748.64	0.1565	-1.0	643.2479999999999	752.8	0.2659	-1.0	-1.0	-1.0	-1.0	-1.0	-1.0	0.0	21	1.0	0.0		5441	0	0
1701988607620	t	prison_testcue_storefront_right	0.0	0	0	-1.0	661.3919999999999	743.04	0.1565	-1.0	647.424	775.6800000000001	0.2659	-1.0	-1.0	-1.0	-1.0	-1.0	-1.0	0.0	21	1.0	0.0		5441	0	0
1701988607628	t	prison_testcue_storefront_right	0.0	0	0	-1.0	667.5840000000001	725.92	0.156	-1.0	657.36	761.12	0.3443	-1.0	-1.0	-1.0	-1.0	-1.0	-1.0	0.0	21	1.0	0.0		5441	0	0
1701988607637	t	prison_testcue_storefront_right	0.0	0	0	-1.0	667.5840000000001	717.6	0.156	-1.0	651.888	752.1600000000001	0.3443	-1.0	-1.0	-1.0	-1.0	-1.0	-1.0	0.0	21	1.0	0.0		5441	0	0
1701988607645	t	prison_testcue_storefront_right	0.0	0	0	-1.0	664.5600000000001	725.12	0.2198	-1.0	652.0319999999999	749.4399999999999	0.4127	-1.0	-1.0	-1.0	-1.0	-1.0	-1.0	0.0	21	1.0	0.0		5441	0	0
1701988607654	t	prison_testcue_storefront_right	0.0	0	0	3.7634	663.264	718.72	0.2198	4.4374	653.184	743.8399999999999	0.4127	-0.0928	-0.2598	0.9612	-13.1021	6.2577	-34.2732	0.0	21	1.0	0.0		5441	0	0
1701988607662	t	prison_testcue_storefront_right	0.0	0	0	4.0283	668.88	712.64	0.2352	4.6421	652.464	740.16	0.4684	-0.1053	-0.2515	0.9621	-3.8268	6.4937	-34.8967	0.0	21	1.0	0.0		5441	0	0
1701988607670	t	prison_testcue_storefront_right	0.0	0	0	3.9877	666.576	711.68	0.2352	5.5544	662.4	710.4	0.4684	-0.1222	-0.1985	0.9724	-2.7471	6.5311	-34.9813	0.0	21	1.0	0.0		5441	0	0
1701988607679	t	prison_testcue_storefront_right	0.0	0	0	3.9279	667.1519999999999	712.8	0.2656	5.4036	663.552	716.64	0.499	-0.128	-0.2174	0.9677	1.5169	6.6343	-35.2666	0.0	21	1.0	0.0		5441	0	0
1701988607687	t	prison_testcue_storefront_right	0.0	0	0	3.9744	659.088	706.88	0.2656	5.2501	662.4	723.0400000000001	0.499	-0.112	-0.2298	0.9668	10.6613	6.8713	-35.8724	0.0	21	1.0	0.0		5441	0	0
1701988607695	t	prison_testcue_storefront_right	0.0	0	0	4.0951	661.8240000000001	708.96	0.3114	5.15	659.52	729.12	0.5113	-0.1152	-0.2436	0.963	12.7226	6.9326	-36.0108	0.0	21	1.0	0.0		5441	0	0
1701988607703	t	prison_testcue_storefront_right	0.0	0	0	3.5881	656.64	725.76	0.3114	5.0999	656.4960000000001	732.64	0.5113	-0.0981	-0.2789	0.9553	10.7852	6.8869	-35.8836	0.0	21	1.0	0.0		5441	0	0
1701988607711	t	prison_testcue_storefront_right	0.0	0	0	3.7753	660.8159999999999	721.28	0.3371	5.1747	658.944	727.84	0.4828	-0.1125	-0.2658	0.9574	11.5676	6.9063	-35.9333	0.0	21	1.0	0.0		5441	0	0
1701988607720	t	prison_testcue_storefront_right	0.0	0	0	4.1018	663.84	705.76	0.3371	5.109	659.52	727.84	0.4828	-0.1223	-0.2328	0.9648	10.1146	6.8589	-35.8324	0.0	21	1.0	0.0		5441	0	0
1701988607728	t	prison_testcue_storefront_right	0.0	0	0	4.0354	658.512	706.56	0.3115	5.1755	657.9359999999999	728.0	0.4302	-0.109	-0.2344	0.966	9.3079	6.8384	-35.7754	0.0	21	1.0	0.0		5441	0	0
1701988607736	t	prison_testcue_storefront_right	0.0	0	0	4.6837	660.96	690.7199999999999	0.3115	5.1927	656.4960000000001	727.84	0.4302	-0.1143	-0.2048	0.9721	5.8264	6.7513	-35.54	0.0	21	1.0	0.0		5441	0	0
1701988607744	t	prison_testcue_storefront_right	0.0	0	0	4.3758	655.632	694.24	0.352	5.2174	656.064	726.0799999999999	0.488	-0.1022	-0.2081	0.9727	3.7188	6.697	-35.397	0.0	21	1.0	0.0		5441	0	0
1701988607753	t	prison_testcue_storefront_right	0.0	0	0	4.2909	654.624	694.56	0.352	5.1922	655.7760000000001	727.84	0.488	-0.0996	-0.2127	0.972	4.265	6.7153	-35.4276	0.0	21	1.0	0.0		5441	0	0
1701988607761	t	prison_testcue_storefront_right	0.0	0	0	4.2116	656.784	699.04	0.3572	5.2178	656.064	726.0799999999999	0.4632	-0.1046	-0.2172	0.9705	4.9598	6.7325	-35.4739	0.0	21	1.0	0.0		5441	0	0
1701988607769	t	prison_testcue_storefront_right	0.0	0	0	4.291	654.9119999999999	697.92	0.3572	5.2425	655.7760000000001	724.16	0.4632	-0.1013	-0.2126	0.9719	4.7748	6.7269	-35.4611	0.0	21	1.0	0.0		5441	0	0
1701988607778	t	prison_testcue_storefront_right	0.0	0	0	4.0745	644.976	706.24	0.3798	5.2045	639.504	720.48	0.4937	-0.0762	-0.2255	0.9713	4.479	6.7336	-35.4155	0.0	21	1.0	0.0		5441	0	0
1701988607786	t	prison_testcue_storefront_right	0.0	0	0	4.1037	627.12	700.0	0.3798	4.6461	618.768	722.56	0.4937	-0.0377	-0.2286	0.9728	9.8562	6.8925	-35.7484	0.0	21	1.0	0.0		5441	0	0
1701988607794	t	prison_testcue_storefront_right	0.0	0	0	3.6506	615.312	704.48	0.3538	4.7852	602.64	718.4	0.5081	-0.0192	-0.2414	0.9702	10.1746	6.9379	-35.7464	0.0	21	1.0	0.0		5441	0	0
1701988607803	t	prison_testcue_storefront_right	0.0	0	0	4.851	577.44	666.72	0.3538	4.9595	584.64	704.96	0.5081	0.0503	-0.1584	0.9861	12.5266	7.0124	-35.8859	0.0	21	1.0	0.0		5441	0	0
1701988607811	t	prison_testcue_storefront_right	0.0	0	0	4.6133	567.792	672.16	0.3071	5.2332	561.456	694.56	0.4994	0.0679	-0.1673	0.9836	24.6141	7.3032	-36.6538	0.0	21	1.0	0.0		5441	0	0
1701988607819	t	prison_testcue_storefront_right	0.0	0	0	4.5132	557.856	680.32	0.3071	5.5483	551.952	682.88	0.4994	0.088	-0.1876	0.9783	28.1538	7.4025	-36.9507	0.0	21	1.0	0.0		5441	0	0
1701988607828	t	prison_testcue_storefront_right	0.0	0	0	4.5986	556.704	673.4399999999999	0.2948	5.4787	553.5360000000001	685.28	0.5234	0.0832	-0.1703	0.9819	32.53	7.488	-37.2506	0.0	21	1.0	0.0		5441	0	0
1701988607836	t	prison_testcue_storefront_right	0.0	0	0	4.7521	558.576	673.12	0.2948	5.2828	554.976	687.5200000000001	0.5234	0.0755	-0.167	0.983	33.8677	7.5028	-37.3509	0.0	21	1.0	0.0		5441	0	0
1701988607844	t	prison_testcue_storefront_right	0.0	0	0	4.7597	562.0319999999999	670.88	0.3923	5.23	552.528	687.2	0.6067	0.0632	-0.1596	0.9852	34.111	7.502	-37.3661	0.0	21	1.0	0.0		5441	0	0
1701988607853	t	prison_testcue_storefront_right	0.0	0	0	4.7041	556.704	661.5999999999999	0.3923	5.2674	552.096	686.56	0.6067	0.0804	-0.131	0.9881	33.9901	7.4968	-37.3631	0.0	21	1.0	0.0		5441	0	0
1701988607861	t	prison_testcue_storefront_right	0.0	0	0	4.9013	551.808	656.8	0.4752	5.2297	552.096	687.2	0.6624	0.0952	-0.1157	0.9887	33.5338	7.4846	-37.3331	0.0	21	1.0	0.0		5441	0	0
1701988607869	t	prison_testcue_storefront_right	0.0	0	0	4.6109	557.424	671.6800000000001	0.4752	5.1764	551.808	687.84	0.6624	0.0727	-0.1553	0.9852	32.3023	7.4241	-37.2358	0.0	21	1.0	0.0		5441	0	0
1701988607878	t	prison_testcue_storefront_right	0.0	0	0	4.4001	552.24	667.84	0.5228	5.1236	551.52	687.5200000000001	0.6708	0.0919	-0.1417	0.9856	28.2919	7.319	-36.9411	0.0	21	1.0	0.0		5441	0	0
1701988607886	t	prison_testcue_storefront_right	0.0	0	0	4.3341	553.5360000000001	669.76	0.5228	5.0034	548.928	691.2	0.6708	0.0916	-0.1394	0.986	18.6789	7.0531	-36.2332	0.0	21	1.0	0.0		5441	0	0
1701988607894	t	prison_testcue_storefront_right	0.0	0	0	4.3677	554.112	666.4	0.5425	4.8883	548.784	694.08	0.6727	0.0889	-0.1335	0.987	21.6848	7.1298	-36.4862	0.0	21	1.0	0.0		5441	0	0
1701988607903	t	prison_testcue_storefront_right	0.0	0	0	4.2784	557.712	672.64	0.5425	4.8679	549.36	691.36	0.6727	0.0796	-0.1423	0.9866	18.0665	7.0284	-36.226	0.0	21	1.0	0.0		5441	0	0
1701988607911	t	prison_testcue_storefront_right	0.0	0	0	4.233	557.712	671.3599999999999	0.5664	4.8935	549.648	689.12	0.725	0.0781	-0.1406	0.987	21.1463	7.1077	-36.4464	0.0	21	1.0	0.0		5441	0	0
1701988607920	t	prison_testcue_storefront_right	0.0	0	0	4.2782	557.712	670.24	0.5664	4.8679	549.7919999999999	691.36	0.725	0.0768	-0.1404	0.9871	22.8468	7.1515	-36.5677	0.0	21	1.0	0.0		5441	0	0
1701988607928	t	prison_testcue_storefront_right	0.0	0	0	4.233	556.416	668.32	0.6501	4.8285	549.7919999999999	690.08	0.7517	0.0805	-0.1354	0.9875	23.2289	7.1591	-36.5877	0.0	21	1.0	0.0		5441	0	0
1701988607936	t	prison_testcue_storefront_right	0.0	0	0	4.19	556.848	668.0	0.6501	4.7888	549.7919999999999	690.08	0.7517	0.0799	-0.134	0.9877	22.5877	7.1406	-36.5334	0.0	21	1.0	0.0		5441	0	0
1701988607948	t	prison_testcue_storefront_right	0.0	0	0	4.1888	556.2719999999999	667.1999999999999	0.6337	4.7536	549.7919999999999	689.6	0.7645	0.0811	-0.1318	0.9879	21.9795	7.1247	-36.4842	0.0	21	1.0	0.0		5441	0	0
1701988607953	t	prison_testcue_storefront_right	0.0	0	0	4.1878	555.84	666.5600000000001	0.6337	4.7182	549.936	688.9599999999999	0.7645	0.0824	-0.1293	0.9882	21.061	7.0999	-36.4116	0.0	21	1.0	0.0		5441	0	0
1701988607962	t	prison_testcue_storefront_right	0.0	0	0	4.1695	555.984	666.24	0.6304	4.6927	550.3679999999999	689.28	0.7588	0.0823	-0.128	0.9883	19.2487	7.0529	-36.2775	0.0	21	1.0	0.0		5441	0	0
1701988607970	t	prison_testcue_storefront_right	0.0	0	0	4.1517	555.84	666.08	0.6304	4.6672	550.6560000000001	689.6	0.7588	0.0826	-0.1274	0.9884	18.5529	7.0347	-36.2257	0.0	21	1.0	0.0		5441	0	0
1701988607978	t	prison_testcue_storefront_right	0.0	0	0	4.1468	555.84	666.08	0.6226	4.6523	550.512	689.28	0.8087	0.0827	-0.1271	0.9884	18.6129	7.036	-36.2296	0.0	21	1.0	0.0		5441	0	0
1701988607987	t	prison_testcue_storefront_right	0.0	0	0	4.1417	555.84	665.9200000000001	0.6226	4.6374	550.3679999999999	688.9599999999999	0.8087	0.0834	-0.1259	0.9885	17.1032	6.9966	-36.118	0.0	21	1.0	0.0		5441	0	0
1701988607995	t	prison_testcue_storefront_right	0.0	0	0	4.1281	555.84	665.28	0.6707	4.6366	550.512	689.28	0.7627	0.0839	-0.1236	0.9888	14.939	6.9396	-35.9565	0.0	21	1.0	0.0		5441	0	0
1701988608003	t	prison_testcue_storefront_right	0.0	0	0	4.1148	555.84	664.64	0.6707	4.636	550.6560000000001	688.9599999999999	0.7627	0.0846	-0.1206	0.9891	12.1478	6.8676	-35.7527	0.0	21	1.0	0.0		5441	0	0
1701988608011	t	prison_testcue_storefront_right	0.0	0	0	4.1143	555.84	664.48	0.6349	4.5965	550.8	688.9599999999999	0.7445	0.0851	-0.1192	0.9892	10.1937	6.8176	-35.6089	0.0	21	1.0	0.0		5441	0	0
1701988608020	t	prison_testcue_storefront_right	0.0	0	0	4.1139	555.84	664.1600000000001	0.6349	4.557	550.8	688.9599999999999	0.7445	0.0853	-0.1183	0.9893	9.146	6.7911	-35.532	0.0	21	1.0	0.0		5441	0	0
1701988608028	t	prison_testcue_storefront_right	0.0	0	0	4.0462	555.84	664.0	0.6214	4.5526	550.944	688.8	0.7755	0.0854	-0.1177	0.9893	8.3567	6.7708	-35.4737	0.0	21	1.0	0.0		5441	0	0
1701988608037	t	prison_testcue_storefront_right	0.0	0	0	3.8435	559.44	657.9200000000001	0.6214	4.2002	554.976	686.88	0.7755	0.0795	-0.1054	0.9912	9.4876	6.806	-35.5657	0.0	21	1.0	0.0		5441	0	0
1701988608045	t	prison_testcue_storefront_right	0.0	0	0	3.8124	557.856	659.52	0.6431	4.1492	552.6719999999999	685.12	0.792	0.088	-0.1075	0.9903	11.7591	6.8704	-35.7462	0.0	21	1.0	0.0		5441	0	0
1701988608053	t	prison_testcue_storefront_right	0.0	0	0	3.7296	560.16	657.28	0.6431	4.1162	553.2479999999999	685.6	0.792	0.0844	-0.1058	0.9908	18.213	7.0405	-36.2335	0.0	21	1.0	0.0		5441	0	0
1701988608062	t	prison_testcue_storefront_right	0.0	0	0	3.7576	567.072	658.72	0.6285	4.0712	561.168	686.88	0.766	0.0673	-0.1099	0.9917	32.066	7.3574	-37.1862	0.0	21	1.0	0.0		5441	0	0
1701988608070	t	prison_testcue_storefront_right	0.0	0	0	3.6779	586.8	664.32	0.6285	4.1156	577.5840000000001	688.8	0.766	0.0266	-0.1268	0.9916	34.2799	7.3641	-37.1528	0.0	21	1.0	0.0		5441	0	0
1701988608078	t	prison_testcue_storefront_right	0.0	0	0	3.7288	610.992	660.64	0.682	4.1641	602.784	680.8	0.7731	-0.003	-0.1142	0.9934	34.1002	7.2767	-36.7909	0.0	21	1.0	0.0		5441	0	0
1701988608086	t	prison_testcue_storefront_right	0.0	0	0	3.3907	641.088	661.4399999999999	0.682	4.0404	628.56	686.4	0.7731	-0.0537	-0.1149	0.9919	33.8194	7.3891	-37.277	0.0	21	1.0	0.0		5441	0	0
1701988608095	t	prison_testcue_storefront_right	0.0	0	0	3.4494	668.304	666.4	0.7031	3.8445	653.616	687.5200000000001	0.6947	-0.0997	-0.1291	0.9866	33.5441	7.4099	-37.3435	0.0	21	1.0	0.0		5441	0	0
1701988608103	t	prison_testcue_storefront_right	0.0	0	0	3.5947	694.368	662.88	0.7031	3.8937	673.344	693.44	0.6947	-0.1472	-0.1127	0.9827	33.295	7.4035	-37.3833	0.0	21	1.0	0.0		5441	0	0
1701988608111	t	prison_testcue_storefront_right	0.0	0	0	3.6266	714.24	663.36	0.7294	3.8075	691.1999999999999	692.16	0.7469	-0.1818	-0.1086	0.9773	33.0888	7.385	-37.3916	0.0	21	1.0	0.0		5441	0	0
1701988608119	t	prison_testcue_storefront_right	0.0	0	0	3.4657	725.904	664.48	0.7294	3.656	698.112	693.12	0.7469	-0.205	-0.1154	0.9719	32.9515	7.4089	-37.3992	0.0	21	1.0	0.0		5441	0	0
1701988608128	t	prison_testcue_storefront_right	0.0	0	0	3.5038	724.896	660.1600000000001	0.8951	3.6797	697.1039999999999	693.44	0.8598	-0.1995	-0.1022	0.9745	32.8539	7.4039	-37.3852	0.0	21	1.0	0.0		5441	0	0
1701988608136	t	prison_testcue_storefront_right	0.0	0	0	3.5753	725.1840000000001	660.64	0.8951	3.706	702.72	690.7199999999999	0.8598	-0.2015	-0.1017	0.9742	32.7603	7.3921	-37.3755	0.0	21	1.0	0.0		5441	0	0
1701988608144	t	prison_testcue_storefront_right	0.0	0	0	3.5498	724.896	657.5999999999999	0.926	3.7179	703.008	688.9599999999999	0.8184	-0.2013	-0.0922	0.9752	32.8084	7.3894	-37.3757	0.0	21	1.0	0.0		5441	0	0
1701988608153	t	prison_testcue_storefront_right	0.0	0	0	3.508	725.904	658.24	0.926	3.7072	702.72	687.2	0.8184	-0.2039	-0.095	0.9744	32.5786	7.3892	-37.3571	0.0	21	1.0	0.0		5441	0	0
1701988608161	t	prison_testcue_storefront_right	0.0	0	0	3.5507	726.768	657.5999999999999	0.9658	3.6443	702.8639999999999	685.6	0.9238	-0.2074	-0.0936	0.9738	27.5916	7.2829	-37.0229	0.0	21	1.0	0.0		5441	0	0
1701988608169	t	prison_testcue_storefront_right	0.0	0	0	3.5214	727.3439999999999	657.12	0.9658	3.6373	703.4399999999999	683.1999999999999	0.9238	-0.2086	-0.0901	0.9738	6.7983	6.829	-35.6453	0.0	21	1.0	0.0		5441	0	0
1701988608177	t	prison_testcue_storefront_right	0.0	0	0	3.5391	730.3679999999999	651.36	1.0	3.6784	705.024	680.0	1.0	-0.2106	-0.0786	0.9744	6.4927	6.8443	-35.6443	0.0	21	1.0	0.0		5441	0	0
1701988608186	t	prison_testcue_storefront_right	0.0	0	0	3.5643	729.072	649.76	1.0	3.6035	703.584	680.48	1.0	-0.2057	-0.0776	0.9755	6.6394	6.8517	-35.6432	0.0	21	1.0	0.0		5441	0	0
1701988608194	t	prison_testcue_storefront_right	0.0	0	0	3.5561	727.92	646.5600000000001	1.0	3.6296	705.888	677.9200000000001	1.0	-0.2065	-0.0721	0.9758	5.8964	6.8543	-35.5889	0.0	21	1.0	0.0		5441	0	0
1701988608203	t	prison_testcue_storefront_right	0.0	0	0	3.5435	729.3599999999999	645.4399999999999	1.0	3.7278	703.8720000000001	674.56	1.0	-0.2056	-0.0689	0.9762	5.9134	6.8689	-35.5843	0.0	21	1.0	0.0		5441	0	0
1701988608211	t	prison_testcue_storefront_right	0.0	0	0	3.4825	727.632	641.4399999999999	1.0	3.6593	704.592	674.88	1.0	-0.2029	-0.0646	0.9771	4.5708	6.8477	-35.4849	0.0	21	1.0	0.0		5441	0	0
1701988608219	t	prison_testcue_storefront_right	0.0	0	0	3.5702	729.504	641.76	1.0	3.7188	704.736	671.84	1.0	-0.2068	-0.0624	0.9764	4.3283	6.8534	-35.4704	0.0	21	1.0	0.0		5441	0	0
1701988608228	t	prison_testcue_storefront_right	0.0	0	0	3.5111	728.496	636.8000000000001	1.0	3.6711	703.584	671.84	1.0	-0.2033	-0.0576	0.9774	3.5575	6.8474	-35.4031	0.0	21	1.0	0.0		5441	0	0
1701988608236	t	prison_testcue_storefront_right	0.0	0	0	3.4977	726.048	636.8000000000001	1.0	3.6146	704.16	668.1600000000001	1.0	-0.2015	-0.056	0.9779	2.6018	6.8474	-35.3423	0.0	21	1.0	0.0		5441	0	0
1701988608244	t	prison_testcue_storefront_right	0.0	0	0	3.4137	726.192	636.96	1.0	3.7108	703.296	666.5600000000001	1.0	-0.2002	-0.0561	0.9781	0.4558	6.8037	-35.1691	0.0	21	1.0	0.0		5441	0	0
1701988608253	t	prison_testcue_storefront_right	0.0	0	0	3.4455	726.624	634.5600000000001	1.0	3.5798	704.16	670.4	1.0	-0.2041	-0.0596	0.9771	-2.4618	6.7399	-34.9692	0.0	21	1.0	0.0		5441	0	0
1701988608261	t	prison_testcue_storefront_right	0.0	0	0	3.626	723.744	630.0799999999999	1.0	3.6671	702.576	665.9200000000001	1.0	-0.1993	-0.0494	0.9787	-3.4928	6.7357	-34.9057	0.0	21	1.0	0.0		5441	0	0
1701988608269	t	prison_testcue_storefront_right	0.0	0	0	3.5434	722.592	630.5600000000001	1.0	3.7018	701.712	657.4399999999999	1.0	-0.1969	-0.0376	0.9797	-2.5625	6.7811	-35.005	0.0	21	1.0	0.0		5441	0	0
1701988608278	t	prison_testcue_storefront_right	0.0	0	0	3.573	722.16	627.0400000000001	1.0	3.6124	700.704	660.0	1.0	-0.1967	-0.0408	0.9796	-2.0718	6.8087	-35.0363	0.0	21	1.0	0.0		5441	0	0
1701988608286	t	prison_testcue_storefront_right	0.0	0	0	3.5247	721.872	625.28	1.0	3.6751	699.12	655.36	1.0	-0.1949	-0.0323	0.9803	-3.0309	6.7871	-34.9285	0.0	21	1.0	0.0		5441	0	0
1701988608294	t	prison_testcue_storefront_right	0.0	0	0	3.5467	722.016	623.68	1.0	3.6131	697.248	654.72	1.0	-0.1938	-0.0323	0.9805	-7.9073	6.6813	-34.5539	0.0	21	1.0	0.0		5441	0	0
1701988608303	t	prison_testcue_storefront_right	0.0	0	0	3.5572	721.008	622.4	1.0	3.6815	698.112	651.36	1.0	-0.196	-0.0256	0.9803	-10.4996	6.6399	-34.3967	0.0	21	1.0	0.0		5441	0	0
1701988608311	t	prison_testcue_storefront_right	0.0	0	0	3.5522	719.424	619.0400000000001	1.0	3.6725	696.816	651.04	1.0	-0.1932	-0.0255	0.9808	-13.6714	6.5899	-34.2031	0.0	21	1.0	0.0		5441	0	0
1701988608319	t	prison_testcue_storefront_right	0.0	0	0	3.4463	717.12	616.16	1.0	3.6514	693.36	647.52	1.0	-0.1865	-0.0202	0.9822	-18.2847	6.5097	-33.8834	0.0	21	1.0	0.0		5441	0	0
1701988608328	t	prison_testcue_storefront_right	0.0	0	0	3.5127	715.968	613.92	1.0	3.6157	692.64	644.64	1.0	-0.1863	-0.0158	0.9824	-23.0195	6.4286	-33.5784	0.0	21	1.0	0.0		5441	0	0
1701988608336	t	prison_testcue_storefront_right	0.0	0	0	3.4789	713.376	611.0400000000001	1.0	3.6726	691.776	641.4399999999999	1.0	-0.1851	-0.0124	0.9826	-24.3213	6.4383	-33.4963	0.0	21	1.0	0.0		5441	0	0
1701988608344	t	prison_testcue_storefront_right	0.0	0	0	3.4897	712.8	610.0799999999999	1.0	3.7719	692.208	638.88	1.0	-0.1878	-0.0096	0.9821	-22.8823	6.5016	-33.6063	0.0	21	1.0	0.0		5441	0	0
1701988608353	t	prison_testcue_storefront_right	0.0	0	0	3.4759	711.216	607.52	1.0	3.7511	691.056	638.4000000000001	1.0	-0.1845	-0.0088	0.9828	-22.259	6.5227	-33.6582	0.0	21	1.0	0.0		5441	0	0
1701988608361	t	prison_testcue_storefront_right	0.0	0	0	3.4915	709.6320000000001	606.08	1.0	3.6214	684.432	638.5600000000001	1.0	-0.167	-0.0117	0.9859	-20.3585	6.5695	-33.7583	0.0	21	1.0	0.0		5441	0	0
1701988608369	t	prison_testcue_storefront_right	0.0	0	0	3.5595	708.048	606.4	1.0	3.6932	685.152	636.16	1.0	-0.1724	-0.0072	0.985	-19.132	6.6079	-33.8313	0.0	21	1.0	0.0		5441	0	0
1701988608378	t	prison_testcue_storefront_right	0.0	0	0	3.5225	707.472	605.76	1.0	3.6917	683.568	635.52	1.0	-0.1698	-0.0054	0.9855	-19.492	6.5992	-33.8026	0.0	21	1.0	0.0		5441	0	0
1701988608386	t	prison_testcue_storefront_right	0.0	0	0	3.4854	706.896	605.12	1.0	3.7018	681.552	633.12	1.0	-0.1662	0.0003	0.9861	-18.9107	6.615	-33.8357	0.0	21	1.0	0.0		5441	0	0
1701988608394	t	prison_testcue_storefront_right	0.0	0	0	3.4356	694.8	606.4	1.0	3.5733	671.328	637.4399999999999	1.0	-0.1472	-0.0108	0.989	-23.1253	6.5112	-33.5789	0.0	21	1.0	0.0		5441	0	0
1701988608403	t	prison_testcue_storefront_right	0.0	0	0	3.4608	674.784	615.52	1.0	3.5956	649.008	646.5600000000001	1.0	-0.0999	-0.0335	0.9944	-25.6064	6.4413	-33.5401	0.0	21	1.0	0.0		5441	0	0
1701988608411	t	prison_testcue_storefront_right	0.0	0	0	3.5169	651.744	622.72	1.0	3.5989	626.832	649.92	1.0	-0.0595	-0.0386	0.9975	14.1615	7.223	-36.0415	0.0	21	1.0	0.0		5441	0	0
1701988608419	t	prison_testcue_storefront_right	0.0	0	0	3.4711	626.832	633.4399999999999	1.0	3.631	599.76	660.1600000000001	1.0	-0.0149	-0.0591	0.9981	26.4383	7.3843	-36.7548	0.0	21	1.0	0.0		5441	0	0
1701988608428	t	prison_testcue_storefront_right	0.0	0	0	3.5735	603.36	643.2	1.0	3.5789	577.2959999999999	667.6800000000001	1.0	0.0246	-0.0754	0.9968	28.2916	7.3154	-36.7511	0.0	21	1.0	0.0		5441	0	0
1701988608436	t	prison_testcue_storefront_right	0.0	0	0	3.5063	579.024	650.24	1.0	3.5933	552.528	673.12	1.0	0.0697	-0.0874	0.9937	25.4784	7.1586	-36.4021	0.0	21	1.0	0.0		5441	0	0
1701988608444	t	prison_testcue_storefront_right	0.0	0	0	3.4556	562.176	655.04	1.0	3.6145	532.8	676.32	1.0	0.101	-0.0953	0.9903	21.7504	7.0414	-36.1431	0.0	21	1.0	0.0		5441	0	0
1701988608453	t	prison_testcue_storefront_right	0.0	0	0	3.5511	558.144	653.76	1.0	3.5616	529.056	676.8	1.0	0.0982	-0.0895	0.9911	13.6337	6.8574	-35.6186	0.0	21	1.0	0.0		5441	0	0
1701988608461	t	prison_testcue_storefront_right	0.0	0	0	3.5001	554.544	653.4399999999999	1.0	3.6207	529.488	677.9200000000001	1.0	0.1094	-0.0912	0.9898	12.1108	6.8441	-35.5689	0.0	21	1.0	0.0		5441	0	0
1701988608469	t	prison_testcue_storefront_right	0.0	0	0	3.522	553.824	651.52	1.0	3.4831	528.048	677.44	1.0	0.112	-0.0877	0.9898	11.1625	6.8261	-35.496	0.0	21	1.0	0.0		5441	0	0
1701988608478	t	prison_testcue_storefront_right	0.0	0	0	3.5071	554.832	651.68	1.0	3.6505	526.896	676.0	1.0	0.1088	-0.0858	0.9904	27.9734	7.1582	-36.5345	0.0	21	1.0	0.0		5441	0	0
1701988608486	t	prison_testcue_storefront_right	0.0	0	0	3.5223	553.824	651.52	1.0	3.5918	526.6080000000001	676.0	1.0	0.11	-0.0851	0.9903	33.7729	7.2762	-36.9023	0.0	21	1.0	0.0		5441	0	0
1701988608494	t	prison_testcue_storefront_right	0.0	0	0	3.5225	552.816	651.52	1.0	3.624	526.7520000000001	676.32	1.0	0.1124	-0.0854	0.99	13.8748	6.8714	-35.6488	0.0	21	1.0	0.0		5441	0	0
1701988608502	t	prison_testcue_storefront_right	0.0	0	0	3.5224	551.808	651.52	1.0	3.6248	526.4639999999999	676.16	1.0	0.1136	-0.0842	0.9899	16.5325	6.9247	-35.8382	0.0	21	1.0	0.0		5441	0	0
1701988608511	t	prison_testcue_storefront_right	0.0	0	0	3.5342	551.52	651.68	1.0	3.6269	526.3199999999999	676.32	1.0	0.1129	-0.0845	0.99	16.8281	6.9293	-35.8517	0.0	21	1.0	0.0		5441	0	0
1701988608519	t	prison_testcue_storefront_right	0.0	0	0	3.5463	551.376	651.52	1.0	3.6257	526.3199999999999	676.16	1.0	0.1122	-0.084	0.9901	13.1811	6.8521	-35.6155	0.0	21	1.0	0.0		5441	0	0
1701988608528	t	prison_testcue_storefront_right	0.0	0	0	3.548	550.512	651.52	1.0	3.6275	527.184	675.04	1.0	0.1127	-0.0828	0.9902	13.4229	6.8488	-35.5945	0.0	21	1.0	0.0		5441	0	0
1701988608536	t	prison_testcue_storefront_right	0.0	0	0	3.55	549.504	651.36	1.0	3.6591	524.592	673.28	1.0	0.1171	-0.0816	0.9898	18.1149	6.9426	-35.8798	0.0	21	1.0	0.0		5441	0	0
1701988608544	t	prison_testcue_storefront_right	0.0	0	0	3.5786	548.784	650.88	1.0	3.7186	526.4639999999999	672.9599999999999	1.0	0.1169	-0.0808	0.9898	21.4232	7.014	-36.0985	0.0	21	1.0	0.0		5441	0	0
1701988608553	t	prison_testcue_storefront_right	0.0	0	0	3.6075	548.064	650.5600000000001	1.0	3.7032	526.3199999999999	672.16	1.0	0.1185	-0.0794	0.9898	23.1559	7.0508	-36.2133	0.0	21	1.0	0.0		5441	0	0
1701988608561	t	prison_testcue_storefront_right	0.0	0	0	3.6168	547.92	650.08	1.0	3.7189	526.176	672.64	1.0	0.1185	-0.0789	0.9898	25.8923	7.1089	-36.3965	0.0	21	1.0	0.0		5441	0	0
1701988608569	t	prison_testcue_storefront_right	0.0	0	0	3.6261	547.92	649.76	1.0	3.7154	526.032	672.0	1.0	0.1184	-0.0777	0.9899	27.5932	7.1448	-36.5104	0.0	21	1.0	0.0		5441	0	0
1701988608577	t	prison_testcue_storefront_right	0.0	0	0	3.628	547.7760000000001	649.6	1.0	3.7115	525.888	672.48	1.0	0.1182	-0.0777	0.9899	27.3021	7.1391	-36.4916	0.0	21	1.0	0.0		5441	0	0
1701988608586	t	prison_testcue_storefront_right	0.0	0	0	3.6301	547.7760000000001	649.6	1.0	3.7157	525.6	671.84	1.0	0.1179	-0.0774	0.99	24.1576	7.0727	-36.2755	0.0	21	1.0	0.0		5441	0	0
1701988608594	t	prison_testcue_storefront_right	0.0	0	0	3.6526	547.7760000000001	649.28	1.0	3.7194	525.456	671.3599999999999	1.0	0.1167	-0.0766	0.9902	18.0988	6.9482	-35.8678	0.0	21	1.0	0.0		5441	0	0
1701988608602	t	prison_testcue_storefront_right	0.0	0	0	3.6604	547.2	648.8000000000001	1.0	3.7155	525.7439999999999	671.3599999999999	1.0	0.117	-0.0766	0.9902	11.8361	6.822	-35.4452	0.0	21	1.0	0.0		5441	0	0
1701988608611	t	prison_testcue_storefront_right	0.0	0	0	3.6862	545.904	648.8000000000001	1.0	3.719	525.888	671.3599999999999	1.0	0.1186	-0.0772	0.9899	9.5156	6.7785	-35.2915	0.0	21	1.0	0.0		5441	0	0
1701988608619	t	prison_testcue_storefront_right	0.0	0	0	3.6932	545.904	648.64	1.0	3.7223	526.032	670.88	1.0	0.1185	-0.0764	0.99	8.8262	6.7652	-35.2495	0.0	21	1.0	0.0		5441	0	0
1701988608627	t	prison_testcue_storefront_right	0.0	0	0	3.7447	545.76	648.64	1.0	3.7255	526.176	670.56	1.0	0.1186	-0.0761	0.99	8.6355	6.7642	-35.2389	0.0	21	1.0	0.0		5441	0	0
1701988608636	t	prison_testcue_storefront_right	0.0	0	0	3.7529	545.76	648.1600000000001	1.0	3.7374	526.3199999999999	670.4	1.0	0.1187	-0.0753	0.9901	8.6654	6.7672	-35.2439	0.0	21	1.0	0.0		5441	0	0
1701988608644	t	prison_testcue_storefront_right	0.0	0	0	3.7654	545.76	648.1600000000001	1.0	3.7495	526.4639999999999	670.24	1.0	0.1187	-0.0753	0.9901	8.9266	6.7747	-35.2644	0.0	21	1.0	0.0		5441	0	0
1701988608652	t	prison_testcue_storefront_right	0.0	0	0	3.7669	545.76	648.0	1.0	3.7179	528.336	668.32	1.0	0.1202	-0.0747	0.9899	13.064	6.8837	-35.5908	0.0	21	1.0	0.0		5441	0	0
1701988608661	t	prison_testcue_storefront_right	0.0	0	0	3.8112	547.92	644.64	1.0	3.8502	528.624	669.6	1.0	0.1236	-0.0725	0.9897	17.1415	6.9723	-35.7903	0.0	21	1.0	0.0		5441	0	0
1701988608669	t	prison_testcue_storefront_right	0.0	0	0	3.8606	550.6560000000001	644.96	1.0	3.7929	529.776	666.88	1.0	0.1204	-0.0726	0.9901	23.9033	7.1097	-36.1804	0.0	21	1.0	0.0		5441	0	0
1701988608678	t	prison_testcue_storefront_right	0.0	0	0	3.8396	563.184	643.36	1.0	3.8618	542.88	665.76	1.0	0.0991	-0.0681	0.9927	-14.7187	6.3316	-33.6933	0.0	21	1.0	0.0		5441	0	0
1701988608686	t	prison_testcue_storefront_right	0.0	0	0	3.965	588.672	632.48	1.0	3.9252	570.24	658.4	1.0	0.0435	-0.0534	0.9976	-23.9794	6.2698	-33.367	0.0	21	1.0	0.0		5441	0	0
1701988608695	t	prison_testcue_storefront_right	0.0	0	0	3.9301	622.08	629.44	1.0	3.8337	598.752	655.36	1.0	-0.0105	-0.0529	0.9985	-26.0434	6.189	-32.8321	0.0	21	1.0	0.0		5441	0	0
1701988608703	t	prison_testcue_storefront_right	0.0	0	0	3.8687	659.52	621.28	1.0	3.87	634.8960000000001	650.24	1.0	-0.0626	-0.0391	0.9973	14.1382	7.1495	-35.6126	0.0	21	1.0	0.0		5441	0	0
1701988608711	t	prison_testcue_storefront_right	0.0	0	0	3.8963	696.96	614.4	1.0	3.928	667.5840000000001	644.16	1.0	-0.1206	-0.031	0.9922	-1.6852	6.8668	-34.5196	0.0	21	1.0	0.0		5441	0	0
1701988608720	t	prison_testcue_storefront_right	0.0	0	0	3.7887	735.552	609.2800000000001	1.0	3.9281	698.976	642.24	1.0	-0.1767	-0.0263	0.9839	-25.1677	6.5099	-33.534	0.0	21	1.0	0.0		5441	0	0
1701988608728	t	prison_testcue_storefront_right	0.0	0	0	3.8853	766.08	599.04	1.0	3.9487	727.3439999999999	638.5600000000001	1.0	-0.2321	-0.0182	0.9725	-26.4427	6.5383	-33.4956	0.0	21	1.0	0.0		5441	0	0
1701988608735	t	prison_testcue_storefront_right	0.0	0	0	3.7557	792.144	598.88	1.0	3.8578	750.528	635.36	1.0	-0.2691	-0.0099	0.9631	-26.4317	6.5856	-33.5878	0.0	21	1.0	0.0		5441	0	0
1701988608744	t	prison_testcue_storefront_right	0.0	0	0	3.9136	805.5360000000001	598.56	1.0	4.2195	764.784	627.36	1.0	-0.3024	0.0136	0.9531	-27.4903	6.5965	-33.5858	0.0	21	1.0	0.0		5441	0	0
1701988608752	t	prison_testcue_storefront_right	0.0	0	0	3.9125	803.232	600.64	1.0	3.9963	762.912	628.8000000000001	1.0	-0.2821	0.0052	0.9594	-29.0709	6.5749	-33.4839	0.0	21	1.0	0.0		5441	0	0
1701988608760	t	prison_testcue_storefront_right	0.0	0	0	3.9812	798.336	599.52	1.0	3.9766	758.5920000000001	629.12	1.0	-0.2576	0.0043	0.9662	-28.3811	6.5783	-33.522	0.0	21	1.0	0.0		5441	0	0
1701988608769	t	prison_testcue_storefront_right	0.0	0	0	3.9607	794.304	601.6	1.0	3.9892	758.4479999999999	628.16	1.0	-0.2596	0.0077	0.9657	-27.1811	6.5975	-33.5924	0.0	21	1.0	0.0		5441	0	0
1701988608778	t	prison_testcue_storefront_right	0.0	0	0	3.8076	790.1279999999999	597.6	1.0	4.0831	755.5680000000001	626.88	1.0	-0.2509	0.0089	0.968	-23.5644	6.6816	-33.7886	0.0	21	1.0	0.0		5441	0	0
1701988608786	t	prison_testcue_storefront_right	0.0	0	0	3.8474	780.624	596.64	1.0	4.0451	748.6560000000001	623.36	1.0	-0.233	0.019	0.9723	-25.9155	6.6241	-33.6295	0.0	21	1.0	0.0		5441	0	0
1701988608794	t	prison_testcue_storefront_right	0.0	0	0	3.8918	771.84	596.8	1.0	4.0609	742.6080000000001	626.0799999999999	1.0	-0.2214	0.01	0.9751	-18.6631	6.7643	-34.0251	0.0	21	1.0	0.0		5441	0	0
1701988608803	t	prison_testcue_storefront_right	0.0	0	0	3.9655	765.792	596.8	1.0	3.9922	736.7040000000001	626.4	1.0	-0.2094	0.0085	0.9778	8.5168	7.3152	-35.6137	0.0	21	1.0	0.0		5441	0	0
1701988608811	t	prison_testcue_storefront_right	0.0	0	0	3.9077	771.12	596.16	1.0	4.0729	743.9039999999999	624.48	1.0	-0.2249	0.0131	0.9743	0.1812	7.1488	-35.1281	0.0	21	1.0	0.0		5441	0	0
1701988608819	t	prison_testcue_storefront_right	0.0	0	0	3.8537	792.288	597.6	1.0	4.1561	761.6160000000001	625.92	1.0	-0.2686	0.011	0.9632	-0.0504	7.1578	-35.1648	0.0	21	1.0	0.0		5441	0	0
1701988608828	t	prison_testcue_storefront_right	0.0	0	0	3.9653	808.272	596.64	1.0	4.2139	777.024	623.68	1.0	-0.3002	0.018	0.9537	0.7475	7.1899	-35.2648	0.0	21	1.0	0.0		5441	0	0
1701988608836	t	prison_testcue_storefront_right	0.0	0	0	4.1152	827.712	584.9599999999999	1.0	4.2849	788.688	621.6	1.0	-0.3244	0.0398	0.9451	10.7351	7.4284	-35.901	0.0	21	1.0	0.0		5441	0	0
1701988608844	t	prison_testcue_storefront_right	0.0	0	0	4.0562	846.7199999999999	585.9200000000001	1.0	4.4749	808.704	620.8000000000001	1.0	-0.3669	0.042	0.9293	16.639	7.5673	-36.3092	0.0	21	1.0	0.0		5441	0	0
1701988608852	t	prison_testcue_storefront_right	0.0	0	0	4.0414	864.4319999999999	584.0	1.0	4.2959	816.192	624.3199999999999	1.0	-0.3827	0.0415	0.9229	16.6444	7.6032	-36.3797	0.0	21	1.0	0.0		5441	0	0
1701988608861	t	prison_testcue_storefront_right	0.0	0	0	4.0332	880.7040000000001	584.0	1.0	4.073	829.584	634.5600000000001	1.0	-0.4109	0.0344	0.911	18.8891	7.6848	-36.5673	0.0	21	1.0	0.0		5441	0	0
1701988608869	t	prison_testcue_storefront_right	0.0	0	0	4.0589	889.0559999999999	588.64	1.0	4.3984	829.4399999999999	626.0799999999999	1.0	-0.4004	0.0313	0.9158	-12.5581	6.9883	-34.7955	0.0	21	1.0	0.0		5441	0	0
1701988608877	t	prison_testcue_storefront_right	0.0	0	0	3.9704	898.272	586.08	1.0	4.5165	855.072	639.36	1.0	-0.4431	0.0337	0.8958	19.4957	7.6976	-36.6952	0.0	21	1.0	0.0		5441	0	0
1701988608886	t	prison_testcue_storefront_right	0.0	0	0	4.0474	909.3599999999999	589.9200000000001	1.0	4.6239	872.208	634.5600000000001	1.0	-0.4727	0.0327	0.8806	17.8975	7.6602	-36.6694	0.0	21	1.0	0.0		5441	0	0
1701988608894	t	prison_testcue_storefront_right	0.0	0	0	4.0996	916.9920000000001	596.48	1.0	4.3611	891.072	653.92	1.0	-0.4897	0.0114	0.8718	22.0065	7.7512	-36.9294	0.0	21	1.0	0.0		5441	0	0
1701988608902	t	prison_testcue_storefront_right	0.0	0	0	4.0359	923.184	597.6	1.0	4.3857	879.1200000000001	638.4000000000001	1.0	-0.488	0.0169	0.8727	25.8034	7.8244	-37.1579	0.0	21	1.0	0.0		5441	0	0
1701988608911	t	prison_testcue_storefront_right	0.0	0	0	3.9605	929.232	596.0	1.0	4.5093	892.224	641.6	1.0	-0.4976	0.021	0.8671	26.89	7.8597	-37.2545	0.0	21	1.0	0.0		5441	0	0
1701988608919	t	prison_testcue_storefront_right	0.0	0	0	4.0045	931.248	597.92	1.0	-1.0	930.096	645.76	1.0	-0.4944	0.0124	0.8691	30.7871	7.9614	-37.4652	0.0	21	1.0	0.0		5441	0	0
1701988608928	t	prison_testcue_storefront_right	0.0	0	0	4.1258	938.7360000000001	595.6800000000001	1.0	4.5742	903.5999999999999	654.72	1.0	-0.5175	0.0166	0.8555	29.0133	7.9522	-37.4078	0.0	21	1.0	0.0		5441	0	0
1701988608936	t	prison_testcue_storefront_right	0.0	0	0	4.183	941.6160000000001	600.64	1.0	4.3222	893.088	652.48	1.0	-0.5274	0.0033	0.8496	27.5563	7.9186	-37.3303	0.0	21	1.0	0.0		5441	0	0
1701988608944	t	prison_testcue_storefront_right	0.0	0	0	4.2262	942.048	599.52	1.0	4.3783	890.352	658.72	1.0	-0.5316	0.0041	0.847	24.0013	7.8362	-37.1354	0.0	21	1.0	0.0		5441	0	0
1701988608952	t	prison_testcue_storefront_right	0.0	0	0	4.1917	942.048	601.12	1.0	4.5251	894.96	631.2	1.0	-0.5398	0.0141	0.8416	19.1214	7.7248	-36.88	0.0	21	1.0	0.0		5441	0	0
1701988608961	t	prison_testcue_storefront_right	0.0	0	0	4.224	940.608	603.84	1.0	4.7127	901.152	646.88	1.0	-0.5482	0.0022	0.8363	17.6181	7.6781	-36.7931	0.0	21	1.0	0.0		5441	0	0
1701988608969	t	prison_testcue_storefront_right	0.0	0	0	4.1356	930.096	604.64	1.0	4.7518	912.3840000000001	644.48	1.0	-0.545	0.0054	0.8384	18.7748	7.6779	-36.8309	0.0	21	1.0	0.0		5441	0	0
1701988608978	t	prison_testcue_storefront_right	0.0	0	0	4.0891	912.816	605.12	1.0	4.3503	866.88	663.1999999999999	1.0	-0.5009	-0.0097	0.8654	23.173	7.7414	-36.9285	0.0	21	1.0	0.0		5441	0	0
1701988608987	t	prison_testcue_storefront_right	0.0	0	0	4.036	896.256	602.7199999999999	1.0	4.3775	851.6160000000001	659.68	1.0	-0.4731	-0.0025	0.881	23.8657	7.7274	-36.8914	0.0	21	1.0	0.0		5441	0	0
1701988608994	t	prison_testcue_storefront_right	0.0	0	0	4.1355	882.576	604.16	1.0	4.1407	833.472	666.72	1.0	-0.455	-0.0087	0.8904	27.4739	7.8019	-37.0199	0.0	21	1.0	0.0		5441	0	0
1701988609003	t	prison_testcue_storefront_right	0.0	0	0	4.041	861.984	606.08	1.0	4.2179	822.096	663.36	1.0	-0.4153	-0.0139	0.9096	27.5326	7.7654	-36.9417	0.0	21	1.0	0.0		5441	0	0
1701988609011	t	prison_testcue_storefront_right	0.0	0	0	4.1333	851.4720000000001	608.3199999999999	1.0	4.2743	812.736	656.0	1.0	-0.4092	-0.0145	0.9123	28.6574	7.7551	-36.9565	0.0	21	1.0	0.0		5441	0	0
1701988609020	t	prison_testcue_storefront_right	0.0	0	0	3.9067	833.616	606.4	1.0	4.1685	798.048	658.4	1.0	-0.3795	-0.0063	0.9252	29.5724	7.7296	-36.949	0.0	21	1.0	0.0		5441	0	0
1701988609028	t	prison_testcue_storefront_right	0.0	0	0	4.2039	822.3840000000001	606.56	1.0	4.2578	786.96	656.8	1.0	-0.3702	-0.0015	0.9289	30.1773	7.707	-36.9467	0.0	21	1.0	0.0		5441	0	0
1701988609036	t	prison_testcue_storefront_right	0.0	0	0	4.1892	805.824	610.24	1.0	4.0743	774.144	650.72	1.0	-0.341	-0.0075	0.94	29.903	7.65	-36.8771	0.0	21	1.0	0.0		5441	0	0
1701988609045	t	prison_testcue_storefront_right	0.0	0	0	4.2293	792.432	610.0799999999999	1.0	4.2047	760.32	650.4	1.0	-0.3195	-0.0045	0.9476	28.2297	7.5826	-36.7477	0.0	21	1.0	0.0		5441	0	0
1701988609053	t	prison_testcue_storefront_right	0.0	0	0	4.1142	777.024	611.68	1.0	4.2901	749.232	655.36	1.0	-0.2977	-0.0094	0.9546	21.8768	7.3998	-36.329	0.0	21	1.0	0.0		5441	0	0
1701988609062	t	prison_testcue_storefront_right	0.0	0	0	4.0981	764.784	611.0400000000001	1.0	4.2294	738.432	653.5999999999999	1.0	-0.2784	-0.0074	0.9604	20.6272	7.3534	-36.2163	0.0	21	1.0	0.0		5441	0	0
1701988609070	t	prison_testcue_storefront_right	0.0	0	0	4.1428	752.6880000000001	612.16	1.0	4.194	726.048	653.4399999999999	1.0	-0.2582	-0.0114	0.966	19.2997	7.3094	-36.0829	0.0	21	1.0	0.0		5441	0	0
1701988609078	t	prison_testcue_storefront_right	0.0	0	0	4.0239	739.7280000000001	610.72	1.0	4.2455	716.256	650.5600000000001	1.0	-0.2356	-0.0086	0.9718	23.4925	7.4413	-36.4562	0.0	21	1.0	0.0		5441	0	0
1701988609087	t	prison_testcue_storefront_right	0.0	0	0	4.1743	727.4879999999999	608.96	1.0	4.2441	706.896	650.08	1.0	-0.2166	-0.0101	0.9762	20.3974	7.4313	-36.4158	0.0	21	1.0	0.0		5441	0	0
1701988609095	t	prison_testcue_storefront_right	0.0	0	0	4.2328	717.696	607.84	1.0	4.3259	693.5039999999999	648.0	1.0	-0.1988	-0.0113	0.98	-2.8337	6.7995	-34.5954	0.0	21	1.0	0.0		5441	0	0
1701988609103	t	prison_testcue_storefront_right	0.0	0	0	4.2516	712.2239999999999	605.92	1.0	4.2199	690.048	647.52	1.0	-0.1877	-0.0146	0.9821	-10.6503	6.7047	-34.3767	0.0	21	1.0	0.0		5441	0	0
1701988609112	t	prison_testcue_storefront_right	0.0	0	0	4.2159	725.616	608.0	1.0	4.2988	704.736	647.52	1.0	-0.2266	-0.0138	0.9739	-14.659	6.6005	-34.097	0.0	21	1.0	0.0		5441	0	0
1701988609120	t	prison_testcue_storefront_right	0.0	0	0	4.0894	746.64	608.96	1.0	4.2637	722.16	655.04	1.0	-0.2788	-0.0305	0.9598	-20.0947	6.4781	-33.7849	0.0	21	1.0	0.0		5441	0	0
1701988609128	t	prison_testcue_storefront_right	0.0	0	0	4.2172	756.8639999999999	605.6	1.0	4.2274	730.08	654.08	1.0	-0.2766	-0.0278	0.9606	-21.7244	6.4598	-33.7473	0.0	21	1.0	0.0		5441	0	0
1701988609136	t	prison_testcue_storefront_right	0.0	0	0	4.2668	757.44	602.88	1.0	4.2492	729.648	652.0	1.0	-0.2849	-0.0233	0.9583	-23.7707	6.4154	-33.6002	0.0	21	1.0	0.0		5441	0	0
1701988609145	t	prison_testcue_storefront_right	0.0	0	0	4.1494	750.9599999999999	603.04	1.0	4.3132	721.44	651.1999999999999	1.0	-0.2639	-0.025	0.9642	-24.7029	6.3958	-33.5131	0.0	21	1.0	0.0		5441	0	0
1701988609153	t	prison_testcue_storefront_right	0.0	0	0	4.187	739.8720000000001	604.0	1.0	4.3408	714.816	647.8399999999999	1.0	-0.2405	-0.0147	0.9705	-25.4782	6.3632	-33.4695	0.0	21	1.0	0.0		5441	0	0
1701988609161	t	prison_testcue_storefront_right	0.0	0	0	4.1926	733.8240000000001	604.3199999999999	1.0	4.3167	709.6320000000001	649.12	1.0	-0.2474	-0.0168	0.9688	-27.0266	6.309	-33.3485	0.0	21	1.0	0.0		5441	0	0
1701988609170	t	prison_testcue_storefront_right	0.0	0	0	4.2425	726.624	605.6	1.0	4.2708	703.4399999999999	652.0	1.0	-0.2451	-0.0252	0.9691	-25.7507	6.319	-33.3545	0.0	21	1.0	0.0		5441	0	0
1701988609178	t	prison_testcue_storefront_right	0.0	0	0	4.2784	724.608	605.12	1.0	4.342	704.016	648.64	1.0	-0.2439	-0.0148	0.9697	-24.6713	6.3431	-33.4195	0.0	21	1.0	0.0		5441	0	0
1701988609186	t	prison_testcue_storefront_right	0.0	0	0	4.1724	742.8960000000001	609.6	1.0	4.1291	719.136	656.48	1.0	-0.2695	-0.0351	0.9623	-21.9172	6.4245	-33.6527	0.0	21	1.0	0.0		5441	0	0
1701988609194	t	prison_testcue_storefront_right	0.0	0	0	4.235	768.816	616.16	1.0	4.1357	737.712	666.5600000000001	1.0	-0.3033	-0.0469	0.9517	-20.8786	6.3943	-33.8269	0.0	21	1.0	0.0		5441	0	0
1701988609203	t	prison_testcue_storefront_right	0.0	0	0	4.3205	793.1519999999999	621.92	1.0	4.1876	757.152	683.04	1.0	-0.3421	-0.0775	0.9365	-18.4438	6.4178	-34.0443	0.0	21	1.0	0.0		5441	0	0
1701988609211	t	prison_testcue_storefront_right	0.0	0	0	4.292	813.4559999999999	631.68	1.0	4.297	770.832	687.36	1.0	-0.367	-0.0717	0.9274	-16.6919	6.375	-34.2304	0.0	21	1.0	0.0		5441	0	0
1701988609219	t	prison_testcue_storefront_right	0.0	0	0	4.3047	829.4399999999999	640.8000000000001	1.0	4.154	783.36	706.88	1.0	-0.3904	-0.1057	0.9146	-13.2766	6.4009	-34.4889	0.0	21	1.0	0.0		5441	0	0
1701988609228	t	prison_testcue_storefront_right	0.0	0	0	4.254	837.36	650.4	1.0	4.2399	787.6800000000001	712.16	1.0	-0.4019	-0.1106	0.909	-11.3738	6.3883	-34.6329	0.0	21	1.0	0.0		5441	0	0
1701988609236	t	prison_testcue_storefront_right	0.0	0	0	4.2858	830.592	650.24	1.0	4.2166	786.0960000000001	716.0	1.0	-0.3895	-0.1132	0.914	-3.2195	6.593	-35.0845	0.0	21	1.0	0.0		5441	0	0
1701988609245	t	prison_testcue_storefront_right	0.0	0	0	4.2746	827.1360000000001	648.1600000000001	1.0	4.3374	786.384	709.76	1.0	-0.3866	-0.1002	0.9168	-2.8808	6.6031	-35.102	0.0	21	1.0	0.0		5441	0	0
1701988609253	t	prison_testcue_storefront_right	0.0	0	0	4.2082	825.552	648.48	1.0	4.2655	786.672	707.52	1.0	-0.3853	-0.098	0.9176	-0.7092	6.6698	-35.2214	0.0	21	1.0	0.0		5441	0	0
1701988609261	t	prison_testcue_storefront_right	0.0	0	0	4.2124	824.544	648.48	1.0	4.2239	785.9519999999999	710.24	1.0	-0.3829	-0.0956	0.9188	17.7528	7.1614	-36.2565	0.0	21	1.0	0.0		5441	0	0
1701988609269	t	prison_testcue_storefront_right	0.0	0	0	4.2872	823.3919999999999	646.5600000000001	1.0	4.1834	786.384	711.68	1.0	-0.3822	-0.0939	0.9193	15.9198	7.118	-36.1496	0.0	21	1.0	0.0		5441	0	0
1701988609278	t	prison_testcue_storefront_right	0.0	0	0	4.2783	822.096	646.72	1.0	4.2227	785.9519999999999	710.24	1.0	-0.3792	-0.0957	0.9203	12.2266	7.0224	-35.9393	0.0	21	1.0	0.0		5441	0	0
1701988609286	t	prison_testcue_storefront_right	0.0	0	0	4.2704	821.808	646.5600000000001	1.0	4.2487	785.376	709.2800000000001	1.0	-0.3778	-0.0973	0.9207	7.4491	6.898	-35.668	0.0	21	1.0	0.0		5441	0	0
1701988609294	t	prison_testcue_storefront_right	0.0	0	0	4.2438	821.376	646.24	1.0	4.2574	785.9519999999999	708.16	1.0	-0.3777	-0.0963	0.9209	6.7023	6.8796	-35.6248	0.0	21	1.0	0.0		5441	0	0
1701988609303	t	prison_testcue_storefront_right	0.0	0	0	4.2241	821.376	645.92	1.0	4.2529	785.376	708.16	1.0	-0.3766	-0.0962	0.9214	6.929	6.8872	-35.6367	0.0	21	1.0	0.0		5441	0	0
1701988609311	t	prison_testcue_storefront_right	0.0	0	0	4.2226	821.2320000000001	645.76	1.0	4.2483	784.6560000000001	708.16	1.0	-0.3752	-0.0959	0.922	7.5198	6.9045	-35.6686	0.0	21	1.0	0.0		5441	0	0
1701988609319	t	prison_testcue_storefront_right	0.0	0	0	4.2239	821.0880000000001	645.4399999999999	1.0	4.2505	784.6560000000001	708.16	1.0	-0.3746	-0.0957	0.9222	7.8926	6.9161	-35.6878	0.0	21	1.0	0.0		5441	0	0
1701988609328	t	prison_testcue_storefront_right	0.0	0	0	4.2262	821.0880000000001	644.96	1.0	4.2524	784.6560000000001	708.16	1.0	-0.3742	-0.0951	0.9224	8.0583	6.9238	-35.6966	0.0	21	1.0	0.0		5441	0	0
1701988609336	t	prison_testcue_storefront_right	0.0	0	0	4.2242	821.0880000000001	644.32	1.0	4.2572	784.6560000000001	708.0	1.0	-0.3742	-0.094	0.9226	8.7904	6.946	-35.7375	0.0	21	1.0	0.0		5441	0	0
1701988609344	t	prison_testcue_storefront_right	0.0	0	0	4.2542	822.096	641.76	1.0	4.2543	784.6560000000001	707.84	1.0	-0.3735	-0.0924	0.923	8.9451	6.9683	-35.7435	0.0	21	1.0	0.0		5441	0	0
1701988609353	t	prison_testcue_storefront_right	0.0	0	0	4.1935	821.664	640.32	1.0	4.2536	784.8000000000001	707.36	1.0	-0.3705	-0.0904	0.9244	8.8079	6.9701	-35.7348	0.0	21	1.0	0.0		5441	0	0
1701988609361	t	prison_testcue_storefront_right	0.0	0	0	4.1669	822.672	640.32	1.0	4.2529	784.8000000000001	706.72	1.0	-0.371	-0.0901	0.9243	8.639	6.9684	-35.7269	0.0	21	1.0	0.0		5441	0	0
1701988609369	t	prison_testcue_storefront_right	0.0	0	0	4.27	826.7040000000001	641.28	1.0	4.2499	784.9440000000001	706.56	1.0	-0.3782	-0.0917	0.9212	8.2808	6.9627	-35.7143	0.0	21	1.0	0.0		5441	0	0
1701988609378	t	prison_testcue_storefront_right	0.0	0	0	4.2525	826.4159999999999	640.64	1.0	4.2469	784.9440000000001	706.72	1.0	-0.3757	-0.0913	0.9222	8.1703	6.9632	-35.7072	0.0	21	1.0	0.0		5441	0	0
1701988609386	t	prison_testcue_storefront_right	0.0	0	0	4.2679	827.1360000000001	640.48	1.0	4.2454	784.9440000000001	706.56	1.0	-0.3759	-0.092	0.9221	7.9708	6.9624	-35.6956	0.0	21	1.0	0.0		5441	0	0
1701988609394	t	prison_testcue_storefront_right	0.0	0	0	4.2529	827.712	640.48	1.0	4.244	784.9440000000001	706.56	1.0	-0.3759	-0.0925	0.922	7.8768	6.9635	-35.6908	0.0	21	1.0	0.0		5441	0	0
1701988609403	t	prison_testcue_storefront_right	0.0	0	0	4.268	827.856	640.0	1.0	4.2451	786.24	706.4	1.0	-0.3764	-0.0913	0.9219	7.9644	6.9669	-35.6964	0.0	21	1.0	0.0		5441	0	0
1701988609411	t	prison_testcue_storefront_right	0.0	0	0	4.2522	827.856	639.52	1.0	4.2439	786.384	704.64	1.0	-0.3748	-0.0886	0.9228	7.9918	6.9686	-35.6983	0.0	21	1.0	0.0		5441	0	0
1701988609419	t	prison_testcue_storefront_right	0.0	0	0	4.2673	827.9999999999999	639.2	1.0	4.2399	786.96	704.64	1.0	-0.375	-0.0883	0.9228	7.9632	6.9689	-35.6967	0.0	21	1.0	0.0		5441	0	0
1701988609428	t	prison_testcue_storefront_right	0.0	0	0	4.2827	828.288	638.88	1.0	4.1591	792.432	710.0799999999999	1.0	-0.3774	-0.0964	0.921	8.3604	6.9994	-35.7297	0.0	21	1.0	0.0		5441	0	0
1701988609436	t	prison_testcue_storefront_right	0.0	0	0	4.2672	828.288	638.72	1.0	4.3218	794.7359999999999	701.92	1.0	-0.3788	-0.0862	0.9214	9.4237	7.0315	-35.7963	0.0	21	1.0	0.0		5441	0	0
1701988609444	t	prison_testcue_storefront_right	0.0	0	0	4.3217	832.0319999999999	634.5600000000001	1.0	4.1835	789.9839999999999	704.64	1.0	-0.3795	-0.0916	0.9206	9.6063	7.0938	-35.7947	0.0	21	1.0	0.0		5441	0	0
1701988609453	t	prison_testcue_storefront_right	0.0	0	0	4.3844	818.784	617.12	1.0	4.2999	782.0640000000001	673.12	1.0	-0.3519	-0.0479	0.9348	9.2778	7.1998	-35.7255	0.0	21	1.0	0.0		5441	0	0
1701988609461	t	prison_testcue_storefront_right	0.0	0	0	4.3076	807.264	595.04	1.0	4.4818	769.392	649.92	1.0	-0.3296	-0.0066	0.9441	12.0605	7.406	-35.8271	0.0	21	1.0	0.0		5441	0	0
1701988609469	t	prison_testcue_storefront_right	0.0	0	0	4.1867	798.624	572.0	1.0	4.4469	758.4479999999999	632.48	1.0	-0.312	0.0245	0.9498	14.3859	7.6402	-35.9151	0.0	21	1.0	0.0		5441	0	0
1701988609478	t	prison_testcue_storefront_right	0.0	0	0	4.3238	792.576	548.8000000000001	1.0	4.4655	750.528	610.56	1.0	-0.3016	0.0614	0.9514	13.2417	7.7838	-35.8245	0.0	21	1.0	0.0		5441	0	0
1701988609486	t	prison_testcue_storefront_right	0.0	0	0	4.4968	793.1519999999999	521.28	1.0	4.5278	744.336	593.92	1.0	-0.3018	0.1115	0.9468	15.2334	7.9832	-35.9609	0.0	21	1.0	0.0		5441	0	0
1701988609494	t	prison_testcue_storefront_right	0.0	0	0	4.609	796.7520000000001	508.8	1.0	4.5891	744.48	587.36	1.0	-0.3145	0.1372	0.9393	16.749	8.0838	-36.0799	0.0	21	1.0	0.0		5441	0	0
1701988609503	t	prison_testcue_storefront_right	0.0	0	0	4.5199	790.5600000000001	515.2	1.0	4.5475	744.9119999999999	587.2	1.0	-0.2992	0.1193	0.9467	16.9054	8.0968	-36.056	0.0	21	1.0	0.0		5441	0	0
1701988609511	t	prison_testcue_storefront_right	0.0	0	0	4.577	787.2479999999999	520.3199999999999	1.0	4.6091	745.6320000000001	591.04	1.0	-0.2975	0.1073	0.9487	15.6484	8.0355	-35.9546	0.0	21	1.0	0.0		5441	0	0
1701988609520	t	prison_testcue_storefront_right	0.0	0	0	4.5733	786.528	518.4	1.0	4.5942	747.504	588.8	1.0	-0.2894	0.1156	0.9502	-3.0271	7.4578	-34.9191	0.0	21	1.0	0.0		5441	0	0
1701988609528	t	prison_testcue_storefront_right	0.0	0	0	4.5486	786.24	521.12	1.0	4.5331	746.064	592.16	1.0	-0.2852	0.1106	0.952	-5.2403	7.3586	-34.7846	0.0	21	1.0	0.0		5441	0	0
1701988609536	t	prison_testcue_storefront_right	0.0	0	0	4.5159	785.808	523.2	1.0	4.5961	746.064	595.6800000000001	1.0	-0.2828	0.1057	0.9533	-3.6755	7.3833	-34.8699	0.0	21	1.0	0.0		5441	0	0
1701988609545	t	prison_testcue_storefront_right	0.0	0	0	4.5406	783.792	525.92	1.0	4.6149	746.64	601.12	1.0	-0.2807	0.0994	0.9546	-0.0519	7.4601	-35.0709	0.0	21	1.0	0.0		5441	0	0
1701988609553	t	prison_testcue_storefront_right	0.0	0	0	4.4835	784.8000000000001	528.48	1.0	4.6404	746.208	600.8	1.0	-0.281	0.1031	0.9541	2.6152	7.506	-35.228	0.0	21	1.0	0.0		5441	0	0
1701988609561	t	prison_testcue_storefront_right	0.0	0	0	4.5658	784.8000000000001	529.6	1.0	4.5311	747.36	604.3199999999999	1.0	-0.2838	0.1028	0.9534	4.0069	7.5148	-35.3111	0.0	21	1.0	0.0		5441	0	0
1701988609570	t	prison_testcue_storefront_right	0.0	0	0	4.5018	785.52	534.0799999999999	1.0	4.6314	747.216	604.3199999999999	1.0	-0.2849	0.1021	0.9531	3.9145	7.4754	-35.3092	0.0	21	1.0	0.0		5441	0	0
1701988609578	t	prison_testcue_storefront_right	0.0	0	0	4.523	785.52	533.6	1.0	4.6132	745.9200000000001	606.08	1.0	-0.283	0.1048	0.9534	5.3513	7.4948	-35.3902	0.0	21	1.0	0.0		5441	0	0
1701988609586	t	prison_testcue_storefront_right	0.0	0	0	4.5553	782.784	533.92	1.0	4.5831	746.496	607.84	1.0	-0.2798	0.1042	0.9544	5.6715	7.4904	-35.4029	0.0	21	1.0	0.0		5441	0	0
1701988609595	t	prison_testcue_storefront_right	0.0	0	0	4.5297	782.928	535.52	1.0	4.5503	746.064	610.56	1.0	-0.28	0.0985	0.9549	5.1004	7.4669	-35.3665	0.0	21	1.0	0.0		5441	0	0
1701988609602	t	prison_testcue_storefront_right	0.0	0	0	4.5336	782.784	536.96	1.0	4.623	745.3439999999999	611.2	1.0	-0.2792	0.0959	0.9554	4.6132	7.4477	-35.3364	0.0	21	1.0	0.0		5441	0	0
1701988609611	t	prison_testcue_storefront_right	0.0	0	0	4.5182	781.7760000000001	538.24	1.0	4.5922	745.3439999999999	611.36	1.0	-0.2776	0.0934	0.9561	4.2549	7.4343	-35.3145	0.0	21	1.0	0.0		5441	0	0
1701988609619	t	prison_testcue_storefront_right	0.0	0	0	4.5038	782.352	539.52	1.0	4.5618	745.1999999999999	611.52	1.0	-0.2787	0.0913	0.956	4.3379	7.4344	-35.3176	0.0	21	1.0	0.0		5441	0	0
1701988609627	t	prison_testcue_storefront_right	0.0	0	0	4.5088	781.632	539.04	1.0	4.5567	745.0559999999999	612.16	1.0	-0.2775	0.0915	0.9564	4.1742	7.4272	-35.3058	0.0	21	1.0	0.0		5441	0	0
1701988609636	t	prison_testcue_storefront_right	0.0	0	0	4.5133	780.912	539.52	1.0	4.561	745.1999999999999	612.4799999999999	1.0	-0.2769	0.0904	0.9566	3.9976	7.4197	-35.2934	0.0	21	1.0	0.0		5441	0	0
1701988609644	t	prison_testcue_storefront_right	0.0	0	0	4.5184	780.768	539.68	1.0	4.566	744.9119999999999	612.4799999999999	1.0	-0.277	0.0906	0.9566	4.0045	7.4184	-35.2926	0.0	21	1.0	0.0		5441	0	0
1701988609652	t	prison_testcue_storefront_right	0.0	0	0	4.5241	780.624	539.68	1.0	4.5716	745.1999999999999	612.4799999999999	1.0	-0.2775	0.0909	0.9564	3.9483	7.4151	-35.2884	0.0	21	1.0	0.0		5441	0	0
1701988609661	t	prison_testcue_storefront_right	0.0	0	0	4.5261	780.48	540.0	1.0	4.5741	745.1999999999999	612.3199999999999	1.0	-0.2777	0.0906	0.9564	4.0733	7.4181	-35.2945	0.0	21	1.0	0.0		5441	0	0
1701988609669	t	prison_testcue_storefront_right	0.0	0	0	4.5282	780.336	540.32	1.0	4.616	746.064	611.52	1.0	-0.2795	0.0891	0.956	4.0715	7.4312	-35.2929	0.0	21	1.0	0.0		5441	0	0
1701988609677	t	prison_testcue_storefront_right	0.0	0	0	4.5045	777.888	539.68	1.0	4.5264	745.1999999999999	611.36	1.0	-0.278	0.0865	0.9566	4.0234	7.4454	-35.2704	0.0	21	1.0	0.0		5441	0	0
1701988609686	t	prison_testcue_storefront_right	0.0	0	0	4.6091	768.672	537.76	1.0	4.6701	736.4159999999999	607.84	1.0	-0.2639	0.0873	0.9606	3.4263	7.452	-35.1892	0.0	21	1.0	0.0		5441	0	0
1701988609694	t	prison_testcue_storefront_right	0.0	0	0	4.681	744.768	532.48	1.0	4.608	713.952	602.7199999999999	1.0	-0.2129	0.0818	0.9736	-23.8541	6.6839	-33.529	0.0	21	1.0	0.0		5441	0	0
1701988609703	t	prison_testcue_storefront_right	0.0	0	0	4.6449	718.1279999999999	527.68	1.0	4.6326	690.912	592.9599999999999	1.0	-0.17	0.0997	0.9804	-29.2436	6.5675	-33.2168	0.0	21	1.0	0.0		5441	0	0
1701988609711	t	prison_testcue_storefront_right	0.0	0	0	4.6712	690.768	522.4	1.0	4.6866	662.256	588.64	1.0	-0.1153	0.1041	0.9879	-28.9798	6.5884	-33.155	0.0	21	1.0	0.0		5441	0	0
1701988609720	t	prison_testcue_storefront_right	0.0	0	0	4.6937	661.6800000000001	521.12	1.0	4.716	633.8879999999999	586.88	1.0	-0.0646	0.1113	0.9917	-28.6942	6.4883	-32.8369	0.0	21	1.0	0.0		5441	0	0
1701988609728	t	prison_testcue_storefront_right	0.0	0	0	4.6708	634.608	525.6	1.0	4.7475	607.536	591.36	1.0	-0.0199	0.1017	0.9946	-28.4105	6.3178	-32.278	0.0	21	1.0	0.0		5441	0	0
1701988609736	t	prison_testcue_storefront_right	0.0	0	0	4.7454	605.952	529.92	1.0	4.7444	580.32	594.4	1.0	0.0381	0.0934	0.9949	-28.1995	6.3893	-32.6512	0.0	21	1.0	0.0		5441	0	0
1701988609744	t	prison_testcue_storefront_right	0.0	0	0	4.5936	585.648	531.68	1.0	4.6199	557.856	596.48	1.0	0.0806	0.0864	0.993	-28.0015	6.4256	-32.8432	0.0	21	1.0	0.0		5441	0	0
1701988609753	t	prison_testcue_storefront_right	0.0	0	0	4.6819	574.848	533.12	1.0	4.5508	548.208	595.84	1.0	0.0973	0.091	0.9911	-27.9083	6.3919	-32.7763	0.0	21	1.0	0.0		5441	0	0
1701988609761	t	prison_testcue_storefront_right	0.0	0	0	4.684	578.1600000000001	533.6	1.0	4.6406	551.52	596.96	1.0	0.0885	0.0884	0.9921	-27.9181	6.3724	-32.7121	0.0	21	1.0	0.0		5441	0	0
1701988609769	t	prison_testcue_storefront_right	0.0	0	0	4.708	578.304	534.4	1.0	4.6682	552.528	597.76	1.0	0.0891	0.0863	0.9923	-27.9435	6.4055	-32.8521	0.0	21	1.0	0.0		5441	0	0
1701988609778	t	prison_testcue_storefront_right	0.0	0	0	4.6793	576.576	533.6	1.0	4.6141	551.088	599.04	1.0	0.0985	0.081	0.9918	-27.9708	6.4337	-32.9433	0.0	21	1.0	0.0		5441	0	0
1701988609786	t	prison_testcue_storefront_right	0.0	0	0	4.6676	576.0	533.92	1.0	4.6313	553.3919999999999	597.92	1.0	0.0925	0.0835	0.9922	-27.9843	6.4512	-32.9935	0.0	21	1.0	0.0		5441	0	0
1701988609794	t	prison_testcue_storefront_right	0.0	0	0	4.6828	577.1519999999999	534.0799999999999	1.0	4.6757	555.264	599.2	1.0	0.0881	0.0795	0.9929	-27.9931	6.4588	-33.0222	0.0	21	1.0	0.0		5441	0	0
1701988609803	t	prison_testcue_storefront_right	0.0	0	0	4.6716	578.304	534.4	1.0	4.6767	554.688	599.04	1.0	0.0908	0.0806	0.9926	-27.003	6.4783	-33.0501	0.0	21	1.0	0.0		5441	200	MYKEYWORD 200
