Recording timestamp	type	Scene Name	scene_num	order	djv_reported	PupilDiam_Left	Gaze2d_Left.x	Gaze2d_Left.y	left_eye_openness	PupilDiam_Right	Gaze2d_Right.x	Gaze2d_Right.y	right_eye_openness	gaze_direction_x	gaze_direction_y	gaze_direction_z	gaze_origin_x	gaze_origin_y	gaze_origin_z	gaze_convergence_distance	participant	study_status	scene_familiarity	recall_status	Identifier	Event value	Event message
1701894948853	t	playground_test_cue_junkyard_left	0.0	0	0	5.0137	699.84	672.64	0.9547	5.2511	663.552	717.76	0.9552	0.1406	-0.3103	0.9402	1.5794	5.7378	-29.4567	0.0	14	0.0	0.0		5293	100	MYKEYWORD 100
1701894948862	t	playground_test_cue_junkyard_left	0.0	0	0	5.0163	699.9839999999999	672.48	0.9509	5.2505	663.6959999999999	717.44	0.9549	0.1401	-0.3093	0.9406	1.7281	5.741	-29.4617	0.0	14	0.0	0.0		5293	0	0
1701894948870	t	playground_test_cue_junkyard_left	0.0	0	0	5.0139	699.9839999999999	672.48	0.9509	5.2507	663.84	717.28	0.9549	0.1395	-0.309	0.9408	1.6963	5.7415	-29.4613	0.0	14	0.0	0.0		5293	0	0
1701894948878	t	playground_test_cue_junkyard_left	0.0	0	0	5.0136	700.128	672.32	0.9576	5.2507	665.424	717.44	0.9521	0.1355	-0.31	0.941	1.5876	5.7424	-29.458	0.0	14	0.0	0.0		5293	0	0
1701894948887	t	playground_test_cue_junkyard_left	0.0	0	0	4.9745	707.3280000000001	676.9599999999999	0.9576	5.1483	671.76	718.56	0.9521	0.1252	-0.3138	0.9412	1.3087	5.7054	-29.4548	0.0	14	0.0	0.0		5293	0	0
1701894948895	t	playground_test_cue_junkyard_left	0.0	0	0	5.0389	722.88	678.08	0.9556	5.2634	687.024	720.0	0.9571	0.0931	-0.3213	0.9424	-0.1215	5.6848	-29.3957	0.0	14	0.0	0.0		5293	0	0
1701894948904	t	playground_test_cue_junkyard_left	0.0	0	0	4.9658	745.0559999999999	681.12	0.9556	5.1386	706.176	723.36	0.9571	0.0368	-0.338	0.9404	-2.3237	5.6632	-29.3278	0.0	14	0.0	0.0		5293	0	0
1701894948912	t	playground_test_cue_junkyard_left	0.0	0	0	4.9866	754.7040000000001	679.1999999999999	0.948	5.1092	713.808	724.64	0.9301	0.0133	-0.3361	0.9417	-4.1039	5.6282	-29.2847	0.0	14	0.0	0.0		5293	0	0
1701894948920	t	playground_test_cue_junkyard_left	0.0	0	0	4.954	754.272	679.1999999999999	0.948	5.1969	711.792	726.0799999999999	0.9301	0.0205	-0.3383	0.9408	-5.2917	5.6022	-29.2552	0.0	14	0.0	0.0		5293	0	0
1701894948928	t	playground_test_cue_junkyard_left	0.0	0	0	4.9858	754.272	680.48	0.9493	5.0961	714.384	726.88	0.9338	0.0102	-0.3401	0.9403	-5.3301	5.5917	-29.2588	0.0	14	0.0	0.0		5293	0	0
1701894948937	t	playground_test_cue_junkyard_left	0.0	0	0	4.9465	753.9839999999999	680.16	0.9493	5.0275	712.944	725.28	0.9338	0.0144	-0.3342	0.9424	-4.6412	5.5983	-29.2787	0.0	14	0.0	0.0		5293	0	0
1701894948945	t	playground_test_cue_junkyard_left	0.0	0	0	4.9182	751.8240000000001	679.36	0.9554	4.9825	712.8	727.68	0.9399	0.021	-0.3386	0.9407	-3.7905	5.6161	-29.3065	0.0	14	0.0	0.0		5293	0	0
1701894948953	t	playground_test_cue_junkyard_left	0.0	0	0	4.8726	753.6959999999999	678.56	0.9554	5.0271	713.808	726.4	0.9399	0.0159	-0.3349	0.9421	-3.0084	5.6336	-29.3257	0.0	14	0.0	0.0		5293	0	0
1701894948962	t	playground_test_cue_junkyard_left	0.0	0	0	4.909	752.8320000000001	678.56	0.9642	5.0302	712.3679999999999	726.88	0.9385	0.023	-0.3367	0.9413	-1.7978	5.6591	-29.3588	0.0	14	0.0	0.0		5293	0	0
1701894948970	t	playground_test_cue_junkyard_left	0.0	0	0	4.8313	754.7040000000001	678.4	0.9642	5.0287	712.944	726.72	0.9385	0.0183	-0.3354	0.9419	-0.7049	5.677	-29.3893	0.0	14	0.0	0.0		5293	0	0
1701894948978	t	playground_test_cue_junkyard_left	0.0	0	0	4.8129	754.7040000000001	679.1999999999999	0.96	5.0266	712.6560000000001	726.88	0.9444	0.0221	-0.3349	0.942	0.6775	5.6946	-29.4339	0.0	14	0.0	0.0		5293	0	0
1701894948987	t	playground_test_cue_junkyard_left	0.0	0	0	4.8534	755.856	678.08	0.96	4.9937	713.232	726.72	0.9444	0.0198	-0.3331	0.9427	-0.0128	5.6846	-29.4152	0.0	14	0.0	0.0		5293	0	0
1701894948995	t	playground_test_cue_junkyard_left	0.0	0	0	4.8198	754.848	677.9200000000001	0.9725	5.1613	715.824	726.0799999999999	0.938	0.0184	-0.3326	0.9429	-0.1587	5.688	-29.4115	0.0	14	0.0	0.0		5293	0	0
1701894949003	t	playground_test_cue_junkyard_left	0.0	0	0	4.7757	756.576	678.08	0.9725	5.0382	715.824	726.0799999999999	0.938	0.0174	-0.3317	0.9432	-0.1914	5.6833	-29.4146	0.0	14	0.0	0.0		5293	0	0
1701894949012	t	playground_test_cue_junkyard_left	0.0	0	0	4.7225	757.152	677.12	0.9713	5.0363	716.1120000000001	726.5600000000001	0.9458	0.0173	-0.3302	0.9437	-0.1606	5.6818	-29.4153	0.0	14	0.0	0.0		5293	0	0
1701894949020	t	playground_test_cue_junkyard_left	0.0	0	0	4.7942	756.144	678.08	0.9713	4.9988	716.256	726.4	0.9458	0.0202	-0.3328	0.9428	-0.2221	5.6851	-29.4154	0.0	14	0.0	0.0		5293	0	0
1701894949028	t	playground_test_cue_junkyard_left	0.0	0	0	4.8207	756.144	677.76	0.9768	5.0341	715.824	726.4	0.9478	0.0225	-0.3324	0.9429	-0.2673	5.6852	-29.414	0.0	14	0.0	0.0		5293	0	0
1701894949037	t	playground_test_cue_junkyard_left	0.0	0	0	4.8149	757.44	676.8	0.9768	4.8788	716.688	725.44	0.9478	0.0182	-0.3286	0.9443	-0.1694	5.6871	-29.4147	0.0	14	0.0	0.0		5293	0	0
1701894949045	t	playground_test_cue_junkyard_left	0.0	0	0	4.7177	758.4479999999999	678.56	0.975	4.9565	717.264	724.8000000000001	0.9369	0.0161	-0.3319	0.9432	-0.0795	5.6955	-29.4153	0.0	14	0.0	0.0		5293	0	0
1701894949053	t	playground_test_cue_junkyard_left	0.0	0	0	4.8121	758.304	676.32	0.975	4.9615	718.272	724.8000000000001	0.9369	0.014	-0.3287	0.9443	0.0182	5.7022	-29.4176	0.0	14	0.0	0.0		5293	0	0
1701894949062	t	playground_test_cue_junkyard_left	0.0	0	0	4.7148	759.7439999999999	677.6	0.9714	4.9559	718.272	724.96	0.9384	0.0108	-0.3326	0.943	-0.0553	5.7042	-29.4147	0.0	14	0.0	0.0		5293	0	0
1701894949071	t	playground_test_cue_junkyard_left	0.0	0	0	4.6644	758.4479999999999	676.64	0.9714	4.9619	718.272	725.28	0.9384	0.0139	-0.3317	0.9433	-0.1048	5.7061	-29.4141	0.0	14	0.0	0.0		5293	0	0
1701894949078	t	playground_test_cue_junkyard_left	0.0	0	0	4.7715	758.88	677.76	0.9882	4.9625	718.416	725.12	0.9345	0.0121	-0.3345	0.9423	-0.0666	5.71	-29.4154	0.0	14	0.0	0.0		5293	0	0
1701894949087	t	playground_test_cue_junkyard_left	0.0	0	0	4.7962	758.304	676.9599999999999	0.9882	4.9619	718.416	724.96	0.9345	0.0131	-0.3331	0.9428	-0.1392	5.7116	-29.4137	0.0	14	0.0	0.0		5293	0	0
1701894949095	t	playground_test_cue_junkyard_left	0.0	0	0	4.7717	758.7360000000001	677.28	0.967	4.9563	718.56	724.96	0.9411	0.0119	-0.3343	0.9424	-0.1658	5.7133	-29.4134	0.0	14	0.0	0.0		5293	0	0
1701894949103	t	playground_test_cue_junkyard_left	0.0	0	0	4.7263	760.608	677.44	0.967	4.9509	718.848	725.12	0.9411	0.0081	-0.3352	0.9421	-0.0936	5.7162	-29.4152	0.0	14	0.0	0.0		5293	0	0
1701894949112	t	playground_test_cue_junkyard_left	0.0	0	0	4.6954	760.32	676.64	0.9799	4.9491	718.848	725.12	0.9387	0.0104	-0.3345	0.9423	-0.013	5.7218	-29.4183	0.0	14	0.0	0.0		5293	0	0
1701894949120	t	playground_test_cue_junkyard_left	0.0	0	0	4.6916	759.8879999999999	676.9599999999999	0.9799	4.9513	718.848	725.28	0.9387	0.0131	-0.3366	0.9416	0.0882	5.7306	-29.4215	0.0	14	0.0	0.0		5293	0	0
1701894949128	t	playground_test_cue_junkyard_left	0.0	0	0	4.804	761.184	676.48	0.9642	4.9511	723.3119999999999	725.12	0.941	0.0041	-0.338	0.9411	0.3005	5.7482	-29.4326	0.0	14	0.0	0.0		5293	0	0
1701894949137	t	playground_test_cue_junkyard_left	0.0	0	0	4.7636	761.904	676.64	0.9642	4.9097	722.736	726.24	0.941	0.0067	-0.3413	0.9399	0.5396	5.7563	-29.4395	0.0	14	0.0	0.0		5293	0	0
1701894949145	t	playground_test_cue_junkyard_left	0.0	0	0	4.6609	763.344	673.9200000000001	0.9617	4.8821	724.176	726.4	0.9505	-0.0002	-0.3356	0.942	0.8895	5.7637	-29.4558	0.0	14	0.0	0.0		5293	0	0
1701894949153	t	playground_test_cue_junkyard_left	0.0	0	0	4.6846	763.2	673.76	0.9617	4.8761	724.032	726.72	0.9505	0.0016	-0.3355	0.942	1.1981	5.7671	-29.4669	0.0	14	0.0	0.0		5293	0	0
1701894949163	t	playground_test_cue_junkyard_left	0.0	0	0	4.7077	763.344	673.9200000000001	0.954	4.9175	722.592	725.76	0.9425	0.0049	-0.3339	0.9426	1.3391	5.7698	-29.4711	0.0	14	0.0	0.0		5293	0	0
1701894949170	t	playground_test_cue_junkyard_left	0.0	0	0	4.7006	764.784	675.52	0.954	4.9606	724.032	724.96	0.9425	-0.0023	-0.3357	0.9419	1.3186	5.7711	-29.4701	0.0	14	0.0	0.0		5293	0	0
1701894949178	t	playground_test_cue_junkyard_left	0.0	0	0	4.6445	763.344	675.1999999999999	0.9447	4.9592	722.736	725.6	0.9427	0.0027	-0.3375	0.9413	1.1795	5.7735	-29.4699	0.0	14	0.0	0.0		5293	0	0
1701894949187	t	playground_test_cue_junkyard_left	0.0	0	0	4.6588	763.776	675.1999999999999	0.9447	4.9093	724.032	725.28	0.9427	-0.0022	-0.3374	0.9413	1.0349	5.7733	-29.467	0.0	14	0.0	0.0		5293	0	0
1701894949195	t	playground_test_cue_junkyard_left	0.0	0	0	4.6494	764.3520000000001	675.1999999999999	0.9218	4.911	723.888	723.68	0.9202	-0.0028	-0.3344	0.9424	0.7761	5.7699	-29.4598	0.0	14	0.0	0.0		5293	0	0
1701894949203	t	playground_test_cue_junkyard_left	0.0	0	0	4.6932	765.936	674.08	0.9218	4.8703	726.768	724.48	0.9202	-0.0134	-0.3359	0.9418	0.4151	5.773	-29.4498	0.0	14	0.0	0.0		5293	0	0
1701894949212	t	playground_test_cue_junkyard_left	0.0	0	0	4.6242	766.368	673.9200000000001	0.8908	4.916	725.04	723.84	0.9174	-0.0101	-0.3367	0.9416	0.3583	5.781	-29.4445	0.0	14	0.0	0.0		5293	0	0
1701894949220	t	playground_test_cue_junkyard_left	0.0	0	0	4.5996	766.8	674.24	0.8908	4.7299	722.16	724.3199999999999	0.9174	-0.0033	-0.3401	0.9404	0.4476	5.791	-29.4437	0.0	14	0.0	0.0		5293	0	0
1701894949228	t	playground_test_cue_junkyard_left	0.0	0	0	4.6655	768.96	671.84	0.8731	4.9198	726.768	724.16	0.8876	-0.0188	-0.3367	0.9414	0.3924	5.7979	-29.4396	0.0	14	0.0	0.0		5293	0	0
1701894949238	t	playground_test_cue_junkyard_left	0.0	0	0	4.585	767.808	672.0	0.8304	4.8333	727.4879999999999	721.44	0.8585	-0.0143	-0.3353	0.942	0.4417	5.815	-29.4327	0.0	14	0.0	0.0		5293	0	0
1701894949245	t	playground_test_cue_junkyard_left	0.0	0	0	4.6633	767.088	670.4	0.8304	4.8781	726.912	721.92	0.8585	-0.0102	-0.3344	0.9424	0.4724	5.8212	-29.4356	0.0	14	0.0	0.0		5293	0	0
1701894949253	t	playground_test_cue_junkyard_left	0.0	0	0	4.6188	768.672	671.84	0.8304	4.9729	726.768	720.3199999999999	0.8585	-0.0114	-0.336	0.9418	0.5962	5.8305	-29.4316	0.0	14	0.0	0.0		5293	0	0
1701894949261	t	playground_test_cue_junkyard_left	0.0	0	0	4.6871	766.656	670.08	0.7984	4.9857	727.3439999999999	720.3199999999999	0.8163	-0.0063	-0.3375	0.9413	0.6465	5.8524	-29.4291	0.0	14	0.0	0.0		5293	0	0
1701894949270	t	playground_test_cue_junkyard_left	0.0	0	0	4.6721	768.24	669.76	0.7984	4.9941	727.056	720.0	0.8163	-0.0094	-0.3382	0.941	0.7146	5.8629	-29.4278	0.0	14	0.0	0.0		5293	0	0
1701894949278	t	playground_test_cue_junkyard_left	0.0	0	0	4.6779	769.968	671.52	0.7621	4.9498	726.4799999999999	720.0	0.7802	-0.0146	-0.3425	0.9394	0.8539	5.8682	-29.4334	0.0	14	0.0	0.0		5293	0	0
1701894949286	t	playground_test_cue_junkyard_left	0.0	0	0	4.5307	770.1120000000001	673.9200000000001	0.7621	5.0562	728.2080000000001	718.72	0.7802	-0.02	-0.3475	0.9375	0.8336	5.8824	-29.4343	0.0	14	0.0	0.0		5293	0	0
1701894949295	t	playground_test_cue_junkyard_left	0.0	0	0	4.5216	771.84	675.36	0.7389	4.9894	728.784	716.8000000000001	0.7035	-0.0249	-0.3502	0.9363	0.6956	5.896	-29.4278	0.0	14	0.0	0.0		5293	0	0
1701894949303	t	playground_test_cue_junkyard_left	0.0	0	0	4.5362	770.976	673.9200000000001	0.7389	4.9747	727.632	716.48	0.7035	-0.0166	-0.3498	0.9367	0.7898	5.9102	-29.4287	0.0	14	0.0	0.0		5293	0	0
1701894949311	t	playground_test_cue_junkyard_left	0.0	0	0	4.507	769.104	675.84	0.6784	4.9273	729.072	715.52	0.6252	-0.015	-0.3645	0.9311	0.3987	5.9624	-29.4152	0.0	14	0.0	0.0		5293	0	0
1701894949319	t	playground_test_cue_junkyard_left	0.0	0	0	-1.0	760.752	685.12	0.6784	4.9744	719.712	723.68	0.6252	0.0027	-0.4223	0.9064	-30.8985	5.5486	-28.5266	0.0	14	0.0	0.0		5293	0	0
1701894949327	t	playground_test_cue_junkyard_left	0.0	0	0	-1.0	761.04	688.32	0.4934	-1.0	716.1120000000001	724.48	0.496	-1.0	-1.0	-1.0	-1.0	-1.0	-1.0	0.0	14	0.0	0.0		5293	0	0
1701894949334	t	playground_test_cue_junkyard_left	0.0	0	0	-1.0	-1440.0	-1600.0	0.4934	-1.0	706.032	724.96	0.496	-1.0	-1.0	-1.0	-1.0	-1.0	-1.0	0.0	14	0.0	0.0		5293	0	0
1701894949342	t	playground_test_cue_junkyard_left	0.0	0	0	-1.0	-1440.0	-1600.0	0.0	-1.0	799.0559999999999	796.3199999999999	0.18	-1.0	-1.0	-1.0	-1.0	-1.0	-1.0	0.0	14	0.0	0.0		5293	0	0
1701894949352	t	playground_test_cue_junkyard_left	0.0	0	0	-1.0	302.976	872.8	0.0	-1.0	765.072	808.16	0.18	-1.0	-1.0	-1.0	-1.0	-1.0	-1.0	0.0	14	0.0	0.0		5293	0	0
1701894949360	t	playground_test_cue_junkyard_left	0.0	0	0	-1.0	286.56	864.48	0.0	-1.0	751.6800000000001	872.8	0.0	-1.0	-1.0	-1.0	-1.0	-1.0	-1.0	0.0	14	0.0	0.0		5293	0	0
1701894949368	t	playground_test_cue_junkyard_left	0.0	0	0	-1.0	-1440.0	-1600.0	0.0	-1.0	769.248	909.1200000000001	0.0	-1.0	-1.0	-1.0	-1.0	-1.0	-1.0	0.0	14	0.0	0.0		5293	0	0
1701894949376	t	playground_test_cue_junkyard_left	0.0	0	0	-1.0	-1440.0	-1600.0	0.0	-1.0	-1440.0	-1600.0	0.0	-1.0	-1.0	-1.0	-1.0	-1.0	-1.0	0.0	14	0.0	0.0		5293	0	0
1701894949385	t	playground_test_cue_junkyard_left	0.0	0	0	-1.0	530.064	974.08	0.0	-1.0	-1440.0	-1600.0	0.0	-1.0	-1.0	-1.0	-1.0	-1.0	-1.0	0.0	14	0.0	0.0		5293	0	0
1701894949393	t	playground_test_cue_junkyard_left	0.0	0	0	-1.0	591.12	946.4000000000001	0.0	-1.0	-1440.0	-1600.0	0.0	-1.0	-1.0	-1.0	-1.0	-1.0	-1.0	0.0	14	0.0	0.0		5293	0	0
1701894949402	t	playground_test_cue_junkyard_left	0.0	0	0	-1.0	589.104	946.4000000000001	0.0	-1.0	-1440.0	-1600.0	0.0	-1.0	-1.0	-1.0	-1.0	-1.0	-1.0	0.0	14	0.0	0.0		5293	0	0
1701894949409	t	playground_test_cue_junkyard_left	0.0	0	0	-1.0	490.32000000000005	984.4799999999999	0.0	-1.0	-1440.0	-1600.0	0.0	-1.0	-1.0	-1.0	-1.0	-1.0	-1.0	0.0	14	0.0	0.0		5293	0	0
1701894949418	t	playground_test_cue_junkyard_left	0.0	0	0	-1.0	484.99199999999996	966.7199999999999	0.0	-1.0	-1440.0	-1600.0	0.0	-1.0	-1.0	-1.0	-1.0	-1.0	-1.0	0.0	14	0.0	0.0		5293	0	0
1701894949427	t	playground_test_cue_junkyard_left	0.0	0	0	-1.0	534.816	946.4000000000001	0.0	-1.0	444.96	908.0	0.0	-1.0	-1.0	-1.0	-1.0	-1.0	-1.0	0.0	14	0.0	0.0		5293	0	0
1701894949435	t	playground_test_cue_junkyard_left	0.0	0	0	-1.0	457.63200000000006	964.48	0.0	-1.0	422.928	895.68	0.0	-1.0	-1.0	-1.0	-1.0	-1.0	-1.0	0.0	14	0.0	0.0		5293	0	0
1701894949443	t	playground_test_cue_junkyard_left	0.0	0	0	-1.0	418.608	1000.96	0.0	-1.0	663.6959999999999	963.3599999999999	0.0	-1.0	-1.0	-1.0	-1.0	-1.0	-1.0	0.0	14	0.0	0.0		5293	0	0
1701894949451	t	playground_test_cue_junkyard_left	0.0	0	0	-1.0	-1440.0	-1600.0	0.0	-1.0	657.504	954.24	0.0	-1.0	-1.0	-1.0	-1.0	-1.0	-1.0	0.0	14	0.0	0.0		5293	0	0
1701894949460	t	playground_test_cue_junkyard_left	0.0	0	0	-1.0	-1440.0	-1600.0	0.0	-1.0	429.552	853.92	0.0	-1.0	-1.0	-1.0	-1.0	-1.0	-1.0	0.0	14	0.0	0.0		5293	0	0
1701894949468	t	playground_test_cue_junkyard_left	0.0	0	0	-1.0	-1440.0	-1600.0	0.0	-1.0	436.03200000000004	849.2800000000001	0.0	-1.0	-1.0	-1.0	-1.0	-1.0	-1.0	0.0	14	0.0	0.0		5293	0	0
1701894949476	t	playground_test_cue_junkyard_left	0.0	0	0	-1.0	-1440.0	-1600.0	0.0	-1.0	439.344	859.36	0.0	-1.0	-1.0	-1.0	-1.0	-1.0	-1.0	0.0	14	0.0	0.0		5293	0	0
1701894949484	t	playground_test_cue_junkyard_left	0.0	0	0	-1.0	-1440.0	-1600.0	0.0	-1.0	479.23199999999997	872.8	0.0	-1.0	-1.0	-1.0	-1.0	-1.0	-1.0	0.0	14	0.0	0.0		5293	0	0
1701894949492	t	playground_test_cue_junkyard_left	0.0	0	0	-1.0	-1440.0	-1600.0	0.0	-1.0	-1440.0	-1600.0	0.0	-1.0	-1.0	-1.0	-1.0	-1.0	-1.0	0.0	14	0.0	0.0		5293	0	0
1701894949500	t	playground_test_cue_junkyard_left	0.0	0	0	-1.0	-1440.0	-1600.0	0.0	-1.0	-1440.0	-1600.0	0.0	-1.0	-1.0	-1.0	-1.0	-1.0	-1.0	0.0	14	0.0	0.0		5293	0	0
1701894949509	t	playground_test_cue_junkyard_left	0.0	0	0	-1.0	-1440.0	-1600.0	0.0	-1.0	-1440.0	-1600.0	0.0	-1.0	-1.0	-1.0	-1.0	-1.0	-1.0	0.0	14	0.0	0.0		5293	0	0
1701894949518	t	playground_test_cue_junkyard_left	0.0	0	0	-1.0	-1440.0	-1600.0	0.0	-1.0	-1440.0	-1600.0	0.0	-1.0	-1.0	-1.0	-1.0	-1.0	-1.0	0.0	14	0.0	0.0		5293	0	0
1701894949526	t	playground_test_cue_junkyard_left	0.0	0	0	-1.0	-1440.0	-1600.0	0.0	-1.0	-1440.0	-1600.0	0.0	-1.0	-1.0	-1.0	-1.0	-1.0	-1.0	0.0	14	0.0	0.0		5293	0	0
1701894949535	t	playground_test_cue_junkyard_left	0.0	0	0	-1.0	-1440.0	-1600.0	0.0	-1.0	-1440.0	-1600.0	0.0	-1.0	-1.0	-1.0	-1.0	-1.0	-1.0	0.0	14	0.0	0.0		5293	0	0
1701894949544	t	playground_test_cue_junkyard_left	0.0	0	0	-1.0	-1440.0	-1600.0	0.0	-1.0	829.008	683.1999999999999	0.036	-1.0	-1.0	-1.0	-1.0	-1.0	-1.0	0.0	14	0.0	0.0		5293	0	0
1701894949553	t	playground_test_cue_junkyard_left	0.0	0	0	-1.0	777.3119999999999	678.72	0.0	-1.0	750.8159999999999	648.64	0.036	-1.0	-1.0	-1.0	-1.0	-1.0	-1.0	0.0	14	0.0	0.0		5293	0	0
1701894949562	t	playground_test_cue_junkyard_left	0.0	0	0	-1.0	830.304	673.4399999999999	0.0	-1.0	736.8480000000001	647.2	0.1407	-1.0	-1.0	-1.0	-1.0	-1.0	-1.0	0.0	14	0.0	0.0		5293	0	0
1701894949570	t	playground_test_cue_junkyard_left	0.0	0	0	-1.0	791.424	634.4	0.0	-1.0	744.192	635.36	0.1407	-1.0	-1.0	-1.0	-1.0	-1.0	-1.0	0.0	14	0.0	0.0		5293	0	0
1701894949579	t	playground_test_cue_junkyard_left	0.0	0	0	-1.0	783.792	618.56	0.1304	-1.0	743.9039999999999	635.36	0.2742	-1.0	-1.0	-1.0	-1.0	-1.0	-1.0	0.0	14	0.0	0.0		5293	0	0
1701894949587	t	playground_test_cue_junkyard_left	0.0	0	0	-1.0	783.0719999999999	632.64	0.1304	-1.0	747.792	627.68	0.2742	-1.0	-1.0	-1.0	-1.0	-1.0	-1.0	0.0	14	0.0	0.0		5293	0	0
1701894949596	t	playground_test_cue_junkyard_left	0.0	0	0	-1.0	779.616	613.76	0.3177	-1.0	751.5360000000001	622.88	0.4044	-1.0	-1.0	-1.0	-1.0	-1.0	-1.0	0.0	14	0.0	0.0		5293	0	0
1701894949604	t	playground_test_cue_junkyard_left	0.0	0	0	-1.0	782.784	613.92	0.3177	-1.0	752.112	624.64	0.4044	-1.0	-1.0	-1.0	-1.0	-1.0	-1.0	0.0	14	0.0	0.0		5293	0	0
1701894949613	t	playground_test_cue_junkyard_left	0.0	0	0	-1.0	778.8960000000001	614.24	0.5293	-1.0	752.6880000000001	631.8399999999999	0.527	-1.0	-1.0	-1.0	-1.0	-1.0	-1.0	0.0	14	0.0	0.0		5293	0	0
1701894949621	t	playground_test_cue_junkyard_left	0.0	0	0	-1.0	787.2479999999999	608.3199999999999	0.5293	-1.0	755.856	627.84	0.527	-1.0	-1.0	-1.0	-1.0	-1.0	-1.0	0.0	14	0.0	0.0		5293	0	0
1701894949629	t	playground_test_cue_junkyard_left	0.0	0	0	-1.0	789.9839999999999	612.4799999999999	0.6249	-1.0	759.312	632.48	0.6456	-1.0	-1.0	-1.0	-1.0	-1.0	-1.0	0.0	14	0.0	0.0		5293	0	0
1701894949638	t	playground_test_cue_junkyard_left	0.0	0	0	-1.0	790.5600000000001	616.0	0.6249	5.247	758.88	638.0799999999999	0.6456	-0.0457	-0.2038	0.9779	-31.4939	6.1345	-28.4475	0.0	14	0.0	0.0		5293	0	0
1701894949646	t	playground_test_cue_junkyard_left	0.0	0	0	-1.0	791.136	618.88	0.7275	5.3149	761.6160000000001	634.5600000000001	0.7368	-0.0667	-0.1772	0.9819	-31.4639	6.0754	-28.405	0.0	14	0.0	0.0		5293	0	0
1701894949655	t	playground_test_cue_junkyard_left	0.0	0	0	-1.0	795.456	613.12	0.7275	5.3242	763.92	634.72	0.7368	-0.0745	-0.1743	0.9819	-31.4761	6.065	-28.4076	0.0	14	0.0	0.0		5293	0	0
1701894949663	t	playground_test_cue_junkyard_left	0.0	0	0	-1.0	796.6080000000001	619.0400000000001	0.7806	5.3041	765.36	635.8399999999999	0.7872	-0.0799	-0.1779	0.9808	-31.4857	6.0603	-28.4091	0.0	14	0.0	0.0		5293	0	0
1701894949671	t	playground_test_cue_junkyard_left	0.0	0	0	4.8489	796.464	618.0799999999999	0.7806	5.3423	766.656	636.0	0.7872	-0.0809	-0.174	0.9814	-28.7372	6.0714	-28.5116	0.0	14	0.0	0.0		5293	0	0
1701894949680	t	playground_test_cue_junkyard_left	0.0	0	0	4.8388	796.32	617.44	0.8063	5.342	765.792	636.0	0.8278	-0.0761	-0.171	0.9823	-30.4005	6.0439	-28.4624	0.0	14	0.0	0.0		5293	0	0
1701894949687	t	playground_test_cue_junkyard_left	0.0	0	0	4.7941	796.32	620.0	0.8063	5.2743	769.248	637.92	0.8278	-0.0911	-0.1779	0.9798	-31.2925	6.0291	-28.4355	0.0	14	0.0	0.0		5293	0	0
1701894949696	t	playground_test_cue_junkyard_left	0.0	0	0	4.9155	796.896	619.68	0.8466	5.2364	767.808	643.52	0.859	-0.0833	-0.1999	0.9763	-31.4194	6.0154	-28.421	0.0	14	0.0	0.0		5293	0	0
1701894949704	t	playground_test_cue_junkyard_left	0.0	0	0	4.801	798.624	620.8000000000001	0.8466	5.2757	768.3839999999999	638.4000000000001	0.859	-0.0864	-0.1738	0.981	-30.6229	6.0065	-28.4483	0.0	14	0.0	0.0		5293	0	0
1701894949712	t	playground_test_cue_junkyard_left	0.0	0	0	4.8006	798.48	621.44	0.8589	5.2684	769.824	640.96	0.8585	-0.0889	-0.1785	0.9799	-26.9089	6.0231	-28.566	0.0	14	0.0	0.0		5293	0	0
1701894949721	t	playground_test_cue_junkyard_left	0.0	0	0	4.8733	799.6320000000001	619.52	0.8589	5.2699	769.392	641.28	0.8585	-0.0836	-0.1779	0.9805	-24.7237	6.0388	-28.6334	0.0	14	0.0	0.0		5293	0	0
1701894949729	t	playground_test_cue_junkyard_left	0.0	0	0	4.9094	798.192	618.0799999999999	0.8752	5.2598	768.672	643.52	0.8615	-0.0713	-0.1911	0.979	-25.8463	6.0564	-28.6376	0.0	14	0.0	0.0		5293	0	0
1701894949737	t	playground_test_cue_junkyard_left	0.0	0	0	4.8133	801.7919999999999	618.56	0.8752	5.3283	768.24	640.0	0.8615	-0.0716	-0.1714	0.9826	-15.7893	6.1377	-28.9212	0.0	14	0.0	0.0		5293	0	0
1701894949746	t	playground_test_cue_junkyard_left	0.0	0	0	5.0451	797.7600000000001	617.28	0.8786	5.3464	766.944	644.64	0.8565	-0.0631	-0.1817	0.9813	-10.9349	6.1829	-29.0644	0.0	14	0.0	0.0		5293	0	0
1701894949754	t	playground_test_cue_junkyard_left	0.0	0	0	4.9413	797.7600000000001	618.24	0.8786	5.2904	768.096	641.12	0.8565	-0.067	-0.1706	0.983	-6.3891	6.2292	-29.2187	0.0	14	0.0	0.0		5293	0	0
1701894949762	t	playground_test_cue_junkyard_left	0.0	0	0	4.8632	801.216	618.72	0.8759	5.3219	766.224	644.0	0.8805	-0.0695	-0.1751	0.9821	-0.1275	6.2739	-29.3368	0.0	14	0.0	0.0		5293	0	0
1701894949771	t	playground_test_cue_junkyard_left	0.0	0	0	4.9167	798.624	618.4	0.8759	5.28	767.952	640.96	0.8805	-0.0687	-0.1684	0.9833	-0.2359	6.2773	-29.3441	0.0	14	0.0	0.0		5293	0	0
1701894949779	t	playground_test_cue_junkyard_left	0.0	0	0	4.96	798.624	615.84	0.8787	5.3662	766.8	643.68	0.8811	-0.0666	-0.1701	0.9832	-1.2583	6.2725	-29.3317	0.0	14	0.0	0.0		5293	0	0
1701894949787	t	playground_test_cue_junkyard_left	0.0	0	0	4.9294	797.6159999999999	617.92	0.8787	5.3115	768.24	640.96	0.8811	-0.0594	-0.1698	0.9837	-2.4292	6.2797	-29.356	0.0	14	0.0	0.0		5293	0	0
1701894949796	t	playground_test_cue_junkyard_left	0.0	0	0	4.9465	795.7439999999999	618.0799999999999	0.8862	5.3384	767.088	643.04	0.8845	-0.07	-0.1778	0.9816	-16.4738	6.143	-29.0144	0.0	14	0.0	0.0		5293	0	0
1701894949804	t	playground_test_cue_junkyard_left	0.0	0	0	4.969	798.336	618.4	0.8862	5.3174	767.952	642.4000000000001	0.8845	-0.0803	-0.1783	0.9807	-26.5221	6.0286	-28.678	0.0	14	0.0	0.0		5293	0	0
1701894949812	t	playground_test_cue_junkyard_left	0.0	0	0	4.9239	797.328	618.88	0.8804	5.3819	766.224	643.68	0.8895	-0.0797	-0.1836	0.9798	-29.9261	5.975	-28.5141	0.0	14	0.0	0.0		5293	0	0
1701894949821	t	playground_test_cue_junkyard_left	0.0	0	0	4.9337	795.024	621.6	0.8804	5.3882	766.224	646.88	0.8895	-0.0868	-0.1935	0.9772	-30.8892	5.9467	-28.488	0.0	14	0.0	0.0		5293	0	0
1701894949829	t	playground_test_cue_junkyard_left	0.0	0	0	4.9283	786.816	629.12	0.8808	5.3732	751.5360000000001	655.84	0.8961	-0.0581	-0.212	0.9755	-30.5187	5.8601	-28.4819	0.0	14	0.0	0.0		5293	0	0
1701894949838	t	playground_test_cue_junkyard_left	0.0	0	0	4.9035	767.952	638.72	0.8808	5.3631	731.808	663.1999999999999	0.8961	-0.0255	-0.2215	0.9748	-30.1738	5.7692	-28.5145	0.0	14	0.0	0.0		5293	0	0
1701894949846	t	playground_test_cue_junkyard_left	0.0	0	0	4.8686	745.0559999999999	654.88	0.8703	5.3921	702.8639999999999	674.88	0.8919	0.041	-0.2512	0.9671	-28.6517	5.6975	-28.5852	0.0	14	0.0	0.0		5293	0	0
1701894949854	t	playground_test_cue_junkyard_left	0.0	0	0	5.0329	722.4480000000001	661.9200000000001	0.8703	5.2253	678.096	684.9599999999999	0.8919	0.0982	-0.2647	0.9593	-25.3157	5.6146	-28.6959	0.0	14	0.0	0.0		5293	0	0
1701894949862	t	playground_test_cue_junkyard_left	0.0	0	0	4.9929	711.504	675.36	0.849	5.2621	662.544	694.88	0.8863	0.1294	-0.2866	0.9493	-18.644	5.6066	-28.9315	0.0	14	0.0	0.0		5293	0	0
1701894949871	t	playground_test_cue_junkyard_left	0.0	0	0	5.0738	705.456	680.9599999999999	0.849	5.2737	657.648	698.88	0.8863	0.1509	-0.2842	0.9468	11.063	5.8574	-29.8988	0.0	14	0.0	0.0		5293	0	0
1701894949879	t	playground_test_cue_junkyard_left	0.0	0	0	5.0465	705.456	683.36	0.8209	5.2632	659.088	699.2	0.853	0.1463	-0.2881	0.9463	10.6632	5.8391	-29.888	0.0	14	0.0	0.0		5293	0	0
1701894949887	t	playground_test_cue_junkyard_left	0.0	0	0	5.0161	705.024	682.56	0.8209	5.2133	661.248	697.44	0.853	0.1439	-0.2818	0.9486	9.0071	5.8148	-29.8381	0.0	14	0.0	0.0		5293	0	0
1701894949896	t	playground_test_cue_junkyard_left	0.0	0	0	5.0592	706.032	684.0	0.816	5.2557	660.24	700.3199999999999	0.8553	0.14	-0.2904	0.9466	7.3478	5.7989	-29.7874	0.0	14	0.0	0.0		5293	0	0
1701894949904	t	playground_test_cue_junkyard_left	0.0	0	0	4.987	705.168	683.84	0.816	5.2593	661.248	701.6	0.8553	0.1369	-0.297	0.945	-3.8495	5.6941	-29.4274	0.0	14	0.0	0.0		5293	0	0
1701894949912	t	playground_test_cue_junkyard_left	0.0	0	0	5.0324	703.584	684.16	0.8286	5.1988	663.264	700.3199999999999	0.8767	0.1342	-0.2934	0.9465	-3.9066	5.6899	-29.4288	0.0	14	0.0	0.0		5293	0	0
1701894949921	t	playground_test_cue_junkyard_left	0.0	0	0	5.0624	704.736	683.04	0.8286	5.2667	662.832	700.64	0.8767	0.1328	-0.2928	0.9469	-6.3489	5.6654	-29.3496	0.0	14	0.0	0.0		5293	0	0
1701894949929	t	playground_test_cue_junkyard_left	0.0	0	0	5.0928	703.8720000000001	683.04	0.8437	5.19	663.12	700.3199999999999	0.889	0.136	-0.2899	0.9473	-2.2957	5.7016	-29.4834	0.0	14	0.0	0.0		5293	0	0
1701894949937	t	playground_test_cue_junkyard_left	0.0	0	0	5.0706	703.584	685.44	0.8437	5.2563	662.832	698.08	0.889	0.1369	-0.2881	0.9477	-0.3196	5.7174	-29.551	0.0	14	0.0	0.0		5293	0	0
1701894949946	t	playground_test_cue_junkyard_left	0.0	0	0	5.0181	703.584	684.9599999999999	0.8419	5.2643	661.248	698.24	0.901	0.1413	-0.285	0.9481	1.1082	5.7195	-29.5916	0.0	14	0.0	0.0		5293	0	0
1701894949954	t	playground_test_cue_junkyard_left	0.0	0	0	4.9962	703.8720000000001	686.08	0.8419	5.2623	662.4	699.2	0.901	0.1374	-0.2889	0.9474	0.9566	5.7155	-29.5878	0.0	14	0.0	0.0		5293	0	0
1701894949962	t	playground_test_cue_junkyard_left	0.0	0	0	5.0187	704.304	685.6	0.8677	5.2614	661.8240000000001	700.3199999999999	0.909	0.1374	-0.2907	0.9469	0.431	5.7112	-29.5695	0.0	14	0.0	0.0		5293	0	0
1701894949971	t	playground_test_cue_junkyard_left	0.0	0	0	4.9953	703.8720000000001	685.28	0.8677	5.2545	662.256	699.84	0.909	0.1368	-0.2886	0.9476	0.4395	5.711	-29.5719	0.0	14	0.0	0.0		5293	0	0
1701894949979	t	playground_test_cue_junkyard_left	0.0	0	0	4.9908	703.4399999999999	685.6	0.8673	5.2472	662.688	700.3199999999999	0.9151	0.1363	-0.29	0.9473	0.4536	5.7103	-29.5778	0.0	14	0.0	0.0		5293	0	0
1701894949987	t	playground_test_cue_junkyard_left	0.0	0	0	4.986	703.296	686.08	0.8673	5.2357	663.12	700.3199999999999	0.9151	0.1358	-0.2902	0.9473	0.3088	5.7081	-29.5783	0.0	14	0.0	0.0		5293	0	0
1701894949995	t	playground_test_cue_junkyard_left	0.0	0	0	4.9831	703.584	686.4	0.8753	5.2243	663.408	700.16	0.9149	0.134	-0.2902	0.9475	0.0024	5.7038	-29.57	0.0	14	0.0	0.0		5293	0	0
1701894950004	t	playground_test_cue_junkyard_left	0.0	0	0	4.9816	703.296	686.56	0.8753	5.2359	663.6959999999999	699.84	0.9149	0.1339	-0.2897	0.9477	-0.2293	5.7006	-29.5629	0.0	14	0.0	0.0		5293	0	0
1701894950012	t	playground_test_cue_junkyard_left	0.0	0	0	4.9837	703.152	686.72	0.8694	5.2242	663.984	700.16	0.9185	0.1335	-0.2903	0.9476	-0.4518	5.6975	-29.5562	0.0	14	0.0	0.0		5293	0	0
1701894950020	t	playground_test_cue_junkyard_left	0.0	0	0	4.9814	703.296	686.72	0.8694	5.2356	664.2719999999999	699.84	0.9185	0.1331	-0.2893	0.9479	-0.7439	5.6934	-29.5477	0.0	14	0.0	0.0		5293	0	0
1701894950029	t	playground_test_cue_junkyard_left	0.0	0	0	4.9678	703.584	686.72	0.8798	5.2243	664.4159999999999	699.84	0.922	0.1323	-0.289	0.9481	-0.6985	5.6923	-29.5497	0.0	14	0.0	0.0		5293	0	0
1701894950037	t	playground_test_cue_junkyard_left	0.0	0	0	4.9543	703.8720000000001	686.72	0.8798	5.2255	664.4159999999999	699.6800000000001	0.922	0.1319	-0.2883	0.9484	-0.5236	5.6919	-29.5557	0.0	14	0.0	0.0		5293	0	0
1701894950045	t	playground_test_cue_junkyard_left	0.0	0	0	4.9482	704.016	686.88	0.8765	5.227	664.4159999999999	699.84	0.9264	0.132	-0.2881	0.9484	-0.1734	5.6927	-29.5681	0.0	14	0.0	0.0		5293	0	0
1701894950054	t	playground_test_cue_junkyard_left	0.0	0	0	4.9433	704.016	686.88	0.8765	5.2257	664.848	699.6800000000001	0.9264	0.1327	-0.2867	0.9488	0.1701	5.6907	-29.581	0.0	14	0.0	0.0		5293	0	0
1701894950062	t	playground_test_cue_junkyard_left	0.0	0	0	4.9425	704.16	687.04	0.8809	5.2248	665.2800000000001	699.84	0.929	0.1333	-0.2858	0.9489	0.3566	5.6876	-29.5884	0.0	14	0.0	0.0		5293	0	0
1701894950070	t	playground_test_cue_junkyard_left	0.0	0	0	4.9417	704.16	687.04	0.8809	5.2194	665.568	700.16	0.929	0.1338	-0.2863	0.9487	0.3998	5.6868	-29.5906	0.0	14	0.0	0.0		5293	0	0
1701894950079	t	playground_test_cue_junkyard_left	0.0	0	0	4.9256	704.592	687.36	0.8747	5.2167	665.856	700.16	0.9318	0.133	-0.2869	0.9487	0.4734	5.6868	-29.5941	0.0	14	0.0	0.0		5293	0	0
1701894950087	t	playground_test_cue_junkyard_left	0.0	0	0	4.925	704.448	687.5200000000001	0.8747	5.2166	666.432	700.16	0.9318	0.1329	-0.287	0.9487	0.5207	5.6865	-29.5963	0.0	14	0.0	0.0		5293	0	0
1701894950095	t	playground_test_cue_junkyard_left	0.0	0	0	4.8891	704.592	687.84	0.8809	5.2165	666.576	700.16	0.9315	0.1328	-0.2872	0.9486	0.8153	5.6885	-29.6063	0.0	14	0.0	0.0		5293	0	0
1701894950104	t	playground_test_cue_junkyard_left	0.0	0	0	4.8811	704.592	688.0	0.8809	5.2189	666.864	700.16	0.9315	0.1329	-0.2874	0.9485	0.8024	5.6876	-29.6066	0.0	14	0.0	0.0		5293	0	0
1701894950112	t	playground_test_cue_junkyard_left	0.0	0	0	4.8768	704.592	688.0	0.891	5.2164	667.44	700.3199999999999	0.9378	0.1315	-0.2869	0.9489	0.7396	5.6845	-29.6063	0.0	14	0.0	0.0		5293	0	0
1701894950120	t	playground_test_cue_junkyard_left	0.0	0	0	4.8712	704.736	688.64	0.891	5.216	667.728	700.3199999999999	0.9378	0.1309	-0.2874	0.9488	0.8363	5.6813	-29.6111	0.0	14	0.0	0.0		5293	0	0
1701894950129	t	playground_test_cue_junkyard_left	0.0	0	0	4.8709	704.88	688.8	0.8815	5.2139	667.728	700.48	0.9263	0.1306	-0.2873	0.9489	0.8851	5.6789	-29.6136	0.0	14	0.0	0.0		5293	0	0
1701894950137	t	playground_test_cue_junkyard_left	0.0	0	0	4.8625	704.88	688.8	0.8815	5.2136	668.016	700.64	0.9263	0.1302	-0.2871	0.949	0.9146	5.6773	-29.6159	0.0	14	0.0	0.0		5293	0	0
1701894950145	t	playground_test_cue_junkyard_left	0.0	0	0	4.8564	705.024	688.8	0.8853	5.2135	668.1600000000001	700.64	0.9389	0.1299	-0.2866	0.9492	0.9499	5.6757	-29.6185	0.0	14	0.0	0.0		5293	0	0
1701894950154	t	playground_test_cue_junkyard_left	0.0	0	0	4.8558	705.312	689.12	0.8853	5.207	668.1600000000001	700.8	0.9389	0.1293	-0.2876	0.949	1.0762	5.6785	-29.6269	0.0	14	0.0	0.0		5293	0	0
1701894950162	t	playground_test_cue_junkyard_left	0.0	0	0	4.8572	705.312	689.12	0.8903	5.207	668.1600000000001	700.96	0.9422	0.1311	-0.2869	0.9489	1.2096	5.6755	-29.6316	0.0	14	0.0	0.0		5293	0	0
1701894950170	t	playground_test_cue_junkyard_left	0.0	0	0	4.8505	705.312	689.12	0.8903	5.1998	668.1600000000001	700.96	0.9422	0.1317	-0.2869	0.9488	1.3434	5.6768	-29.6367	0.0	14	0.0	0.0		5293	0	0
1701894950179	t	playground_test_cue_junkyard_left	0.0	0	0	4.8456	705.456	689.12	0.8808	5.1997	668.304	700.96	0.9406	0.1318	-0.2869	0.9489	1.4313	5.6772	-29.6404	0.0	14	0.0	0.0		5293	0	0
1701894950187	t	playground_test_cue_junkyard_left	0.0	0	0	4.8455	705.456	689.12	0.8808	5.2068	668.304	700.96	0.9406	0.1319	-0.2867	0.9489	1.4842	5.6775	-29.643	0.0	14	0.0	0.0		5293	0	0
1701894950195	t	playground_test_cue_junkyard_left	0.0	0	0	4.8376	705.456	689.28	0.8763	5.2072	668.304	701.12	0.9398	0.1322	-0.2873	0.9487	1.4401	5.677	-29.6418	0.0	14	0.0	0.0		5293	0	0
1701894950204	t	playground_test_cue_junkyard_left	0.0	0	0	4.8413	705.456	689.44	0.8763	5.1999	668.592	701.12	0.9398	0.1325	-0.2876	0.9485	1.2866	5.6752	-29.6371	0.0	14	0.0	0.0		5293	0	0
1701894950215	t	playground_test_cue_junkyard_left	0.0	0	0	4.8	708.768	691.84	0.881	5.0919	674.0640000000001	702.88	0.9391	0.1232	-0.2859	0.9503	1.0818	5.633	-29.6489	0.0	14	0.0	0.0		5293	0	0
1701894950220	t	playground_test_cue_junkyard_left	0.0	0	0	4.5021	724.032	698.56	0.881	5.0798	687.744	706.72	0.9391	0.0924	-0.3062	0.9474	1.3571	5.6287	-29.6536	0.0	14	0.0	0.0		5293	0	0
1701894950229	t	playground_test_cue_junkyard_left	0.0	0	0	4.5989	743.184	698.56	0.8701	5.1066	707.904	710.0799999999999	0.922	0.055	-0.3115	0.9487	0.997	5.618	-29.6417	0.0	14	0.0	0.0		5293	0	0
1701894950237	t	playground_test_cue_junkyard_left	0.0	0	0	4.6109	766.08	699.04	0.8701	5.0552	730.08	714.4	0.922	0.0049	-0.3152	0.949	0.4911	5.5893	-29.634	0.0	14	0.0	0.0		5293	0	0
1701894950245	t	playground_test_cue_junkyard_left	0.0	0	0	4.7257	781.632	699.84	0.857	5.1553	743.76	714.56	0.898	-0.0279	-0.3158	0.9484	-1.0974	5.5707	-29.5866	0.0	14	0.0	0.0		5293	0	0
1701894950254	t	playground_test_cue_junkyard_left	0.0	0	0	4.7106	785.52	699.04	0.857	5.1413	745.9200000000001	717.76	0.898	-0.0357	-0.3193	0.947	-1.2403	5.5641	-29.5882	0.0	14	0.0	0.0		5293	0	0
1701894950262	t	playground_test_cue_junkyard_left	0.0	0	0	4.7497	785.376	701.12	0.8549	5.1131	744.9119999999999	716.48	0.8834	-0.0346	-0.319	0.9471	-2.0829	5.5482	-29.5649	0.0	14	0.0	0.0		5293	0	0
1701894950270	t	playground_test_cue_junkyard_left	0.0	0	0	4.8095	783.792	701.12	0.8549	5.0557	746.208	717.12	0.8834	-0.036	-0.3198	0.9468	-2.7599	5.5398	-29.5492	0.0	14	0.0	0.0		5293	0	0
1701894950279	t	playground_test_cue_junkyard_left	0.0	0	0	4.7213	786.0960000000001	700.96	0.8839	5.1074	745.6320000000001	717.76	0.8947	-0.0385	-0.3207	0.9464	-3.0974	5.5347	-29.5395	0.0	14	0.0	0.0		5293	0	0
1701894950287	t	playground_test_cue_junkyard_left	0.0	0	0	4.7165	784.0799999999999	701.12	0.8839	5.16	745.7760000000001	718.56	0.8947	-0.0334	-0.3218	0.9462	-2.1673	5.5406	-29.5686	0.0	14	0.0	0.0		5293	0	0
1701894950295	t	playground_test_cue_junkyard_left	0.0	0	0	4.7103	784.3679999999999	701.2800000000001	0.8784	5.125	745.6320000000001	717.92	0.8983	-0.0335	-0.3203	0.9467	-2.0498	5.5399	-29.5734	0.0	14	0.0	0.0		5293	0	0
1701894950303	t	playground_test_cue_junkyard_left	0.0	0	0	4.6267	783.792	701.92	0.8784	5.0907	745.7760000000001	717.28	0.8983	-0.0321	-0.3181	0.9475	-1.3273	5.54	-29.598	0.0	14	0.0	0.0		5293	0	0
1701894950312	t	playground_test_cue_junkyard_left	0.0	0	0	4.6728	783.0719999999999	701.2800000000001	0.8883	5.0802	745.7760000000001	717.28	0.9022	-0.0304	-0.3159	0.9483	-0.5569	5.5436	-29.6222	0.0	14	0.0	0.0		5293	0	0
1701894950320	t	playground_test_cue_junkyard_left	0.0	0	0	4.7105	783.36	702.24	0.8883	5.0697	745.7760000000001	717.28	0.9022	-0.0312	-0.3178	0.9476	-0.8002	5.5408	-29.6154	0.0	14	0.0	0.0		5293	0	0
1701894950328	t	playground_test_cue_junkyard_left	0.0	0	0	4.6727	783.504	703.04	0.8958	5.08	745.6320000000001	717.6	0.9076	-0.0309	-0.32	0.9469	-1.0588	5.5379	-29.6083	0.0	14	0.0	0.0		5293	0	0
1701894950337	t	playground_test_cue_junkyard_left	0.0	0	0	4.6503	783.504	702.4	0.8958	5.0904	745.7760000000001	717.92	0.9076	-0.0312	-0.3188	0.9473	-1.0038	5.5373	-29.6106	0.0	14	0.0	0.0		5293	0	0
1701894950345	t	playground_test_cue_junkyard_left	0.0	0	0	4.6467	783.504	702.7199999999999	0.8847	5.0799	745.7760000000001	717.92	0.9038	-0.0308	-0.3189	0.9473	-0.9365	5.536	-29.6133	0.0	14	0.0	0.0		5293	0	0
1701894950353	t	playground_test_cue_junkyard_left	0.0	0	0	4.6595	783.504	702.88	0.8847	5.0704	745.7760000000001	717.92	0.9038	-0.0307	-0.3188	0.9473	-0.8618	5.5342	-29.6159	0.0	14	0.0	0.0		5293	0	0
1701894950362	t	playground_test_cue_junkyard_left	0.0	0	0	4.6722	783.504	703.04	0.8966	5.0802	745.7760000000001	717.92	0.9083	-0.0307	-0.3186	0.9474	-0.7741	5.5326	-29.6192	0.0	14	0.0	0.0		5293	0	0
1701894950370	t	playground_test_cue_junkyard_left	0.0	0	0	4.6598	783.36	703.6800000000001	0.8966	5.0823	745.7760000000001	717.92	0.9083	-0.0306	-0.3191	0.9472	-0.6792	5.5311	-29.6231	0.0	14	0.0	0.0		5293	0	0
1701894950378	t	playground_test_cue_junkyard_left	0.0	0	0	4.6467	783.504	704.16	0.8878	5.0764	745.9200000000001	717.92	0.9041	-0.0307	-0.3197	0.947	-0.5776	5.5297	-29.6271	0.0	14	0.0	0.0		5293	0	0
1701894950387	t	playground_test_cue_junkyard_left	0.0	0	0	4.6375	783.36	703.6800000000001	0.8878	5.0703	745.9200000000001	717.92	0.9041	-0.0303	-0.3181	0.9476	-0.5263	5.5287	-29.6293	0.0	14	0.0	0.0		5293	0	0
1701894950395	t	playground_test_cue_junkyard_left	0.0	0	0	4.6469	783.2160000000001	704.16	0.9007	5.07	745.9200000000001	717.92	0.9101	-0.0299	-0.3188	0.9473	-0.4794	5.5271	-29.6321	0.0	14	0.0	0.0		5293	0	0
1701894950403	t	playground_test_cue_junkyard_left	0.0	0	0	4.6435	783.2160000000001	704.0	0.9007	5.0688	746.064	717.92	0.9101	-0.0298	-0.3179	0.9476	-0.489	5.5262	-29.6327	0.0	14	0.0	0.0		5293	0	0
1701894950412	t	playground_test_cue_junkyard_left	0.0	0	0	4.6399	783.2160000000001	704.16	0.8959	5.0689	746.352	717.76	0.9019	-0.0303	-0.3177	0.9477	-0.4903	5.5246	-29.6337	0.0	14	0.0	0.0		5293	0	0
1701894950420	t	playground_test_cue_junkyard_left	0.0	0	0	4.6341	783.2160000000001	704.3199999999999	0.8959	5.0647	746.352	717.76	0.9019	-0.0302	-0.3175	0.9478	-0.3094	5.5255	-29.6401	0.0	14	0.0	0.0		5293	0	0
1701894950428	t	playground_test_cue_junkyard_left	0.0	0	0	4.6278	783.2160000000001	704.3199999999999	0.921	5.0646	746.352	717.76	0.9118	-0.0298	-0.3175	0.9478	-0.2649	5.5257	-29.6421	0.0	14	0.0	0.0		5293	0	0
1701894950437	t	playground_test_cue_junkyard_left	0.0	0	0	4.6025	783.2160000000001	704.3199999999999	0.921	5.0645	746.064	717.92	0.9118	-0.029	-0.3179	0.9477	-0.5536	5.5234	-29.6343	0.0	14	0.0	0.0		5293	0	0
1701894950447	t	playground_test_cue_junkyard_left	0.0	0	0	4.6024	782.784	704.3199999999999	0.8946	5.0641	746.064	717.92	0.9045	-0.028	-0.3177	0.9478	-0.4982	5.5236	-29.6371	0.0	14	0.0	0.0		5293	0	0
1701894950453	t	playground_test_cue_junkyard_left	0.0	0	0	4.6027	782.496	704.3199999999999	0.8946	5.0642	746.064	717.92	0.9045	-0.0272	-0.3171	0.948	-0.2268	5.5238	-29.6468	0.0	14	0.0	0.0		5293	0	0
1701894950462	t	playground_test_cue_junkyard_left	0.0	0	0	4.6025	782.496	704.48	0.8862	5.0598	745.9200000000001	717.92	0.9088	-0.0269	-0.3172	0.948	-0.0408	5.5235	-29.653	0.0	14	0.0	0.0		5293	0	0
1701894950470	t	playground_test_cue_junkyard_left	0.0	0	0	4.6024	782.352	704.64	0.8862	5.0351	745.9200000000001	717.76	0.9088	-0.0272	-0.317	0.948	-0.0791	5.5226	-29.6534	0.0	14	0.0	0.0		5293	0	0
1701894950478	t	playground_test_cue_junkyard_left	0.0	0	0	4.5984	782.352	705.12	0.8956	5.035	746.064	717.76	0.9067	-0.028	-0.3168	0.9481	-0.0668	5.5184	-29.6551	0.0	14	0.0	0.0		5293	0	0
1701894950487	t	playground_test_cue_junkyard_left	0.0	0	0	4.5876	782.208	705.12	0.8956	5.0232	745.9200000000001	717.92	0.9067	-0.0259	-0.3155	0.9486	0.0342	5.5128	-29.6641	0.0	14	0.0	0.0		5293	0	0
1701894950495	t	playground_test_cue_junkyard_left	0.0	0	0	4.5876	782.0640000000001	705.12	0.9199	5.0196	745.7760000000001	718.0799999999999	0.9009	-0.0255	-0.3155	0.9486	-0.0396	5.5107	-29.6635	0.0	14	0.0	0.0		5293	0	0
1701894950503	t	playground_test_cue_junkyard_left	0.0	0	0	4.5874	782.0640000000001	705.12	0.9199	5.0147	745.3439999999999	718.0799999999999	0.9009	-0.0244	-0.3154	0.9486	0.0323	5.5111	-29.6678	0.0	14	0.0	0.0		5293	0	0
1701894950512	t	playground_test_cue_junkyard_left	0.0	0	0	4.5875	782.0640000000001	705.12	0.9019	5.0136	745.3439999999999	718.0799999999999	0.9002	-0.0238	-0.3152	0.9487	0.122	5.5117	-29.6722	0.0	14	0.0	0.0		5293	0	0
1701894950520	t	playground_test_cue_junkyard_left	0.0	0	0	4.5871	782.0640000000001	705.12	0.9019	5.0135	745.3439999999999	718.0799999999999	0.9002	-0.0235	-0.3152	0.9487	0.0982	5.5116	-29.6726	0.0	14	0.0	0.0		5293	0	0
1701894950528	t	playground_test_cue_junkyard_left	0.0	0	0	4.5874	781.9200000000001	705.12	0.8969	5.0076	745.3439999999999	718.88	0.9051	-0.0232	-0.3167	0.9482	0.0259	5.5111	-29.6708	0.0	14	0.0	0.0		5293	0	0
1701894950537	t	playground_test_cue_junkyard_left	0.0	0	0	4.5873	781.9200000000001	704.8	0.8969	4.996	745.3439999999999	718.88	0.9051	-0.0233	-0.3162	0.9484	-0.1241	5.5101	-29.6673	0.0	14	0.0	0.0		5293	0	0
1701894950545	t	playground_test_cue_junkyard_left	0.0	0	0	4.603	782.64	704.8	0.9029	5.0074	745.3439999999999	718.88	0.9048	-0.0261	-0.3168	0.9481	-0.1586	5.513	-29.6699	0.0	14	0.0	0.0		5293	0	0
1701894950553	t	playground_test_cue_junkyard_left	0.0	0	0	4.5928	775.872	701.44	0.9029	5.001	740.0160000000001	714.4	0.9048	-0.0156	-0.314	0.9493	-0.1416	5.5682	-29.6561	0.0	14	0.0	0.0		5293	0	0
1701894950562	t	playground_test_cue_junkyard_left	0.0	0	0	4.4588	765.6479999999999	691.36	0.8857	4.9488	727.776	704.16	0.8977	0.0103	-0.2949	0.9555	0.9	5.6673	-29.6495	0.0	14	0.0	0.0		5293	0	0
1701894950570	t	playground_test_cue_junkyard_left	0.0	0	0	4.5471	756.576	684.0	0.8857	4.944	717.552	694.08	0.8977	0.0308	-0.2837	0.9584	2.9232	5.7851	-29.6899	0.0	14	0.0	0.0		5293	0	0
1701894950578	t	playground_test_cue_junkyard_left	0.0	0	0	4.6106	750.24	674.56	0.8684	5.0096	705.456	684.32	0.8944	0.0459	-0.2663	0.9628	5.5703	5.8984	-29.752	0.0	14	0.0	0.0		5293	0	0
1701894950587	t	playground_test_cue_junkyard_left	0.0	0	0	4.5284	744.624	663.1999999999999	0.8684	5.0526	695.0880000000001	672.16	0.8944	0.0725	-0.2376	0.9686	7.038	5.9962	-29.7903	0.0	14	0.0	0.0		5293	0	0
1701894950595	t	playground_test_cue_junkyard_left	0.0	0	0	4.5189	742.8960000000001	661.4399999999999	0.8583	4.9303	695.232	668.8	0.9036	0.0737	-0.2278	0.9709	7.6523	6.0022	-29.8139	0.0	14	0.0	0.0		5293	0	0
1701894950604	t	playground_test_cue_junkyard_left	0.0	0	0	4.5478	741.0239999999999	662.88	0.8583	4.9015	697.9680000000001	669.9200000000001	0.9036	0.072	-0.2317	0.9701	8.2542	6.0013	-29.8401	0.0	14	0.0	0.0		5293	0	0
1701894950612	t	playground_test_cue_junkyard_left	0.0	0	0	4.5313	740.8799999999999	661.9200000000001	0.8761	4.8975	697.824	672.32	0.9105	0.0715	-0.2301	0.9705	7.466	5.9813	-29.8179	0.0	14	0.0	0.0		5293	0	0
1701894950620	t	playground_test_cue_junkyard_left	0.0	0	0	4.5686	740.448	663.1999999999999	0.8761	5.0133	697.824	671.6800000000001	0.9105	0.0716	-0.2306	0.9704	6.9282	5.9711	-29.8051	0.0	14	0.0	0.0		5293	0	0
1701894950628	t	playground_test_cue_junkyard_left	0.0	0	0	4.547	740.736	663.36	0.8936	4.9956	697.824	672.32	0.9446	0.0694	-0.2331	0.97	4.9359	5.9592	-29.7436	0.0	14	0.0	0.0		5293	0	0
1701894950637	t	playground_test_cue_junkyard_left	0.0	0	0	4.5396	740.592	662.5600000000001	0.8936	4.9771	697.824	671.6800000000001	0.9446	0.0686	-0.2311	0.9705	2.4827	5.9446	-29.6689	0.0	14	0.0	0.0		5293	0	0
1701894950645	t	playground_test_cue_junkyard_left	0.0	0	0	4.5159	740.16	663.52	0.9062	4.9612	698.544	671.6800000000001	0.9313	0.0681	-0.2339	0.9699	0.8376	5.9349	-29.6189	0.0	14	0.0	0.0		5293	0	0
1701894950653	t	playground_test_cue_junkyard_left	0.0	0	0	4.5389	740.592	663.84	0.9062	4.9691	699.12	671.6800000000001	0.9313	0.0655	-0.2343	0.97	0.8513	5.9342	-29.6205	0.0	14	0.0	0.0		5293	0	0
1701894950662	t	playground_test_cue_junkyard_left	0.0	0	0	4.5482	740.304	663.36	0.8989	4.9642	699.84	671.6800000000001	0.9449	0.0648	-0.2332	0.9702	0.7544	5.9328	-29.6179	0.0	14	0.0	0.0		5293	0	0
1701894950670	t	playground_test_cue_junkyard_left	0.0	0	0	4.5388	740.592	663.36	0.8989	4.9592	700.704	671.6800000000001	0.9449	0.0625	-0.2331	0.9704	0.9487	5.9329	-29.624	0.0	14	0.0	0.0		5293	0	0
1701894950678	t	playground_test_cue_junkyard_left	0.0	0	0	4.5353	740.736	663.1999999999999	0.9056	4.9527	700.704	671.6800000000001	0.9374	0.0627	-0.2326	0.9705	0.8897	5.9327	-29.6228	0.0	14	0.0	0.0		5293	0	0
1701894950687	t	playground_test_cue_junkyard_left	0.0	0	0	4.5388	740.592	663.36	0.9056	4.9459	700.8480000000001	671.6800000000001	0.9374	0.0631	-0.2332	0.9704	0.9092	5.9333	-29.6241	0.0	14	0.0	0.0		5293	0	0
1701894950695	t	playground_test_cue_junkyard_left	0.0	0	0	4.5351	740.592	663.68	0.9175	4.9481	701.136	671.6800000000001	0.9509	0.0629	-0.2336	0.9703	0.7708	5.9328	-29.6202	0.0	14	0.0	0.0		5293	0	0
1701894950703	t	playground_test_cue_junkyard_left	0.0	0	0	4.539	740.592	663.52	0.9175	4.9461	701.568	671.6800000000001	0.9509	0.0626	-0.2335	0.9703	0.7113	5.9327	-29.6186	0.0	14	0.0	0.0		5293	0	0
1701894950712	t	playground_test_cue_junkyard_left	0.0	0	0	4.535	740.736	663.52	0.9112	4.9482	701.712	671.6800000000001	0.9572	0.0626	-0.2336	0.9703	0.3938	5.9312	-29.6094	0.0	14	0.0	0.0		5293	0	0
1701894950720	t	playground_test_cue_junkyard_left	0.0	0	0	4.5311	740.592	663.52	0.9112	4.9459	701.568	671.6800000000001	0.9572	0.0635	-0.2339	0.9702	0.1043	5.9299	-29.601	0.0	14	0.0	0.0		5293	0	0
1701894950728	t	playground_test_cue_junkyard_left	0.0	0	0	4.535	740.592	663.52	0.9094	4.9478	701.424	671.52	0.9566	0.0638	-0.2335	0.9702	0.0782	5.9304	-29.6003	0.0	14	0.0	0.0		5293	0	0
1701894950737	t	playground_test_cue_junkyard_left	0.0	0	0	4.5313	740.592	663.52	0.9094	4.9457	701.568	671.1999999999999	0.9566	0.0634	-0.2335	0.9703	0.0297	5.9308	-29.5988	0.0	14	0.0	0.0		5293	0	0
1701894950745	t	playground_test_cue_junkyard_left	0.0	0	0	4.5351	740.448	663.52	0.921	4.9458	701.856	671.04	0.9546	0.0628	-0.233	0.9704	-0.0992	5.9305	-29.5958	0.0	14	0.0	0.0		5293	0	0
1701894950753	t	playground_test_cue_junkyard_left	0.0	0	0	4.5753	739.584	664.64	0.921	4.9393	701.856	670.88	0.9546	0.06	-0.2347	0.9702	-0.079	5.9288	-29.5994	0.0	14	0.0	0.0		5293	0	0
1701894950762	t	playground_test_cue_junkyard_left	0.0	0	0	4.551	738.576	662.5600000000001	0.9448	4.9393	701.856	670.88	0.9723	0.062	-0.2313	0.9709	-0.0828	5.9334	-29.6013	0.0	14	0.0	0.0		5293	0	0
1701894950770	t	playground_test_cue_junkyard_left	0.0	0	0	4.5343	740.16	662.72	0.9448	4.931	702.0	670.88	0.9723	0.0579	-0.232	0.971	-0.1697	5.9352	-29.5999	0.0	14	0.0	0.0		5293	0	0
1701894950778	t	playground_test_cue_junkyard_left	0.0	0	0	4.5186	740.304	662.72	0.9249	4.93	702.0	670.88	0.9815	0.0578	-0.2326	0.9709	-0.0602	5.9381	-29.6045	0.0	14	0.0	0.0		5293	0	0
1701894950786	t	playground_test_cue_junkyard_left	0.0	0	0	4.5007	740.16	662.88	0.9249	4.9274	702.0	670.88	0.9815	0.0582	-0.233	0.9707	-0.1067	5.9401	-29.6068	0.0	14	0.0	0.0		5293	0	0
1701894950795	t	playground_test_cue_junkyard_left	0.0	0	0	4.519	740.0160000000001	662.88	0.9353	4.927	702.144	670.88	0.9709	0.0582	-0.2333	0.9707	0.5866	5.9463	-29.6304	0.0	14	0.0	0.0		5293	0	0
1701894950803	t	playground_test_cue_junkyard_left	0.0	0	0	4.5337	739.4399999999999	662.88	0.9353	4.9252	702.144	670.88	0.9709	0.0592	-0.2332	0.9706	0.9471	5.9503	-29.643	0.0	14	0.0	0.0		5293	0	0
1701894950811	t	playground_test_cue_junkyard_left	0.0	0	0	4.5186	740.0160000000001	662.72	0.9366	4.9249	702.144	670.88	0.9815	0.0575	-0.233	0.9707	1.3511	5.9543	-29.658	0.0	14	0.0	0.0		5293	0	0
1701894950820	t	playground_test_cue_junkyard_left	0.0	0	0	4.5175	739.8720000000001	662.72	0.9366	4.9249	702.0	670.88	0.9815	0.0578	-0.2329	0.9708	1.6465	5.9564	-29.667	0.0	14	0.0	0.0		5293	0	0
1701894950828	t	playground_test_cue_junkyard_left	0.0	0	0	4.5187	739.7280000000001	662.5600000000001	0.9404	4.9247	701.856	670.88	0.9827	0.0587	-0.2328	0.9707	1.7043	5.9572	-29.6691	0.0	14	0.0	0.0		5293	0	0
1701894950837	t	playground_test_cue_junkyard_left	0.0	0	0	4.5208	739.2959999999999	662.4	0.9404	4.9109	701.856	670.88	0.9827	0.0596	-0.2329	0.9707	1.5759	5.9575	-29.666	0.0	14	0.0	0.0		5293	0	0
1701894950845	t	playground_test_cue_junkyard_left	0.0	0	0	4.522	739.7280000000001	662.4	0.9506	4.9107	702.0	670.88	0.9857	0.0584	-0.2329	0.9707	1.392	5.9575	-29.6604	0.0	14	0.0	0.0		5293	0	0
1701894950853	t	playground_test_cue_junkyard_left	0.0	0	0	4.5227	739.8720000000001	662.08	0.9506	4.9027	702.144	670.72	0.9857	0.0581	-0.2321	0.9709	1.1772	5.9576	-29.6548	0.0	14	0.0	0.0		5293	0	0
1701894950861	t	playground_test_cue_junkyard_left	0.0	0	0	4.5239	740.0160000000001	661.76	0.9555	4.9025	702.144	670.72	0.9851	0.058	-0.2318	0.971	0.9008	5.9573	-29.6471	0.0	14	0.0	0.0		5293	0	0
1701894950870	t	playground_test_cue_junkyard_left	0.0	0	0	4.5236	740.16	661.4399999999999	0.9555	4.9028	702.144	670.4	0.9851	0.0578	-0.2316	0.9711	0.7192	5.9594	-29.6417	0.0	14	0.0	0.0		5293	0	0
1701894950878	t	playground_test_cue_junkyard_left	0.0	0	0	4.5234	740.0160000000001	661.4399999999999	0.9643	4.9027	702.144	670.88	0.994	0.0584	-0.2331	0.9707	0.6154	5.9613	-29.6386	0.0	14	0.0	0.0		5293	0	0
1701894950886	t	playground_test_cue_junkyard_left	0.0	0	0	4.5217	740.0160000000001	661.4399999999999	0.9643	4.892	702.432	670.88	0.994	0.0582	-0.2338	0.9705	0.5541	5.9645	-29.637	0.0	14	0.0	0.0		5293	0	0
1701894950895	t	playground_test_cue_junkyard_left	0.0	0	0	4.5234	740.0160000000001	661.28	0.963	4.888	702.432	670.88	1.0	0.0584	-0.2339	0.9705	0.5598	5.9667	-29.6385	0.0	14	0.0	0.0		5293	0	0
1701894950903	t	playground_test_cue_junkyard_left	0.0	0	0	4.5238	739.8720000000001	661.28	0.963	4.8077	702.432	671.6800000000001	1.0	0.0579	-0.2334	0.9706	1.2318	5.9675	-29.6746	0.0	14	0.0	0.0		5293	0	0
1701894950911	t	playground_test_cue_junkyard_left	0.0	0	0	4.545	739.8720000000001	660.96	0.9568	4.867	702.8639999999999	671.04	0.9984	0.0581	-0.2317	0.971	1.7493	5.9704	-29.6855	0.0	14	0.0	0.0		5293	0	0
1701894950920	t	playground_test_cue_junkyard_left	0.0	0	0	4.5447	740.0160000000001	660.8	0.9568	4.8741	700.56	670.72	0.9984	0.0616	-0.2292	0.9714	2.6154	5.9731	-29.7195	0.0	14	0.0	0.0		5293	0	0
1701894950928	t	playground_test_cue_junkyard_left	0.0	0	0	4.539	736.8480000000001	660.8	0.9712	4.7506	700.56	674.88	1.0	0.0607	-0.2367	0.9697	3.1309	5.9757	-29.7365	0.0	14	0.0	0.0		5293	0	0
1701894950936	t	playground_test_cue_junkyard_left	0.0	0	0	4.5946	724.032	663.68	0.9712	4.9836	688.752	677.44	1.0	0.0881	-0.2417	0.9663	3.0294	5.9503	-29.7435	0.0	14	0.0	0.0		5293	0	0
1701894950945	t	playground_test_cue_junkyard_left	0.0	0	0	4.7262	708.192	661.28	0.958	4.9615	668.736	676.48	0.9964	0.1244	-0.2405	0.9626	1.6955	5.9647	-29.7051	0.0	14	0.0	0.0		5293	0	0
1701894950953	t	playground_test_cue_junkyard_left	0.0	0	0	4.741	687.312	660.96	0.958	5.0397	649.008	674.24	0.9964	0.1611	-0.2406	0.9572	-1.8904	5.9621	-29.6215	0.0	14	0.0	0.0		5293	0	0
1701894950961	t	playground_test_cue_junkyard_left	0.0	0	0	4.7556	672.336	661.12	0.9544	5.0588	631.584	669.9200000000001	0.9731	0.1969	-0.2326	0.9524	-6.1755	5.9409	-29.4998	0.0	14	0.0	0.0		5293	0	0
1701894950970	t	playground_test_cue_junkyard_left	0.0	0	0	4.7757	666.144	662.24	0.9544	5.0131	623.232	672.16	0.9731	0.2083	-0.2466	0.9465	-11.0588	5.9318	-29.3639	0.0	14	0.0	0.0		5293	0	0
1701894950978	t	playground_test_cue_junkyard_left	0.0	0	0	4.7565	665.136	661.9200000000001	0.9247	4.9424	626.976	672.32	0.9622	0.1946	-0.2449	0.9498	-15.0687	5.8855	-29.2295	0.0	14	0.0	0.0		5293	0	0
1701894950986	t	playground_test_cue_junkyard_left	0.0	0	0	4.768	667.5840000000001	662.08	0.9247	4.9942	628.1279999999999	672.16	0.9622	0.1919	-0.2407	0.9514	-16.117	5.8583	-29.1984	0.0	14	0.0	0.0		5293	0	0
1701894950995	t	playground_test_cue_junkyard_left	0.0	0	0	4.7886	666.576	662.24	0.9275	5.0212	628.704	671.52	0.9771	0.1946	-0.236	0.9521	-15.23	5.8571	-29.2311	0.0	14	0.0	0.0		5293	0	0
1701894951003	t	playground_test_cue_junkyard_left	0.0	0	0	4.8055	667.5840000000001	662.08	0.9275	4.9824	627.552	672.64	0.9771	0.2008	-0.2421	0.9492	-12.3394	5.893	-29.3259	0.0	14	0.0	0.0		5293	0	0
1701894951012	t	playground_test_cue_junkyard_left	0.0	0	0	4.7939	667.2959999999999	662.24	0.9425	4.9839	627.552	672.48	0.9912	0.2018	-0.2402	0.9495	-8.547	5.9227	-29.4497	0.0	14	0.0	0.0		5293	0	0
1701894951020	t	playground_test_cue_junkyard_left	0.0	0	0	4.8025	667.5840000000001	662.24	0.9425	4.9854	627.696	672.16	0.9912	0.2017	-0.2385	0.95	-4.4244	5.9544	-29.5845	0.0	14	0.0	0.0		5293	0	0
1701894951028	t	playground_test_cue_junkyard_left	0.0	0	0	4.8038	667.5840000000001	662.24	0.9363	4.9838	627.84	672.0	0.9956	0.2017	-0.2368	0.9504	-0.9326	5.9802	-29.6983	0.0	14	0.0	0.0		5293	0	0
1701894951036	t	playground_test_cue_junkyard_left	0.0	0	0	4.8026	667.5840000000001	662.24	0.9363	4.9825	627.984	672.16	0.9956	0.2016	-0.2369	0.9504	0.2477	5.9891	-29.7368	0.0	14	0.0	0.0		5293	0	0
1701894951045	t	playground_test_cue_junkyard_left	0.0	0	0	4.792	667.1519999999999	662.24	0.9386	4.9814	628.1279999999999	672.0	0.9994	0.2023	-0.236	0.9504	1.2412	5.996	-29.7695	0.0	14	0.0	0.0		5293	0	0
1701894951053	t	playground_test_cue_junkyard_left	0.0	0	0	4.7816	666.864	662.24	0.9386	4.9807	628.1279999999999	672.16	0.9994	0.2029	-0.2362	0.9503	1.1413	5.9951	-29.7665	0.0	14	0.0	0.0		5293	0	0
1701894951061	t	playground_test_cue_junkyard_left	0.0	0	0	4.7802	667.1519999999999	662.24	0.9381	4.9814	628.272	672.16	0.994	0.2018	-0.2366	0.9504	0.9329	5.9939	-29.7602	0.0	14	0.0	0.0		5293	0	0
1701894951070	t	playground_test_cue_junkyard_left	0.0	0	0	4.7793	667.2959999999999	662.24	0.9381	4.9821	628.416	672.32	0.994	0.2014	-0.2367	0.9505	1.4767	5.9984	-29.7785	0.0	14	0.0	0.0		5293	0	0
1701894951078	t	playground_test_cue_junkyard_left	0.0	0	0	4.7796	667.44	662.24	0.9448	4.9833	629.136	672.48	1.0	0.1994	-0.2372	0.9508	1.5322	5.9989	-29.7809	0.0	14	0.0	0.0		5293	0	0
1701894951086	t	playground_test_cue_junkyard_left	0.0	0	0	4.7791	667.2959999999999	662.4	0.9448	4.9812	629.712	672.32	1.0	0.1983	-0.2368	0.9511	1.5952	5.9993	-29.7838	0.0	14	0.0	0.0		5293	0	0
1701894951095	t	playground_test_cue_junkyard_left	0.0	0	0	4.7749	667.44	662.24	0.9607	4.9808	629.856	672.48	1.0	0.1983	-0.237	0.9511	1.5052	5.9982	-29.7816	0.0	14	0.0	0.0		5293	0	0
1701894951103	t	playground_test_cue_junkyard_left	0.0	0	0	4.7784	667.5840000000001	662.4	0.9607	4.9797	629.856	672.32	1.0	0.1982	-0.2366	0.9512	1.493	5.9977	-29.7819	0.0	14	0.0	0.0		5293	0	0
1701894951111	t	playground_test_cue_junkyard_left	0.0	0	0	4.7784	667.5840000000001	662.4	0.9613	4.9807	630.0	672.48	1.0	0.1983	-0.2371	0.951	0.6454	5.9915	-29.7563	0.0	14	0.0	0.0		5293	0	0
1701894951120	t	playground_test_cue_junkyard_left	0.0	0	0	4.7784	667.5840000000001	662.24	0.9613	4.9818	630.144	672.48	1.0	0.1985	-0.237	0.951	0.5896	5.9908	-29.7549	0.0	14	0.0	0.0		5293	0	0
1701894951129	t	playground_test_cue_junkyard_left	0.0	0	0	4.7701	667.5840000000001	662.24	0.9652	4.9845	631.0079999999999	672.32	1.0	0.1973	-0.2366	0.9514	0.5286	5.9904	-29.754	0.0	14	0.0	0.0		5293	0	0
1701894951137	t	playground_test_cue_junkyard_left	0.0	0	0	4.7698	667.5840000000001	662.4	0.9652	4.987	631.44	672.48	1.0	0.1964	-0.2373	0.9514	0.4838	5.9901	-29.7532	0.0	14	0.0	0.0		5293	0	0
1701894951145	t	playground_test_cue_junkyard_left	0.0	0	0	4.7695	667.728	662.4	0.9556	4.9868	631.728	672.48	1.0	0.1955	-0.2363	0.9518	0.6117	5.9883	-29.7632	0.0	14	0.0	0.0		5293	0	0
1701894951153	t	playground_test_cue_junkyard_left	0.0	0	0	4.7568	667.872	662.4	0.9556	4.9921	632.016	672.48	1.0	0.195	-0.2364	0.9519	0.804	5.9902	-29.7702	0.0	14	0.0	0.0		5293	0	0
1701894951161	t	playground_test_cue_junkyard_left	0.0	0	0	4.7566	668.016	662.24	0.9612	4.9922	632.16	672.48	1.0	0.1943	-0.2358	0.9522	0.7427	5.9899	-29.7689	0.0	14	0.0	0.0		5293	0	0
1701894951170	t	playground_test_cue_junkyard_left	0.0	0	0	4.7538	668.304	662.4	0.9612	4.9921	632.448	672.48	1.0	0.1931	-0.2362	0.9523	0.9084	5.9911	-29.7749	0.0	14	0.0	0.0		5293	0	0
1701894951178	t	playground_test_cue_junkyard_left	0.0	0	0	4.7535	668.592	662.4	0.9448	4.9933	632.736	672.48	1.0	0.1925	-0.2362	0.9524	0.9037	5.9907	-29.7754	0.0	14	0.0	0.0		5293	0	0
1701894951186	t	playground_test_cue_junkyard_left	0.0	0	0	4.753	668.736	662.4	0.9448	4.9789	635.76	672.64	1.0	0.1888	-0.2359	0.9533	1.019	5.9892	-29.7802	0.0	14	0.0	0.0		5293	0	0
1701894951195	t	playground_test_cue_junkyard_left	0.0	0	0	4.7779	669.744	662.24	0.9514	5.0836	634.608	672.64	1.0	0.1902	-0.2353	0.9531	0.9505	5.9886	-29.7798	0.0	14	0.0	0.0		5293	0	0
1701894951203	t	playground_test_cue_junkyard_left	0.0	0	0	4.7877	669.888	662.24	0.9514	5.0512	635.184	672.32	1.0	0.189	-0.235	0.9534	0.9243	5.9897	-29.7792	0.0	14	0.0	0.0		5293	0	0
1701894951212	t	playground_test_cue_junkyard_left	0.0	0	0	4.788	669.888	662.24	0.9558	5.0195	634.7520000000001	672.64	1.0	0.1902	-0.2359	0.953	0.7808	5.9899	-29.7748	0.0	14	0.0	0.0		5293	0	0
1701894951220	t	playground_test_cue_junkyard_left	0.0	0	0	4.7881	669.888	662.08	0.9558	5.0385	634.7520000000001	672.48	1.0	0.1905	-0.2358	0.9529	0.6236	5.9898	-29.7704	0.0	14	0.0	0.0		5293	0	0
1701894951229	t	playground_test_cue_junkyard_left	0.0	0	0	4.7813	670.1759999999999	662.08	0.9584	5.024	634.7520000000001	672.32	1.0	0.1901	-0.2355	0.9531	0.6561	5.991	-29.7718	0.0	14	0.0	0.0		5293	0	0
1701894951237	t	playground_test_cue_junkyard_left	0.0	0	0	4.7856	671.616	662.08	0.9584	5.0218	634.7520000000001	672.48	1.0	0.1872	-0.2362	0.9535	0.7063	5.992	-29.7741	0.0	14	0.0	0.0		5293	0	0
1701894951245	t	playground_test_cue_junkyard_left	0.0	0	0	4.7796	671.616	662.08	0.9544	5.024	634.8960000000001	672.64	1.0	0.1878	-0.2367	0.9532	0.7616	5.9936	-29.7764	0.0	14	0.0	0.0		5293	0	0
1701894951254	t	playground_test_cue_junkyard_left	0.0	0	0	4.7797	671.904	662.4	0.9544	5.0254	635.184	672.48	1.0	0.1869	-0.2369	0.9534	0.8237	5.9942	-29.7787	0.0	14	0.0	0.0		5293	0	0
1701894951262	t	playground_test_cue_junkyard_left	0.0	0	0	4.7796	671.904	662.08	0.9576	5.0235	635.616	672.32	1.0	0.1863	-0.2359	0.9537	1.2195	5.9973	-29.792	0.0	14	0.0	0.0		5293	0	0
1701894951270	t	playground_test_cue_junkyard_left	0.0	0	0	4.7794	672.192	662.08	0.9576	5.025	635.76	672.48	1.0	0.1856	-0.2363	0.9538	1.2979	5.9983	-29.7952	0.0	14	0.0	0.0		5293	0	0
1701894951278	t	playground_test_cue_junkyard_left	0.0	0	0	4.7852	672.336	662.4	0.9597	5.0267	635.904	672.32	1.0	0.1851	-0.2368	0.9538	1.2542	5.9993	-29.7949	0.0	14	0.0	0.0		5293	0	0
1701894951287	t	playground_test_cue_junkyard_left	0.0	0	0	4.7852	672.48	662.4	0.9597	5.0251	636.048	672.32	1.0	0.1851	-0.2372	0.9537	1.2306	6.0005	-29.7946	0.0	14	0.0	0.0		5293	0	0
1701894951295	t	playground_test_cue_junkyard_left	0.0	0	0	4.7853	672.48	662.4	0.959	5.0267	636.048	672.32	1.0	0.1851	-0.2374	0.9536	1.1534	6.0009	-29.7924	0.0	14	0.0	0.0		5293	0	0
1701894951303	t	playground_test_cue_junkyard_left	0.0	0	0	4.7849	672.624	662.4	0.959	5.0247	636.048	672.32	1.0	0.1849	-0.2377	0.9536	1.1335	6.0022	-29.7921	0.0	14	0.0	0.0		5293	0	0
1701894951312	t	playground_test_cue_junkyard_left	0.0	0	0	4.7813	672.768	662.4	0.9593	5.0231	636.048	672.32	1.0	0.1847	-0.2381	0.9535	1.2146	6.0043	-29.795	0.0	14	0.0	0.0		5293	0	0
1701894951320	t	playground_test_cue_junkyard_left	0.0	0	0	4.7812	672.912	662.4	0.9593	5.0229	636.912	672.32	1.0	0.1828	-0.2385	0.9538	1.0462	6.005	-29.7904	0.0	14	0.0	0.0		5293	0	0
1701894951328	t	playground_test_cue_junkyard_left	0.0	0	0	4.7812	673.0559999999999	662.72	0.9547	5.0263	636.912	672.32	1.0	0.1832	-0.2393	0.9535	1.0742	6.0069	-29.7917	0.0	14	0.0	0.0		5293	0	0
1701894951337	t	playground_test_cue_junkyard_left	0.0	0	0	4.7814	672.912	662.4	0.9547	5.0352	636.912	672.32	1.0	0.1837	-0.2389	0.9535	0.9652	6.0067	-29.7895	0.0	14	0.0	0.0		5293	0	0
1701894951345	t	playground_test_cue_junkyard_left	0.0	0	0	4.7855	673.0559999999999	662.72	0.9475	5.0262	636.912	672.32	1.0	0.1843	-0.2394	0.9532	0.925	6.0072	-29.7893	0.0	14	0.0	0.0		5293	0	0
1701894951353	t	playground_test_cue_junkyard_left	0.0	0	0	4.7924	673.344	662.72	0.9475	5.0264	637.056	672.8	1.0	0.184	-0.2404	0.9531	1.2722	6.0109	-29.8022	0.0	14	0.0	0.0		5293	0	0
1701894951361	t	playground_test_cue_junkyard_left	0.0	0	0	4.7922	673.632	662.4	0.9572	5.0329	637.3439999999999	672.8	1.0	0.1838	-0.2402	0.9532	1.2007	6.0112	-29.8008	0.0	14	0.0	0.0		5293	0	0
1701894951370	t	playground_test_cue_junkyard_left	0.0	0	0	4.795	673.632	662.4	0.9572	5.0258	637.92	672.9599999999999	1.0	0.1828	-0.2408	0.9532	1.4195	6.0136	-29.8092	0.0	14	0.0	0.0		5293	0	0
1701894951378	t	playground_test_cue_junkyard_left	0.0	0	0	4.7949	673.632	662.5600000000001	0.9663	5.0085	638.064	672.9599999999999	1.0	0.1822	-0.241	0.9533	1.3895	6.0134	-29.8093	0.0	14	0.0	0.0		5293	0	0
1701894951386	t	playground_test_cue_junkyard_left	0.0	0	0	4.7948	673.776	662.5600000000001	0.9663	5.0126	638.064	672.9599999999999	1.0	0.1823	-0.2409	0.9533	1.4112	6.0137	-29.8122	0.0	14	0.0	0.0		5293	0	0
1701894951395	t	playground_test_cue_junkyard_left	0.0	0	0	4.7918	673.9200000000001	662.5600000000001	0.9563	5.0076	638.928	673.12	1.0	0.1797	-0.2413	0.9537	1.3913	6.0137	-29.8133	0.0	14	0.0	0.0		5293	0	0
1701894951403	t	playground_test_cue_junkyard_left	0.0	0	0	4.7903	674.208	662.5600000000001	0.9563	5.0038	639.216	673.6	1.0	0.1792	-0.242	0.9536	1.2899	6.0128	-29.8132	0.0	14	0.0	0.0		5293	0	0
1701894951412	t	playground_test_cue_junkyard_left	0.0	0	0	4.7811	674.208	662.08	0.953	5.004	639.216	673.9200000000001	1.0	0.1805	-0.2415	0.9535	1.3254	6.0126	-29.8158	0.0	14	0.0	0.0		5293	0	0
1701894951420	t	playground_test_cue_junkyard_left	0.0	0	0	4.7808	674.352	662.5600000000001	0.953	5.0019	639.504	673.9200000000001	1.0	0.1804	-0.2424	0.9532	0.7977	6.008	-29.7992	0.0	14	0.0	0.0		5293	0	0
1701894951428	t	playground_test_cue_junkyard_left	0.0	0	0	4.7804	674.64	662.5600000000001	0.9489	5.0021	639.648	673.9200000000001	1.0	0.1806	-0.2422	0.9532	1.2698	6.0121	-29.8157	0.0	14	0.0	0.0		5293	0	0
1701894951437	t	playground_test_cue_junkyard_left	0.0	0	0	4.7799	674.928	662.5600000000001	0.9489	5.0022	639.648	674.56	1.0	0.1803	-0.2433	0.953	1.4286	6.0133	-29.8215	0.0	14	0.0	0.0		5293	0	0
1701894951445	t	playground_test_cue_junkyard_left	0.0	0	0	4.776	675.36	662.72	0.9489	5.0009	639.648	674.72	1.0	0.1795	-0.2441	0.953	1.3832	6.0129	-29.8206	0.0	14	0.0	0.0		5293	0	0
1701894951453	t	playground_test_cue_junkyard_left	0.0	0	0	4.7717	675.36	662.72	0.9489	4.9758	641.952	678.88	1.0	0.1777	-0.2495	0.9519	1.4504	5.9996	-29.8249	0.0	14	0.0	0.0		5293	0	0
1701894951461	t	playground_test_cue_junkyard_left	0.0	0	0	4.7364	681.696	661.76	0.9436	4.9523	647.856	674.4	1.0	0.172	-0.2425	0.9548	1.1743	6.0127	-29.803	0.0	14	0.0	0.0		5293	0	0
1701894951469	t	playground_test_cue_junkyard_left	0.0	0	0	4.6413	697.68	652.0	0.9436	4.716	661.3919999999999	662.08	1.0	0.1494	-0.2274	0.9622	-0.7617	6.1212	-29.7089	0.0	14	0.0	0.0		5293	0	0
1701894951478	t	playground_test_cue_junkyard_left	0.0	0	0	4.5617	719.856	635.8399999999999	0.9495	4.9557	683.28	650.24	1.0	0.1047	-0.2085	0.9724	-3.8255	6.2692	-29.6533	0.0	14	0.0	0.0		5293	0	0
1701894951486	t	playground_test_cue_junkyard_left	0.0	0	0	4.749	743.328	616.16	0.9495	4.8661	707.3280000000001	629.44	1.0	0.0753	-0.1509	0.9857	26.6907	6.6711	-30.6308	0.0	14	0.0	0.0		5293	0	0
1701894951495	t	playground_test_cue_junkyard_left	0.0	0	0	4.6025	767.5200000000001	603.2	0.9275	4.9222	718.848	621.92	0.9576	0.0172	-0.1748	0.9844	-19.2238	6.6209	-29.6519	0.0	14	0.0	0.0		5293	0	0
1701894951503	t	playground_test_cue_junkyard_left	0.0	0	0	4.7903	775.728	590.7199999999999	0.9275	5.0386	726.192	604.0	0.9576	-0.0019	-0.1098	0.9939	21.2064	6.928	-30.618	0.0	14	0.0	0.0		5293	0	0
1701894951511	t	playground_test_cue_junkyard_left	0.0	0	0	4.7078	777.744	588.32	0.9428	5.0024	728.64	605.12	0.9505	0.0088	-0.1026	0.9947	30.5066	6.9638	-30.642	0.0	14	0.0	0.0		5293	0	0
1701894951520	t	playground_test_cue_junkyard_left	0.0	0	0	4.7334	776.448	592.16	0.9428	4.9501	731.0880000000001	604.96	0.9505	0.0036	-0.1094	0.994	30.6928	6.8164	-30.1797	0.0	14	0.0	0.0		5293	0	0
1701894951528	t	playground_test_cue_junkyard_left	0.0	0	0	4.7573	775.152	592.16	0.9475	4.9159	730.9440000000001	606.88	0.954	-0.0017	-0.1094	0.994	30.7595	6.8463	-30.3009	0.0	14	0.0	0.0		5293	0	0
1701894951536	t	playground_test_cue_junkyard_left	0.0	0	0	4.7737	773.424	590.88	0.9475	4.93	729.648	607.84	0.954	0.005	-0.0943	0.9955	30.7518	6.7417	-30.0267	0.0	14	0.0	0.0		5293	0	0
1701894951545	t	playground_test_cue_junkyard_left	0.0	0	0	4.733	772.272	590.56	0.993	4.8764	730.224	608.3199999999999	0.9985	0.002	-0.0996	0.995	30.7842	6.886	-30.5186	0.0	14	0.0	0.0		5293	0	0
1701894951553	t	playground_test_cue_junkyard_left	0.0	0	0	4.7146	770.688	590.08	0.993	4.9076	731.376	609.2800000000001	0.9985	0.0041	-0.098	0.9952	30.7325	6.9312	-30.7182	0.0	14	0.0	0.0		5293	0	0
1701894951561	t	playground_test_cue_junkyard_left	0.0	0	0	4.6365	770.976	591.6800000000001	1.0	4.9037	731.0880000000001	608.96	1.0	-0.0013	-0.1055	0.9944	28.2796	6.9151	-30.662	0.0	14	0.0	0.0		5293	0	0
1701894951570	t	playground_test_cue_junkyard_left	0.0	0	0	4.7389	769.536	590.24	1.0	4.9066	730.656	608.3199999999999	1.0	-0.0092	-0.1333	0.991	-30.6279	6.2697	-28.0182	0.0	14	0.0	0.0		5293	0	0
1701894951578	t	playground_test_cue_junkyard_left	0.0	0	0	4.7298	767.952	592.3199999999999	0.9908	4.9034	730.8	608.96	1.0	-0.0089	-0.136	0.9907	-29.8512	6.2772	-28.039	0.0	14	0.0	0.0		5293	0	0
1701894951586	t	playground_test_cue_junkyard_left	0.0	0	0	4.6019	769.104	590.24	0.9908	4.8796	730.656	608.8	1.0	-0.0079	-0.1351	0.9908	-30.8472	6.2627	-27.9982	0.0	14	0.0	0.0		5293	0	0
1701894951595	t	playground_test_cue_junkyard_left	0.0	0	0	4.645	767.664	593.28	1.0	4.8919	730.656	608.96	1.0	-0.0081	-0.1344	0.9909	-30.9099	6.2585	-28.0001	0.0	14	0.0	0.0		5293	0	0
1701894951603	t	playground_test_cue_junkyard_left	0.0	0	0	4.6244	767.952	593.28	1.0	4.8829	730.512	608.8	1.0	-0.0062	-0.1341	0.9909	-30.3729	6.264	-28.0187	0.0	14	0.0	0.0		5293	0	0
1701894951611	t	playground_test_cue_junkyard_left	0.0	0	0	4.6468	767.664	593.28	0.9933	4.8739	730.656	608.96	1.0	-0.0057	-0.1339	0.991	-28.5718	6.2824	-28.0912	0.0	14	0.0	0.0		5293	0	0
1701894951620	t	playground_test_cue_junkyard_left	0.0	0	0	4.6274	767.5200000000001	593.28	0.9933	4.8729	730.656	608.8	1.0	-0.0025	-0.1277	0.9918	-15.9262	6.4106	-28.6258	0.0	14	0.0	0.0		5293	0	0
1701894951628	t	playground_test_cue_junkyard_left	0.0	0	0	4.6272	766.368	592.0	0.9772	4.8722	730.512	608.96	1.0	-0.0014	-0.1268	0.9919	-16.9287	6.3933	-28.5625	0.0	14	0.0	0.0		5293	0	0
1701894951636	t	playground_test_cue_junkyard_left	0.0	0	0	4.6463	766.368	592.9599999999999	0.9772	4.8725	730.3679999999999	608.96	1.0	-0.0022	-0.1312	0.9913	-22.4354	6.3411	-28.3379	0.0	14	0.0	0.0		5293	0	0
1701894951645	t	playground_test_cue_junkyard_left	0.0	0	0	4.6594	765.792	592.48	0.9697	4.8716	730.3679999999999	609.12	0.9978	-0.002	-0.1315	0.9913	-24.3012	6.3213	-28.2708	0.0	14	0.0	0.0		5293	0	0
1701894951653	t	playground_test_cue_junkyard_left	0.0	0	0	4.6449	765.36	592.9599999999999	0.9697	4.865	730.224	609.12	0.9978	-0.0006	-0.1318	0.9913	-23.916	6.327	-28.291	0.0	14	0.0	0.0		5293	0	0
1701894951661	t	playground_test_cue_junkyard_left	0.0	0	0	4.6622	764.784	592.48	0.9711	4.8029	730.3679999999999	610.24	0.9998	0.0087	-0.1125	0.9936	21.0185	6.7959	-30.1716	0.0	14	0.0	0.0		5293	0	0
1701894951669	t	playground_test_cue_junkyard_left	0.0	0	0	4.6073	764.064	590.24	0.9711	4.7883	729.648	607.36	0.9998	-0.0017	-0.1071	0.9942	29.9295	7.1636	-31.5568	0.0	14	0.0	0.0		5293	0	0
1701894951678	t	playground_test_cue_junkyard_left	0.0	0	0	4.4984	768.96	585.28	0.9272	4.8635	730.3679999999999	600.0	0.9931	0.0026	-0.1061	0.9943	29.6294	6.9895	-30.4732	0.0	14	0.0	0.0		5293	0	0
1701894951686	t	playground_test_cue_junkyard_left	0.0	0	0	-1.0	776.592	571.52	0.9272	4.6892	731.664	585.6	0.9931	0.0118	-0.1246	0.9921	-31.182	6.9176	-29.1758	0.0	14	0.0	0.0		5293	0	0
1701894951695	t	playground_test_cue_junkyard_left	0.0	0	0	-1.0	782.496	572.48	0.7829	-1.0	733.8240000000001	578.08	0.7937	-1.0	-1.0	-1.0	-1.0	-1.0	-1.0	0.0	14	0.0	0.0		5293	0	0
1701894951701	t	playground_test_cue_junkyard_left	0.0	0	0	-1.0	-1440.0	-1600.0	0.7829	-1.0	697.68	586.88	0.7937	-1.0	-1.0	-1.0	-1.0	-1.0	-1.0	0.0	14	0.0	0.0		5293	0	0
1701894951709	t	playground_test_cue_junkyard_left	0.0	0	0	-1.0	-1440.0	-1600.0	0.4172	-1.0	-1440.0	-1600.0	0.378	-1.0	-1.0	-1.0	-1.0	-1.0	-1.0	0.0	14	0.0	0.0		5293	0	0
1701894951717	t	playground_test_cue_junkyard_left	0.0	0	0	-1.0	413.13599999999997	715.84	0.4172	-1.0	-1440.0	-1600.0	0.378	-1.0	-1.0	-1.0	-1.0	-1.0	-1.0	0.0	14	0.0	0.0		5293	0	0
1701894951726	t	playground_test_cue_junkyard_left	0.0	0	0	-1.0	369.93600000000004	729.44	0.0	-1.0	768.672	749.76	0.0209	-1.0	-1.0	-1.0	-1.0	-1.0	-1.0	0.0	14	0.0	0.0		5293	0	0
1701894951735	t	playground_test_cue_junkyard_left	0.0	0	0	-1.0	272.16	717.76	0.0	-1.0	776.88	744.96	0.0209	-1.0	-1.0	-1.0	-1.0	-1.0	-1.0	0.0	14	0.0	0.0		5293	0	0
1701894951743	t	playground_test_cue_junkyard_left	0.0	0	0	-1.0	281.664	672.32	0.0	-1.0	-1440.0	-1600.0	0.0	-1.0	-1.0	-1.0	-1.0	-1.0	-1.0	0.0	14	0.0	0.0		5293	0	0
1701894951751	t	playground_test_cue_junkyard_left	0.0	0	0	-1.0	127.008	751.04	0.0	-1.0	-1440.0	-1600.0	0.0	-1.0	-1.0	-1.0	-1.0	-1.0	-1.0	0.0	14	0.0	0.0		5293	0	0
1701894951759	t	playground_test_cue_junkyard_left	0.0	0	0	-1.0	176.544	691.6800000000001	0.0	-1.0	-1440.0	-1600.0	0.0	-1.0	-1.0	-1.0	-1.0	-1.0	-1.0	0.0	14	0.0	0.0		5293	0	0
1701894951767	t	playground_test_cue_junkyard_left	0.0	0	0	-1.0	113.616	808.64	0.0	-1.0	-1440.0	-1600.0	0.0	-1.0	-1.0	-1.0	-1.0	-1.0	-1.0	0.0	14	0.0	0.0		5293	0	0
1701894951776	t	playground_test_cue_junkyard_left	0.0	0	0	-1.0	100.656	775.36	0.0	-1.0	-1440.0	-1600.0	0.0272	-1.0	-1.0	-1.0	-1.0	-1.0	-1.0	0.0	14	0.0	0.0		5293	0	0
1701894951784	t	playground_test_cue_junkyard_left	0.0	0	0	-1.0	170.64	626.72	0.0	-1.0	-1440.0	-1600.0	0.0272	-1.0	-1.0	-1.0	-1.0	-1.0	-1.0	0.0	14	0.0	0.0		5293	0	0
1701894951793	t	playground_test_cue_junkyard_left	0.0	0	0	-1.0	127.44	654.24	0.0042	-1.0	862.56	555.1999999999999	0.0827	-1.0	-1.0	-1.0	-1.0	-1.0	-1.0	0.0	14	0.0	0.0		5293	0	0
1701894951802	t	playground_test_cue_junkyard_left	0.0	0	0	-1.0	251.136	528.16	0.0042	-1.0	868.1759999999999	559.68	0.0827	-1.0	-1.0	-1.0	-1.0	-1.0	-1.0	0.0	14	0.0	0.0		5293	0	0
1701894951809	t	playground_test_cue_junkyard_left	0.0	0	0	-1.0	132.48	628.3199999999999	0.1375	-1.0	-1440.0	-1600.0	0.122	-1.0	-1.0	-1.0	-1.0	-1.0	-1.0	0.0	14	0.0	0.0		5293	0	0
1701894951818	t	playground_test_cue_junkyard_left	0.0	0	0	-1.0	865.2959999999999	467.68	0.1375	-1.0	-1440.0	-1600.0	0.122	-1.0	-1.0	-1.0	-1.0	-1.0	-1.0	0.0	14	0.0	0.0		5293	0	0
1701894951826	t	playground_test_cue_junkyard_left	0.0	0	0	-1.0	872.352	424.0	0.2227	-1.0	-1440.0	-1600.0	0.1919	-1.0	-1.0	-1.0	-1.0	-1.0	-1.0	0.0	14	0.0	0.0		5293	0	0
1701894951834	t	playground_test_cue_junkyard_left	0.0	0	0	-1.0	102.96	603.52	0.2227	-1.0	-1440.0	-1600.0	0.1919	-1.0	-1.0	-1.0	-1.0	-1.0	-1.0	0.0	14	0.0	0.0		5293	0	0
1701894951842	t	playground_test_cue_junkyard_left	0.0	0	0	-1.0	94.032	574.4	0.3804	-1.0	-1440.0	-1600.0	0.2911	-1.0	-1.0	-1.0	-1.0	-1.0	-1.0	0.0	14	0.0	0.0		5293	200	MYKEYWORD 200
