Recording timestamp	type	Scene Name	scene_num	order	djv_reported	PupilDiam_Left	Gaze2d_Left.x	Gaze2d_Left.y	left_eye_openness	PupilDiam_Right	Gaze2d_Right.x	Gaze2d_Right.y	right_eye_openness	gaze_direction_x	gaze_direction_y	gaze_direction_z	gaze_origin_x	gaze_origin_y	gaze_origin_z	gaze_convergence_distance	participant	study_status	scene_familiarity	recall_status	Identifier	Event value	Event message
1701726204162	t	marketplace_test_cue_warehouse_right	0.0	0	0	4.9135	868.752	721.44	1.0	4.8903	855.072	854.72	1.0	-0.1096	0.3796	0.9186	-13.298	1.2602	-31.2394	0.0	5	0.0	0.0		3599	100	MYKEYWORD 100
1701726204170	t	marketplace_test_cue_warehouse_right	0.0	0	0	5.0716	870.0479999999999	724.64	1.0	4.8747	854.4960000000001	857.6	1.0	-0.1114	0.3691	0.9227	-13.2631	1.252	-31.2324	0.0	5	0.0	0.0		3599	0	0
1701726204179	t	marketplace_test_cue_warehouse_right	0.0	0	0	5.0329	866.88	724.16	1.0	4.8683	854.3520000000001	856.9599999999999	1.0	-0.1079	0.3725	0.9217	-13.8044	1.2309	-31.2488	0.0	5	0.0	0.0		3599	0	0
1701726204188	t	marketplace_test_cue_warehouse_right	0.0	0	0	4.9673	866.448	724.3199999999999	1.0	4.8552	854.3520000000001	857.6	1.0	-0.1078	0.3715	0.9221	-13.2537	1.2415	-31.2324	0.0	5	0.0	0.0		3599	0	0
1701726204196	t	marketplace_test_cue_warehouse_right	0.0	0	0	5.0301	867.6	727.52	1.0	4.8449	854.064	857.6	1.0	-0.1096	0.3684	0.9232	-12.7167	1.2482	-31.2108	0.0	5	0.0	0.0		3599	0	0
1701726204204	t	marketplace_test_cue_warehouse_right	0.0	0	0	5.0013	866.1600000000001	728.16	1.0	4.8348	853.92	857.76	1.0	-0.1077	0.3683	0.9234	-12.6847	1.2444	-31.2086	0.0	5	0.0	0.0		3599	0	0
1701726204213	t	marketplace_test_cue_warehouse_right	0.0	0	0	4.9793	865.872	729.28	1.0	4.8441	852.7679999999999	857.9200000000001	1.0	-0.1044	0.3665	0.9245	-12.2294	1.253	-31.1858	0.0	5	0.0	0.0		3599	0	0
1701726204221	t	marketplace_test_cue_warehouse_right	0.0	0	0	4.9843	865.4399999999999	729.44	1.0	4.853	851.76	857.9200000000001	1.0	-0.101	0.3659	0.9251	-11.4138	1.2722	-31.1526	0.0	5	0.0	0.0		3599	0	0
1701726204228	t	marketplace_test_cue_warehouse_right	0.0	0	0	4.9919	864.864	729.44	1.0	4.8318	851.04	858.7199999999999	1.0	-0.0993	0.3652	0.9256	-10.9813	1.2744	-31.1296	0.0	5	0.0	0.0		3599	0	0
1701726204237	t	marketplace_test_cue_warehouse_right	0.0	0	0	4.8572	863.856	730.24	1.0	4.8198	849.5999999999999	860.8000000000001	1.0	-0.0965	0.3592	0.9283	-9.6057	1.3046	-31.0873	0.0	5	0.0	0.0		3599	0	0
1701726204245	t	marketplace_test_cue_warehouse_right	0.0	0	0	4.9774	862.9920000000001	731.2	1.0	4.8055	849.456	861.12	1.0	-0.0958	0.3587	0.9285	-8.9696	1.3139	-31.0664	0.0	5	0.0	0.0		3599	0	0
1701726204253	t	marketplace_test_cue_warehouse_right	0.0	0	0	4.9908	863.424	734.0799999999999	1.0	4.8033	849.312	861.28	1.0	-0.0977	0.3557	0.9295	-9.1148	1.3	-31.0637	0.0	5	0.0	0.0		3599	0	0
1701726204262	t	marketplace_test_cue_warehouse_right	0.0	0	0	4.9641	862.4159999999999	734.5600000000001	1.0	4.8053	849.168	861.5999999999999	1.0	-0.096	0.3548	0.93	-9.4626	1.2852	-31.072	0.0	5	0.0	0.0		3599	0	0
1701726204271	t	marketplace_test_cue_warehouse_right	0.0	0	0	4.9657	861.5520000000001	734.88	1.0	4.8043	846.8639999999999	866.8799999999999	1.0	-0.0975	0.3402	0.9353	-8.5082	1.2968	-30.9935	0.0	5	0.0	0.0		3599	0	0
1701726204279	t	marketplace_test_cue_warehouse_right	0.0	0	0	4.9255	853.344	730.5600000000001	1.0	4.7961	837.504	857.76	1.0	-0.0858	0.3508	0.9325	-7.2472	1.4159	-30.9777	0.0	5	0.0	0.0		3599	0	0
1701726204287	t	marketplace_test_cue_warehouse_right	0.0	0	0	5.0986	838.8000000000001	721.92	1.0	4.7258	821.376	847.84	1.0	-0.0566	0.3637	0.9298	-6.3473	1.5528	-30.9769	0.0	5	0.0	0.0		3599	0	0
1701726204295	t	marketplace_test_cue_warehouse_right	0.0	0	0	4.9979	819.2159999999999	700.48	1.0	4.6499	804.8159999999999	832.16	1.0	-0.0282	0.4051	0.9138	-8.6536	1.6463	-31.134	0.0	5	0.0	0.0		3599	0	0
1701726204304	t	marketplace_test_cue_warehouse_right	0.0	0	0	5.0353	795.456	685.44	1.0	4.7571	778.032	819.2	1.0	0.0145	0.4307	0.9024	-16.375	1.5713	-31.4173	0.0	5	0.0	0.0		3599	0	0
1701726204312	t	marketplace_test_cue_warehouse_right	0.0	0	0	5.2447	773.2800000000001	663.36	1.0	4.9921	752.8320000000001	799.2	1.0	0.0557	0.4878	0.8712	-24.8679	1.4843	-31.8064	0.0	5	0.0	0.0		3599	0	0
1701726204320	t	marketplace_test_cue_warehouse_right	0.0	0	0	5.4195	751.1039999999999	653.92	1.0	4.5589	725.04	800.0	1.0	0.1122	0.4662	0.8775	-28.7345	1.4258	-31.9134	0.0	5	0.0	0.0		3599	0	0
1701726204328	t	marketplace_test_cue_warehouse_right	0.0	0	0	5.4211	735.984	641.6	1.0	4.9573	708.048	780.9599999999999	1.0	0.1363	0.5323	0.8355	-29.4459	1.52	-32.131	0.0	5	0.0	0.0		3599	0	0
1701726204337	t	marketplace_test_cue_warehouse_right	0.0	0	0	5.2145	731.52	644.8000000000001	1.0	5.0077	697.392	784.32	1.0	0.1574	0.5181	0.8407	-29.3463	1.5206	-32.115	0.0	5	0.0	0.0		3599	0	0
1701726204345	t	marketplace_test_cue_warehouse_right	0.0	0	0	5.36	729.3599999999999	648.96	1.0	4.8831	693.792	786.88	1.0	0.1648	0.5084	0.8452	-28.9859	1.5137	-32.0891	0.0	5	0.0	0.0		3599	0	0
1701726204353	t	marketplace_test_cue_warehouse_right	0.0	0	0	5.1884	727.3439999999999	659.04	1.0	4.7179	693.216	791.52	1.0	0.1677	0.4931	0.8537	-28.2649	1.496	-32.0314	0.0	5	0.0	0.0		3599	0	0
1701726204362	t	marketplace_test_cue_warehouse_right	0.0	0	0	5.2479	722.736	660.8	1.0	4.7009	694.0799999999999	793.6	1.0	0.1672	0.4916	0.8546	-26.2265	1.522	-31.9667	0.0	5	0.0	0.0		3599	0	0
1701726204370	t	marketplace_test_cue_warehouse_right	0.0	0	0	5.1011	725.3280000000001	668.8	1.0	4.7411	698.112	794.56	1.0	0.1545	0.4913	0.8572	-19.559	1.6727	-31.7758	0.0	5	0.0	0.0		3599	0	0
1701726204378	t	marketplace_test_cue_warehouse_right	0.0	0	0	5.1128	725.04	673.9200000000001	1.0	4.6496	704.736	798.24	1.0	0.1388	0.4835	0.8643	-16.5965	1.7011	-31.6619	0.0	5	0.0	0.0		3599	0	0
1701726204387	t	marketplace_test_cue_warehouse_right	0.0	0	0	4.9382	729.936	675.36	1.0	4.7008	706.7520000000001	806.72	1.0	0.1338	0.4646	0.8753	-13.5934	1.7301	-31.5254	0.0	5	0.0	0.0		3599	0	0
1701726204395	t	marketplace_test_cue_warehouse_right	0.0	0	0	4.9017	735.552	680.64	1.0	4.72	712.3679999999999	808.8	1.0	0.1251	0.4639	0.877	-13.4243	1.6795	-31.4963	0.0	5	0.0	0.0		3599	0	0
1701726204403	t	marketplace_test_cue_warehouse_right	0.0	0	0	5.3078	737.9999999999999	679.04	1.0	4.7607	716.4	814.88	1.0	0.1252	0.4609	0.8786	-13.8011	1.6128	-31.4789	0.0	5	0.0	0.0		3599	0	0
1701726204412	t	marketplace_test_cue_warehouse_right	0.0	0	0	4.8553	743.9039999999999	687.5200000000001	1.0	4.5989	722.3040000000001	817.6	1.0	0.1156	0.4483	0.8864	-10.1856	1.6716	-31.3479	0.0	5	0.0	0.0		3599	0	0
1701726204420	t	marketplace_test_cue_warehouse_right	0.0	0	0	4.9368	749.088	695.84	1.0	4.671	726.192	820.48	1.0	0.1114	0.4371	0.8925	-5.8454	1.745	-31.1934	0.0	5	0.0	0.0		3599	0	0
1701726204428	t	marketplace_test_cue_warehouse_right	0.0	0	0	4.9883	752.976	697.92	1.0	4.6668	732.816	822.4	1.0	0.1037	0.4352	0.8943	-5.3625	1.7315	-31.1669	0.0	5	0.0	0.0		3599	0	0
1701726204437	t	marketplace_test_cue_warehouse_right	0.0	0	0	5.0627	757.728	700.96	1.0	4.6791	741.456	823.3599999999999	1.0	0.0836	0.4359	0.8961	-13.0724	1.4969	-31.3574	0.0	5	0.0	0.0		3599	0	0
1701726204445	t	marketplace_test_cue_warehouse_right	0.0	0	0	4.9719	761.904	703.52	1.0	4.5266	745.0559999999999	828.8000000000001	1.0	0.0788	0.4241	0.9022	-14.6856	1.4054	-31.3683	0.0	5	0.0	0.0		3599	0	0
1701726204453	t	marketplace_test_cue_warehouse_right	0.0	0	0	5.0522	766.512	704.64	1.0	4.6832	750.096	829.9200000000001	1.0	0.0761	0.4316	0.8988	-17.6555	1.2856	-31.4479	0.0	5	0.0	0.0		3599	0	0
1701726204462	t	marketplace_test_cue_warehouse_right	0.0	0	0	4.9316	770.688	708.0	1.0	4.8483	760.752	826.72	1.0	0.0538	0.4508	0.891	-19.7104	1.1989	-31.5257	0.0	5	0.0	0.0		3599	0	0
1701726204470	t	marketplace_test_cue_warehouse_right	0.0	0	0	4.9848	776.88	713.76	1.0	4.4819	763.776	835.0400000000001	1.0	0.0598	0.4228	0.9042	-18.683	1.1766	-31.4399	0.0	5	0.0	0.0		3599	0	0
1701726204478	t	marketplace_test_cue_warehouse_right	0.0	0	0	4.8984	783.792	716.16	1.0	4.5875	770.688	841.92	1.0	0.0477	0.4089	0.9113	-17.7103	1.1525	-31.3767	0.0	5	0.0	0.0		3599	0	0
1701726204487	t	marketplace_test_cue_warehouse_right	0.0	0	0	4.9123	790.8480000000001	720.48	1.0	4.6298	772.128	846.72	1.0	0.045	0.396	0.9171	-14.8521	1.1936	-31.2685	0.0	5	0.0	0.0		3599	0	0
1701726204495	t	marketplace_test_cue_warehouse_right	0.0	0	0	5.1365	770.976	720.16	1.0	4.4922	761.04	846.08	1.0	0.0721	0.4005	0.9134	-5.6135	1.4313	-31.041	0.0	5	0.0	0.0		3599	0	0
1701726204504	t	marketplace_test_cue_warehouse_right	0.0	0	0	5.197	744.768	721.92	1.0	4.8195	734.544	843.52	1.0	0.1234	0.4132	0.9022	-10.9355	1.2695	-31.2305	0.0	5	0.0	0.0		3599	0	0
1701726204512	t	marketplace_test_cue_warehouse_right	0.0	0	0	5.1586	718.704	723.36	1.0	4.6591	700.704	848.0	1.0	0.1868	0.4028	0.896	-11.2625	1.2375	-31.2769	0.0	5	0.0	0.0		3599	0	0
1701726204520	t	marketplace_test_cue_warehouse_right	0.0	0	0	5.183	703.4399999999999	728.6400000000001	1.0	4.6927	681.984	849.92	1.0	0.2166	0.403	0.8892	-12.5855	1.1541	-31.3462	0.0	5	0.0	0.0		3599	0	0
1701726204528	t	marketplace_test_cue_warehouse_right	0.0	0	0	5.0854	707.76	732.64	1.0	4.6789	682.128	857.6	1.0	0.211	0.3864	0.8979	-13.3409	1.0738	-31.3248	0.0	5	0.0	0.0		3599	0	0
1701726204537	t	marketplace_test_cue_warehouse_right	0.0	0	0	5.104	714.384	739.2	1.0	4.7283	690.336	863.84	1.0	0.2009	0.3633	0.9097	-0.1559	1.3993	-30.9286	0.0	5	0.0	0.0		3599	0	0
1701726204545	t	marketplace_test_cue_warehouse_right	0.0	0	0	5.0838	713.088	737.28	1.0	4.6426	697.392	864.0	1.0	0.2006	0.3718	0.9064	-0.5502	1.3709	-30.9477	0.0	5	0.0	0.0		3599	0	0
1701726204553	t	marketplace_test_cue_warehouse_right	0.0	0	0	5.0822	717.84	739.52	1.0	4.6559	702.288	863.52	1.0	0.1893	0.3731	0.9083	-1.946	1.3101	-30.9705	0.0	5	0.0	0.0		3599	0	0
1701726204562	t	marketplace_test_cue_warehouse_right	0.0	0	0	5.0096	719.856	742.4000000000001	1.0	4.6512	705.7439999999999	864.64	1.0	0.1832	0.3704	0.9106	-3.6767	1.2351	-31.0004	0.0	5	0.0	0.0		3599	0	0
1701726204570	t	marketplace_test_cue_warehouse_right	0.0	0	0	4.9443	722.88	743.68	1.0	4.5853	710.928	867.36	1.0	0.173	0.3635	0.9154	-3.3305	1.2278	-30.9713	0.0	5	0.0	0.0		3599	0	0
1701726204579	t	marketplace_test_cue_warehouse_right	0.0	0	0	5.1021	726.768	744.8000000000001	1.0	4.6558	711.216	869.92	1.0	0.175	0.3608	0.916	-4.5597	1.1762	-30.9888	0.0	5	0.0	0.0		3599	0	0
1701726204587	t	marketplace_test_cue_warehouse_right	0.0	0	0	5.0135	728.496	744.8000000000001	1.0	4.6719	716.544	871.1999999999999	1.0	0.1673	0.3605	0.9176	-5.0319	1.1492	-30.9929	0.0	5	0.0	0.0		3599	0	0
1701726204595	t	marketplace_test_cue_warehouse_right	0.0	0	0	5.0243	732.3840000000001	745.4399999999999	1.0	4.7163	718.9920000000001	873.1199999999999	1.0	0.1593	0.3595	0.9194	-4.5706	1.1395	-30.9701	0.0	5	0.0	0.0		3599	0	0
1701726204604	t	marketplace_test_cue_warehouse_right	0.0	0	0	5.0361	735.2640000000001	748.0	1.0	4.5812	721.872	879.8400000000001	1.0	0.1526	0.3442	0.9264	-4.9972	1.091	-30.9498	0.0	5	0.0	0.0		3599	0	0
1701726204612	t	marketplace_test_cue_warehouse_right	0.0	0	0	4.9654	737.424	748.48	1.0	4.4079	727.056	881.1199999999999	1.0	0.1424	0.3427	0.9286	-5.9196	1.0452	-30.9661	0.0	5	0.0	0.0		3599	0	0
1701726204620	t	marketplace_test_cue_warehouse_right	0.0	0	0	5.1957	741.744	751.04	1.0	4.4875	729.792	880.64	1.0	0.1377	0.345	0.9284	-6.5058	1.0112	-30.9717	0.0	5	0.0	0.0		3599	0	0
1701726204628	t	marketplace_test_cue_warehouse_right	0.0	0	0	5.0711	747.792	754.72	1.0	4.5352	734.976	881.6	1.0	0.1245	0.3376	0.933	-6.9663	0.9879	-30.9625	0.0	5	0.0	0.0		3599	0	0
1701726204637	t	marketplace_test_cue_warehouse_right	0.0	0	0	5.0186	748.368	757.76	1.0	4.4334	738.576	883.84	1.0	0.1226	0.3278	0.9368	-6.9697	0.9785	-30.9486	0.0	5	0.0	0.0		3599	0	0
1701726204645	t	marketplace_test_cue_warehouse_right	0.0	0	0	5.0808	753.552	759.04	1.0	4.5527	743.184	887.36	1.0	0.1096	0.3206	0.9409	-7.5001	0.9454	-30.9403	0.0	5	0.0	0.0		3599	0	0
1701726204654	t	marketplace_test_cue_warehouse_right	0.0	0	0	5.0815	754.848	757.76	1.0	4.5831	746.352	883.36	1.0	0.1048	0.3358	0.9361	-12.261	0.8115	-31.0816	0.0	5	0.0	0.0		3599	0	0
1701726204662	t	marketplace_test_cue_warehouse_right	0.0	0	0	5.0233	756.288	760.1600000000001	1.0	4.5448	746.9280000000001	884.6399999999999	1.0	0.1033	0.3318	0.9377	-13.6249	0.7595	-31.1082	0.0	5	0.0	0.0		3599	0	0
1701726204671	t	marketplace_test_cue_warehouse_right	0.0	0	0	5.0181	756.0	761.5999999999999	1.0	4.5146	747.504	889.7600000000001	1.0	0.1064	0.3174	0.9423	-12.9936	0.7591	-31.0685	0.0	5	0.0	0.0		3599	0	0
1701726204678	t	marketplace_test_cue_warehouse_right	0.0	0	0	5.0563	757.5840000000001	763.52	1.0	4.4658	751.8240000000001	886.88	1.0	0.0977	0.3233	0.9412	-12.5658	0.7721	-31.066	0.0	5	0.0	0.0		3599	0	0
1701726204687	t	marketplace_test_cue_warehouse_right	0.0	0	0	5.0914	762.336	760.0	1.0	4.6074	754.848	887.36	1.0	0.0884	0.3276	0.9407	-11.3113	0.8085	-31.0362	0.0	5	0.0	0.0		3599	0	0
1701726204695	t	marketplace_test_cue_warehouse_right	0.0	0	0	5.0273	762.192	761.12	1.0	4.5218	756.144	888.0000000000001	1.0	0.0906	0.3222	0.9423	-7.8681	0.9075	-30.9403	0.0	5	0.0	0.0		3599	0	0
1701726204703	t	marketplace_test_cue_warehouse_right	0.0	0	0	5.0448	761.4720000000001	760.32	1.0	4.6745	758.5920000000001	890.8799999999999	1.0	0.0743	0.323	0.9435	-7.4707	0.89	-30.9254	0.0	5	0.0	0.0		3599	0	0
1701726204712	t	marketplace_test_cue_warehouse_right	0.0	0	0	5.1643	739.008	775.04	1.0	4.6493	733.104	894.5600000000001	1.0	0.1232	0.3252	0.9376	-8.1461	0.72	-30.9702	0.0	5	0.0	0.0		3599	0	0
1701726204720	t	marketplace_test_cue_warehouse_right	0.0	0	0	5.1392	708.192	798.7199999999999	1.0	4.872	692.784	917.92	1.0	0.2067	0.2697	0.9405	-7.9354	0.5336	-30.9494	0.0	5	0.0	0.0		3599	0	0
1701726204728	t	marketplace_test_cue_warehouse_right	0.0	0	0	5.1123	690.768	815.5200000000001	1.0	4.8293	667.1519999999999	940.0	1.0	0.2483	0.2255	0.942	-4.233	0.4541	-30.8618	0.0	5	0.0	0.0		3599	0	0
1701726204737	t	marketplace_test_cue_warehouse_right	0.0	0	0	4.9896	683.712	830.5600000000001	1.0	4.8394	656.064	957.44	1.0	0.2756	0.1905	0.9422	2.5799	0.4919	-30.6853	0.0	5	0.0	0.0		3599	0	0
1701726204745	t	marketplace_test_cue_warehouse_right	0.0	0	0	4.9505	686.016	835.68	1.0	4.8685	663.408	963.68	1.0	0.2649	0.1783	0.9476	5.031	0.5044	-30.6018	0.0	5	0.0	0.0		3599	0	0
1701726204754	t	marketplace_test_cue_warehouse_right	0.0	0	0	5.016	688.1759999999999	837.7599999999999	1.0	4.8738	673.776	962.4000000000001	1.0	0.25	0.1802	0.9513	4.8174	0.4754	-30.594	0.0	5	0.0	0.0		3599	0	0
1701726204762	t	marketplace_test_cue_warehouse_right	0.0	0	0	4.93	689.472	837.12	1.0	4.4125	678.096	967.0400000000001	1.0	0.2441	0.1673	0.9552	4.2299	0.4671	-30.5887	0.0	5	0.0	0.0		3599	0	0
1701726204770	t	marketplace_test_cue_warehouse_right	0.0	0	0	4.957	691.1999999999999	834.4	1.0	4.7178	679.536	962.0799999999999	1.0	0.2423	0.1749	0.9543	3.6757	0.4956	-30.6027	0.0	5	0.0	0.0		3599	0	0
1701726204779	t	marketplace_test_cue_warehouse_right	0.0	0	0	5.0586	694.368	832.48	1.0	4.5603	684.288	956.0	1.0	0.2298	0.1835	0.9558	1.4753	0.4637	-30.6534	0.0	5	0.0	0.0		3599	0	0
1701726204787	t	marketplace_test_cue_warehouse_right	0.0	0	0	5.0037	697.392	831.5200000000001	1.0	4.6207	693.648	953.5999999999999	1.0	0.2122	0.1845	0.9596	0.7511	0.4665	-30.6579	0.0	5	0.0	0.0		3599	0	0
1701726204796	t	marketplace_test_cue_warehouse_right	0.0	0	0	4.9819	702.432	829.12	1.0	4.6886	696.672	951.8399999999999	1.0	0.205	0.1859	0.9609	-0.2142	0.4709	-30.6691	0.0	5	0.0	0.0		3599	0	0
1701726204804	t	marketplace_test_cue_warehouse_right	0.0	0	0	5.0023	705.024	831.1999999999999	1.0	4.7369	699.696	950.24	1.0	0.2031	0.1812	0.9622	-0.2071	0.4874	-30.6593	0.0	5	0.0	0.0		3599	0	0
1701726204812	t	marketplace_test_cue_warehouse_right	0.0	0	0	5.0594	707.04	828.6400000000001	1.0	4.6397	703.152	951.36	1.0	0.1986	0.1824	0.963	-0.1018	0.4978	-30.6529	0.0	5	0.0	0.0		3599	0	0
1701726204821	t	marketplace_test_cue_warehouse_right	0.0	0	0	5.0079	711.36	828.32	1.0	4.6562	707.04	950.4	1.0	0.1875	0.1845	0.9648	-1.9263	0.448	-30.6882	0.0	5	0.0	0.0		3599	0	0
1701726204829	t	marketplace_test_cue_warehouse_right	0.0	0	0	4.9784	713.664	826.72	1.0	4.6701	709.2	948.9599999999999	1.0	0.1856	0.1922	0.9636	-4.3251	0.3838	-30.7535	0.0	5	0.0	0.0		3599	0	0
1701726204838	t	marketplace_test_cue_warehouse_right	0.0	0	0	5.0746	717.408	827.9999999999999	1.0	4.606	711.36	948.32	1.0	0.1756	0.1977	0.9644	-12.7849	0.1373	-30.9611	0.0	5	0.0	0.0		3599	0	0
1701726204846	t	marketplace_test_cue_warehouse_right	0.0	0	0	5.0336	719.712	828.8000000000001	1.0	4.6096	714.384	950.56	1.0	0.1695	0.1893	0.9672	-12.4	0.1462	-30.9335	0.0	5	0.0	0.0		3599	0	0
1701726204854	t	marketplace_test_cue_warehouse_right	0.0	0	0	5.0346	723.5999999999999	825.1200000000001	1.0	4.494	718.56	951.36	1.0	0.1569	0.1901	0.9691	-11.2494	0.1757	-30.8913	0.0	5	0.0	0.0		3599	0	0
1701726204862	t	marketplace_test_cue_warehouse_right	0.0	0	0	5.0872	724.4639999999999	828.6400000000001	1.0	4.7581	720.144	947.84	1.0	0.158	0.1974	0.9675	-11.0221	0.1866	-30.8936	0.0	5	0.0	0.0		3599	0	0
1701726204871	t	marketplace_test_cue_warehouse_right	0.0	0	0	5.0954	728.784	826.24	1.0	4.6319	722.592	949.6	1.0	0.149	0.1958	0.9693	-10.976	0.1829	-30.8926	0.0	5	0.0	0.0		3599	0	0
1701726204879	t	marketplace_test_cue_warehouse_right	0.0	0	0	5.1616	729.936	825.2800000000001	1.0	4.64	725.904	951.2	1.0	0.1457	0.1911	0.9707	-10.467	0.2039	-30.8757	0.0	5	0.0	0.0		3599	0	0
1701726204887	t	marketplace_test_cue_warehouse_right	0.0	0	0	5.1122	734.544	827.2	1.0	4.7023	728.928	951.52	1.0	0.1396	0.186	0.9726	-10.4255	0.2087	-30.8537	0.0	5	0.0	0.0		3599	0	0
1701726204896	t	marketplace_test_cue_warehouse_right	0.0	0	0	5.165	737.568	824.64	1.0	4.5651	730.656	952.0	1.0	0.1393	0.1865	0.9725	-9.4633	0.2354	-30.8135	0.0	5	0.0	0.0		3599	0	0
1701726204904	t	marketplace_test_cue_warehouse_right	0.0	0	0	5.1959	739.4399999999999	825.44	1.0	4.7052	736.7040000000001	953.92	1.0	0.1276	0.1805	0.9753	-8.1994	0.2709	-30.7707	0.0	5	0.0	0.0		3599	0	0
1701726204912	t	marketplace_test_cue_warehouse_right	0.0	0	0	5.1584	744.0480000000001	826.24	1.0	4.6693	739.2959999999999	950.4	1.0	0.1212	0.1873	0.9748	-8.4834	0.2725	-30.7937	0.0	5	0.0	0.0		3599	0	0
1701726204921	t	marketplace_test_cue_warehouse_right	0.0	0	0	5.1302	744.624	823.6800000000001	1.0	4.669	743.616	949.92	1.0	0.1192	0.1928	0.974	-7.6141	0.2865	-30.7331	0.0	5	0.0	0.0		3599	0	0
1701726204929	t	marketplace_test_cue_warehouse_right	0.0	0	0	5.1208	750.096	824.8	1.0	4.6025	747.36	948.32	1.0	0.1065	0.1915	0.9757	-6.1199	0.3366	-30.6808	0.0	5	0.0	0.0		3599	0	0
1701726204937	t	marketplace_test_cue_warehouse_right	0.0	0	0	5.2147	750.528	823.1999999999999	1.0	4.6996	749.376	949.76	1.0	0.1072	0.1884	0.9762	-2.9281	0.4312	-30.5789	0.0	5	0.0	0.0		3599	0	0
1701726204946	t	marketplace_test_cue_warehouse_right	0.0	0	0	5.1768	754.272	821.12	1.0	4.6647	751.968	949.6	1.0	0.0977	0.1901	0.9769	-1.2704	0.4907	-30.541	0.0	5	0.0	0.0		3599	0	0
1701726204954	t	marketplace_test_cue_warehouse_right	0.0	0	0	5.0831	756.8639999999999	821.9200000000001	1.0	4.7351	754.272	948.0	1.0	0.092	0.1896	0.9775	-2.7069	0.4706	-30.6032	0.0	5	0.0	0.0		3599	0	0
1701726204962	t	marketplace_test_cue_warehouse_right	0.0	0	0	5.0096	758.88	819.68	1.0	4.6333	756.8639999999999	945.5999999999999	1.0	0.0876	0.1946	0.977	-4.1028	0.4518	-30.6487	0.0	5	0.0	0.0		3599	0	0
1701726204971	t	marketplace_test_cue_warehouse_right	0.0	0	0	5.1187	761.184	817.76	1.0	4.6744	757.728	946.4000000000001	1.0	0.0916	0.1946	0.9766	-4.051	0.4557	-30.6109	0.0	5	0.0	0.0		3599	0	0
1701726204979	t	marketplace_test_cue_warehouse_right	0.0	0	0	5.0305	765.936	817.92	1.0	4.6772	762.912	947.04	1.0	0.0786	0.191	0.9784	-3.9215	0.4661	-30.6094	0.0	5	0.0	0.0		3599	0	0
1701726204987	t	marketplace_test_cue_warehouse_right	0.0	0	0	5.1593	769.104	818.72	1.0	4.6149	764.4960000000001	946.4000000000001	1.0	0.0762	0.1898	0.9789	-4.5302	0.4627	-30.644	0.0	5	0.0	0.0		3599	0	0
1701726204996	t	marketplace_test_cue_warehouse_right	0.0	0	0	5.0137	772.272	818.5600000000001	1.0	4.7148	767.5200000000001	943.2	1.0	0.0697	0.1989	0.9775	-5.4425	0.4359	-30.674	0.0	5	0.0	0.0		3599	0	0
1701726205004	t	marketplace_test_cue_warehouse_right	0.0	0	0	5.1926	774.72	815.84	1.0	4.6889	768.3839999999999	944.6400000000001	1.0	0.0671	0.2016	0.9772	-5.6073	0.4241	-30.6647	0.0	5	0.0	0.0		3599	0	0
1701726205012	t	marketplace_test_cue_warehouse_right	0.0	0	0	5.016	776.0160000000001	817.2800000000001	1.0	4.7591	773.712	944.96	1.0	0.0554	0.1992	0.9784	-5.7996	0.4148	-30.6661	0.0	5	0.0	0.0		3599	0	0
1701726205021	t	marketplace_test_cue_warehouse_right	0.0	0	0	5.1683	778.1759999999999	814.72	1.0	4.6487	772.4159999999999	944.6400000000001	1.0	0.0573	0.2054	0.977	-6.8062	0.3745	-30.6656	0.0	5	0.0	0.0		3599	0	0
1701726205029	t	marketplace_test_cue_warehouse_right	0.0	0	0	5.0396	778.8960000000001	814.4	1.0	4.7464	776.3040000000001	942.56	1.0	0.0496	0.2113	0.9762	-7.7042	0.3578	-30.7092	0.0	5	0.0	0.0		3599	0	0
1701726205037	t	marketplace_test_cue_warehouse_right	0.0	0	0	5.1514	783.792	815.6800000000001	1.0	4.745	775.872	944.48	1.0	0.0461	0.204	0.9779	-8.1799	0.3407	-30.6998	0.0	5	0.0	0.0		3599	0	0
1701726205045	t	marketplace_test_cue_warehouse_right	0.0	0	0	5.0123	784.2239999999999	816.64	1.0	4.6375	779.1840000000001	944.16	1.0	0.0459	0.1953	0.9797	-9.1008	0.3494	-30.7373	0.0	5	0.0	0.0		3599	0	0
1701726205054	t	marketplace_test_cue_warehouse_right	0.0	0	0	5.0578	788.112	816.48	1.0	4.706	779.472	942.0799999999999	1.0	0.0414	0.2054	0.9778	-12.8	0.2269	-30.7941	0.0	5	0.0	0.0		3599	0	0
1701726205062	t	marketplace_test_cue_warehouse_right	0.0	0	0	5.0073	792.432	816.16	1.0	4.6209	787.2479999999999	940.8	1.0	0.0213	0.2128	0.9769	-24.0413	-0.092	-31.0703	0.0	5	0.0	0.0		3599	0	0
1701726205070	t	marketplace_test_cue_warehouse_right	0.0	0	0	5.0894	794.16	815.04	1.0	4.6838	787.8240000000001	942.0799999999999	1.0	0.028	0.2082	0.9777	-27.5642	-0.1856	-31.1517	0.0	5	0.0	0.0		3599	0	0
1701726205079	t	marketplace_test_cue_warehouse_right	0.0	0	0	5.0972	794.8800000000001	814.08	1.0	4.815	790.5600000000001	938.5600000000001	1.0	0.025	0.2205	0.9751	-28.4305	-0.1822	-31.2148	0.0	5	0.0	0.0		3599	0	0
1701726205087	t	marketplace_test_cue_warehouse_right	0.0	0	0	5.0861	798.48	813.7600000000001	1.0	4.743	792.288	939.84	1.0	0.0201	0.2122	0.977	-28.6737	-0.182	-31.2087	0.0	5	0.0	0.0		3599	0	0
1701726205095	t	marketplace_test_cue_warehouse_right	0.0	0	0	5.0143	796.0319999999999	812.64	1.0	4.7882	793.0079999999999	936.48	1.0	0.0217	0.2245	0.9742	-27.0904	-0.1216	-31.1957	0.0	5	0.0	0.0		3599	0	0
1701726205104	t	marketplace_test_cue_warehouse_right	0.0	0	0	5.1233	800.7840000000001	811.68	1.0	4.7032	796.0319999999999	940.9599999999999	1.0	0.0087	0.2059	0.9785	-25.1194	-0.073	-31.1115	0.0	5	0.0	0.0		3599	0	0
1701726205112	t	marketplace_test_cue_warehouse_right	0.0	0	0	5.0682	802.08	809.2800000000001	1.0	4.7666	799.2	936.16	1.0	-0.0031	0.2232	0.9748	-21.5146	0.0442	-31.0479	0.0	5	0.0	0.0		3599	0	0
1701726205120	t	marketplace_test_cue_warehouse_right	0.0	0	0	5.1526	801.504	809.1200000000001	1.0	4.7605	798.048	938.08	1.0	0.0005	0.2177	0.976	-19.1601	0.1014	-30.9741	0.0	5	0.0	0.0		3599	0	0
1701726205129	t	marketplace_test_cue_warehouse_right	0.0	0	0	5.0829	802.944	811.0400000000001	1.0	4.8179	801.9359999999999	933.92	1.0	-0.0156	0.2289	0.9733	-16.6277	0.1782	-30.9218	0.0	5	0.0	0.0		3599	0	0
1701726205137	t	marketplace_test_cue_warehouse_right	0.0	0	0	5.0857	804.24	811.2	1.0	4.7745	799.776	934.8800000000001	1.0	-0.0128	0.2258	0.9741	-16.8218	0.1688	-30.9228	0.0	5	0.0	0.0		3599	0	0
1701726205146	t	marketplace_test_cue_warehouse_right	0.0	0	0	5.0885	784.512	816.16	1.0	4.782	784.9440000000001	936.0	1.0	0.0109	0.2207	0.9753	-14.2957	0.2064	-30.8524	0.0	5	0.0	0.0		3599	0	0
1701726205154	t	marketplace_test_cue_warehouse_right	0.0	0	0	5.345	739.8720000000001	821.12	1.0	4.5632	751.248	939.3599999999999	1.0	0.0818	0.2117	0.9739	-15.4694	0.1376	-30.9202	0.0	5	0.0	0.0		3599	0	0
1701726205162	t	marketplace_test_cue_warehouse_right	0.0	0	0	5.2162	702.72	825.76	1.0	4.7797	709.776	939.04	1.0	0.1456	0.213	0.9661	-19.9681	0.0185	-31.1013	0.0	5	0.0	0.0		3599	0	0
1701726205171	t	marketplace_test_cue_warehouse_right	0.0	0	0	5.1542	670.32	830.88	1.0	4.6805	669.456	942.56	1.0	0.2015	0.2144	0.9557	-25.292	-0.1708	-31.3194	0.0	5	0.0	0.0		3599	0	0
1701726205178	t	marketplace_test_cue_warehouse_right	0.0	0	0	5.2544	636.912	845.4399999999999	1.0	4.7891	631.152	951.2	1.0	0.2715	0.1991	0.9416	-27.3117	-0.2802	-31.4674	0.0	5	0.0	0.0		3599	0	0
1701726205187	t	marketplace_test_cue_warehouse_right	0.0	0	0	5.1605	613.4399999999999	852.6400000000001	1.0	5.0	599.904	960.6400000000001	1.0	0.3309	0.1762	0.9271	-27.6827	-0.3208	-31.5708	0.0	5	0.0	0.0		3599	0	0
1701726205195	t	marketplace_test_cue_warehouse_right	0.0	0	0	5.1411	589.536	863.84	1.0	4.9823	574.2719999999999	977.44	1.0	0.3769	0.1338	0.9165	-27.8761	-0.4186	-31.6376	0.0	5	0.0	0.0		3599	0	0
1701726205203	t	marketplace_test_cue_warehouse_right	0.0	0	0	5.2548	570.384	865.28	1.0	5.0687	550.944	985.6	1.0	0.4225	0.1274	0.8974	-27.8279	-0.4873	-31.7476	0.0	5	0.0	0.0		3599	0	0
1701726205211	t	marketplace_test_cue_warehouse_right	0.0	0	0	5.2173	553.2479999999999	882.4	1.0	4.8299	529.2	997.9200000000001	1.0	0.4748	0.1003	0.8743	-27.1944	-0.5405	-31.831	0.0	5	0.0	0.0		3599	0	0
1701726205220	t	marketplace_test_cue_warehouse_right	0.0	0	0	5.1812	545.76	889.6000000000001	1.0	5.0182	514.2239999999999	1014.88	1.0	0.5001	0.0603	0.8638	-25.4214	-0.5829	-31.8455	0.0	5	0.0	0.0		3599	0	0
1701726205228	t	marketplace_test_cue_warehouse_right	0.0	0	0	5.264	535.968	907.3600000000001	1.0	4.9794	505.296	1020.8000000000001	1.0	0.5169	0.0594	0.8539	-23.0325	-0.6135	-31.8577	0.0	5	0.0	0.0		3599	0	0
1701726205236	t	marketplace_test_cue_warehouse_right	0.0	0	0	5.2866	532.3679999999999	914.24	1.0	5.0934	497.52	1035.2	1.0	0.5601	0.0184	0.8282	18.0045	0.4245	-30.9575	0.0	5	0.0	0.0		3599	0	0
1701726205244	t	marketplace_test_cue_warehouse_right	0.0	0	0	5.3008	530.2080000000001	921.4399999999999	0.7658	5.0621	495.504	1041.28	1.0	0.5756	0.0079	0.8177	15.29	0.2962	-31.0317	0.0	5	0.0	0.0		3599	0	0
1701726205253	t	marketplace_test_cue_warehouse_right	0.0	0	0	5.2945	545.76	924.48	0.7658	5.1091	508.32	1046.0800000000002	1.0	0.5413	-0.0089	0.8407	12.7705	0.1891	-30.968	0.0	5	0.0	0.0		3599	0	0
1701726205261	t	marketplace_test_cue_warehouse_right	0.0	0	0	5.3921	551.232	918.4	0.7576	5.0225	525.312	1044.48	1.0	0.5314	0.0034	0.8471	8.8177	0.0909	-31.0007	0.0	5	0.0	0.0		3599	0	0
1701726205270	t	marketplace_test_cue_warehouse_right	0.0	0	0	5.395	560.592	918.4	0.7589	5.1343	542.304	1036.64	1.0	0.5139	0.0098	0.8578	5.18	-0.0009	-31.0041	0.0	5	0.0	0.0		3599	0	0
1701726205279	t	marketplace_test_cue_warehouse_right	0.0	0	0	5.156	577.5840000000001	908.4799999999999	0.7681	5.0013	553.2479999999999	1036.1599999999999	1.0	0.4942	0.0172	0.8692	-0.4528	-0.1268	-31.0349	0.0	5	0.0	0.0		3599	0	0
1701726205286	t	marketplace_test_cue_warehouse_right	0.0	0	0	5.181	590.688	909.6	0.7681	4.9679	567.9359999999999	1033.6000000000001	1.0	0.4652	0.0129	0.8851	1.6251	-0.0698	-30.9145	0.0	5	0.0	0.0		3599	0	0
1701726205295	t	marketplace_test_cue_warehouse_right	0.0	0	0	5.2095	597.744	908.0	1.0	5.0605	582.48	1028.48	1.0	0.4575	0.0214	0.8889	1.6811	-0.0562	-30.8591	0.0	5	0.0	0.0		3599	0	0
1701726205303	t	marketplace_test_cue_warehouse_right	0.0	0	0	5.1424	610.704	905.4399999999999	1.0	4.9554	597.744	1027.52	1.0	0.4305	0.0212	0.9023	3.5208	-0.0037	-30.7494	0.0	5	0.0	0.0		3599	0	0
1701726205311	t	marketplace_test_cue_warehouse_right	0.0	0	0	5.1555	625.1039999999999	903.2	1.0	5.0705	608.544	1024.32	1.0	0.4138	0.0252	0.91	2.0901	-0.0287	-30.7176	0.0	5	0.0	0.0		3599	0	0
1701726205320	t	marketplace_test_cue_warehouse_right	0.0	0	0	5.2059	636.336	896.1600000000001	1.0	5.0032	620.064	1022.4	1.0	0.3904	0.0454	0.9195	-18.5203	-0.6188	-31.1572	0.0	5	0.0	0.0		3599	0	0
1701726205328	t	marketplace_test_cue_warehouse_right	0.0	0	0	5.1885	645.984	892.6399999999999	1.0	5.06	632.16	1022.88	1.0	0.3688	0.0382	0.9287	-17.4319	-0.5673	-31.0811	0.0	5	0.0	0.0		3599	0	0
1701726205337	t	marketplace_test_cue_warehouse_right	0.0	0	0	5.102	653.616	892.0	1.0	5.0596	642.528	1022.24	1.0	0.3523	0.0335	0.9353	-20.0899	-0.6248	-31.1017	0.0	5	0.0	0.0		3599	0	0
1701726205345	t	marketplace_test_cue_warehouse_right	0.0	0	0	5.1868	665.424	892.16	1.0	4.9911	649.584	1023.3599999999999	1.0	0.3433	0.0242	0.9389	-20.5053	-0.6263	-31.0754	0.0	5	0.0	0.0		3599	0	0
1701726205353	t	marketplace_test_cue_warehouse_right	0.0	0	0	5.1469	670.32	890.7199999999999	1.0	4.9745	657.504	1018.4	1.0	0.3296	0.0403	0.9433	-19.4314	-0.5831	-31.0629	0.0	5	0.0	0.0		3599	0	0
1701726205362	t	marketplace_test_cue_warehouse_right	0.0	0	0	5.1212	676.656	892.3199999999999	1.0	4.9612	667.5840000000001	1016.3199999999999	1.0	0.3067	0.043	0.9508	-19.1502	-0.5698	-31.0475	0.0	5	0.0	0.0		3599	0	0
1701726205371	t	marketplace_test_cue_warehouse_right	0.0	0	0	5.0194	681.264	890.08	1.0	4.9147	674.208	1016.0	1.0	0.2917	0.0447	0.9555	-21.153	-0.6039	-31.1586	0.0	5	0.0	0.0		3599	0	0
1701726205379	t	marketplace_test_cue_warehouse_right	0.0	0	0	5.0813	688.1759999999999	887.52	1.0	4.8584	678.816	1017.44	1.0	0.2842	0.034	0.9582	-14.7369	-0.3459	-31.15	0.0	5	0.0	0.0		3599	0	0
1701726205387	t	marketplace_test_cue_warehouse_right	0.0	0	0	5.158	691.92	887.2	1.0	4.8634	686.592	1020.48	1.0	0.2851	0.0215	0.9583	24.9617	0.784	-29.9949	0.0	5	0.0	0.0		3599	0	0
1701726205395	t	marketplace_test_cue_warehouse_right	0.0	0	0	5.1207	699.408	887.68	1.0	4.7961	692.496	1016.64	1.0	0.2656	0.0154	0.964	30.7044	0.9317	-29.735	0.0	5	0.0	0.0		3599	0	0
1701726205403	t	marketplace_test_cue_warehouse_right	0.0	0	0	5.0865	701.136	885.6	1.0	4.719	695.232	1016.0	1.0	0.265	0.0206	0.964	30.6934	0.9456	-29.7288	0.0	5	0.0	0.0		3599	0	0
1701726205412	t	marketplace_test_cue_warehouse_right	0.0	0	0	5.1497	707.472	885.6	1.0	4.7662	699.12	1015.3600000000001	1.0	0.2454	0.0193	0.9692	30.8969	0.9497	-29.7025	0.0	5	0.0	0.0		3599	0	0
1701726205422	t	marketplace_test_cue_warehouse_right	0.0	0	0	5.1458	709.2	885.12	1.0	4.7154	703.8720000000001	1014.24	1.0	0.2467	0.0215	0.9688	30.8573	0.9512	-29.702	0.0	5	0.0	0.0		3599	0	0
1701726205428	t	marketplace_test_cue_warehouse_right	0.0	0	0	5.0807	711.36	882.7199999999999	1.0	4.6172	714.384	1013.7600000000001	1.0	0.2412	0.0302	0.97	30.7846	0.9521	-29.7057	0.0	5	0.0	0.0		3599	0	0
1701726205437	t	marketplace_test_cue_warehouse_right	0.0	0	0	5.1276	715.1039999999999	882.7199999999999	1.0	4.7206	713.808	1012.96	1.0	0.2305	0.0303	0.9726	30.7464	0.9476	-29.6983	0.0	5	0.0	0.0		3599	0	0
1701726205445	t	marketplace_test_cue_warehouse_right	0.0	0	0	5.0792	718.9920000000001	883.6800000000001	1.0	4.7205	718.1279999999999	1010.2399999999999	1.0	0.2185	0.028	0.9754	30.3758	0.9276	-29.7024	0.0	5	0.0	0.0		3599	0	0
1701726205454	t	marketplace_test_cue_warehouse_right	0.0	0	0	5.0548	723.888	884.4799999999999	1.0	4.8366	721.296	1009.6	1.0	0.2019	0.0273	0.979	29.9568	0.9026	-29.7101	0.0	5	0.0	0.0		3599	0	0
1701726205462	t	marketplace_test_cue_warehouse_right	0.0	0	0	5.0883	724.752	883.6800000000001	1.0	4.7677	725.616	1010.88	1.0	0.2026	0.032	0.9787	29.547	0.8889	-29.732	0.0	5	0.0	0.0		3599	0	0
1701726205471	t	marketplace_test_cue_warehouse_right	0.0	0	0	5.0888	727.3439999999999	881.9200000000001	1.0	4.7611	728.928	1013.9200000000001	1.0	0.1924	0.039	0.9805	26.6442	0.814	-29.8387	0.0	5	0.0	0.0		3599	0	0
1701726205479	t	marketplace_test_cue_warehouse_right	0.0	0	0	5.1402	729.792	880.9599999999999	1.0	4.8433	728.496	1011.36	1.0	0.182	0.0405	0.9825	21.455	0.6973	-30.0221	0.0	5	0.0	0.0		3599	0	0
1701726205487	t	marketplace_test_cue_warehouse_right	0.0	0	0	5.0548	731.376	877.28	1.0	4.8125	731.952	1006.88	1.0	0.1762	0.0502	0.9831	19.648	0.6848	-30.1215	0.0	5	0.0	0.0		3599	0	0
1701726205496	t	marketplace_test_cue_warehouse_right	0.0	0	0	4.9608	732.96	874.8799999999999	1.0	4.803	734.2560000000001	1005.9200000000001	1.0	0.1693	0.0542	0.9841	15.5111	0.6066	-30.2897	0.0	5	0.0	0.0		3599	0	0
1701726205504	t	marketplace_test_cue_warehouse_right	0.0	0	0	4.9777	738.432	872.1600000000001	1.0	4.9064	735.408	1005.7600000000001	1.0	0.1576	0.0577	0.9858	25.2549	0.8781	-29.9255	0.0	5	0.0	0.0		3599	0	0
1701726205512	t	marketplace_test_cue_warehouse_right	0.0	0	0	5.0049	741.0239999999999	871.68	1.0	4.8103	739.008	1009.1200000000001	1.0	0.1535	0.0524	0.9868	28.6633	1.0141	-29.8636	0.0	5	0.0	0.0		3599	0	0
1701726205521	t	marketplace_test_cue_warehouse_right	0.0	0	0	5.0829	743.472	867.84	1.0	4.8493	742.7520000000001	1003.2	1.0	0.1492	0.0614	0.9869	30.0307	1.1023	-29.8777	0.0	5	0.0	0.0		3599	0	0
1701726205529	t	marketplace_test_cue_warehouse_right	0.0	0	0	5.0365	744.624	866.7199999999999	1.0	4.8148	742.8960000000001	1003.04	1.0	0.1499	0.059	0.9869	30.5049	1.1616	-29.915	0.0	5	0.0	0.0		3599	0	0
1701726205537	t	marketplace_test_cue_warehouse_right	0.0	0	0	4.9652	746.9280000000001	864.8	1.0	4.7494	747.072	996.64	1.0	0.1404	0.0617	0.9882	30.5689	1.2162	-30.0266	0.0	5	0.0	0.0		3599	0	0
1701726205545	t	marketplace_test_cue_warehouse_right	0.0	0	0	5.0025	750.528	867.84	1.0	4.7839	749.52	1000.3199999999999	1.0	0.1165	0.0429	0.9923	29.0604	1.3837	-30.7455	0.0	5	0.0	0.0		3599	0	0
1701726205554	t	marketplace_test_cue_warehouse_right	0.0	0	0	4.7899	753.8399999999999	864.9599999999999	1.0	4.8799	750.9599999999999	998.56	1.0	0.1032	0.0573	0.993	-31.8435	-0.6946	-31.2207	0.0	5	0.0	0.0		3599	0	0
1701726205562	t	marketplace_test_cue_warehouse_right	0.0	0	0	4.9436	752.6880000000001	861.5999999999999	1.0	4.8903	750.24	998.08	1.0	0.109	0.0532	0.9926	-31.8586	-0.6263	-31.3686	0.0	5	0.0	0.0		3599	0	0
1701726205570	t	marketplace_test_cue_warehouse_right	0.0	0	0	4.841	755.856	862.2400000000001	1.0	4.7423	754.992	995.04	1.0	0.0901	0.0553	0.9944	-31.8769	-0.5475	-31.4969	0.0	5	0.0	0.0		3599	0	0
1701726205579	t	marketplace_test_cue_warehouse_right	0.0	0	0	4.8452	760.032	857.9200000000001	1.0	4.7005	756.7199999999999	993.28	1.0	0.0873	0.0554	0.9946	-31.8981	-0.509	-31.5346	0.0	5	0.0	0.0		3599	0	0
1701726205587	t	marketplace_test_cue_warehouse_right	0.0	0	0	4.9423	759.024	857.76	1.0	4.6387	760.608	989.4399999999999	1.0	0.0774	0.0689	0.9946	-31.9378	-0.5564	-31.3379	0.0	5	0.0	0.0		3599	0	0
1701726205596	t	marketplace_test_cue_warehouse_right	0.0	0	0	4.8447	764.64	857.1199999999999	1.0	4.7357	762.192	985.44	1.0	0.0806	0.0849	0.9931	-31.9813	-0.5965	-31.177	0.0	5	0.0	0.0		3599	0	0
1701726205604	t	marketplace_test_cue_warehouse_right	0.0	0	0	4.8712	762.6239999999999	854.72	1.0	4.7723	763.344	984.8000000000001	1.0	0.0825	0.0854	0.9929	-32.0137	-0.6581	-30.9323	0.0	5	0.0	0.0		3599	0	0
1701726205612	t	marketplace_test_cue_warehouse_right	0.0	0	0	5.0085	765.36	854.4000000000001	1.0	4.8561	765.5039999999999	984.8000000000001	1.0	0.0768	0.0863	0.9933	-32.031	-0.6765	-30.8702	0.0	5	0.0	0.0		3599	0	0
1701726205620	t	marketplace_test_cue_warehouse_right	0.0	0	0	4.9595	767.5200000000001	852.4800000000001	1.0	4.6662	766.512	984.3199999999999	1.0	0.0772	0.0863	0.9933	-32.0579	-0.6829	-30.8495	0.0	5	0.0	0.0		3599	0	0
1701726205628	t	marketplace_test_cue_warehouse_right	0.0	0	0	4.9839	770.4000000000001	853.4399999999999	1.0	4.7299	770.1120000000001	982.56	1.0	0.0666	0.0924	0.9935	-32.0824	-0.6431	-30.9535	0.0	5	0.0	0.0		3599	0	0
1701726205637	t	marketplace_test_cue_warehouse_right	0.0	0	0	5.0456	772.272	851.68	1.0	4.8111	770.2560000000001	978.4000000000001	1.0	0.0682	0.1083	0.9918	-32.088	-0.5991	-31.0659	0.0	5	0.0	0.0		3599	0	0
1701726205645	t	marketplace_test_cue_warehouse_right	0.0	0	0	5.0404	772.9920000000001	851.2	1.0	4.7135	769.968	981.28	1.0	0.0724	0.0935	0.993	-32.1047	-0.6131	-31.0047	0.0	5	0.0	0.0		3599	0	0
1701726205654	t	marketplace_test_cue_warehouse_right	0.0	0	0	4.8685	775.008	849.76	1.0	4.8098	771.12	978.2400000000001	1.0	0.0742	0.107	0.9915	-32.1319	-0.6538	-30.8598	0.0	5	0.0	0.0		3599	0	0
1701726205662	t	marketplace_test_cue_warehouse_right	0.0	0	0	4.896	776.88	848.48	1.0	4.7625	771.2639999999999	977.44	1.0	0.075	0.105	0.9916	-32.1397	-0.5699	-31.0691	0.0	5	0.0	0.0		3599	0	0
1701726205670	t	marketplace_test_cue_warehouse_right	0.0	0	0	4.9867	779.76	845.92	1.0	4.6828	774.576	976.4799999999999	1.0	0.0631	0.1029	0.9927	-32.1515	-0.4607	-31.3608	0.0	5	0.0	0.0		3599	0	0
1701726205678	t	marketplace_test_cue_warehouse_right	0.0	0	0	4.9313	781.3439999999999	847.1999999999999	1.0	4.6532	776.736	978.2400000000001	1.0	0.0594	0.0944	0.9938	-32.1539	-0.4766	-31.2947	0.0	5	0.0	0.0		3599	0	0
1701726205687	t	marketplace_test_cue_warehouse_right	0.0	0	0	5.0045	781.7760000000001	846.08	1.0	4.7145	778.8960000000001	976.8000000000001	1.0	0.0605	0.0896	0.9941	4.6838	0.6858	-30.5851	0.0	5	0.0	0.0		3599	0	0
1701726205695	t	marketplace_test_cue_warehouse_right	0.0	0	0	5.0143	780.336	844.96	1.0	4.643	779.1840000000001	977.12	1.0	0.0714	0.0872	0.9936	18.3337	1.1231	-30.3266	0.0	5	0.0	0.0		3599	0	0
1701726205703	t	marketplace_test_cue_warehouse_right	0.0	0	0	4.9679	784.9440000000001	847.04	1.0	4.6494	781.7760000000001	975.84	1.0	0.0559	0.0797	0.9952	16.3782	1.049	-30.2815	0.0	5	0.0	0.0		3599	0	0
1701726205712	t	marketplace_test_cue_warehouse_right	0.0	0	0	4.9802	784.8000000000001	845.28	1.0	4.6943	781.7760000000001	974.4	1.0	0.0555	0.0869	0.9947	7.5757	0.7911	-30.4681	0.0	5	0.0	0.0		3599	0	0
1701726205720	t	marketplace_test_cue_warehouse_right	0.0	0	0	4.9753	784.9440000000001	843.68	1.0	4.7075	779.76	972.32	1.0	0.0584	0.0955	0.9937	-1.0733	0.5309	-30.633	0.0	5	0.0	0.0		3599	0	0
1701726205728	t	marketplace_test_cue_warehouse_right	0.0	0	0	4.9693	786.0960000000001	842.4	1.0	4.6837	781.1999999999999	972.64	1.0	0.0528	0.0987	0.9937	-16.0029	0.0862	-30.9564	0.0	5	0.0	0.0		3599	0	0
1701726205737	t	marketplace_test_cue_warehouse_right	0.0	0	0	4.9752	786.816	841.2800000000001	1.0	4.7423	781.9200000000001	971.1999999999999	1.0	0.0536	0.1051	0.993	-19.0633	-0.0237	-30.9573	0.0	5	0.0	0.0		3599	0	0
1701726205745	t	marketplace_test_cue_warehouse_right	0.0	0	0	5.0291	788.8319999999999	840.48	1.0	4.6906	783.648	971.1999999999999	1.0	0.0493	0.104	0.9933	-12.6226	0.1756	-30.8215	0.0	5	0.0	0.0		3599	0	0
1701726205753	t	marketplace_test_cue_warehouse_right	0.0	0	0	4.9859	789.408	840.32	1.0	4.6702	784.512	969.4399999999999	1.0	0.051	0.1057	0.9931	-6.0302	0.372	-30.6395	0.0	5	0.0	0.0		3599	0	0
1701726205762	t	marketplace_test_cue_warehouse_right	0.0	0	0	5.0292	787.5360000000001	839.5200000000001	1.0	4.7454	783.936	968.8000000000001	1.0	0.067	0.102	0.9925	20.1088	1.1342	-29.966	0.0	5	0.0	0.0		3599	0	0
1701726205771	t	marketplace_test_cue_warehouse_right	0.0	0	0	5.1189	786.816	836.96	1.0	4.7534	785.52	964.32	1.0	0.0703	0.1123	0.9912	24.6163	1.2861	-29.9039	0.0	5	0.0	0.0		3599	0	0
1701726205779	t	marketplace_test_cue_warehouse_right	0.0	0	0	5.115	786.96	837.12	1.0	4.7017	786.0960000000001	966.7199999999999	1.0	0.0704	0.1082	0.9916	27.7901	1.4012	-29.8786	0.0	5	0.0	0.0		3599	0	0
1701726205787	t	marketplace_test_cue_warehouse_right	0.0	0	0	5.0746	785.9519999999999	836.16	1.0	4.7503	784.8000000000001	963.52	1.0	0.0742	0.1088	0.9913	27.4635	1.4281	-29.9639	0.0	5	0.0	0.0		3599	0	0
1701726205795	t	marketplace_test_cue_warehouse_right	0.0	0	0	5.0376	789.84	835.52	1.0	4.7536	784.9440000000001	963.04	1.0	0.0546	0.1086	0.9926	23.6833	1.3586	-30.1552	0.0	5	0.0	0.0		3599	0	0
1701726205803	t	marketplace_test_cue_warehouse_right	0.0	0	0	4.9246	788.8319999999999	836.16	1.0	4.6959	784.9440000000001	960.4799999999999	1.0	0.0564	0.1127	0.992	8.1057	0.8913	-30.4564	0.0	5	0.0	0.0		3599	0	0
1701726205812	t	marketplace_test_cue_warehouse_right	0.0	0	0	4.9715	787.9680000000001	835.36	1.0	4.6992	787.1039999999999	960.6400000000001	1.0	0.0483	0.1233	0.9912	-12.9002	0.2144	-30.7207	0.0	5	0.0	0.0		3599	0	0
1701726205820	t	marketplace_test_cue_warehouse_right	0.0	0	0	4.9243	788.8319999999999	834.72	1.0	4.7212	786.528	960.4799999999999	1.0	0.046	0.1288	0.9906	-24.5475	-0.1667	-30.8458	0.0	5	0.0	0.0		3599	0	0
1701726205828	t	marketplace_test_cue_warehouse_right	0.0	0	0	4.9717	787.9680000000001	834.8800000000001	1.0	4.6994	785.9519999999999	960.6400000000001	1.0	0.0469	0.1292	0.9905	-28.7152	-0.306	-30.874	0.0	5	0.0	0.0		3599	0	0
1701726205837	t	marketplace_test_cue_warehouse_right	0.0	0	0	5.0193	788.4	834.72	1.0	4.6919	785.52	960.96	1.0	0.0481	0.1287	0.9905	-30.1596	-0.3584	-30.8781	0.0	5	0.0	0.0		3599	0	0
1701726205845	t	marketplace_test_cue_warehouse_right	0.0	0	0	5.0047	788.544	834.4	1.0	4.7008	784.9440000000001	960.6400000000001	1.0	0.0495	0.1307	0.9902	-30.6701	-0.3801	-30.8721	0.0	5	0.0	0.0		3599	0	0
1701726205855	t	marketplace_test_cue_warehouse_right	0.0	0	0	4.9889	788.544	834.72	1.0	4.7027	784.9440000000001	960.4799999999999	1.0	0.0479	0.1348	0.9897	-27.8107	-0.3421	-30.7201	0.0	5	0.0	0.0		3599	0	0
1701726205862	t	marketplace_test_cue_warehouse_right	0.0	0	0	5.0331	782.352	835.36	1.0	4.6278	780.768	956.64	1.0	0.0613	0.1341	0.9891	-23.3902	-0.11	-30.8077	0.0	5	0.0	0.0		3599	0	0
1701726205870	t	marketplace_test_cue_warehouse_right	0.0	0	0	4.9679	763.488	831.1999999999999	1.0	4.6723	766.8	949.2800000000001	1.0	0.0803	0.1528	0.985	-19.1982	0.1683	-31.1689	0.0	5	0.0	0.0		3599	0	0
1701726205878	t	marketplace_test_cue_warehouse_right	0.0	0	0	5.0239	726.624	830.5600000000001	1.0	4.5939	736.7040000000001	948.0	1.0	0.1997	0.1317	0.971	30.5236	1.6347	-30.3941	0.0	5	0.0	0.0		3599	0	0
1701726205887	t	marketplace_test_cue_warehouse_right	0.0	0	0	4.991	686.448	827.36	1.0	4.926	689.1840000000001	939.5200000000001	1.0	0.2966	0.1518	0.9428	30.9352	1.6575	-30.5317	0.0	5	0.0	0.0		3599	0	0
1701726205895	t	marketplace_test_cue_warehouse_right	0.0	0	0	5.0258	652.608	834.72	1.0	4.8042	649.008	932.9599999999999	1.0	0.3574	0.1478	0.9222	31.3392	1.5935	-30.6748	0.0	5	0.0	0.0		3599	0	0
1701726205903	t	marketplace_test_cue_warehouse_right	0.0	0	0	5.0682	626.1120000000001	846.72	1.0	4.9938	615.312	939.04	1.0	0.4136	0.1233	0.902	31.4946	1.5296	-30.7792	0.0	5	0.0	0.0		3599	0	0
1701726205911	t	marketplace_test_cue_warehouse_right	0.0	0	0	5.1099	603.648	859.68	1.0	4.9424	583.632	950.7199999999999	1.0	0.4678	0.1012	0.878	31.3445	1.4376	-30.8899	0.0	5	0.0	0.0		3599	0	0
1701726205920	t	marketplace_test_cue_warehouse_right	0.0	0	0	5.2344	586.512	867.52	1.0	5.0399	563.184	961.92	1.0	0.5042	0.0968	0.8581	30.8501	1.351	-31.0095	0.0	5	0.0	0.0		3599	0	0
1701726205928	t	marketplace_test_cue_warehouse_right	0.0	0	0	5.0725	578.304	873.6	0.7751	5.0203	548.208	970.2400000000001	1.0	0.508	0.0916	0.8565	30.1594	1.2591	-31.0812	0.0	5	0.0	0.0		3599	0	0
1701726205936	t	marketplace_test_cue_warehouse_right	0.0	0	0	5.1505	574.5600000000001	872.64	0.7763	4.9778	543.8879999999999	970.0799999999999	1.0	0.5123	0.1019	0.8528	24.5735	1.1151	-31.1766	0.0	5	0.0	0.0		3599	0	0
1701726205945	t	marketplace_test_cue_warehouse_right	0.0	0	0	5.1779	576.432	873.76	1.0	4.9066	548.496	974.7199999999999	1.0	0.4951	0.0991	0.8631	18.5176	0.9406	-31.225	0.0	5	0.0	0.0		3599	0	0
1701726205955	t	marketplace_test_cue_warehouse_right	0.0	0	0	5.1073	573.6959999999999	873.44	1.0	4.9686	548.784	974.7199999999999	1.0	0.4996	0.1022	0.8602	17.6399	0.9173	-31.2524	0.0	5	0.0	0.0		3599	0	0
1701726205961	t	marketplace_test_cue_warehouse_right	0.0	0	0	5.0883	575.856	871.04	1.0	5.0339	548.208	972.9599999999999	1.0	0.4909	0.1107	0.8641	13.8633	0.8232	-31.2876	0.0	5	0.0	0.0		3599	0	0
1701726205969	t	marketplace_test_cue_warehouse_right	0.0	0	0	5.1054	573.84	872.1600000000001	1.0	4.9973	552.384	971.84	1.0	0.4894	0.1105	0.865	7.758	0.6744	-31.3529	0.0	5	0.0	0.0		3599	0	0
1701726205978	t	marketplace_test_cue_warehouse_right	0.0	0	0	5.1299	576.432	873.76	1.0	5.1014	553.824	970.5600000000001	1.0	0.4778	0.1198	0.8703	-14.4189	0.1234	-31.5695	0.0	5	0.0	0.0		3599	0	0
1701726205986	t	marketplace_test_cue_warehouse_right	0.0	0	0	5.044	578.304	870.72	1.0	5.1113	555.696	968.0	1.0	0.4858	0.1277	0.8647	-11.3907	0.2082	-31.5311	0.0	5	0.0	0.0		3599	0	0
1701726205995	t	marketplace_test_cue_warehouse_right	0.0	0	0	5.0229	578.016	869.4399999999999	1.0	4.9923	559.872	970.88	1.0	0.4762	0.1202	0.8711	-3.5735	0.3854	-31.4398	0.0	5	0.0	0.0		3599	0	0
1701726206003	t	marketplace_test_cue_warehouse_right	0.0	0	0	5.079	583.2	869.6	1.0	4.9728	563.328	971.1999999999999	1.0	0.4724	0.1188	0.8734	-5.0379	0.3433	-31.4231	0.0	5	0.0	0.0		3599	0	0
1701726206011	t	marketplace_test_cue_warehouse_right	0.0	0	0	5.1691	582.768	871.04	1.0	5.0405	566.784	972.64	1.0	0.4743	0.112	0.8732	-3.8585	0.3741	-31.3937	0.0	5	0.0	0.0		3599	0	0
1701726206020	t	marketplace_test_cue_warehouse_right	0.0	0	0	5.0899	588.672	871.04	1.0	5.0051	570.24	969.28	1.0	0.4638	0.1174	0.8781	-4.6842	0.3573	-31.3822	0.0	5	0.0	0.0		3599	0	0
1701726206028	t	marketplace_test_cue_warehouse_right	0.0	0	0	5.2047	590.544	869.76	1.0	5.074	576.288	969.28	1.0	0.4534	0.1177	0.8835	-4.5926	0.3575	-31.3557	0.0	5	0.0	0.0		3599	0	0
1701726206036	t	marketplace_test_cue_warehouse_right	0.0	0	0	5.1344	594.576	869.12	1.0	4.9797	577.872	968.4799999999999	1.0	0.4509	0.1198	0.8845	-4.6013	0.3557	-31.3454	0.0	5	0.0	0.0		3599	0	0
1701726206045	t	marketplace_test_cue_warehouse_right	0.0	0	0	5.0112	597.456	871.1999999999999	1.0	5.0728	582.192	963.84	1.0	0.4445	0.1264	0.8868	-4.9843	0.3511	-31.3393	0.0	5	0.0	0.0		3599	0	0
1701726206053	t	marketplace_test_cue_warehouse_right	0.0	0	0	5.109	598.3199999999999	869.6	1.0	5.0485	584.64	965.9200000000001	1.0	0.4416	0.1231	0.8887	-4.9437	0.3514	-31.3265	0.0	5	0.0	0.0		3599	0	0
1701726206062	t	marketplace_test_cue_warehouse_right	0.0	0	0	5.1424	600.768	868.0	1.0	4.9958	588.24	963.04	1.0	0.4321	0.1308	0.8923	-4.7005	0.3594	-31.3173	0.0	5	0.0	0.0		3599	0	0
1701726206070	t	marketplace_test_cue_warehouse_right	0.0	0	0	5.0736	605.376	868.3199999999999	1.0	4.9908	593.136	961.92	1.0	0.4213	0.1349	0.8968	-11.1038	0.203	-31.3601	0.0	5	0.0	0.0		3599	0	0
1701726206078	t	marketplace_test_cue_warehouse_right	0.0	0	0	5.0523	609.552	865.1199999999999	1.0	4.9659	599.1840000000001	959.2	1.0	0.4098	0.1413	0.9012	-12.0693	0.1983	-31.3496	0.0	5	0.0	0.0		3599	0	0
1701726206087	t	marketplace_test_cue_warehouse_right	0.0	0	0	4.977	612.144	861.5999999999999	1.0	4.9962	600.192	956.32	1.0	0.4101	0.1504	0.8996	-12.0416	0.2162	-31.3521	0.0	5	0.0	0.0		3599	0	0
1701726206095	t	marketplace_test_cue_warehouse_right	0.0	0	0	5.0235	615.168	854.5600000000001	1.0	4.9527	604.5120000000001	958.4	1.0	0.4009	0.149	0.9039	-12.1069	0.2216	-31.3312	0.0	5	0.0	0.0		3599	0	0
1701726206104	t	marketplace_test_cue_warehouse_right	0.0	0	0	5.0537	618.048	855.84	1.0	4.8923	603.936	960.8000000000001	1.0	0.4043	0.1366	0.9044	-12.4789	0.2244	-31.3176	0.0	5	0.0	0.0		3599	0	0
1701726206112	t	marketplace_test_cue_warehouse_right	0.0	0	0	5.1157	617.184	852.0	1.0	4.8907	605.232	959.52	1.0	0.4024	0.1398	0.9047	-11.0206	0.2825	-31.303	0.0	5	0.0	0.0		3599	0	0
1701726206121	t	marketplace_test_cue_warehouse_right	0.0	0	0	5.1053	619.056	851.2	1.0	4.8706	605.664	961.12	1.0	0.3993	0.1307	0.9075	-9.888	0.3308	-31.2766	0.0	5	0.0	0.0		3599	0	0
1701726206128	t	marketplace_test_cue_warehouse_right	0.0	0	0	4.9351	617.76	848.9599999999999	1.0	4.8951	605.952	958.24	1.0	0.4002	0.139	0.9058	-9.9959	0.3403	-31.2838	0.0	5	0.0	0.0		3599	0	0
1701726206136	t	marketplace_test_cue_warehouse_right	0.0	0	0	4.983	620.784	850.24	1.0	4.9142	606.24	957.2800000000001	1.0	0.3964	0.1393	0.9074	-10.2378	0.3372	-31.2817	0.0	5	0.0	0.0		3599	0	0
1701726206145	t	marketplace_test_cue_warehouse_right	0.0	0	0	5.0697	623.376	847.1999999999999	1.0	4.8667	609.264	956.64	1.0	0.3874	0.145	0.9104	-10.0532	0.3392	-31.2774	0.0	5	0.0	0.0		3599	0	0
1701726206153	t	marketplace_test_cue_warehouse_right	0.0	0	0	5.0023	623.52	847.84	1.0	4.9143	607.392	955.04	1.0	0.3942	0.1487	0.9069	-9.58	0.3567	-31.2827	0.0	5	0.0	0.0		3599	200	MYKEYWORD 200
