Recording timestamp	type	Scene Name	scene_num	order	djv_reported	PupilDiam_Left	Gaze2d_Left.x	Gaze2d_Left.y	left_eye_openness	PupilDiam_Right	Gaze2d_Right.x	Gaze2d_Right.y	right_eye_openness	gaze_direction_x	gaze_direction_y	gaze_direction_z	gaze_origin_x	gaze_origin_y	gaze_origin_z	gaze_convergence_distance	participant	study_status	scene_familiarity	recall_status	Identifier	Event value	Event message
1701969695396	t	pond_test_cue_sauna_right	0.0	0	0	4.5879	570.096	695.36	0.7701	3.5567	618.624	759.1999999999999	0.832	0.149	-0.1368	0.9793	33.2644	3.5247	-25.8102	0.0	16	1.0	0.0		1835	100	MYKEYWORD 100
1701969695405	t	pond_test_cue_sauna_right	0.0	0	0	4.6857	569.376	693.12	0.7606	3.5164	615.312	760.0	0.8283	0.1478	-0.128	0.9807	31.9561	3.492	-25.8317	0.0	16	1.0	0.0		1835	0	0
1701969695413	t	pond_test_cue_sauna_right	0.0	0	0	4.5917	567.648	700.16	0.7606	3.5389	612.432	765.12	0.8283	0.1499	-0.1377	0.9791	13.691	3.055	-25.659	0.0	16	1.0	0.0		1835	0	0
1701969695421	t	pond_test_cue_sauna_right	0.0	0	0	4.6902	558.576	711.68	0.7546	3.6321	597.456	783.6800000000001	0.8429	0.1793	-0.157	0.9712	33.7132	3.3632	-25.8614	0.0	16	1.0	0.0		1835	0	0
1701969695430	t	pond_test_cue_sauna_right	0.0	0	0	4.6997	552.96	726.5600000000001	0.7546	3.5444	583.9200000000001	798.56	0.8429	0.1934	-0.1793	0.9646	34.5989	3.2493	-25.8823	0.0	16	1.0	0.0		1835	0	0
1701969695438	t	pond_test_cue_sauna_right	0.0	0	0	4.764	550.8	747.2	0.6674	3.5934	579.168	815.84	0.7815	0.201	-0.2172	0.9552	34.7007	3.1129	-25.9076	0.0	16	1.0	0.0		1835	0	0
1701969695446	t	pond_test_cue_sauna_right	0.0	0	0	4.7685	554.2560000000001	760.8	0.6674	3.6866	582.048	827.68	0.7815	0.1936	-0.2434	0.9504	34.6868	3.0226	-25.9088	0.0	16	1.0	0.0		1835	0	0
1701969695455	t	pond_test_cue_sauna_right	0.0	0	0	4.5954	557.1360000000001	765.76	0.6118	3.6047	588.24	830.4	0.7907	0.1841	-0.2531	0.9498	34.6774	2.9895	-25.911	0.0	16	1.0	0.0		1835	0	0
1701969695463	t	pond_test_cue_sauna_right	0.0	0	0	4.7065	556.848	763.1999999999999	0.6118	3.5496	588.9599999999999	829.28	0.7907	0.1794	-0.2477	0.9521	34.6684	2.9988	-25.9119	0.0	16	1.0	0.0		1835	0	0
1701969695471	t	pond_test_cue_sauna_right	0.0	0	0	4.6753	553.3919999999999	762.5600000000001	0.5645	3.5577	592.272	832.9599999999999	0.7617	0.1884	-0.2464	0.9507	34.5017	3.0059	-25.9247	0.0	16	1.0	0.0		1835	0	0
1701969695479	t	pond_test_cue_sauna_right	0.0	0	0	4.6615	554.976	766.5600000000001	0.5645	3.7051	589.104	828.96	0.7617	0.1809	-0.2586	0.9489	33.3852	2.9874	-25.9192	0.0	16	1.0	0.0		1835	0	0
1701969695488	t	pond_test_cue_sauna_right	0.0	0	0	4.5556	555.696	767.52	0.5342	3.5759	590.4	830.24	0.7386	0.177	-0.2601	0.9492	28.008	2.884	-25.9196	0.0	16	1.0	0.0		1835	0	0
1701969695496	t	pond_test_cue_sauna_right	0.0	0	0	4.5695	554.112	767.52	0.536	3.7043	589.248	830.88	0.7399	0.1808	-0.2587	0.9489	17.7604	2.6946	-25.9229	0.0	16	1.0	0.0		1835	0	0
1701969695504	t	pond_test_cue_sauna_right	0.0	0	0	4.6516	553.2479999999999	766.72	0.5194	3.543	593.28	827.52	0.7409	0.1732	-0.2503	0.9525	3.4152	2.4292	-25.9349	0.0	16	1.0	0.0		1835	0	0
1701969695513	t	pond_test_cue_sauna_right	0.0	0	0	4.645	553.5360000000001	765.6	0.5194	3.6175	592.7040000000001	827.36	0.7409	0.1746	-0.2487	0.9527	3.3783	2.431	-25.934	0.0	16	1.0	0.0		1835	0	0
1701969695524	t	pond_test_cue_sauna_right	0.0	0	0	4.6822	555.408	762.88	0.5203	3.6353	592.7040000000001	830.72	0.7322	0.1711	-0.2513	0.9526	3.2893	2.4373	-25.9215	0.0	16	1.0	0.0		1835	0	0
1701969695529	t	pond_test_cue_sauna_right	0.0	0	0	4.7186	552.816	758.08	0.5203	3.6796	593.568	830.72	0.7322	0.1749	-0.2464	0.9532	3.3064	2.4517	-25.9216	0.0	16	1.0	0.0		1835	0	0
1701969695538	t	pond_test_cue_sauna_right	0.0	0	0	4.6139	552.528	764.0	0.5267	3.5071	594.432	828.16	0.7371	0.1731	-0.2529	0.9519	3.2417	2.4578	-25.9191	0.0	16	1.0	0.0		1835	0	0
1701969695546	t	pond_test_cue_sauna_right	0.0	0	0	4.7801	551.808	759.84	0.5267	3.6391	594.0	828.6400000000001	0.7371	0.1763	-0.2464	0.953	3.8775	2.4621	-25.9067	0.0	16	1.0	0.0		1835	0	0
1701969695554	t	pond_test_cue_sauna_right	0.0	0	0	4.7909	552.24	760.1600000000001	0.5436	3.6487	595.2959999999999	827.8399999999999	0.7474	0.1726	-0.2461	0.9537	4.3637	2.4748	-25.9174	0.0	16	1.0	0.0		1835	0	0
1701969695563	t	pond_test_cue_sauna_right	0.0	0	0	4.7146	551.664	761.4399999999999	0.5436	3.5849	595.872	830.24	0.7474	0.1731	-0.2507	0.9524	4.5722	2.475	-25.9193	0.0	16	1.0	0.0		1835	0	0
1701969695571	t	pond_test_cue_sauna_right	0.0	0	0	4.6831	551.952	762.4	0.5297	3.6917	596.16	827.52	0.7328	0.1726	-0.2479	0.9533	4.5349	2.4723	-25.9261	0.0	16	1.0	0.0		1835	0	0
1701969695580	t	pond_test_cue_sauna_right	0.0	0	0	4.7141	552.24	761.4399999999999	0.5297	3.674	596.88	829.9200000000001	0.7328	0.1703	-0.2496	0.9532	4.2628	2.4662	-25.9266	0.0	16	1.0	0.0		1835	0	0
1701969695588	t	pond_test_cue_sauna_right	0.0	0	0	4.7206	551.952	760.32	0.5268	3.6638	598.6080000000001	827.52	0.7451	0.1678	-0.245	0.9549	3.4038	2.4521	-25.9243	0.0	16	1.0	0.0		1835	0	0
1701969695597	t	pond_test_cue_sauna_right	0.0	0	0	4.7267	552.24	759.36	0.5268	3.7053	598.032	826.4	0.7451	0.1682	-0.2421	0.9556	2.6489	2.4408	-25.9286	0.0	16	1.0	0.0		1835	0	0
1701969695605	t	pond_test_cue_sauna_right	0.0	0	0	4.7198	552.528	760.32	0.5408	3.6646	598.6080000000001	825.1200000000001	0.7581	0.1666	-0.2422	0.9558	2.7887	2.4467	-25.934	0.0	16	1.0	0.0		1835	0	0
1701969695613	t	pond_test_cue_sauna_right	0.0	0	0	4.7261	552.816	759.52	0.5408	3.6499	599.472	825.76	0.7581	0.1657	-0.2427	0.9558	3.9494	2.4804	-25.9584	0.0	16	1.0	0.0		1835	0	0
1701969695622	t	pond_test_cue_sauna_right	0.0	0	0	4.7348	553.2479999999999	759.36	0.5406	3.7578	600.336	823.1999999999999	0.7463	0.1664	-0.2402	0.9563	6.8644	2.5444	-25.9723	0.0	16	1.0	0.0		1835	0	0
1701969695630	t	pond_test_cue_sauna_right	0.0	0	0	4.6879	556.1279999999999	763.36	0.5423	3.7133	601.344	823.1999999999999	0.7476	0.1611	-0.2514	0.9544	10.4845	2.6352	-25.9791	0.0	16	1.0	0.0		1835	0	0
1701969695638	t	pond_test_cue_sauna_right	0.0	0	0	4.7882	556.416	756.96	0.529	3.7438	601.1999999999999	823.04	0.7423	0.1608	-0.2402	0.9573	13.3405	2.6902	-25.9828	0.0	16	1.0	0.0		1835	0	0
1701969695646	t	pond_test_cue_sauna_right	0.0	0	0	4.8347	556.2719999999999	756.8	0.529	3.762	604.368	821.5999999999999	0.7423	0.1594	-0.2387	0.9579	15.3577	2.7318	-25.9929	0.0	16	1.0	0.0		1835	0	0
1701969695655	t	pond_test_cue_sauna_right	0.0	0	0	4.8943	556.416	754.5600000000001	0.5432	3.7847	602.928	824.0	0.7207	0.1611	-0.2364	0.9582	14.9122	2.7206	-25.9803	0.0	16	1.0	0.0		1835	0	0
1701969695663	t	pond_test_cue_sauna_right	0.0	0	0	4.8342	556.704	756.8	0.5432	3.85	605.376	822.24	0.7207	0.1586	-0.2401	0.9577	12.9568	2.6903	-25.9771	0.0	16	1.0	0.0		1835	0	0
1701969695671	t	pond_test_cue_sauna_right	0.0	0	0	4.8793	557.424	755.68	0.5251	3.8509	605.952	820.96	0.718	0.1577	-0.2361	0.9588	10.7955	2.6533	-25.9993	0.0	16	1.0	0.0		1835	0	0
1701969695680	t	pond_test_cue_sauna_right	0.0	0	0	4.8246	558.72	758.5600000000001	0.5251	3.7846	607.1039999999999	821.12	0.718	0.1547	-0.2422	0.9578	8.0209	2.6036	-25.9782	0.0	16	1.0	0.0		1835	0	0
1701969695688	t	pond_test_cue_sauna_right	0.0	0	0	4.9352	559.728	756.8	0.5186	3.8468	607.1039999999999	822.08	0.6916	0.1532	-0.2413	0.9583	7.1042	2.588	-25.9589	0.0	16	1.0	0.0		1835	0	0
1701969695696	t	pond_test_cue_sauna_right	0.0	0	0	4.9015	559.1519999999999	761.9200000000001	0.5186	3.8562	604.944	820.1599999999999	0.6916	0.1517	-0.2441	0.9578	6.0531	2.5581	-25.9897	0.0	16	1.0	0.0		1835	0	0
1701969695705	t	pond_test_cue_sauna_right	0.0	0	0	4.7475	551.088	764.8	0.4761	3.8394	596.736	826.24	0.6919	0.1618	-0.251	0.9543	5.7879	2.5146	-25.9884	0.0	16	1.0	0.0		1835	0	0
1701969695713	t	pond_test_cue_sauna_right	0.0	0	0	4.8773	529.2	773.76	0.4761	3.8766	575.2800000000001	832.48	0.6919	0.204	-0.2671	0.9418	3.7371	2.4535	-26.0239	0.0	16	1.0	0.0		1835	0	0
1701969695722	t	pond_test_cue_sauna_right	0.0	0	0	4.8798	510.624	774.08	0.4358	3.8598	550.08	834.24	0.6803	0.2378	-0.2639	0.9348	0.5957	2.3769	-26.0679	0.0	16	1.0	0.0		1835	0	0
1701969695730	t	pond_test_cue_sauna_right	0.0	0	0	5.1265	483.408	774.56	0.4358	3.9422	528.624	839.5200000000001	0.6803	0.2842	-0.2693	0.9202	-7.5876	2.2253	-26.1036	0.0	16	1.0	0.0		1835	0	0
1701969695738	t	pond_test_cue_sauna_right	0.0	0	0	4.9741	481.248	774.24	0.2905	3.9518	517.536	837.9200000000001	0.6203	0.3039	-0.2634	0.9156	-10.6772	2.1655	-26.1174	0.0	16	1.0	0.0		1835	0	0
1701969695746	t	pond_test_cue_sauna_right	0.0	0	0	5.0298	481.824	778.24	0.2905	3.9868	521.712	839.84	0.6203	0.2959	-0.2711	0.9159	-12.1783	2.1362	-26.1076	0.0	16	1.0	0.0		1835	0	0
1701969695755	t	pond_test_cue_sauna_right	0.0	0	0	4.8847	480.09599999999995	783.52	0.2378	4.0074	526.032	838.24	0.5841	0.291	-0.2683	0.9183	-12.8975	2.1042	-26.1079	0.0	16	1.0	0.0		1835	0	0
1701969695763	t	pond_test_cue_sauna_right	0.0	0	0	4.9719	480.528	776.64	0.2378	4.012	525.6	840.48	0.5841	0.2924	-0.2664	0.9184	-11.0512	2.1273	-26.1156	0.0	16	1.0	0.0		1835	0	0
1701969695771	t	pond_test_cue_sauna_right	0.0	0	0	4.9483	481.68	779.84	0.2405	4.01	526.6080000000001	839.6800000000001	0.5832	0.2887	-0.2674	0.9193	-9.5036	2.152	-26.1184	0.0	16	1.0	0.0		1835	0	0
1701969695780	t	pond_test_cue_sauna_right	0.0	0	0	4.9279	480.528	783.1999999999999	0.2405	3.9219	528.768	841.76	0.5832	0.2856	-0.2757	0.9178	-5.4655	2.2245	-26.1231	0.0	16	1.0	0.0		1835	0	0
1701969695788	t	pond_test_cue_sauna_right	0.0	0	0	4.8663	480.528	783.1999999999999	0.2638	4.0724	526.032	839.6800000000001	0.6162	0.2941	-0.2733	0.9159	-1.7767	2.2987	-26.1338	0.0	16	1.0	0.0		1835	0	0
1701969695796	t	pond_test_cue_sauna_right	0.0	0	0	4.8804	480.528	783.1999999999999	0.2638	3.9971	528.624	839.6800000000001	0.6162	0.2894	-0.2748	0.9169	1.4403	2.358	-26.1363	0.0	16	1.0	0.0		1835	0	0
1701969695805	t	pond_test_cue_sauna_right	0.0	0	0	4.902	481.68	783.1999999999999	0.2815	3.9507	529.3439999999999	842.0799999999999	0.6345	0.2867	-0.2796	0.9163	2.5721	2.3811	-26.1368	0.0	16	1.0	0.0		1835	0	0
1701969695813	t	pond_test_cue_sauna_right	0.0	0	0	4.9241	482.688	783.1999999999999	0.2815	3.8874	528.192	842.0799999999999	0.6345	0.2866	-0.2798	0.9163	2.8156	2.3864	-26.1381	0.0	16	1.0	0.0		1835	0	0
1701969695821	t	pond_test_cue_sauna_right	0.0	0	0	4.9397	482.97599999999994	782.88	0.299	3.8502	529.3439999999999	842.0799999999999	0.6302	0.2835	-0.2792	0.9174	2.7067	2.3825	-26.1383	0.0	16	1.0	0.0		1835	0	0
1701969695830	t	pond_test_cue_sauna_right	0.0	0	0	4.9555	483.264	782.56	0.299	4.0995	527.472	841.6	0.6302	0.2869	-0.277	0.917	2.391	2.3739	-26.1423	0.0	16	1.0	0.0		1835	0	0
1701969695837	t	pond_test_cue_sauna_right	0.0	0	0	4.9389	482.97599999999994	782.88	0.3006	3.861	529.488	842.56	0.6257	0.2831	-0.2784	0.9178	2.2834	2.3664	-26.1419	0.0	16	1.0	0.0		1835	0	0
1701969695846	t	pond_test_cue_sauna_right	0.0	0	0	4.9216	483.264	783.1999999999999	0.3006	3.9784	530.64	846.72	0.6257	0.2819	-0.2842	0.9164	2.7347	2.3686	-26.1425	0.0	16	1.0	0.0		1835	0	0
1701969695855	t	pond_test_cue_sauna_right	0.0	0	0	4.9386	482.97599999999994	782.88	0.3008	3.9238	529.488	845.4399999999999	0.6524	0.2842	-0.2818	0.9164	2.562	2.3654	-26.1446	0.0	16	1.0	0.0		1835	0	0
1701969695863	t	pond_test_cue_sauna_right	0.0	0	0	4.9552	482.832	782.56	0.3008	3.9588	529.2	847.84	0.6524	0.2849	-0.2855	0.9151	3.5579	2.3877	-26.1464	0.0	16	1.0	0.0		1835	0	0
1701969695871	t	pond_test_cue_sauna_right	0.0	0	0	4.9595	482.832	782.4	0.304	3.9873	530.2080000000001	845.5999999999999	0.6375	0.2826	-0.2819	0.9169	1.7885	2.3544	-26.1426	0.0	16	1.0	0.0		1835	0	0
1701969695880	t	pond_test_cue_sauna_right	0.0	0	0	4.9638	482.832	782.56	0.304	3.916	531.6479999999999	845.76	0.6375	0.2789	-0.282	0.918	1.7955	2.3504	-26.1425	0.0	16	1.0	0.0		1835	0	0
1701969695888	t	pond_test_cue_sauna_right	0.0	0	0	4.9551	482.832	783.1999999999999	0.3012	4.0372	527.3280000000001	843.8399999999999	0.6395	0.2871	-0.2786	0.9165	1.0046	2.3348	-26.1481	0.0	16	1.0	0.0		1835	0	0
1701969695897	t	pond_test_cue_sauna_right	0.0	0	0	4.9545	483.264	783.1999999999999	0.3012	3.9866	529.488	845.76	0.6395	0.2822	-0.2816	0.9171	0.7801	2.3273	-26.1467	0.0	16	1.0	0.0		1835	0	0
1701969695905	t	pond_test_cue_sauna_right	0.0	0	0	4.9538	483.264	783.1999999999999	0.2977	4.0187	528.912	843.8399999999999	0.6394	0.283	-0.2782	0.9179	0.2938	2.3167	-26.1469	0.0	16	1.0	0.0		1835	0	0
1701969695913	t	pond_test_cue_sauna_right	0.0	0	0	4.9537	483.264	783.1999999999999	0.2977	3.952	526.6080000000001	843.8399999999999	0.6394	0.2872	-0.2777	0.9167	0.4722	2.3186	-26.151	0.0	16	1.0	0.0		1835	0	0
1701969695921	t	pond_test_cue_sauna_right	0.0	0	0	4.9922	483.264	783.1999999999999	0.3125	4.0968	528.048	840.8	0.6825	0.2856	-0.2722	0.9189	0.1485	2.3101	-26.1497	0.0	16	1.0	0.0		1835	0	0
1701969695930	t	pond_test_cue_sauna_right	0.0	0	0	4.9941	482.832	782.24	0.3125	4.0152	527.184	845.12	0.6825	0.2872	-0.2783	0.9165	-0.2111	2.3049	-26.1493	0.0	16	1.0	0.0		1835	0	0
1701969695938	t	pond_test_cue_sauna_right	0.0	0	0	4.9956	481.392	784.32	0.2964	4.0168	526.7520000000001	844.8000000000001	0.6485	0.2897	-0.2804	0.9151	0.0318	2.3116	-26.1522	0.0	16	1.0	0.0		1835	0	0
1701969695946	t	pond_test_cue_sauna_right	0.0	0	0	4.9959	481.104	784.32	0.2964	3.9149	527.76	844.3199999999999	0.6485	0.2874	-0.2798	0.916	-0.7744	2.2982	-26.1505	0.0	16	1.0	0.0		1835	0	0
1701969695955	t	pond_test_cue_sauna_right	0.0	0	0	4.9946	480.96000000000004	784.8	0.2927	3.9825	527.3280000000001	844.8000000000001	0.6421	0.2883	-0.281	0.9154	-0.8102	2.2967	-26.1514	0.0	16	1.0	0.0		1835	0	0
1701969695963	t	pond_test_cue_sauna_right	0.0	0	0	4.9955	480.96000000000004	784.8	0.2927	3.971	527.04	845.12	0.6421	0.2883	-0.2814	0.9152	-0.9386	2.2936	-26.152	0.0	16	1.0	0.0		1835	0	0
1701969695971	t	pond_test_cue_sauna_right	0.0	0	0	4.995	480.96000000000004	784.8	0.2986	3.9827	526.896	845.28	0.6405	0.2883	-0.2817	0.9152	-0.784	2.2967	-26.153	0.0	16	1.0	0.0		1835	0	0
1701969695980	t	pond_test_cue_sauna_right	0.0	0	0	5.0033	479.808	784.8	0.2986	4.0017	527.184	845.4399999999999	0.6405	0.2884	-0.2822	0.915	-1.2187	2.2907	-26.1517	0.0	16	1.0	0.0		1835	0	0
1701969695988	t	pond_test_cue_sauna_right	0.0	0	0	4.9499	473.328	785.28	0.2922	3.9348	524.304	843.0400000000001	0.6588	0.2979	-0.279	0.9129	-0.9129	2.3054	-26.1732	0.0	16	1.0	0.0		1835	0	0
1701969695996	t	pond_test_cue_sauna_right	0.0	0	0	4.9828	476.20799999999997	784.32	0.2922	3.9333	524.448	842.56	0.6588	0.2928	-0.2776	0.915	-0.6918	2.3096	-26.1688	0.0	16	1.0	0.0		1835	0	0
1701969696004	t	pond_test_cue_sauna_right	0.0	0	0	5.0043	475.488	783.6800000000001	0.2739	3.8966	523.152	844.96	0.6476	0.2959	-0.2807	0.913	-0.4754	2.3135	-26.1718	0.0	16	1.0	0.0		1835	0	0
1701969696012	t	pond_test_cue_sauna_right	0.0	0	0	4.9966	474.624	783.1999999999999	0.2739	3.9795	525.168	843.8399999999999	0.6476	0.2936	-0.2787	0.9144	-0.1351	2.3214	-26.1696	0.0	16	1.0	0.0		1835	0	0
1701969696021	t	pond_test_cue_sauna_right	0.0	0	0	5.0117	474.48	782.4	0.2718	3.9057	523.296	840.32	0.6585	0.2976	-0.272	0.9151	-0.1335	2.3253	-26.1739	0.0	16	1.0	0.0		1835	0	0
1701969696029	t	pond_test_cue_sauna_right	0.0	0	0	5.0268	474.19199999999995	781.44	0.2718	3.9318	525.168	843.68	0.6585	0.2947	-0.2769	0.9146	-0.5168	2.3199	-26.1695	0.0	16	1.0	0.0		1835	0	0
1701969696037	t	pond_test_cue_sauna_right	0.0	0	0	5.0118	474.48	781.44	0.2874	3.952	526.176	842.0799999999999	0.6534	0.2928	-0.2747	0.9158	-0.4298	2.3246	-26.1678	0.0	16	1.0	0.0		1835	0	0
1701969696046	t	pond_test_cue_sauna_right	0.0	0	0	5.0066	474.19199999999995	781.28	0.2874	3.7743	519.9839999999999	838.24	0.6534	0.303	-0.2686	0.9143	0.0857	2.3408	-26.1779	0.0	16	1.0	0.0		1835	0	0
1701969696054	t	pond_test_cue_sauna_right	0.0	0	0	5.0013	474.48	781.44	0.2884	3.9056	525.312	839.84	0.6693	0.2934	-0.2722	0.9164	0.4181	2.3467	-26.1729	0.0	16	1.0	0.0		1835	0	0
1701969696063	t	pond_test_cue_sauna_right	0.0	0	0	4.9968	474.19199999999995	781.28	0.2884	3.8911	526.032	839.6800000000001	0.6693	0.2925	-0.2716	0.9169	0.7231	2.3514	-26.174	0.0	16	1.0	0.0		1835	0	0
1701969696071	t	pond_test_cue_sauna_right	0.0	0	0	4.991	474.048	781.44	0.2924	3.8781	524.736	840.8	0.6778	0.2949	-0.2733	0.9156	0.5096	2.3475	-26.1744	0.0	16	1.0	0.0		1835	0	0
1701969696079	t	pond_test_cue_sauna_right	0.0	0	0	4.9848	474.19199999999995	781.44	0.2924	3.8642	526.032	840.32	0.6778	0.2923	-0.2731	0.9165	0.5203	2.3476	-26.1753	0.0	16	1.0	0.0		1835	0	0
1701969696088	t	pond_test_cue_sauna_right	0.0	0	0	4.9654	474.48	782.4	0.2739	3.8541	526.176	840.8	0.6423	0.2915	-0.2748	0.9162	0.0079	2.3386	-26.1743	0.0	16	1.0	0.0		1835	0	0
1701969696096	t	pond_test_cue_sauna_right	0.0	0	0	4.9843	474.624	781.44	0.2739	3.8441	526.3199999999999	841.2800000000001	0.6423	0.2908	-0.2744	0.9166	-0.3634	2.3312	-26.1736	0.0	16	1.0	0.0		1835	0	0
1701969696104	t	pond_test_cue_sauna_right	0.0	0	0	4.9898	475.05600000000004	781.44	0.2833	3.8363	526.3199999999999	841.1199999999999	0.6517	0.2904	-0.2739	0.9169	-0.6318	2.3261	-26.1731	0.0	16	1.0	0.0		1835	0	0
1701969696113	t	pond_test_cue_sauna_right	0.0	0	0	4.9961	474.624	781.28	0.2833	3.8289	526.3199999999999	840.9599999999999	0.6517	0.2909	-0.2736	0.9168	-0.1895	2.3344	-26.1743	0.0	16	1.0	0.0		1835	0	0
1701969696121	t	pond_test_cue_sauna_right	0.0	0	0	5.0051	474.624	781.12	0.2891	3.8056	526.3199999999999	841.1199999999999	0.6577	0.2908	-0.2737	0.9168	-0.4724	2.33	-26.1737	0.0	16	1.0	0.0		1835	0	0
1701969696129	t	pond_test_cue_sauna_right	0.0	0	0	4.9969	474.336	779.84	0.2891	3.7824	526.3199999999999	841.2800000000001	0.6577	0.2913	-0.2725	0.917	-1.1545	2.3185	-26.1722	0.0	16	1.0	0.0		1835	0	0
1701969696138	t	pond_test_cue_sauna_right	0.0	0	0	4.9914	475.344	779.04	0.3061	3.7786	526.3199999999999	841.1199999999999	0.6636	0.29	-0.2714	0.9177	-0.735	2.327	-26.1735	0.0	16	1.0	0.0		1835	0	0
1701969696146	t	pond_test_cue_sauna_right	0.0	0	0	4.9461	475.344	779.04	0.3061	3.7751	526.3199999999999	841.2800000000001	0.6636	0.29	-0.2717	0.9176	-1.0534	2.3219	-26.173	0.0	16	1.0	0.0		1835	0	0
1701969696155	t	pond_test_cue_sauna_right	0.0	0	0	4.9042	475.488	781.12	0.3024	3.7736	526.3199999999999	841.2800000000001	0.6623	0.2899	-0.2744	0.9169	-0.5612	2.331	-26.1744	0.0	16	1.0	0.0		1835	0	0
1701969696163	t	pond_test_cue_sauna_right	0.0	0	0	4.8638	478.65599999999995	779.6800000000001	0.3024	3.6418	533.376	838.08	0.6623	0.2795	-0.2683	0.9219	0.2914	2.347	-26.1705	0.0	16	1.0	0.0		1835	0	0
1701969696171	t	pond_test_cue_sauna_right	0.0	0	0	4.6635	489.168	786.08	0.2922	3.6277	546.192	836.8000000000001	0.6574	0.2607	-0.2776	0.9246	1.4591	2.3732	-26.1423	0.0	16	1.0	0.0		1835	0	0
1701969696180	t	pond_test_cue_sauna_right	0.0	0	0	5.0226	513.792	770.4	0.2922	3.7786	567.648	831.3599999999999	0.6574	0.2226	-0.2592	0.9398	0.3312	2.4063	-26.0886	0.0	16	1.0	0.0		1835	0	0
1701969696188	t	pond_test_cue_sauna_right	0.0	0	0	4.9653	535.824	766.08	0.3153	3.6461	596.448	830.88	0.6508	0.1857	-0.2578	0.9482	3.562	2.4853	-26.0547	0.0	16	1.0	0.0		1835	0	0
1701969696196	t	pond_test_cue_sauna_right	0.0	0	0	4.8585	565.9200000000001	764.48	0.3153	3.716	620.2080000000001	828.96	0.6508	0.1409	-0.2579	0.9558	-4.6318	2.3633	-26.0214	0.0	16	1.0	0.0		1835	0	0
1701969696205	t	pond_test_cue_sauna_right	0.0	0	0	4.6212	590.688	763.68	0.335	3.7903	634.608	830.88	0.6618	0.111	-0.2657	0.9576	-11.9065	2.2618	-26.0106	0.0	16	1.0	0.0		1835	0	0
1701969696213	t	pond_test_cue_sauna_right	0.0	0	0	4.4296	598.6080000000001	765.12	0.335	3.3489	642.816	825.44	0.6618	0.0902	-0.2564	0.9624	-15.7024	2.2021	-25.9988	0.0	16	1.0	0.0		1835	0	0
1701969696221	t	pond_test_cue_sauna_right	0.0	0	0	4.5539	598.752	758.4	0.4194	3.5878	640.6560000000001	826.0799999999999	0.6148	0.094	-0.2502	0.9636	-15.1519	2.1914	-25.999	0.0	16	1.0	0.0		1835	0	0
1701969696230	t	pond_test_cue_sauna_right	0.0	0	0	4.5718	597.6	761.9200000000001	0.4194	3.5334	639.936	829.12	0.6148	0.0943	-0.2584	0.9614	-13.5584	2.213	-25.9993	0.0	16	1.0	0.0		1835	0	0
1701969696238	t	pond_test_cue_sauna_right	0.0	0	0	4.5153	599.904	762.08	0.443	3.6048	640.6560000000001	826.72	0.6323	0.0901	-0.2527	0.9633	-10.8109	2.2662	-26.0282	0.0	16	1.0	0.0		1835	0	0
1701969696246	t	pond_test_cue_sauna_right	0.0	0	0	4.397	594.288	767.6800000000001	0.443	3.5916	640.224	826.4	0.6323	0.0968	-0.255	0.9621	-10.3832	2.2624	-26.0275	0.0	16	1.0	0.0		1835	0	0
1701969696255	t	pond_test_cue_sauna_right	0.0	0	0	4.4533	595.4399999999999	765.28	0.455	3.5159	639.36	828.6400000000001	0.631	0.0964	-0.2555	0.962	-8.5809	2.2745	-26.0101	0.0	16	1.0	0.0		1835	0	0
1701969696263	t	pond_test_cue_sauna_right	0.0	0	0	4.3958	596.592	767.6800000000001	0.455	3.5601	640.944	828.8000000000001	0.631	0.0911	-0.2564	0.9622	-5.3652	2.315	-26.0051	0.0	16	1.0	0.0		1835	0	0
1701969696271	t	pond_test_cue_sauna_right	0.0	0	0	4.452	595.4399999999999	766.5600000000001	0.4548	3.4396	641.664	829.9200000000001	0.6737	0.0897	-0.2557	0.9626	-0.4579	2.3924	-26.012	0.0	16	1.0	0.0		1835	0	0
1701969696280	t	pond_test_cue_sauna_right	0.0	0	0	4.3888	595.152	770.08	0.4548	3.5032	640.944	830.24	0.6737	0.0896	-0.2595	0.9616	0.4878	2.3976	-26.0148	0.0	16	1.0	0.0		1835	0	0
1701969696288	t	pond_test_cue_sauna_right	0.0	0	0	4.557	596.88	765.6	0.4953	3.5318	640.944	829.7599999999999	0.6731	0.0854	-0.2524	0.9638	0.6174	2.3998	-26.0203	0.0	16	1.0	0.0		1835	0	0
1701969696296	t	pond_test_cue_sauna_right	0.0	0	0	4.5333	596.016	766.08	0.4953	3.5114	640.944	829.7599999999999	0.6731	0.0856	-0.2524	0.9638	3.8722	2.4552	-26.0296	0.0	16	1.0	0.0		1835	0	0
1701969696305	t	pond_test_cue_sauna_right	0.0	0	0	4.5094	596.88	766.4	0.5058	3.5529	640.08	828.96	0.6844	0.0876	-0.2533	0.9634	0.3434	2.4031	-26.0203	0.0	16	1.0	0.0		1835	0	0
1701969696313	t	pond_test_cue_sauna_right	0.0	0	0	4.4688	596.736	767.6800000000001	0.5058	3.5889	640.512	828.16	0.6844	0.0889	-0.2553	0.9628	3.8821	2.4683	-26.0116	0.0	16	1.0	0.0		1835	0	0
1701969696321	t	pond_test_cue_sauna_right	0.0	0	0	4.5131	596.592	766.4	0.4936	3.556	640.6560000000001	828.32	0.6745	0.0918	-0.2546	0.9627	0.7625	2.4194	-25.9919	0.0	16	1.0	0.0		1835	0	0
1701969696331	t	pond_test_cue_sauna_right	0.0	0	0	4.4719	596.16	766.08	0.4983	3.5388	640.8	828.16	0.6938	0.0924	-0.2542	0.9627	-0.0386	2.4073	-25.9919	0.0	16	1.0	0.0		1835	0	0
1701969696338	t	pond_test_cue_sauna_right	0.0	0	0	4.5134	595.7280000000001	766.4	0.4983	3.5313	640.8	827.68	0.6938	0.093	-0.2539	0.9627	-1.5035	2.3827	-25.9899	0.0	16	1.0	0.0		1835	0	0
1701969696346	t	pond_test_cue_sauna_right	0.0	0	0	4.4714	596.16	766.72	0.4983	3.5391	640.944	827.8399999999999	0.6938	0.0925	-0.2546	0.9626	-2.2933	2.3697	-25.9891	0.0	16	1.0	0.0		1835	0	0
1701969696355	t	pond_test_cue_sauna_right	0.0	0	0	4.4827	595.7280000000001	766.88	0.5055	3.5314	641.088	827.36	0.6899	0.0928	-0.2544	0.9626	-2.7961	2.362	-25.9883	0.0	16	1.0	0.0		1835	0	0
1701969696363	t	pond_test_cue_sauna_right	0.0	0	0	4.4561	595.872	766.72	0.5055	3.5236	641.232	827.0400000000001	0.6899	0.0922	-0.2534	0.9629	-2.6341	2.3651	-25.9888	0.0	16	1.0	0.0		1835	0	0
1701969696372	t	pond_test_cue_sauna_right	0.0	0	0	4.4829	596.016	766.4	0.5024	3.5209	641.376	827.36	0.6924	0.0918	-0.2539	0.9629	-1.6767	2.382	-25.9903	0.0	16	1.0	0.0		1835	0	0
1701969696379	t	pond_test_cue_sauna_right	0.0	0	0	4.4977	595.872	766.24	0.5024	3.5235	641.52	827.0400000000001	0.6924	0.0918	-0.2532	0.963	-0.2335	2.4068	-25.9925	0.0	16	1.0	0.0		1835	0	0
1701969696388	t	pond_test_cue_sauna_right	0.0	0	0	4.3934	601.344	765.6	0.5023	3.5089	648.432	823.3599999999999	0.6841	0.0834	-0.2491	0.9649	5.9474	2.5459	-26.073	0.0	16	1.0	0.0		1835	200	MYKEYWORD 200
