Recording timestamp	type	Scene Name	scene_num	order	djv_reported	PupilDiam_Left	Gaze2d_Left.x	Gaze2d_Left.y	left_eye_openness	PupilDiam_Right	Gaze2d_Right.x	Gaze2d_Right.y	right_eye_openness	gaze_direction_x	gaze_direction_y	gaze_direction_z	gaze_origin_x	gaze_origin_y	gaze_origin_z	gaze_convergence_distance	participant	study_status	scene_familiarity	recall_status	Identifier	Event value	Event message
1701823163100	t	banquethall_test_cue_cafeteria_left	0.0	0	0	3.7719	703.152	1012.1600000000001	1.0	3.4784	711.216	1118.72	1.0	-0.0484	-0.2791	0.959	1.134	1.0873	-36.8287	0.0	11	0.0	0.0		3805	100	MYKEYWORD 100
1701823163108	t	banquethall_test_cue_cafeteria_left	0.0	0	0	3.8361	706.7520000000001	1007.1999999999999	1.0	3.4207	708.336	1123.04	1.0	-0.0496	-0.2803	0.9586	0.1097	1.0525	-36.7726	0.0	11	0.0	0.0		3805	0	0
1701823163116	t	banquethall_test_cue_cafeteria_left	0.0	0	0	3.8065	706.4639999999999	1007.5200000000001	1.0	3.6165	710.64	1120.48	1.0	-0.0526	-0.2775	0.9593	-1.0769	1.0091	-36.7153	0.0	11	0.0	0.0		3805	0	0
1701823163126	t	banquethall_test_cue_cafeteria_left	0.0	0	0	3.7866	706.3199999999999	1007.84	1.0	3.5279	711.216	1116.8	1.0	-0.0525	-0.2726	0.9607	-2.0441	0.9726	-36.6675	0.0	11	0.0	0.0		3805	0	0
1701823163133	t	banquethall_test_cue_cafeteria_left	0.0	0	0	3.8111	706.4639999999999	1007.5200000000001	1.0	3.5117	712.5120000000001	1117.6	1.0	-0.0557	-0.2746	0.9599	-2.3137	0.9671	-36.6535	0.0	11	0.0	0.0		3805	0	0
1701823163141	t	banquethall_test_cue_cafeteria_left	0.0	0	0	3.8979	708.192	998.7199999999999	1.0	3.5153	711.36	1114.24	1.0	-0.0568	-0.2626	0.9632	-2.1807	1.006	-36.6493	0.0	11	0.0	0.0		3805	0	0
1701823163150	t	banquethall_test_cue_cafeteria_left	0.0	0	0	3.8002	705.456	1001.92	1.0	3.3744	709.92	1113.12	1.0	-0.0475	-0.2738	0.9606	-4.9438	0.9269	-36.5026	0.0	11	0.0	0.0		3805	0	0
1701823163158	t	banquethall_test_cue_cafeteria_left	0.0	0	0	3.8339	705.168	993.92	1.0	3.4535	710.784	1101.44	1.0	-0.05	-0.2482	0.9674	-4.3915	0.9895	-36.524	0.0	11	0.0	0.0		3805	0	0
1701823163166	t	banquethall_test_cue_cafeteria_left	0.0	0	0	3.8977	696.672	1000.96	1.0	3.4481	700.8480000000001	1110.88	1.0	-0.0357	-0.2649	0.9636	-2.7688	0.9975	-36.611	0.0	11	0.0	0.0		3805	0	0
1701823163175	t	banquethall_test_cue_cafeteria_left	0.0	0	0	3.8898	671.0400000000001	1021.12	1.0	3.5229	668.1600000000001	1126.3999999999999	1.0	0.0272	-0.3004	0.9534	-1.7667	0.9158	-36.6624	0.0	11	0.0	0.0		3805	0	0
1701823163184	t	banquethall_test_cue_cafeteria_left	0.0	0	0	3.8953	643.5360000000001	1028.48	1.0	3.6058	632.448	1142.3999999999999	1.0	0.0869	-0.316	0.9448	3.5176	1.0265	-36.956	0.0	11	0.0	0.0		3805	0	0
1701823163192	t	banquethall_test_cue_cafeteria_left	0.0	0	0	3.934	619.3439999999999	1028.3200000000002	1.0	3.6624	603.5039999999999	1145.6	1.0	0.1257	-0.3028	0.9447	9.9798	1.2301	-37.3169	0.0	11	0.0	0.0		3805	0	0
1701823163200	t	banquethall_test_cue_cafeteria_left	0.0	0	0	3.6122	599.76	1037.28	1.0	3.6786	587.232	1157.92	1.0	0.1632	-0.3269	0.9308	13.1501	1.3392	-37.4999	0.0	11	0.0	0.0		3805	0	0
1701823163208	t	banquethall_test_cue_cafeteria_left	0.0	0	0	3.7777	599.616	1034.08	1.0	3.6745	588.384	1150.88	1.0	0.153	-0.3159	0.9364	14.0247	1.3907	-37.542	0.0	11	0.0	0.0		3805	0	0
1701823163216	t	banquethall_test_cue_cafeteria_left	0.0	0	0	3.8518	601.1999999999999	1032.8	0.9482	3.5741	590.976	1145.9199999999998	0.9728	0.1482	-0.3069	0.9401	14.1394	1.3878	-37.5481	0.0	11	0.0	0.0		3805	0	0
1701823163225	t	banquethall_test_cue_cafeteria_left	0.0	0	0	3.74	600.048	1031.2	0.9482	3.6433	592.4159999999999	1146.56	0.9728	0.1555	-0.3061	0.9392	12.8111	1.3407	-37.4808	0.0	11	0.0	0.0		3805	0	0
1701823163233	t	banquethall_test_cue_cafeteria_left	0.0	0	0	3.7824	598.6080000000001	1027.04	0.9594	3.618	594.144	1142.3999999999999	0.9945	0.1592	-0.2957	0.9419	8.6572	1.1716	-37.2633	0.0	11	0.0	0.0		3805	0	0
1701823163241	t	banquethall_test_cue_cafeteria_left	0.0	0	0	3.8357	603.072	1025.1200000000001	0.9594	3.5962	595.7280000000001	1136.96	0.9945	0.1467	-0.293	0.9448	4.5778	1.0266	-37.0376	0.0	11	0.0	0.0		3805	0	0
1701823163250	t	banquethall_test_cue_cafeteria_left	0.0	0	0	3.956	600.912	1020.1599999999999	1.0	3.6334	596.016	1134.88	1.0	0.1506	-0.2948	0.9436	-4.2035	0.7041	-36.574	0.0	11	0.0	0.0		3805	0	0
1701823163258	t	banquethall_test_cue_cafeteria_left	0.0	0	0	3.9789	598.752	1012.1600000000001	1.0	3.6429	594.7199999999999	1127.04	1.0	0.1546	-0.2814	0.947	-1.4027	0.8874	-36.7002	0.0	11	0.0	0.0		3805	0	0
1701823163266	t	banquethall_test_cue_cafeteria_left	0.0	0	0	3.9903	597.168	1010.2399999999999	1.0	3.5205	590.688	1114.0800000000002	1.0	0.161	-0.2652	0.9506	0.5924	1.0188	-36.7938	0.0	11	0.0	0.0		3805	0	0
1701823163275	t	banquethall_test_cue_cafeteria_left	0.0	0	0	4.0428	593.568	1007.6800000000001	1.0	3.608	592.7040000000001	1107.04	1.0	0.156	-0.2598	0.953	2.6361	1.153	-36.8868	0.0	11	0.0	0.0		3805	0	0
1701823163283	t	banquethall_test_cue_cafeteria_left	0.0	0	0	3.9983	593.28	1004.64	1.0	3.5465	593.856	1104.3200000000002	1.0	0.1461	-0.255	0.9558	3.9606	1.2246	-36.945	0.0	11	0.0	0.0		3805	0	0
1701823163291	t	banquethall_test_cue_cafeteria_left	0.0	0	0	4.0306	591.12	1001.76	1.0	3.5365	591.12	1099.2	1.0	0.1508	-0.2415	0.9586	4.4591	1.2427	-36.9749	0.0	11	0.0	0.0		3805	0	0
1701823163300	t	banquethall_test_cue_cafeteria_left	0.0	0	0	3.9521	588.096	999.2	1.0	3.5519	593.28	1099.84	1.0	0.1527	-0.2424	0.9581	5.3075	1.2993	-37.0135	0.0	11	0.0	0.0		3805	0	0
1701823163308	t	banquethall_test_cue_cafeteria_left	0.0	0	0	3.9544	589.392	1000.3199999999999	1.0	3.5151	592.56	1097.92	1.0	0.1496	-0.242	0.9586	4.8167	1.2791	-36.9861	0.0	11	0.0	0.0		3805	0	0
1701823163317	t	banquethall_test_cue_cafeteria_left	0.0	0	0	3.8965	590.4	997.7600000000001	1.0	3.5575	592.56	1098.4	1.0	0.1491	-0.2407	0.9591	2.9681	1.2144	-36.8869	0.0	11	0.0	0.0		3805	0	0
1701823163325	t	banquethall_test_cue_cafeteria_left	0.0	0	0	3.9214	591.12	992.6399999999999	1.0	3.4817	592.128	1092.8000000000002	1.0	0.1486	-0.2275	0.9624	1.47	1.1758	-36.8063	0.0	11	0.0	0.0		3805	0	0
1701823163333	t	banquethall_test_cue_cafeteria_left	0.0	0	0	3.9228	591.12	988.8	1.0	3.3705	598.896	1082.08	1.0	0.1375	-0.2196	0.9659	0.6548	1.22	-36.7406	0.0	11	0.0	0.0		3805	0	0
1701823163342	t	banquethall_test_cue_cafeteria_left	0.0	0	0	3.9524	590.976	981.1199999999999	1.0	3.5012	597.6	1071.52	1.0	0.1438	-0.2068	0.9677	0.7789	1.3083	-36.7108	0.0	11	0.0	0.0		3805	0	0
1701823163350	t	banquethall_test_cue_cafeteria_left	0.0	0	0	4.083	592.4159999999999	974.4	1.0	3.5497	598.464	1066.72	1.0	0.1421	-0.2014	0.9691	1.2108	1.3972	-36.7328	0.0	11	0.0	0.0		3805	0	0
1701823163358	t	banquethall_test_cue_cafeteria_left	0.0	0	0	3.857	589.68	972.48	1.0	3.5189	598.752	1062.08	1.0	0.1474	-0.2009	0.9684	5.0144	1.577	-36.8778	0.0	11	0.0	0.0		3805	0	0
1701823163367	t	banquethall_test_cue_cafeteria_left	0.0	0	0	3.9349	590.256	970.4000000000001	1.0	3.4807	597.888	1061.1200000000001	1.0	0.1479	-0.2	0.9686	6.357	1.6601	-36.9761	0.0	11	0.0	0.0		3805	0	0
1701823163375	t	banquethall_test_cue_cafeteria_left	0.0	0	0	3.97	592.272	964.9599999999999	1.0	3.6226	597.888	1057.92	1.0	0.1428	-0.1863	0.9721	8.6658	1.7471	-37.0689	0.0	11	0.0	0.0		3805	0	0
1701823163383	t	banquethall_test_cue_cafeteria_left	0.0	0	0	3.8754	593.856	964.9599999999999	1.0	3.4346	604.944	1054.88	1.0	0.1282	-0.1872	0.9739	8.0096	1.7497	-37.0564	0.0	11	0.0	0.0		3805	0	0
1701823163392	t	banquethall_test_cue_cafeteria_left	0.0	0	0	3.9375	597.6	963.04	1.0	3.4435	607.824	1054.56	1.0	0.127	-0.1794	0.9755	6.172	1.6656	-36.9671	0.0	11	0.0	0.0		3805	0	0
1701823163400	t	banquethall_test_cue_cafeteria_left	0.0	0	0	3.8411	624.672	968.4799999999999	1.0	3.4341	631.0079999999999	1063.6799999999998	1.0	0.0738	-0.192	0.9786	5.6425	1.5983	-36.9741	0.0	11	0.0	0.0		3805	0	0
1701823163408	t	banquethall_test_cue_cafeteria_left	0.0	0	0	3.7206	662.544	971.1999999999999	1.0	3.5064	662.256	1073.76	1.0	0.0116	-0.1989	0.9799	7.3364	1.6225	-37.1038	0.0	11	0.0	0.0		3805	0	0
1701823163417	t	banquethall_test_cue_cafeteria_left	0.0	0	0	3.5602	696.096	979.1999999999999	1.0	3.3662	693.936	1076.0	1.0	-0.0499	-0.2127	0.9758	7.4431	1.6078	-37.0995	0.0	11	0.0	0.0		3805	0	0
1701823163425	t	banquethall_test_cue_cafeteria_left	0.0	0	0	3.7042	712.8	976.16	1.0	3.3072	713.088	1072.32	1.0	-0.072	-0.2035	0.9764	10.3375	1.7552	-37.2965	0.0	11	0.0	0.0		3805	0	0
1701823163434	t	banquethall_test_cue_cafeteria_left	0.0	0	0	3.6628	710.928	974.24	1.0	3.2497	711.936	1070.4	1.0	-0.053	-0.202	0.9779	12.7779	1.871	-37.4064	0.0	11	0.0	0.0		3805	0	0
1701823163442	t	banquethall_test_cue_cafeteria_left	0.0	0	0	3.6804	714.672	974.56	1.0	3.3292	717.552	1072.0	1.0	-0.0677	-0.207	0.976	10.5732	1.8011	-37.2952	0.0	11	0.0	0.0		3805	0	0
1701823163453	t	banquethall_test_cue_cafeteria_left	0.0	0	0	3.643	718.272	971.84	1.0	3.1933	721.584	1066.72	1.0	-0.0793	-0.1966	0.9773	8.3752	1.7301	-37.2011	0.0	11	0.0	0.0		3805	0	0
1701823163459	t	banquethall_test_cue_cafeteria_left	0.0	0	0	3.6651	719.712	968.3199999999999	1.0	3.2832	721.44	1064.16	1.0	-0.0742	-0.1886	0.9792	-8.566	1.0943	-36.3597	0.0	11	0.0	0.0		3805	0	0
1701823163467	t	banquethall_test_cue_cafeteria_left	0.0	0	0	3.7503	722.736	963.52	1.0	3.2523	725.76	1063.6799999999998	1.0	-0.082	-0.1858	0.9791	-16.66	0.8062	-35.9919	0.0	11	0.0	0.0		3805	0	0
1701823163475	t	banquethall_test_cue_cafeteria_left	0.0	0	0	3.6782	721.152	962.72	1.0	3.2547	726.3359999999999	1064.48	1.0	-0.0769	-0.1942	0.9779	-28.0293	0.3654	-35.3536	0.0	11	0.0	0.0		3805	0	0
1701823163484	t	banquethall_test_cue_cafeteria_left	0.0	0	0	3.7299	723.4559999999999	961.28	1.0	3.2138	728.2080000000001	1062.72	1.0	-0.0752	-0.1875	0.9794	-30.5287	0.2616	-35.23	0.0	11	0.0	0.0		3805	0	0
1701823163492	t	banquethall_test_cue_cafeteria_left	0.0	0	0	3.7248	723.888	960.0	1.0	3.2582	730.3679999999999	1060.48	1.0	-0.0786	-0.1827	0.98	-30.857	0.2664	-35.2127	0.0	11	0.0	0.0		3805	0	0
1701823163501	t	banquethall_test_cue_cafeteria_left	0.0	0	0	3.709	723.4559999999999	960.0	1.0	3.238	731.664	1058.08	1.0	-0.0801	-0.1786	0.9806	-30.9122	0.2848	-35.2092	0.0	11	0.0	0.0		3805	0	0
1701823163509	t	banquethall_test_cue_cafeteria_left	0.0	0	0	3.7274	724.176	957.44	1.0	3.3432	732.528	1054.72	1.0	-0.0816	-0.169	0.9822	-30.9487	0.2963	-35.2117	0.0	11	0.0	0.0		3805	0	0
1701823163517	t	banquethall_test_cue_cafeteria_left	0.0	0	0	3.7534	724.4639999999999	956.0	1.0	3.3206	732.3840000000001	1053.9199999999998	1.0	-0.0802	-0.1692	0.9823	-30.9531	0.31	-35.2078	0.0	11	0.0	0.0		3805	0	0
1701823163526	t	banquethall_test_cue_cafeteria_left	0.0	0	0	3.8087	724.896	955.52	1.0	3.3158	732.2399999999999	1052.8	1.0	-0.0791	-0.1705	0.9822	-30.948	0.3317	-35.2014	0.0	11	0.0	0.0		3805	0	0
1701823163534	t	banquethall_test_cue_cafeteria_left	0.0	0	0	3.7976	726.048	956.32	1.0	3.2593	732.96	1055.2	1.0	-0.0812	-0.181	0.9801	-30.9037	0.3435	-35.1981	0.0	11	0.0	0.0		3805	0	0
1701823163542	t	banquethall_test_cue_cafeteria_left	0.0	0	0	3.7877	725.616	955.84	1.0	3.3553	731.808	1050.88	1.0	-0.0755	-0.1669	0.9831	-30.7635	0.3532	-35.2086	0.0	11	0.0	0.0		3805	0	0
1701823163551	t	banquethall_test_cue_cafeteria_left	0.0	0	0	3.7833	725.3280000000001	955.3599999999999	1.0	3.354	732.096	1051.52	1.0	-0.0776	-0.1703	0.9823	-30.165	0.3842	-35.2394	0.0	11	0.0	0.0		3805	0	0
1701823163559	t	banquethall_test_cue_cafeteria_left	0.0	0	0	3.7285	723.888	954.72	1.0	3.3224	732.528	1051.68	1.0	-0.0805	-0.1748	0.9813	-28.3614	0.4755	-35.338	0.0	11	0.0	0.0		3805	0	0
1701823163567	t	banquethall_test_cue_cafeteria_left	0.0	0	0	3.7141	724.4639999999999	952.96	1.0	3.3062	732.2399999999999	1048.8	1.0	-0.0798	-0.1665	0.9828	-27.4917	0.519	-35.3911	0.0	11	0.0	0.0		3805	0	0
1701823163575	t	banquethall_test_cue_cafeteria_left	0.0	0	0	3.8082	723.744	949.92	1.0	3.2211	733.9680000000001	1047.68	1.0	-0.0872	-0.1662	0.9822	-28.74	0.484	-35.3086	0.0	11	0.0	0.0		3805	0	0
1701823163584	t	banquethall_test_cue_cafeteria_left	0.0	0	0	3.6825	719.712	949.2800000000001	1.0	3.1914	732.672	1049.44	1.0	-0.0823	-0.1754	0.981	-30.1113	0.4378	-35.2182	0.0	11	0.0	0.0		3805	0	0
1701823163592	t	banquethall_test_cue_cafeteria_left	0.0	0	0	3.7716	722.016	948.32	1.0	3.172	732.96	1047.52	1.0	-0.0848	-0.1709	0.9816	-30.4758	0.4315	-35.1942	0.0	11	0.0	0.0		3805	0	0
1701823163600	t	banquethall_test_cue_cafeteria_left	0.0	0	0	3.6863	718.416	948.8	1.0	3.1147	733.536	1049.6000000000001	1.0	-0.0878	-0.1778	0.9801	-30.6145	0.4283	-35.1946	0.0	11	0.0	0.0		3805	0	0
1701823163609	t	banquethall_test_cue_cafeteria_left	0.0	0	0	3.6675	718.9920000000001	949.6	1.0	3.1524	732.2399999999999	1047.8400000000001	1.0	-0.0836	-0.1726	0.9814	-30.4714	0.4352	-35.1986	0.0	11	0.0	0.0		3805	0	0
1701823163617	t	banquethall_test_cue_cafeteria_left	0.0	0	0	3.7528	719.28	948.32	1.0	3.1754	730.9440000000001	1046.56	1.0	-0.0795	-0.1678	0.9826	-29.9633	0.4546	-35.2336	0.0	11	0.0	0.0		3805	0	0
1701823163626	t	banquethall_test_cue_cafeteria_left	0.0	0	0	3.571	716.256	947.3599999999999	1.0	3.1749	730.8	1046.4	1.0	-0.079	-0.1664	0.9829	-27.9276	0.5371	-35.358	0.0	11	0.0	0.0		3805	0	0
1701823163634	t	banquethall_test_cue_cafeteria_left	0.0	0	0	3.5772	716.688	948.48	1.0	3.1757	730.656	1046.0800000000002	1.0	-0.0789	-0.1652	0.9831	-26.1672	0.6118	-35.4772	0.0	11	0.0	0.0		3805	0	0
1701823163642	t	banquethall_test_cue_cafeteria_left	0.0	0	0	3.742	716.688	946.5600000000001	1.0	3.1824	730.512	1045.9199999999998	1.0	-0.0788	-0.1647	0.9832	-27.8535	0.5444	-35.3777	0.0	11	0.0	0.0		3805	0	0
1701823163651	t	banquethall_test_cue_cafeteria_left	0.0	0	0	3.5901	713.952	946.24	1.0	3.2241	728.784	1044.96	1.0	-0.0758	-0.1646	0.9834	-30.0847	0.4625	-35.2287	0.0	11	0.0	0.0		3805	0	0
1701823163659	t	banquethall_test_cue_cafeteria_left	0.0	0	0	3.4696	712.6560000000001	944.16	1.0	3.1959	727.4879999999999	1039.04	1.0	-0.0724	-0.1484	0.9863	-30.6463	0.4557	-35.1944	0.0	11	0.0	0.0		3805	0	0
1701823163667	t	banquethall_test_cue_cafeteria_left	0.0	0	0	3.6335	714.24	944.48	1.0	3.132	728.3520000000001	1035.84	1.0	-0.0773	-0.1401	0.9871	-30.6767	0.4698	-35.1964	0.0	11	0.0	0.0		3805	0	0
1701823163676	t	banquethall_test_cue_cafeteria_left	0.0	0	0	3.6238	713.376	942.56	1.0	3.1285	727.3439999999999	1035.84	1.0	-0.0747	-0.1428	0.9869	-30.4863	0.4869	-35.1999	0.0	11	0.0	0.0		3805	0	0
1701823163684	t	banquethall_test_cue_cafeteria_left	0.0	0	0	3.537	712.5120000000001	940.32	1.0	3.1207	725.616	1035.84	1.0	-0.0689	-0.1442	0.9871	-29.7186	0.5243	-35.2433	0.0	11	0.0	0.0		3805	0	0
1701823163692	t	banquethall_test_cue_cafeteria_left	0.0	0	0	3.6147	712.08	941.1199999999999	1.0	3.1175	725.04	1036.0	1.0	-0.0677	-0.1451	0.9871	-28.5563	0.5706	-35.3116	0.0	11	0.0	0.0		3805	0	0
1701823163700	t	banquethall_test_cue_cafeteria_left	0.0	0	0	3.5414	709.92	940.9599999999999	1.0	3.1201	725.1840000000001	1036.3200000000002	1.0	-0.0687	-0.1456	0.9869	-27.6781	0.6049	-35.3602	0.0	11	0.0	0.0		3805	0	0
1701823163709	t	banquethall_test_cue_cafeteria_left	0.0	0	0	3.5638	710.064	940.0	1.0	3.1817	723.744	1036.0	1.0	-0.069	-0.1456	0.9869	-27.8707	0.582	-35.281	0.0	11	0.0	0.0		3805	0	0
1701823163717	t	banquethall_test_cue_cafeteria_left	0.0	0	0	3.6734	709.92	940.8	1.0	3.1722	723.5999999999999	1034.88	1.0	-0.0671	-0.1403	0.9878	-29.838	0.5063	-35.2043	0.0	11	0.0	0.0		3805	0	0
1701823163725	t	banquethall_test_cue_cafeteria_left	0.0	0	0	3.6722	708.048	941.92	1.0	3.1208	723.024	1034.3999999999999	1.0	-0.0668	-0.1387	0.9881	-30.1876	0.4896	-35.1834	0.0	11	0.0	0.0		3805	0	0
1701823163734	t	banquethall_test_cue_cafeteria_left	0.0	0	0	3.6101	705.456	941.2800000000001	1.0	3.1646	722.592	1034.3999999999999	1.0	-0.0671	-0.1377	0.9882	-29.4373	0.517	-35.2285	0.0	11	0.0	0.0		3805	0	0
1701823163742	t	banquethall_test_cue_cafeteria_left	0.0	0	0	3.6487	705.6	941.6	1.0	3.1734	720.864	1032.32	1.0	-0.063	-0.1306	0.9894	-29.1752	0.5226	-35.2375	0.0	11	0.0	0.0		3805	0	0
1701823163751	t	banquethall_test_cue_cafeteria_left	0.0	0	0	3.5862	705.456	941.92	1.0	3.1418	719.136	1036.48	1.0	-0.059	-0.1444	0.9877	-28.9474	0.5255	-35.2404	0.0	11	0.0	0.0		3805	0	0
1701823163759	t	banquethall_test_cue_cafeteria_left	0.0	0	0	3.6216	704.016	941.2800000000001	1.0	3.0948	718.848	1034.24	1.0	-0.061	-0.1373	0.9886	-27.6568	0.5816	-35.3271	0.0	11	0.0	0.0		3805	0	0
1701823163767	t	banquethall_test_cue_cafeteria_left	0.0	0	0	3.6319	702.432	940.64	1.0	3.1804	717.84	1034.24	1.0	-0.0591	-0.1378	0.9887	-28.647	0.5448	-35.2584	0.0	11	0.0	0.0		3805	0	0
1701823163776	t	banquethall_test_cue_cafeteria_left	0.0	0	0	3.5998	704.16	940.8	1.0	3.2092	716.256	1032.96	1.0	-0.055	-0.1362	0.9892	-29.8889	0.5037	-35.1752	0.0	11	0.0	0.0		3805	0	0
1701823163784	t	banquethall_test_cue_cafeteria_left	0.0	0	0	3.6066	704.448	940.0	1.0	3.2151	718.704	1033.44	1.0	-0.056	-0.1351	0.9892	-30.254	0.4695	-35.1226	0.0	11	0.0	0.0		3805	0	0
1701823163792	t	banquethall_test_cue_cafeteria_left	0.0	0	0	3.5784	722.592	943.36	1.0	3.0424	735.1199999999999	1036.8	1.0	-0.0855	-0.1388	0.9866	-30.3899	0.4525	-35.1956	0.0	11	0.0	0.0		3805	0	0
1701823163801	t	banquethall_test_cue_cafeteria_left	0.0	0	0	3.6462	753.552	955.52	1.0	3.1458	766.368	1052.0	1.0	-0.1555	-0.1714	0.9729	-30.1753	0.4251	-35.3043	0.0	11	0.0	0.0		3805	0	0
1701823163809	t	banquethall_test_cue_cafeteria_left	0.0	0	0	3.7209	790.8480000000001	959.68	1.0	3.0629	793.2959999999999	1058.88	1.0	-0.2052	-0.1805	0.9619	-28.8954	0.4594	-35.4702	0.0	11	0.0	0.0		3805	0	0
1701823163817	t	banquethall_test_cue_cafeteria_left	0.0	0	0	3.7404	816.624	955.1999999999999	1.0	3.3433	823.536	1048.6399999999999	1.0	-0.2708	-0.134	0.9532	-25.1059	0.6318	-35.8244	0.0	11	0.0	0.0		3805	0	0
1701823163825	t	banquethall_test_cue_cafeteria_left	0.0	0	0	3.8361	842.112	956.8	1.0	3.4767	846.7199999999999	1054.72	1.0	-0.3182	-0.1424	0.9373	-12.6814	1.1496	-36.6505	0.0	11	0.0	0.0		3805	0	0
1701823163833	t	banquethall_test_cue_cafeteria_left	0.0	0	0	3.8083	841.248	956.32	1.0	3.4769	849.5999999999999	1051.84	1.0	-0.3126	-0.1431	0.939	2.317	1.7897	-37.5214	0.0	11	0.0	0.0		3805	0	0
1701823163841	t	banquethall_test_cue_cafeteria_left	0.0	0	0	3.849	839.664	954.72	1.0	3.4165	843.552	1058.3999999999999	1.0	-0.301	-0.1519	0.9415	4.7634	1.8879	-37.6433	0.0	11	0.0	0.0		3805	0	0
1701823163850	t	banquethall_test_cue_cafeteria_left	0.0	0	0	3.8625	840.672	956.48	1.0	3.5005	848.88	1051.68	1.0	-0.3135	-0.145	0.9384	17.793	2.4153	-38.4127	0.0	11	0.0	0.0		3805	0	0
1701823163858	t	banquethall_test_cue_cafeteria_left	0.0	0	0	3.8255	838.944	955.04	1.0	3.4088	851.184	1052.48	1.0	-0.3065	-0.1424	0.9411	26.6101	2.7713	-38.9238	0.0	11	0.0	0.0		3805	0	0
1701823163866	t	banquethall_test_cue_cafeteria_left	0.0	0	0	3.8115	837.504	956.0	1.0	3.3993	846.288	1053.44	1.0	-0.3005	-0.1476	0.9423	19.565	2.4896	-38.5074	0.0	11	0.0	0.0		3805	0	0
1701823163875	t	banquethall_test_cue_cafeteria_left	0.0	0	0	3.8376	837.648	954.08	1.0	3.4418	848.016	1050.08	1.0	-0.3051	-0.143	0.9415	12.8954	2.2368	-38.1176	0.0	11	0.0	0.0		3805	0	0
1701823163884	t	banquethall_test_cue_cafeteria_left	0.0	0	0	3.8147	836.496	952.0	1.0	3.3909	846.0	1052.8	1.0	-0.3015	-0.1445	0.9424	1.786	1.791	-37.465	0.0	11	0.0	0.0		3805	0	0
1701823163892	t	banquethall_test_cue_cafeteria_left	0.0	0	0	3.809	833.616	950.8800000000001	1.0	3.3912	847.5840000000001	1052.64	1.0	-0.3	-0.1447	0.9429	-3.3276	1.5891	-37.1673	0.0	11	0.0	0.0		3805	0	0
1701823163900	t	banquethall_test_cue_cafeteria_left	0.0	0	0	3.877	835.9200000000001	952.3199999999999	1.0	3.4617	848.7360000000001	1050.08	1.0	-0.3058	-0.1421	0.9414	-4.3655	1.5542	-37.1124	0.0	11	0.0	0.0		3805	0	0
1701823163909	t	banquethall_test_cue_cafeteria_left	0.0	0	0	3.8295	835.6320000000001	952.0	1.0	3.4463	847.872	1049.76	1.0	-0.3031	-0.1419	0.9423	-4.5624	1.548	-37.0995	0.0	11	0.0	0.0		3805	0	0
1701823163917	t	banquethall_test_cue_cafeteria_left	0.0	0	0	3.7818	835.3439999999999	951.68	1.0	3.4314	847.44	1049.44	1.0	-0.3009	-0.1416	0.9431	-4.7367	1.5426	-37.0878	0.0	11	0.0	0.0		3805	0	0
1701823163925	t	banquethall_test_cue_cafeteria_left	0.0	0	0	3.808	835.1999999999999	951.0400000000001	1.0	3.4346	848.016	1049.12	1.0	-0.3023	-0.1403	0.9428	-5.2041	1.5243	-37.0603	0.0	11	0.0	0.0		3805	0	0
1701823163933	t	banquethall_test_cue_cafeteria_left	0.0	0	0	3.8341	835.0559999999999	950.56	1.0	3.4334	848.7360000000001	1049.44	1.0	-0.3036	-0.1399	0.9424	-5.0065	1.5329	-37.0719	0.0	11	0.0	0.0		3805	0	0
1701823163941	t	banquethall_test_cue_cafeteria_left	0.0	0	0	3.8384	835.1999999999999	950.24	1.0	3.4129	848.016	1049.6000000000001	1.0	-0.3024	-0.1404	0.9428	-5.1557	1.5277	-37.0628	0.0	11	0.0	0.0		3805	0	0
1701823163949	t	banquethall_test_cue_cafeteria_left	0.0	0	0	3.8354	835.0559999999999	950.08	1.0	3.4168	847.872	1049.44	1.0	-0.3021	-0.1398	0.9429	-4.9367	1.5374	-37.0749	0.0	11	0.0	0.0		3805	0	0
1701823163958	t	banquethall_test_cue_cafeteria_left	0.0	0	0	3.8394	835.0559999999999	949.92	1.0	3.4059	848.16	1049.28	1.0	-0.3029	-0.1397	0.9427	-4.782	1.5443	-37.0831	0.0	11	0.0	0.0		3805	0	0
1701823163966	t	banquethall_test_cue_cafeteria_left	0.0	0	0	3.836	835.0559999999999	949.92	1.0	3.394	847.872	1049.44	1.0	-0.3026	-0.1401	0.9427	-4.7162	1.5476	-37.0862	0.0	11	0.0	0.0		3805	0	0
1701823163975	t	banquethall_test_cue_cafeteria_left	0.0	0	0	3.8391	834.0480000000001	949.76	1.0	3.373	847.728	1049.28	1.0	-0.3005	-0.1401	0.9434	-4.7038	1.5493	-37.0862	0.0	11	0.0	0.0		3805	0	0
1701823163983	t	banquethall_test_cue_cafeteria_left	0.0	0	0	3.8351	832.8960000000001	949.6	1.0	3.3936	847.872	1049.28	1.0	-0.2995	-0.1399	0.9438	-4.6769	1.5515	-37.087	0.0	11	0.0	0.0		3805	0	0
1701823163991	t	banquethall_test_cue_cafeteria_left	0.0	0	0	3.8388	832.8960000000001	949.44	1.0	3.3732	848.016	1049.12	1.0	-0.2999	-0.1404	0.9436	-4.5848	1.5583	-37.0911	0.0	11	0.0	0.0		3805	0	0
1701823164000	t	banquethall_test_cue_cafeteria_left	0.0	0	0	3.7999	831.0239999999999	946.5600000000001	1.0	3.4131	846.144	1046.8799999999999	1.0	-0.29	-0.1407	0.9466	-4.501	1.5978	-37.0817	0.0	11	0.0	0.0		3805	0	0
1701823164008	t	banquethall_test_cue_cafeteria_left	0.0	0	0	3.8794	832.6080000000001	935.36	1.0	3.2984	846.0	1034.08	1.0	-0.2869	-0.1148	0.9511	-4.3686	1.6777	-37.0896	0.0	11	0.0	0.0		3805	0	0
1701823164016	t	banquethall_test_cue_cafeteria_left	0.0	0	0	3.7908	832.8960000000001	919.68	1.0	3.3281	847.728	1019.52	1.0	-0.2866	-0.0871	0.9541	-4.6413	1.7852	-37.0745	0.0	11	0.0	0.0		3805	0	0
1701823164025	t	banquethall_test_cue_cafeteria_left	0.0	0	0	3.7683	839.8080000000001	904.32	1.0	3.3857	851.4720000000001	1002.72	1.0	-0.2934	-0.06	0.9541	-4.7307	1.9339	-37.0789	0.0	11	0.0	0.0		3805	0	0
1701823164033	t	banquethall_test_cue_cafeteria_left	0.0	0	0	3.7492	848.16	890.08	1.0	3.3371	857.088	984.0	1.0	-0.3016	-0.0289	0.953	-4.2198	2.1011	-37.1359	0.0	11	0.0	0.0		3805	0	0
1701823164041	t	banquethall_test_cue_cafeteria_left	0.0	0	0	3.7699	855.072	890.7199999999999	1.0	3.3992	858.96	979.52	1.0	-0.3084	-0.0291	0.9508	-3.4778	2.1761	-37.1875	0.0	11	0.0	0.0		3805	0	0
1701823164050	t	banquethall_test_cue_cafeteria_left	0.0	0	0	3.7181	848.7360000000001	893.28	1.0	3.4089	856.224	982.24	1.0	-0.2936	-0.0402	0.9551	-2.9704	2.1911	-37.1944	0.0	11	0.0	0.0		3805	0	0
1701823164058	t	banquethall_test_cue_cafeteria_left	0.0	0	0	3.8285	844.848	889.28	1.0	3.3908	857.3760000000001	984.6399999999999	1.0	-0.2945	-0.0323	0.9551	-2.0703	2.199	-37.2501	0.0	11	0.0	0.0		3805	0	0
1701823164066	t	banquethall_test_cue_cafeteria_left	0.0	0	0	3.7205	842.4	892.16	1.0	3.4531	849.456	979.52	1.0	-0.2762	-0.0267	0.9607	-1.6469	2.1964	-37.2579	0.0	11	0.0	0.0		3805	0	0
1701823164075	t	banquethall_test_cue_cafeteria_left	0.0	0	0	3.7882	839.52	891.2	1.0	3.3433	851.4720000000001	982.7199999999999	1.0	-0.2761	-0.0296	0.9606	-0.8804	2.2179	-37.2993	0.0	11	0.0	0.0		3805	0	0
1701823164083	t	banquethall_test_cue_cafeteria_left	0.0	0	0	3.6144	832.3199999999999	893.12	1.0	3.3982	848.88	983.2	1.0	-0.2593	-0.0334	0.9652	-2.6589	2.1361	-37.1776	0.0	11	0.0	0.0		3805	0	0
1701823164091	t	banquethall_test_cue_cafeteria_left	0.0	0	0	3.6274	828.72	898.24	1.0	3.3425	843.12	982.08	1.0	-0.2471	-0.0361	0.9683	-6.741	1.9555	-36.9187	0.0	11	0.0	0.0		3805	0	0
1701823164100	t	banquethall_test_cue_cafeteria_left	0.0	0	0	3.6993	826.8480000000001	889.9200000000001	1.0	3.2715	839.376	980.32	1.0	-0.2424	-0.0193	0.97	-8.1456	1.8882	-36.8297	0.0	11	0.0	0.0		3805	0	0
1701823164108	t	banquethall_test_cue_cafeteria_left	0.0	0	0	3.7096	820.8	890.24	1.0	3.2776	835.3439999999999	980.32	1.0	-0.2316	-0.0193	0.9726	-11.6489	1.7343	-36.5858	0.0	11	0.0	0.0		3805	0	0
1701823164116	t	banquethall_test_cue_cafeteria_left	0.0	0	0	3.6977	812.592	887.36	1.0	3.271	826.8480000000001	982.7199999999999	1.0	-0.2121	-0.0219	0.977	-30.3295	0.971	-35.4803	0.0	11	0.0	0.0		3805	0	0
1701823164125	t	banquethall_test_cue_cafeteria_left	0.0	0	0	3.7189	805.248	884.6399999999999	1.0	3.1755	825.2640000000001	978.4000000000001	1.0	-0.2247	-0.0139	0.9743	-32.0481	0.9404	-35.3916	0.0	11	0.0	0.0		3805	0	0
1701823164133	t	banquethall_test_cue_cafeteria_left	0.0	0	0	3.7296	795.168	887.04	1.0	3.0198	809.856	985.44	1.0	-0.1883	-0.0491	0.9809	-31.9353	0.9463	-35.3088	0.0	11	0.0	0.0		3805	0	0
1701823164142	t	banquethall_test_cue_cafeteria_left	0.0	0	0	3.6381	785.52	884.4799999999999	1.0	3.1793	800.208	981.6	1.0	-0.1733	-0.0436	0.9839	-31.8206	0.9777	-35.2781	0.0	11	0.0	0.0		3805	0	0
1701823164150	t	banquethall_test_cue_cafeteria_left	0.0	0	0	3.5967	770.4000000000001	881.1199999999999	1.0	3.0339	786.24	983.36	1.0	-0.1466	-0.0606	0.9873	-31.6829	1.0019	-35.2213	0.0	11	0.0	0.0		3805	0	0
1701823164158	t	banquethall_test_cue_cafeteria_left	0.0	0	0	3.5222	769.536	880.1600000000001	1.0	3.0181	781.1999999999999	983.2	1.0	-0.1344	-0.0637	0.9889	-31.6463	1.0089	-35.2016	0.0	11	0.0	0.0		3805	0	0
1701823164167	t	banquethall_test_cue_cafeteria_left	0.0	0	0	3.3827	780.768	872.8	1.0	3.3703	807.984	966.7199999999999	1.0	-0.2212	-0.0035	0.9752	-31.7357	1.0774	-35.3203	0.0	11	0.0	0.0		3805	0	0
1701823164175	t	banquethall_test_cue_cafeteria_left	0.0	0	0	3.7058	803.6640000000001	865.1199999999999	1.0	3.4409	823.2479999999999	954.72	1.0	-0.2591	0.0321	0.9653	-31.8434	1.1535	-35.3943	0.0	11	0.0	0.0		3805	0	0
1701823164185	t	banquethall_test_cue_cafeteria_left	0.0	0	0	3.531	809.856	862.2400000000001	1.0	3.3628	826.9920000000001	954.5600000000001	1.0	-0.2625	0.0261	0.9646	-31.8979	1.1854	-35.3996	0.0	11	0.0	0.0		3805	0	0
1701823164191	t	banquethall_test_cue_cafeteria_left	0.0	0	0	3.6521	818.2080000000001	855.1999999999999	1.0	3.4654	825.984	948.64	1.0	-0.2653	0.042	0.9632	-31.8625	1.2179	-35.4072	0.0	11	0.0	0.0		3805	0	0
1701823164200	t	banquethall_test_cue_cafeteria_left	0.0	0	0	3.6976	800.496	853.5999999999999	1.0	3.3931	808.128	948.1600000000001	1.0	-0.2193	0.0356	0.975	-31.7427	1.2169	-35.34	0.0	11	0.0	0.0		3805	0	0
1701823164208	t	banquethall_test_cue_cafeteria_left	0.0	0	0	3.5771	787.8240000000001	857.76	1.0	2.9783	793.1519999999999	960.0	1.0	-0.1874	-0.0117	0.9822	-31.5404	1.1901	-35.261	0.0	11	0.0	0.0		3805	0	0
1701823164216	t	banquethall_test_cue_cafeteria_left	0.0	0	0	3.6873	780.768	854.4000000000001	1.0	3.325	787.5360000000001	950.56	1.0	-0.1858	0.021	0.9824	-31.1644	1.2227	-35.2859	0.0	11	0.0	0.0		3805	0	0
1701823164225	t	banquethall_test_cue_cafeteria_left	0.0	0	0	3.7518	771.696	853.92	1.0	3.2804	781.3439999999999	946.24	1.0	-0.1819	0.0309	0.9828	-30.273	1.2746	-35.3231	0.0	11	0.0	0.0		3805	0	0
1701823164233	t	banquethall_test_cue_cafeteria_left	0.0	0	0	3.6502	759.5999999999999	852.4800000000001	1.0	3.2169	771.2639999999999	945.12	1.0	-0.168	0.0272	0.9854	-29.9156	1.3033	-35.3045	0.0	11	0.0	0.0		3805	0	0
1701823164241	t	banquethall_test_cue_cafeteria_left	0.0	0	0	3.5264	749.232	852.4800000000001	1.0	3.0406	759.024	953.28	1.0	-0.1456	-0.0064	0.9893	-28.9703	1.3317	-35.2923	0.0	11	0.0	0.0		3805	0	0
1701823164250	t	banquethall_test_cue_cafeteria_left	0.0	0	0	3.6157	740.304	850.24	1.0	3.1305	747.36	953.76	1.0	-0.1246	-0.0105	0.9921	-27.6786	1.3639	-35.2671	0.0	11	0.0	0.0		3805	0	0
1701823164258	t	banquethall_test_cue_cafeteria_left	0.0	0	0	3.4617	728.928	850.08	1.0	3.1907	741.1680000000001	945.4399999999999	1.0	-0.1178	0.0182	0.9929	-28.7647	1.2838	-35.0884	0.0	11	0.0	0.0		3805	0	0
1701823164267	t	banquethall_test_cue_cafeteria_left	0.0	0	0	3.4249	720.5759999999999	850.7199999999999	1.0	3.2216	735.84	941.6	1.0	-0.1119	0.0309	0.9932	-29.2617	1.3959	-35.5097	0.0	11	0.0	0.0		3805	0	0
1701823164275	t	banquethall_test_cue_cafeteria_left	0.0	0	0	3.5038	715.968	849.2800000000001	1.0	3.1823	727.4879999999999	942.56	1.0	-0.0959	0.0208	0.9952	-28.6178	1.5002	-35.734	0.0	11	0.0	0.0		3805	0	0
1701823164284	t	banquethall_test_cue_cafeteria_left	0.0	0	0	3.5815	711.072	847.3599999999999	1.0	2.8971	717.12	946.24	1.0	-0.073	0.0039	0.9973	-28.6302	1.4114	-35.4192	0.0	11	0.0	0.0		3805	0	0
1701823164292	t	banquethall_test_cue_cafeteria_left	0.0	0	0	3.5192	704.304	846.72	1.0	3.0389	716.1120000000001	938.08	1.0	-0.0782	0.0293	0.9965	-15.2053	1.9829	-36.3007	0.0	11	0.0	0.0		3805	0	0
1701823164300	t	banquethall_test_cue_cafeteria_left	0.0	0	0	3.5906	700.416	846.4000000000001	1.0	3.0596	708.48	936.48	1.0	-0.0641	0.0286	0.9975	-16.3408	1.9854	-36.3174	0.0	11	0.0	0.0		3805	0	0
1701823164308	t	banquethall_test_cue_cafeteria_left	0.0	0	0	3.5794	696.384	845.12	1.0	3.0915	708.48	935.0400000000001	1.0	-0.0669	0.0284	0.9973	-21.3185	1.7917	-35.9319	0.0	11	0.0	0.0		3805	0	0
1701823164317	t	banquethall_test_cue_cafeteria_left	0.0	0	0	3.6547	693.36	844.48	1.0	3.0845	705.888	933.92	1.0	-0.0628	0.0253	0.9977	-7.9864	2.3507	-36.754	0.0	11	0.0	0.0		3805	0	0
1701823164325	t	banquethall_test_cue_cafeteria_left	0.0	0	0	3.5687	691.92	843.68	1.0	3.132	704.304	933.76	1.0	-0.0629	0.026	0.9977	-12.3959	2.155	-36.3955	0.0	11	0.0	0.0		3805	0	0
1701823164333	t	banquethall_test_cue_cafeteria_left	0.0	0	0	3.6109	687.168	842.8800000000001	1.0	3.0866	698.832	933.6	1.0	-0.0462	0.0238	0.9986	-25.8639	1.6794	-35.7292	0.0	11	0.0	0.0		3805	0	0
1701823164342	t	banquethall_test_cue_cafeteria_left	0.0	0	0	3.5902	686.592	842.7199999999999	1.0	2.9541	693.216	933.1200000000001	1.0	-0.0304	0.0185	0.9994	-30.0086	1.5441	-35.4929	0.0	11	0.0	0.0		3805	0	0
1701823164350	t	banquethall_test_cue_cafeteria_left	0.0	0	0	3.5487	684.7199999999999	842.24	1.0	3.1693	697.1039999999999	931.3599999999999	1.0	-0.0507	0.0201	0.9985	-29.9384	1.5508	-35.3905	0.0	11	0.0	0.0		3805	0	0
1701823164358	t	banquethall_test_cue_cafeteria_left	0.0	0	0	3.634	682.7040000000001	841.92	1.0	3.064	696.528	928.8000000000001	1.0	-0.0508	0.0232	0.9984	-29.665	1.5889	-35.4175	0.0	11	0.0	0.0		3805	0	0
1701823164367	t	banquethall_test_cue_cafeteria_left	0.0	0	0	3.565	681.552	840.48	1.0	3.027	694.944	929.28	1.0	-0.0455	0.0201	0.9987	-29.7103	1.581	-35.3807	0.0	11	0.0	0.0		3805	0	0
1701823164375	t	banquethall_test_cue_cafeteria_left	0.0	0	0	3.6115	680.544	839.1999999999999	1.0	3.1115	694.8	928.48	1.0	-0.0441	0.0237	0.9987	-29.1581	1.6118	-35.4389	0.0	11	0.0	0.0		3805	0	0
1701823164384	t	banquethall_test_cue_cafeteria_left	0.0	0	0	3.5758	681.408	839.1999999999999	1.0	3.0859	695.376	927.36	1.0	-0.0447	0.0267	0.9986	-29.4666	1.5999	-35.4062	0.0	11	0.0	0.0		3805	0	0
1701823164392	t	banquethall_test_cue_cafeteria_left	0.0	0	0	3.6209	681.696	838.24	1.0	3.2406	697.392	925.76	1.0	-0.0471	0.0318	0.9984	-29.5572	1.6395	-35.5217	0.0	11	0.0	0.0		3805	0	0
1701823164400	t	banquethall_test_cue_cafeteria_left	0.0	0	0	3.6147	683.568	837.28	1.0	3.1891	697.68	927.0400000000001	1.0	-0.0388	0.0274	0.9989	-28.7908	1.6785	-35.6037	0.0	11	0.0	0.0		3805	0	0
1701823164408	t	banquethall_test_cue_cafeteria_left	0.0	0	0	3.638	684.288	838.4000000000001	1.0	3.292	699.84	927.52	1.0	-0.0393	0.0275	0.9988	-21.7635	1.9432	-36.0144	0.0	11	0.0	0.0		3805	0	0
1701823164416	t	banquethall_test_cue_cafeteria_left	0.0	0	0	3.6671	685.7280000000001	838.08	1.0	3.1856	702.0	927.2	1.0	-0.0426	0.0306	0.9986	-25.0357	1.7645	-35.678	0.0	11	0.0	0.0		3805	0	0
1701823164425	t	banquethall_test_cue_cafeteria_left	0.0	0	0	3.6096	687.6	836.16	1.0	3.2299	703.296	927.0400000000001	1.0	-0.0443	0.0331	0.9985	-27.8969	1.6282	-35.4436	0.0	11	0.0	0.0		3805	0	0
1701823164433	t	banquethall_test_cue_cafeteria_left	0.0	0	0	3.6024	689.04	835.68	1.0	3.1277	704.016	928.32	1.0	-0.0422	0.0287	0.9987	-26.3222	1.6745	-35.488	0.0	11	0.0	0.0		3805	0	0
1701823164441	t	banquethall_test_cue_cafeteria_left	0.0	0	0	3.5736	690.192	837.28	1.0	3.2062	707.04	928.48	1.0	-0.0454	0.027	0.9986	-28.2338	1.639	-35.488	0.0	11	0.0	0.0		3805	0	0
1701823164450	t	banquethall_test_cue_cafeteria_left	0.0	0	0	3.5785	690.48	835.36	1.0	3.16	707.76	925.44	1.0	-0.0428	0.0357	0.9984	-28.2798	1.687	-35.6245	0.0	11	0.0	0.0		3805	0	0
1701823164459	t	banquethall_test_cue_cafeteria_left	0.0	0	0	3.6066	691.056	834.72	1.0	3.0891	706.3199999999999	928.16	1.0	-0.0343	0.0245	0.9991	-27.9946	1.7159	-35.6913	0.0	11	0.0	0.0		3805	0	0
1701823164466	t	banquethall_test_cue_cafeteria_left	0.0	0	0	3.5268	692.496	835.2	1.0	3.1602	709.488	926.56	1.0	-0.0442	0.0315	0.9985	-26.8279	1.7484	-35.7237	0.0	11	0.0	0.0		3805	0	0
1701823164475	t	banquethall_test_cue_cafeteria_left	0.0	0	0	3.56	692.208	835.68	1.0	3.1192	709.776	926.0799999999999	1.0	-0.0438	0.0349	0.9984	-25.001	1.7692	-35.696	0.0	11	0.0	0.0		3805	0	0
1701823164484	t	banquethall_test_cue_cafeteria_left	0.0	0	0	3.5531	695.0880000000001	837.4399999999999	1.0	3.1688	711.504	925.44	1.0	-0.0494	0.0396	0.998	-28.6933	1.5909	-35.3897	0.0	11	0.0	0.0		3805	0	0
1701823164491	t	banquethall_test_cue_cafeteria_left	0.0	0	0	3.5917	695.952	833.92	1.0	3.0827	711.216	929.12	1.0	-0.0477	0.0274	0.9985	-30.0835	1.5148	-35.2502	0.0	11	0.0	0.0		3805	0	0
1701823164500	t	banquethall_test_cue_cafeteria_left	0.0	0	0	3.6251	695.376	834.72	1.0	3.1475	713.952	928.8000000000001	1.0	-0.0558	0.0293	0.998	-30.6032	1.506	-35.2611	0.0	11	0.0	0.0		3805	0	0
1701823164508	t	banquethall_test_cue_cafeteria_left	0.0	0	0	3.6395	698.256	834.8800000000001	1.0	3.1467	713.808	930.08	1.0	-0.0504	0.0244	0.9984	-30.707	1.5388	-35.3772	0.0	11	0.0	0.0		3805	0	0
1701823164517	t	banquethall_test_cue_cafeteria_left	0.0	0	0	3.5871	697.9680000000001	834.72	1.0	3.0643	716.832	928.48	1.0	-0.0571	0.03	0.9979	-30.7597	1.5547	-35.4418	0.0	11	0.0	0.0		3805	0	0
1701823164525	t	banquethall_test_cue_cafeteria_left	0.0	0	0	3.5435	698.4	836.32	1.0	3.0907	719.28	930.08	1.0	-0.061	0.024	0.9978	-30.7137	1.5958	-35.569	0.0	11	0.0	0.0		3805	0	0
1701823164533	t	banquethall_test_cue_cafeteria_left	0.0	0	0	3.5717	701.28	836.6400000000001	1.0	3.1625	718.9920000000001	928.16	1.0	-0.0552	0.0315	0.998	-30.4502	1.6021	-35.571	0.0	11	0.0	0.0		3805	0	0
1701823164542	t	banquethall_test_cue_cafeteria_left	0.0	0	0	3.4989	701.712	837.4399999999999	1.0	3.1592	720.144	927.68	1.0	-0.058	0.0344	0.9977	-30.0169	1.5912	-35.5179	0.0	11	0.0	0.0		3805	0	0
1701823164550	t	banquethall_test_cue_cafeteria_left	0.0	0	0	3.53	701.424	837.4399999999999	1.0	3.1638	719.856	928.8000000000001	1.0	-0.0565	0.0307	0.9979	-29.8512	1.5872	-35.4931	0.0	11	0.0	0.0		3805	0	0
1701823164558	t	banquethall_test_cue_cafeteria_left	0.0	0	0	3.5569	702.8639999999999	837.5999999999999	1.0	3.1583	719.856	929.4399999999999	1.0	-0.056	0.0283	0.998	-29.278	1.5999	-35.4932	0.0	11	0.0	0.0		3805	0	0
1701823164567	t	banquethall_test_cue_cafeteria_left	0.0	0	0	3.52	702.288	837.12	1.0	3.1501	720.0	928.6400000000001	1.0	-0.0561	0.031	0.9979	-30.1314	1.5697	-35.4493	0.0	11	0.0	0.0		3805	0	0
1701823164575	t	banquethall_test_cue_cafeteria_left	0.0	0	0	3.5582	702.576	836.6400000000001	1.0	3.1403	720.144	929.4399999999999	1.0	-0.0564	0.0274	0.998	-30.1255	1.5739	-35.4553	0.0	11	0.0	0.0		3805	0	0
1701823164583	t	banquethall_test_cue_cafeteria_left	0.0	0	0	3.5366	702.72	836.96	1.0	3.135	720.144	929.12	1.0	-0.0566	0.0277	0.998	-27.7364	1.6732	-35.6017	0.0	11	0.0	0.0		3805	0	0
1701823164591	t	banquethall_test_cue_cafeteria_left	0.0	0	0	3.5857	700.992	836.16	1.0	2.9604	717.264	931.5200000000001	1.0	-0.0523	0.0181	0.9985	-13.3893	2.2746	-36.5357	0.0	11	0.0	0.0		3805	0	0
1701823164601	t	banquethall_test_cue_cafeteria_left	0.0	0	0	3.5828	687.744	838.24	1.0	3.0742	704.592	929.28	1.0	-0.0374	0.025	0.999	3.3351	2.8882	-37.4523	0.0	11	0.0	0.0		3805	0	0
1701823164609	t	banquethall_test_cue_cafeteria_left	0.0	0	0	3.5303	661.536	840.16	1.0	3.0133	672.912	930.08	1.0	0.0161	0.0236	0.9996	13.505	3.3088	-38.2516	0.0	11	0.0	0.0		3805	0	0
1701823164617	t	banquethall_test_cue_cafeteria_left	0.0	0	0	3.533	631.296	837.4399999999999	1.0	3.0465	640.08	929.9200000000001	1.0	0.0696	0.0424	0.9967	10.5981	3.0505	-37.8092	0.0	11	0.0	0.0		3805	0	0
1701823164626	t	banquethall_test_cue_cafeteria_left	0.0	0	0	3.7045	595.4399999999999	845.28	1.0	3.2488	601.488	936.96	1.0	0.1435	0.0304	0.9892	14.3299	3.1086	-37.9633	0.0	11	0.0	0.0		3805	0	0
1701823164633	t	banquethall_test_cue_cafeteria_left	0.0	0	0	3.6135	569.664	849.92	1.0	3.1856	575.568	941.76	1.0	0.1889	0.0197	0.9818	30.3671	3.7278	-38.978	0.0	11	0.0	0.0		3805	0	0
1701823164642	t	banquethall_test_cue_cafeteria_left	0.0	0	0	3.7466	550.512	852.6400000000001	1.0	3.2253	557.712	941.92	1.0	0.216	0.0189	0.9762	34.0766	3.8608	-39.2802	0.0	11	0.0	0.0		3805	0	0
1701823164650	t	banquethall_test_cue_cafeteria_left	0.0	0	0	3.7009	546.48	850.7199999999999	1.0	3.1621	555.12	943.68	1.0	0.2207	0.0234	0.9751	34.376	3.8841	-39.3127	0.0	11	0.0	0.0		3805	0	0
1701823164658	t	banquethall_test_cue_cafeteria_left	0.0	0	0	3.7231	546.048	854.5600000000001	1.0	3.2335	556.416	943.8399999999999	1.0	0.2174	0.0107	0.976	34.4369	3.8783	-39.3059	0.0	11	0.0	0.0		3805	0	0
1701823164667	t	banquethall_test_cue_cafeteria_left	0.0	0	0	3.6803	545.76	852.3199999999999	1.0	3.3166	553.2479999999999	941.1199999999999	1.0	0.2187	0.0196	0.9756	34.4402	3.8748	-39.3147	0.0	11	0.0	0.0		3805	0	0
1701823164675	t	banquethall_test_cue_cafeteria_left	0.0	0	0	3.5707	544.608	852.0	1.0	3.2705	553.824	944.16	1.0	0.2204	0.0204	0.9752	34.4552	3.8753	-39.3196	0.0	11	0.0	0.0		3805	0	0
1701823164683	t	banquethall_test_cue_cafeteria_left	0.0	0	0	3.6661	545.904	853.76	1.0	3.268	554.544	943.0400000000001	1.0	0.2109	0.0155	0.9774	34.4714	3.8667	-39.3106	0.0	11	0.0	0.0		3805	0	0
1701823164692	t	banquethall_test_cue_cafeteria_left	0.0	0	0	3.7113	544.608	852.96	1.0	3.2661	555.408	941.92	1.0	0.2124	0.0197	0.977	33.853	3.8356	-39.271	0.0	11	0.0	0.0		3805	0	0
1701823164700	t	banquethall_test_cue_cafeteria_left	0.0	0	0	3.757	545.472	855.84	1.0	3.1864	558.432	942.24	1.0	0.2067	0.012	0.9783	28.6508	3.5972	-38.8632	0.0	11	0.0	0.0		3805	0	0
1701823164709	t	banquethall_test_cue_cafeteria_left	0.0	0	0	3.7186	545.04	856.32	1.0	3.2492	556.416	940.16	1.0	0.2092	0.0191	0.9777	8.6469	2.7307	-37.4015	0.0	11	0.0	0.0		3805	0	0
1701823164717	t	banquethall_test_cue_cafeteria_left	0.0	0	0	3.7068	545.472	853.76	1.0	3.2185	556.992	940.8	1.0	0.2059	0.0237	0.9783	8.7833	2.7337	-37.4109	0.0	11	0.0	0.0		3805	0	0
1701823164725	t	banquethall_test_cue_cafeteria_left	0.0	0	0	3.6416	545.904	853.92	1.0	3.1901	557.568	940.16	1.0	0.204	0.0246	0.9786	5.5744	2.5925	-37.1671	0.0	11	0.0	0.0		3805	0	0
1701823164733	t	banquethall_test_cue_cafeteria_left	0.0	0	0	3.6272	546.48	855.52	1.0	3.1598	562.464	938.72	1.0	0.1957	0.0237	0.9804	4.3142	2.5303	-37.0396	0.0	11	0.0	0.0		3805	0	0
1701823164742	t	banquethall_test_cue_cafeteria_left	0.0	0	0	3.6391	546.912	855.3599999999999	1.0	3.1633	563.184	938.24	1.0	0.1945	0.0248	0.9806	4.1125	2.5282	-37.0429	0.0	11	0.0	0.0		3805	0	0
1701823164750	t	banquethall_test_cue_cafeteria_left	0.0	0	0	3.6469	546.912	856.1600000000001	1.0	3.1844	565.9200000000001	938.5600000000001	1.0	0.1911	0.0215	0.9813	4.7566	2.5682	-37.12	0.0	11	0.0	0.0		3805	0	0
1701823164758	t	banquethall_test_cue_cafeteria_left	0.0	0	0	3.6548	547.056	857.1199999999999	1.0	3.2198	567.792	936.96	1.0	0.1902	0.0203	0.9815	7.4317	2.6987	-37.3507	0.0	11	0.0	0.0		3805	0	0
1701823164766	t	banquethall_test_cue_cafeteria_left	0.0	0	0	3.7327	553.3919999999999	857.9200000000001	1.0	3.1884	572.832	933.6	1.0	0.1717	0.0218	0.9849	10.1535	2.7836	-37.4512	0.0	11	0.0	0.0		3805	0	0
1701823164775	t	banquethall_test_cue_cafeteria_left	0.0	0	0	3.7899	554.2560000000001	857.44	1.0	3.2654	574.128	936.6400000000001	1.0	0.1759	0.0125	0.9843	20.7835	3.2373	-38.2042	0.0	11	0.0	0.0		3805	0	0
1701823164783	t	banquethall_test_cue_cafeteria_left	0.0	0	0	3.6104	557.28	855.84	1.0	3.211	578.592	933.1200000000001	1.0	0.1772	0.0138	0.9841	22.9135	3.3556	-38.3908	0.0	11	0.0	0.0		3805	0	0
1701823164791	t	banquethall_test_cue_cafeteria_left	0.0	0	0	3.6979	563.472	852.0	1.0	3.3109	584.352	937.12	1.0	0.1683	0.0201	0.9855	21.4729	3.3149	-38.3038	0.0	11	0.0	0.0		3805	0	0
1701823164800	t	banquethall_test_cue_cafeteria_left	0.0	0	0	3.7023	573.552	848.0	1.0	3.2542	590.832	937.5999999999999	1.0	0.1526	0.0254	0.9879	29.6957	3.7063	-38.9482	0.0	11	0.0	0.0		3805	0	0
1701823164808	t	banquethall_test_cue_cafeteria_left	0.0	0	0	3.6664	579.744	846.88	1.0	3.2556	596.16	937.9200000000001	1.0	0.1484	0.0223	0.9887	32.3447	3.848	-39.1136	0.0	11	0.0	0.0		3805	0	0
1701823164816	t	banquethall_test_cue_cafeteria_left	0.0	0	0	3.6939	582.768	847.5199999999999	1.0	3.2355	598.752	938.5600000000001	1.0	0.1449	0.0222	0.9892	33.9271	3.9073	-39.2299	0.0	11	0.0	0.0		3805	0	0
1701823164825	t	banquethall_test_cue_cafeteria_left	0.0	0	0	3.7188	586.9440000000001	849.92	1.0	3.1887	602.0640000000001	940.48	1.0	0.1318	0.0153	0.9911	34.0434	3.902	-39.2327	0.0	11	0.0	0.0		3805	0	0
1701823164833	t	banquethall_test_cue_cafeteria_left	0.0	0	0	3.6629	590.256	850.7199999999999	1.0	3.2857	603.936	942.4	1.0	0.1195	0.0166	0.9927	34.0553	3.8761	-39.2195	0.0	11	0.0	0.0		3805	0	0
1701823164841	t	banquethall_test_cue_cafeteria_left	0.0	0	0	3.6259	590.112	854.4000000000001	1.0	3.2218	607.536	944.3199999999999	1.0	0.1199	0.0094	0.9927	34.052	3.8332	-39.1754	0.0	11	0.0	0.0		3805	0	0
1701823164850	t	banquethall_test_cue_cafeteria_left	0.0	0	0	3.6385	590.976	856.64	1.0	3.2801	608.688	945.92	1.0	0.1159	0.0069	0.9932	34.0307	3.8159	-39.2027	0.0	11	0.0	0.0		3805	0	0
1701823164858	t	banquethall_test_cue_cafeteria_left	0.0	0	0	3.6872	591.552	856.1600000000001	1.0	3.2029	609.264	944.8000000000001	1.0	0.1142	0.0124	0.9934	33.8986	3.8029	-39.2295	0.0	11	0.0	0.0		3805	0	0
1701823164867	t	banquethall_test_cue_cafeteria_left	0.0	0	0	3.6499	589.968	859.68	1.0	3.2406	608.4	946.4000000000001	1.0	0.1136	0.0034	0.9935	33.5897	3.7817	-39.2448	0.0	11	0.0	0.0		3805	0	0
1701823164875	t	banquethall_test_cue_cafeteria_left	0.0	0	0	3.7809	568.944	867.84	1.0	3.1951	587.376	956.48	1.0	0.1629	-0.0133	0.9866	34.0232	3.7409	-39.2406	0.0	11	0.0	0.0		3805	0	0
1701823164883	t	banquethall_test_cue_cafeteria_left	0.0	0	0	3.6413	544.8960000000001	870.0799999999999	1.0	3.1538	561.888	960.16	1.0	0.2137	-0.013	0.9768	34.3488	3.7244	-39.3049	0.0	11	0.0	0.0		3805	0	0
1701823164892	t	banquethall_test_cue_cafeteria_left	0.0	0	0	3.6379	525.024	873.1199999999999	1.0	3.2318	538.848	971.52	1.0	0.2453	-0.013	0.9694	34.6798	3.6999	-39.376	0.0	11	0.0	0.0		3805	0	0
1701823164900	t	banquethall_test_cue_cafeteria_left	0.0	0	0	3.5169	504.71999999999997	880.48	1.0	3.3023	518.688	971.68	1.0	0.2871	-0.0314	0.9574	34.7615	3.6879	-39.4271	0.0	11	0.0	0.0		3805	0	0
1701823164908	t	banquethall_test_cue_cafeteria_left	0.0	0	0	3.7318	498.96	879.52	1.0	3.3085	506.15999999999997	970.0799999999999	1.0	0.2873	-0.0247	0.9575	34.6677	3.6735	-39.4386	0.0	11	0.0	0.0		3805	0	0
1701823164916	t	banquethall_test_cue_cafeteria_left	0.0	0	0	3.72	501.69599999999997	878.72	1.0	3.1966	517.1039999999999	970.4000000000001	1.0	0.2749	-0.0206	0.9612	34.4663	3.6509	-39.4184	0.0	11	0.0	0.0		3805	0	0
1701823164925	t	banquethall_test_cue_cafeteria_left	0.0	0	0	3.6104	506.44800000000004	880.8	1.0	3.3032	518.4	972.64	1.0	0.2578	-0.0232	0.9659	34.4217	3.6141	-39.4018	0.0	11	0.0	0.0		3805	0	0
1701823164933	t	banquethall_test_cue_cafeteria_left	0.0	0	0	3.7282	505.152	885.6	1.0	3.3315	521.712	973.28	1.0	0.2642	-0.0344	0.9638	34.5588	3.6012	-39.4106	0.0	11	0.0	0.0		3805	0	0
1701823164942	t	banquethall_test_cue_cafeteria_left	0.0	0	0	3.725	509.616	883.04	1.0	3.2685	529.056	977.28	1.0	0.2503	-0.0236	0.9679	34.9352	3.6019	-39.4339	0.0	11	0.0	0.0		3805	0	0
1701823164950	t	banquethall_test_cue_cafeteria_left	0.0	0	0	3.6976	518.544	882.4	1.0	3.2552	532.944	974.4	1.0	0.2278	-0.0253	0.9734	34.895	3.6052	-39.4033	0.0	11	0.0	0.0		3805	0	0
1701823164958	t	banquethall_test_cue_cafeteria_left	0.0	0	0	3.6269	524.304	882.24	1.0	3.2289	542.016	974.08	1.0	0.2212	-0.0266	0.9749	34.8203	3.607	-39.3836	0.0	11	0.0	0.0		3805	0	0
1701823164967	t	banquethall_test_cue_cafeteria_left	0.0	0	0	3.7741	533.952	881.6	1.0	3.2515	550.224	977.76	1.0	0.2045	-0.0281	0.9785	34.7236	3.6181	-39.3504	0.0	11	0.0	0.0		3805	0	0
1701823164975	t	banquethall_test_cue_cafeteria_left	0.0	0	0	3.7811	543.168	880.48	1.0	3.0726	562.608	970.4000000000001	1.0	0.186	-0.029	0.9821	34.6425	3.6293	-39.3183	0.0	11	0.0	0.0		3805	0	0
1701823164983	t	banquethall_test_cue_cafeteria_left	0.0	0	0	3.765	550.512	879.52	1.0	3.2965	571.248	971.3599999999999	1.0	0.1799	-0.0288	0.9832	34.5354	3.6393	-39.3014	0.0	11	0.0	0.0		3805	0	0
1701823164992	t	banquethall_test_cue_cafeteria_left	0.0	0	0	3.8188	561.456	877.6	1.0	3.1958	582.336	969.28	1.0	0.1626	-0.0267	0.9863	34.4153	3.654	-39.273	0.0	11	0.0	0.0		3805	0	0
1701823165000	t	banquethall_test_cue_cafeteria_left	0.0	0	0	3.7249	569.664	876.4799999999999	1.0	3.1675	587.952	971.1999999999999	1.0	0.1454	-0.023	0.9891	34.3476	3.6478	-39.2648	0.0	11	0.0	0.0		3805	0	0
1701823165008	t	banquethall_test_cue_cafeteria_left	0.0	0	0	3.6781	579.456	876.6400000000001	1.0	3.3021	597.456	971.68	1.0	0.1264	-0.0253	0.9917	34.2558	3.6534	-39.2654	0.0	11	0.0	0.0		3805	0	0
1701823165017	t	banquethall_test_cue_cafeteria_left	0.0	0	0	3.5862	588.816	876.16	1.0	3.2587	603.792	972.8	1.0	0.0939	-0.0259	0.9952	34.2371	3.7174	-39.4829	0.0	11	0.0	0.0		3805	0	0
1701823165025	t	banquethall_test_cue_cafeteria_left	0.0	0	0	3.6043	573.6959999999999	880.0000000000001	1.0	3.283	589.8240000000001	968.3199999999999	1.0	0.1324	-0.0267	0.9908	34.3342	3.6008	-39.2689	0.0	11	0.0	0.0		3805	0	0
1701823165033	t	banquethall_test_cue_cafeteria_left	0.0	0	0	3.7806	542.88	895.2	1.0	3.2446	556.5600000000001	984.96	1.0	0.2054	-0.0566	0.977	34.5369	3.5265	-39.3312	0.0	11	0.0	0.0		3805	0	0
1701823165041	t	banquethall_test_cue_cafeteria_left	0.0	0	0	3.8706	526.896	895.52	1.0	3.3887	540.144	986.4000000000001	1.0	0.2268	-0.0573	0.9722	34.7155	3.5414	-39.3722	0.0	11	0.0	0.0		3805	0	0
1701823165051	t	banquethall_test_cue_cafeteria_left	0.0	0	0	3.826	516.816	894.88	1.0	3.3782	537.264	983.6800000000001	1.0	0.2442	-0.0522	0.9683	34.7501	3.5358	-39.4011	0.0	11	0.0	0.0		3805	0	0
1701823165058	t	banquethall_test_cue_cafeteria_left	0.0	0	0	3.7531	506.01599999999996	897.7600000000001	1.0	3.1895	528.768	983.04	1.0	0.2627	-0.0576	0.9632	34.3767	3.5048	-39.3981	0.0	11	0.0	0.0		3805	0	0
1701823165066	t	banquethall_test_cue_cafeteria_left	0.0	0	0	3.721	491.04	901.2800000000001	1.0	3.4147	497.808	990.8799999999999	1.0	0.2993	-0.0683	0.9517	34.4075	3.5196	-39.4379	0.0	11	0.0	0.0		3805	0	0
1701823165075	t	banquethall_test_cue_cafeteria_left	0.0	0	0	3.7047	477.072	902.0799999999999	1.0	3.2575	490.032	992.3199999999999	1.0	0.3296	-0.0716	0.9414	34.3652	3.5382	-39.4717	0.0	11	0.0	0.0		3805	0	0
1701823165084	t	banquethall_test_cue_cafeteria_left	0.0	0	0	3.8408	469.44	903.52	1.0	3.5221	473.76000000000005	993.28	1.0	0.3355	-0.0709	0.9394	34.686	3.5346	-39.5215	0.0	11	0.0	0.0		3805	0	0
1701823165092	t	banquethall_test_cue_cafeteria_left	0.0	0	0	3.6436	459.36	906.24	1.0	3.5455	471.024	995.8399999999999	1.0	0.3632	-0.0793	0.9283	34.7292	3.5486	-39.5564	0.0	11	0.0	0.0		3805	200	MYKEYWORD 200
