Recording timestamp	type	Scene Name	scene_num	order	djv_reported	PupilDiam_Left	Gaze2d_Left.x	Gaze2d_Left.y	left_eye_openness	PupilDiam_Right	Gaze2d_Right.x	Gaze2d_Right.y	right_eye_openness	gaze_direction_x	gaze_direction_y	gaze_direction_z	gaze_origin_x	gaze_origin_y	gaze_origin_z	gaze_convergence_distance	participant	study_status	scene_familiarity	recall_status	Identifier	Event value	Event message
1701977216052	t	parking_garage_test_cue_gameroom_left	0.0	5	0	4.9807	604.5120000000001	1047.8400000000001	1.0	4.6409	646.992	1109.44	1.0	0.2339	0.2336	0.9438	7.5196	-4.6635	-27.8405	0.0	18	1.0	0.0		5273	100	MYKEYWORD 100
1701977216061	t	parking_garage_test_cue_gameroom_left	0.0	5	0	5.0092	607.824	1046.0800000000002	1.0	4.52	652.608	1114.0800000000002	1.0	0.2202	0.2289	0.9482	6.7389	-4.6838	-27.8105	0.0	18	1.0	0.0		5273	0	0
1701977216069	t	parking_garage_test_cue_gameroom_left	0.0	5	0	4.9916	608.688	1046.24	1.0	4.564	653.616	1115.52	1.0	0.2204	0.2243	0.9493	5.6766	-4.6987	-27.7841	0.0	18	1.0	0.0		5273	0	0
1701977216077	t	parking_garage_test_cue_gameroom_left	0.0	5	0	5.0251	612.72	1044.64	1.0	4.4105	662.112	1116.96	1.0	0.2016	0.2198	0.9545	5.8451	-4.6801	-27.7661	0.0	18	1.0	0.0		5273	0	0
1701977216086	t	parking_garage_test_cue_gameroom_left	0.0	5	0	4.977	614.592	1041.76	1.0	4.5964	660.096	1112.96	1.0	0.2067	0.2272	0.9516	4.9965	-4.668	-27.7644	0.0	18	1.0	0.0		5273	0	0
1701977216094	t	parking_garage_test_cue_gameroom_left	0.0	5	0	5.1243	614.736	1040.0	1.0	4.5854	663.264	1111.36	1.0	0.2064	0.2292	0.9512	4.2682	-4.6567	-27.7551	0.0	18	1.0	0.0		5273	0	0
1701977216102	t	parking_garage_test_cue_gameroom_left	0.0	5	0	5.1432	619.056	1039.68	1.0	4.4442	667.2959999999999	1114.72	1.0	0.195	0.2175	0.9564	3.5404	-4.6527	-27.7175	0.0	18	1.0	0.0		5273	0	0
1701977216110	t	parking_garage_test_cue_gameroom_left	0.0	5	0	5.1084	618.336	1038.4	1.0	4.5702	669.888	1111.36	1.0	0.1978	0.222	0.9548	3.4708	-4.6313	-27.7247	0.0	18	1.0	0.0		5273	0	0
1701977216119	t	parking_garage_test_cue_gameroom_left	0.0	5	0	5.1948	622.944	1036.0	1.0	4.5698	673.344	1112.48	1.0	0.1862	0.2186	0.9579	2.9238	-4.6183	-27.6993	0.0	18	1.0	0.0		5273	0	0
1701977216128	t	parking_garage_test_cue_gameroom_left	0.0	5	0	5.0482	614.016	1027.84	1.0	4.6973	660.528	1101.28	1.0	0.2119	0.2264	0.9507	2.4931	-4.4763	-27.7362	0.0	18	1.0	0.0		5273	0	0
1701977216136	t	parking_garage_test_cue_gameroom_left	0.0	5	0	5.0687	596.448	1003.68	1.0	4.567	638.496	1077.28	1.0	0.2529	0.2817	0.9256	-1.1412	-4.3421	-27.8457	0.0	18	1.0	0.0		5273	0	0
1701977216144	t	parking_garage_test_cue_gameroom_left	0.0	5	0	5.1844	582.48	992.6399999999999	1.0	4.5464	621.072	1063.52	1.0	0.2725	0.2927	0.9165	-5.9655	-4.2541	-27.8467	0.0	18	1.0	0.0		5273	0	0
1701977216152	t	parking_garage_test_cue_gameroom_left	0.0	5	0	5.1386	571.248	969.92	1.0	4.6984	602.928	1045.9199999999998	1.0	0.2924	0.3262	0.8989	-14.2319	-4.2207	-27.8465	0.0	18	1.0	0.0		5273	0	0
1701977216160	t	parking_garage_test_cue_gameroom_left	0.0	5	0	5.0937	574.2719999999999	962.0799999999999	1.0	4.7068	596.736	1035.68	1.0	0.2944	0.3258	0.8984	-16.6938	-4.0941	-27.8384	0.0	18	1.0	0.0		5273	0	0
1701977216169	t	parking_garage_test_cue_gameroom_left	0.0	5	0	5.0964	571.104	953.4399999999999	1.0	4.7245	598.752	1033.76	1.0	0.2922	0.3269	0.8987	-19.6291	-4.1092	-27.7963	0.0	18	1.0	0.0		5273	0	0
1701977216177	t	parking_garage_test_cue_gameroom_left	0.0	5	0	5.1161	571.248	954.08	1.0	4.6596	600.336	1036.64	1.0	0.294	0.3197	0.9008	-20.9933	-4.1658	-27.7482	0.0	18	1.0	0.0		5273	0	0
1701977216186	t	parking_garage_test_cue_gameroom_left	0.0	5	0	5.027	571.248	953.4399999999999	1.0	4.6553	604.0799999999999	1040.16	1.0	0.2876	0.3114	0.9057	-21.8322	-4.2122	-27.7049	0.0	18	1.0	0.0		5273	0	0
1701977216194	t	parking_garage_test_cue_gameroom_left	0.0	5	0	5.1967	571.248	952.8000000000001	1.0	4.6064	604.8	1041.28	1.0	0.2865	0.3115	0.906	-21.7916	-4.2282	-27.7032	0.0	18	1.0	0.0		5273	0	0
1701977216203	t	parking_garage_test_cue_gameroom_left	0.0	5	0	5.046	572.256	952.8000000000001	1.0	4.6861	605.664	1044.48	1.0	0.2859	0.313	0.9057	-18.6137	-4.1907	-27.7548	0.0	18	1.0	0.0		5273	0	0
1701977216211	t	parking_garage_test_cue_gameroom_left	0.0	5	0	5.1641	572.976	952.8000000000001	1.0	4.5622	608.112	1048.48	1.0	0.2779	0.3132	0.9081	-9.7932	-3.9867	-27.9061	0.0	18	1.0	0.0		5273	0	0
1701977216219	t	parking_garage_test_cue_gameroom_left	0.0	5	0	5.171	574.2719999999999	953.28	1.0	4.766	613.008	1052.1599999999999	1.0	0.2675	0.3183	0.9094	0.4735	-3.731	-28.086	0.0	18	1.0	0.0		5273	0	0
1701977216228	t	parking_garage_test_cue_gameroom_left	0.0	5	0	5.2777	574.992	960.8000000000001	1.0	4.5654	615.024	1057.44	1.0	0.2636	0.3032	0.9157	4.9471	-3.6507	-28.1243	0.0	18	1.0	0.0		5273	0	0
1701977216236	t	parking_garage_test_cue_gameroom_left	0.0	5	0	5.239	574.4159999999999	958.24	1.0	4.7448	614.592	1056.96	1.0	0.2674	0.3134	0.9112	7.2611	-3.5868	-28.1886	0.0	18	1.0	0.0		5273	0	0
1701977216245	t	parking_garage_test_cue_gameroom_left	0.0	5	0	5.1832	578.592	964.32	1.0	4.7131	617.04	1060.8	1.0	0.2549	0.2959	0.9206	7.5905	-3.6071	-28.1406	0.0	18	1.0	0.0		5273	0	0
1701977216253	t	parking_garage_test_cue_gameroom_left	0.0	5	0	5.2923	579.888	959.68	1.0	4.7151	618.912	1059.68	1.0	0.2515	0.3078	0.9176	6.8094	-3.6229	-28.1471	0.0	18	1.0	0.0		5273	0	0
1701977216261	t	parking_garage_test_cue_gameroom_left	0.0	5	0	5.3124	578.88	960.0	1.0	4.6173	622.6560000000001	1063.04	1.0	0.2505	0.2978	0.9212	6.0	-3.6361	-28.1147	0.0	18	1.0	0.0		5273	0	0
1701977216269	t	parking_garage_test_cue_gameroom_left	0.0	5	0	5.3294	580.464	957.1199999999999	1.0	4.8872	622.6560000000001	1064.6399999999999	1.0	0.2632	0.3057	0.915	5.2378	-3.6689	-28.1031	0.0	18	1.0	0.0		5273	0	0
1701977216277	t	parking_garage_test_cue_gameroom_left	0.0	5	0	5.1973	582.048	958.4	1.0	4.8278	626.976	1063.04	1.0	0.2445	0.2942	0.924	4.5177	-3.6541	-28.0714	0.0	18	1.0	0.0		5273	0	0
1701977216286	t	parking_garage_test_cue_gameroom_left	0.0	5	0	5.3093	584.208	958.08	1.0	4.8109	629.568	1062.08	1.0	0.2379	0.2939	0.9258	4.0078	-3.6573	-28.0536	0.0	18	1.0	0.0		5273	0	0
1701977216294	t	parking_garage_test_cue_gameroom_left	0.0	5	0	5.29	583.0559999999999	961.12	1.0	4.8925	629.568	1061.1200000000001	1.0	0.2423	0.2884	0.9263	3.9356	-3.6555	-28.0429	0.0	18	1.0	0.0		5273	0	0
1701977216302	t	parking_garage_test_cue_gameroom_left	0.0	5	0	5.2632	586.224	959.2	1.0	4.877	630.0	1062.88	1.0	0.2389	0.2881	0.9273	3.6825	-3.6621	-28.0319	0.0	18	1.0	0.0		5273	0	0
1701977216311	t	parking_garage_test_cue_gameroom_left	0.0	5	0	5.2556	588.384	961.4399999999999	1.0	4.869	633.744	1063.6799999999998	1.0	0.2322	0.2841	0.9303	3.4606	-3.6844	-28.0106	0.0	18	1.0	0.0		5273	0	0
1701977216319	t	parking_garage_test_cue_gameroom_left	0.0	5	0	5.3847	587.664	963.52	1.0	4.8548	635.04	1064.96	1.0	0.2363	0.2806	0.9303	3.0031	-3.7121	-27.9936	0.0	18	1.0	0.0		5273	0	0
1701977216327	t	parking_garage_test_cue_gameroom_left	0.0	5	0	5.3116	593.424	962.5600000000001	1.0	4.9077	636.48	1064.8	1.0	0.2298	0.282	0.9315	-2.1218	-3.8766	-27.8946	0.0	18	1.0	0.0		5273	0	0
1701977216336	t	parking_garage_test_cue_gameroom_left	0.0	5	0	5.4433	595.008	961.12	1.0	4.9181	640.224	1065.28	1.0	0.2244	0.2856	0.9317	-2.3792	-3.8898	-27.891	0.0	18	1.0	0.0		5273	0	0
1701977216344	t	parking_garage_test_cue_gameroom_left	0.0	5	0	5.3917	596.88	963.1999999999999	1.0	4.8542	643.968	1068.32	1.0	0.2203	0.278	0.935	-2.1496	-3.9035	-27.8741	0.0	18	1.0	0.0		5273	0	0
1701977216353	t	parking_garage_test_cue_gameroom_left	0.0	5	0	5.3943	598.3199999999999	962.88	1.0	4.9602	643.3919999999999	1066.56	1.0	0.2253	0.285	0.9317	-0.9914	-3.8711	-27.9053	0.0	18	1.0	0.0		5273	0	0
1701977216361	t	parking_garage_test_cue_gameroom_left	0.0	5	0	5.2802	604.2239999999999	963.84	1.0	4.82	646.416	1065.92	1.0	0.2144	0.285	0.9342	-0.685	-3.8731	-27.9019	0.0	18	1.0	0.0		5273	0	0
1701977216369	t	parking_garage_test_cue_gameroom_left	0.0	5	0	5.3618	604.5120000000001	964.64	1.0	4.893	651.312	1066.56	1.0	0.2109	0.287	0.9344	0.1314	-3.8659	-27.914	0.0	18	1.0	0.0		5273	0	0
1701977216377	t	parking_garage_test_cue_gameroom_left	0.0	5	0	5.4202	606.384	968.4799999999999	1.0	5.0186	651.888	1065.6000000000001	1.0	0.2132	0.2854	0.9344	-0.4619	-3.8972	-27.896	0.0	18	1.0	0.0		5273	0	0
1701977216386	t	parking_garage_test_cue_gameroom_left	0.0	5	0	5.3394	606.96	966.7199999999999	1.0	5.023	655.632	1065.28	1.0	0.2112	0.2909	0.9331	-0.4035	-3.9039	-27.9039	0.0	18	1.0	0.0		5273	0	0
1701977216394	t	parking_garage_test_cue_gameroom_left	0.0	5	0	5.2218	612.8639999999999	967.84	1.0	4.9985	659.52	1064.48	1.0	0.1972	0.29	0.9365	-0.8225	-3.9223	-27.8856	0.0	18	1.0	0.0		5273	0	0
1701977216403	t	parking_garage_test_cue_gameroom_left	0.0	5	0	5.3417	615.168	970.2400000000001	1.0	4.8395	664.128	1068.96	1.0	0.1907	0.2796	0.941	-0.5163	-3.9331	-27.865	0.0	18	1.0	0.0		5273	0	0
1701977216411	t	parking_garage_test_cue_gameroom_left	0.0	5	0	5.2839	615.7439999999999	979.04	1.0	4.8828	662.688	1066.72	1.0	0.1981	0.2734	0.9413	-2.3579	-4.0131	-27.8222	0.0	18	1.0	0.0		5273	0	0
1701977216419	t	parking_garage_test_cue_gameroom_left	0.0	5	0	5.363	619.92	972.8	1.0	4.8596	669.888	1068.8	1.0	0.1822	0.2822	0.9419	-1.6735	-4.0015	-27.8394	0.0	18	1.0	0.0		5273	0	0
1701977216427	t	parking_garage_test_cue_gameroom_left	0.0	5	0	5.3656	623.232	974.7199999999999	1.0	4.8395	672.192	1068.0	1.0	0.1782	0.2828	0.9425	-1.0049	-3.9948	-27.8457	0.0	18	1.0	0.0		5273	0	0
1701977216436	t	parking_garage_test_cue_gameroom_left	0.0	5	0	5.2662	623.52	974.08	1.0	4.8322	674.208	1068.1599999999999	1.0	0.1823	0.2842	0.9413	-0.3398	-3.9778	-27.8615	0.0	18	1.0	0.0		5273	0	0
1701977216444	t	parking_garage_test_cue_gameroom_left	0.0	5	0	5.2751	626.256	977.12	1.0	4.5716	684.288	1071.36	1.0	0.1661	0.2762	0.9466	2.2252	-3.9307	-27.884	0.0	18	1.0	0.0		5273	0	0
1701977216453	t	parking_garage_test_cue_gameroom_left	0.0	5	0	5.2377	631.296	975.6800000000001	1.0	4.7225	683.136	1070.56	1.0	0.166	0.2818	0.945	2.8057	-3.9174	-27.8964	0.0	18	1.0	0.0		5273	0	0
1701977216461	t	parking_garage_test_cue_gameroom_left	0.0	5	0	5.2924	634.176	975.84	1.0	4.8107	683.856	1070.88	1.0	0.1676	0.2825	0.9445	2.3728	-3.9331	-27.8857	0.0	18	1.0	0.0		5273	0	0
1701977216470	t	parking_garage_test_cue_gameroom_left	0.0	5	0	5.2596	634.608	976.96	1.0	4.9654	681.696	1069.9199999999998	1.0	0.1775	0.2845	0.9421	2.2253	-3.9422	-27.8873	0.0	18	1.0	0.0		5273	0	0
1701977216478	t	parking_garage_test_cue_gameroom_left	0.0	5	0	5.3278	639.36	978.4000000000001	1.0	4.8159	685.152	1071.2	1.0	0.1676	0.2789	0.9456	-0.6738	-4.0336	-27.8225	0.0	18	1.0	0.0		5273	0	0
1701977216486	t	parking_garage_test_cue_gameroom_left	0.0	5	0	5.2842	642.096	983.2	1.0	4.8219	687.6	1072.48	1.0	0.1675	0.2805	0.9451	-0.9325	-4.1051	-27.8154	0.0	18	1.0	0.0		5273	0	0
1701977216495	t	parking_garage_test_cue_gameroom_left	0.0	5	0	5.421	647.1360000000001	999.04	1.0	4.9971	694.5120000000001	1088.8	1.0	0.1614	0.2508	0.9545	-4.2431	-4.3583	-27.6957	0.0	18	1.0	0.0		5273	0	0
1701977216503	t	parking_garage_test_cue_gameroom_left	0.0	5	0	5.3535	662.544	1011.68	1.0	4.8262	710.2080000000001	1104.16	1.0	0.1282	0.2195	0.9671	-8.3524	-4.6093	-27.5689	0.0	18	1.0	0.0		5273	0	0
1701977216511	t	parking_garage_test_cue_gameroom_left	0.0	5	0	5.3177	677.52	1016.8	1.0	4.9819	724.176	1119.2	1.0	0.0975	0.1971	0.9755	-12.5905	-4.838	-27.4853	0.0	18	1.0	0.0		5273	0	0
1701977216520	t	parking_garage_test_cue_gameroom_left	0.0	5	0	5.291	685.5840000000001	1035.84	1.0	4.9729	726.048	1132.6399999999999	1.0	0.105	0.1508	0.983	-21.4059	-5.1322	-27.3967	0.0	18	1.0	0.0		5273	0	0
1701977216528	t	parking_garage_test_cue_gameroom_left	0.0	5	0	5.3185	699.12	1041.6000000000001	1.0	5.083	738.864	1144.0	1.0	0.0799	0.1366	0.9874	-14.3202	-4.9201	-27.8084	0.0	18	1.0	0.0		5273	0	0
1701977216536	t	parking_garage_test_cue_gameroom_left	0.0	5	0	5.391	708.912	1054.4	0.8441	4.9717	743.9039999999999	1158.08	0.9227	0.0611	0.1459	0.9874	31.8782	-3.8696	-28.126	0.0	18	1.0	0.0		5273	0	0
1701977216544	t	parking_garage_test_cue_gameroom_left	0.0	5	0	5.1773	717.84	1074.56	0.8441	4.9263	747.9359999999999	1179.6799999999998	0.9227	0.0417	0.0916	0.9949	33.4199	-3.6767	-28.9941	0.0	18	1.0	0.0		5273	0	0
1701977216553	t	parking_garage_test_cue_gameroom_left	0.0	5	0	5.2203	728.3520000000001	1099.2	0.7903	4.8581	751.248	1200.8	0.7869	0.0303	0.0128	0.9995	5.2708	-4.4124	-29.1241	0.0	18	1.0	0.0		5273	0	0
1701977216561	t	parking_garage_test_cue_gameroom_left	0.0	5	0	5.2202	725.472	1115.52	0.7903	5.082	751.1039999999999	1215.1999999999998	0.7869	0.0558	-0.0126	0.9984	-33.6785	-6.1341	-27.2425	0.0	18	1.0	0.0		5273	0	0
1701977216570	t	parking_garage_test_cue_gameroom_left	0.0	5	0	5.1908	725.3280000000001	1131.2	0.8403	4.9794	749.52	1227.36	0.8038	0.072	-0.0242	0.9971	-33.9771	-6.0596	-27.986	0.0	18	1.0	0.0		5273	0	0
1701977216578	t	parking_garage_test_cue_gameroom_left	0.0	5	0	5.2319	731.952	1137.92	0.8403	5.253	761.328	1238.24	0.8038	0.0331	-0.0368	0.9988	-34.017	-6.3264	-27.5008	0.0	18	1.0	0.0		5273	0	0
1701977216586	t	parking_garage_test_cue_gameroom_left	0.0	5	0	5.2604	730.3679999999999	1145.76	0.8708	5.1408	759.312	1242.56	0.8413	0.0435	-0.0355	0.9984	-34.025	-6.5209	-27.1995	0.0	18	1.0	0.0		5273	0	0
1701977216594	t	parking_garage_test_cue_gameroom_left	0.0	5	0	5.2261	728.3520000000001	1145.76	0.8708	5.1722	760.32	1242.08	0.8413	0.0452	-0.034	0.9984	-34.0129	-6.496	-27.2696	0.0	18	1.0	0.0		5273	0	0
1701977216602	t	parking_garage_test_cue_gameroom_left	0.0	5	0	5.2077	727.4879999999999	1144.32	0.9256	5.2431	762.336	1238.8799999999999	0.9099	0.0465	-0.0248	0.9986	-33.8274	-6.421	-27.4408	0.0	18	1.0	0.0		5273	0	0
1701977216611	t	parking_garage_test_cue_gameroom_left	0.0	5	0	5.2706	726.4799999999999	1147.2	0.9256	5.2551	765.5039999999999	1241.12	0.9099	0.0374	-0.0331	0.9987	-29.379	-6.2787	-27.5366	0.0	18	1.0	0.0		5273	0	0
1701977216619	t	parking_garage_test_cue_gameroom_left	0.0	5	0	5.28	723.024	1140.48	0.9773	5.2161	762.4799999999999	1240.96	0.9513	0.0546	-0.0273	0.9981	-29.2257	-6.2409	-27.7058	0.0	18	1.0	0.0		5273	0	0
1701977216627	t	parking_garage_test_cue_gameroom_left	0.0	5	0	5.3118	723.888	1140.96	0.9773	5.0978	763.92	1242.3999999999999	0.9513	0.0481	-0.0387	0.9981	-32.8444	-6.4768	-27.1785	0.0	18	1.0	0.0		5273	0	0
1701977216636	t	parking_garage_test_cue_gameroom_left	0.0	5	0	5.2733	721.152	1145.9199999999998	1.0	5.2699	763.344	1240.0	1.0	0.0502	-0.0321	0.9982	-34.1452	-6.5097	-27.1354	0.0	18	1.0	0.0		5273	0	0
1701977216644	t	parking_garage_test_cue_gameroom_left	0.0	5	0	5.3578	720.4319999999999	1143.68	1.0	5.1584	763.488	1241.28	1.0	0.044	-0.0366	0.9984	-34.1255	-6.6188	-26.8213	0.0	18	1.0	0.0		5273	0	0
1701977216652	t	parking_garage_test_cue_gameroom_left	0.0	5	0	5.1873	717.984	1145.12	1.0	5.2509	761.184	1237.76	1.0	0.0535	-0.0389	0.9978	-34.1253	-6.4926	-26.9642	0.0	18	1.0	0.0		5273	0	0
1701977216661	t	parking_garage_test_cue_gameroom_left	0.0	5	0	5.2164	716.1120000000001	1145.44	1.0	5.2964	762.7679999999999	1235.84	1.0	0.0458	-0.0319	0.9984	-34.1167	-6.5387	-26.8209	0.0	18	1.0	0.0		5273	0	0
1701977216669	t	parking_garage_test_cue_gameroom_left	0.0	5	0	5.534	710.496	1144.32	1.0	5.2734	758.304	1235.52	1.0	0.0595	-0.0314	0.9977	-34.0973	-6.4936	-26.9614	0.0	18	1.0	0.0		5273	0	0
1701977216677	t	parking_garage_test_cue_gameroom_left	0.0	5	0	5.5615	708.624	1151.52	1.0	5.217	755.856	1238.0800000000002	1.0	0.0692	-0.0336	0.997	-34.095	-6.3807	-27.4143	0.0	18	1.0	0.0		5273	0	0
1701977216686	t	parking_garage_test_cue_gameroom_left	0.0	5	0	5.5869	706.176	1149.28	1.0	5.2415	754.992	1237.28	1.0	0.0707	-0.0309	0.997	-34.0823	-6.3474	-27.5025	0.0	18	1.0	0.0		5273	0	0
1701977216694	t	parking_garage_test_cue_gameroom_left	0.0	5	0	5.5909	703.4399999999999	1150.3999999999999	1.0	5.1696	755.136	1239.52	1.0	0.0659	-0.0349	0.9972	-34.0646	-6.3923	-27.4279	0.0	18	1.0	0.0		5273	0	0
1701977216702	t	parking_garage_test_cue_gameroom_left	0.0	5	0	5.4958	703.7280000000001	1154.0800000000002	1.0	5.1133	753.9839999999999	1236.8	1.0	0.067	-0.0218	0.9975	-34.0482	-6.4202	-27.4154	0.0	18	1.0	0.0		5273	0	0
1701977216711	t	parking_garage_test_cue_gameroom_left	0.0	5	0	5.6076	699.9839999999999	1152.32	1.0	5.3378	753.12	1235.2	1.0	0.0702	-0.0143	0.9974	-34.0421	-6.4209	-27.4095	0.0	18	1.0	0.0		5273	0	0
1701977216719	t	parking_garage_test_cue_gameroom_left	0.0	5	0	5.5343	697.824	1150.72	1.0	5.3509	752.256	1230.56	1.0	0.0723	-0.0004	0.9974	-34.0362	-6.4446	-27.3102	0.0	18	1.0	0.0		5273	0	0
1701977216727	t	parking_garage_test_cue_gameroom_left	0.0	5	0	5.5939	698.688	1152.64	1.0	5.1702	747.792	1234.3999999999999	1.0	0.0851	-0.0177	0.9962	-34.0172	-6.4812	-27.1693	0.0	18	1.0	0.0		5273	0	0
1701977216736	t	parking_garage_test_cue_gameroom_left	0.0	5	0	5.6092	697.392	1149.44	1.0	5.28	745.6320000000001	1230.0800000000002	1.0	0.0888	-0.0149	0.9959	-33.9864	-6.305	-27.4935	0.0	18	1.0	0.0		5273	0	0
1701977216745	t	parking_garage_test_cue_gameroom_left	0.0	5	0	5.6373	692.784	1151.2	1.0	5.166	749.376	1231.52	1.0	0.0722	-0.0157	0.9973	-33.2298	-6.3374	-27.4278	0.0	18	1.0	0.0		5273	0	0
1701977216752	t	parking_garage_test_cue_gameroom_left	0.0	5	0	5.5574	696.096	1151.2	1.0	5.2299	748.8000000000001	1228.3200000000002	1.0	0.0715	-0.0138	0.9973	-33.538	-6.281	-27.4698	0.0	18	1.0	0.0		5273	0	0
1701977216760	t	parking_garage_test_cue_gameroom_left	0.0	5	0	5.5687	693.216	1151.84	1.0	5.227	749.232	1228.48	1.0	0.0702	-0.0044	0.9975	-33.3994	-6.3536	-27.3904	0.0	18	1.0	0.0		5273	0	0
1701977216769	t	parking_garage_test_cue_gameroom_left	0.0	5	0	5.6498	691.488	1153.6	1.0	5.2246	747.072	1232.32	1.0	0.0823	-0.0162	0.9965	-31.4589	-6.451	-27.0082	0.0	18	1.0	0.0		5273	0	0
1701977216777	t	parking_garage_test_cue_gameroom_left	0.0	5	0	5.6863	691.6320000000001	1151.84	1.0	5.1867	746.64	1231.52	1.0	0.0848	-0.0085	0.9964	-28.4384	-6.4108	-27.0278	0.0	18	1.0	0.0		5273	0	0
1701977216786	t	parking_garage_test_cue_gameroom_left	0.0	5	0	5.6969	689.472	1154.0800000000002	1.0	5.2589	746.064	1231.36	1.0	0.0994	0.0158	0.9949	5.13	-6.0179	-26.5892	0.0	18	1.0	0.0		5273	0	0
1701977216794	t	parking_garage_test_cue_gameroom_left	0.0	5	0	5.6623	690.336	1155.2	1.0	5.2499	747.504	1231.04	1.0	0.1032	0.0303	0.9942	31.5703	-5.702	-26.2588	0.0	18	1.0	0.0		5273	0	0
1701977216803	t	parking_garage_test_cue_gameroom_left	0.0	5	0	5.6913	689.472	1156.0	1.0	5.3349	746.64	1229.6	1.0	0.1073	0.0294	0.9938	33.0792	-5.6884	-26.2373	0.0	18	1.0	0.0		5273	0	0
1701977216811	t	parking_garage_test_cue_gameroom_left	0.0	5	0	5.718	690.624	1152.96	1.0	5.2915	746.208	1230.56	1.0	0.1002	0.0434	0.994	33.5364	-5.7017	-26.2065	0.0	18	1.0	0.0		5273	0	0
1701977216819	t	parking_garage_test_cue_gameroom_left	0.0	5	0	5.692	689.616	1153.44	1.0	5.2184	745.0559999999999	1230.24	1.0	0.0999	0.0424	0.9941	33.2607	-5.6756	-26.3327	0.0	18	1.0	0.0		5273	0	0
1701977216828	t	parking_garage_test_cue_gameroom_left	0.0	5	0	5.7219	689.04	1156.16	1.0	5.1875	745.488	1230.8799999999999	1.0	0.0964	0.0327	0.9948	29.0788	-5.6793	-26.5688	0.0	18	1.0	0.0		5273	0	0
1701977216836	t	parking_garage_test_cue_gameroom_left	0.0	5	0	5.7032	688.6080000000001	1156.48	1.0	5.297	743.9039999999999	1231.52	1.0	0.0957	0.022	0.9952	6.5736	-6.0246	-26.6633	0.0	18	1.0	0.0		5273	0	0
1701977216844	t	parking_garage_test_cue_gameroom_left	0.0	5	0	5.6131	687.6	1157.12	1.0	5.3311	743.04	1230.72	1.0	0.0955	0.0108	0.9954	-14.6318	-6.3004	-26.8576	0.0	18	1.0	0.0		5273	0	0
1701977216853	t	parking_garage_test_cue_gameroom_left	0.0	5	0	5.6645	685.7280000000001	1157.2800000000002	1.0	5.2528	742.1759999999999	1232.48	1.0	0.0957	0.0037	0.9954	-15.0138	-6.1795	-27.2123	0.0	18	1.0	0.0		5273	0	0
1701977216861	t	parking_garage_test_cue_gameroom_left	0.0	5	0	5.611	686.88	1160.0	1.0	5.1405	743.328	1236.1599999999999	1.0	0.0916	0.0003	0.9958	-2.6214	-6.047	-27.0319	0.0	18	1.0	0.0		5273	0	0
1701977216869	t	parking_garage_test_cue_gameroom_left	0.0	5	0	5.6936	683.28	1155.36	1.0	5.1067	741.456	1228.64	1.0	0.0987	0.0211	0.9949	-0.9415	-5.9823	-27.1259	0.0	18	1.0	0.0		5273	0	0
1701977216878	t	parking_garage_test_cue_gameroom_left	0.0	5	0	5.7249	683.136	1155.8400000000001	1.0	5.1935	740.592	1226.72	1.0	0.0968	0.0209	0.9951	-6.516	-6.0878	-27.0576	0.0	18	1.0	0.0		5273	0	0
1701977216886	t	parking_garage_test_cue_gameroom_left	0.0	5	0	5.6405	681.8399999999999	1153.44	1.0	5.3138	738.288	1223.68	1.0	0.1033	0.0249	0.9943	-7.3318	-6.0356	-27.1646	0.0	18	1.0	0.0		5273	0	0
1701977216894	t	parking_garage_test_cue_gameroom_left	0.0	5	0	5.6216	682.56	1151.84	1.0	5.1942	739.8720000000001	1221.12	1.0	0.0965	0.03	0.9949	-4.4132	-5.9694	-27.1809	0.0	18	1.0	0.0		5273	0	0
1701977216903	t	parking_garage_test_cue_gameroom_left	0.0	5	0	5.5945	682.4159999999999	1151.84	1.0	5.2044	739.4399999999999	1221.44	1.0	0.0966	0.0296	0.9949	2.6559	-5.8417	-27.201	0.0	18	1.0	0.0		5273	0	0
1701977216911	t	parking_garage_test_cue_gameroom_left	0.0	5	0	5.646	680.544	1150.72	1.0	5.2211	736.56	1220.3200000000002	1.0	0.1024	0.0258	0.9944	-8.8058	-5.9588	-27.3284	0.0	18	1.0	0.0		5273	0	0
1701977216919	t	parking_garage_test_cue_gameroom_left	0.0	5	0	5.7254	678.9599999999999	1149.76	1.0	5.1594	735.84	1217.92	1.0	0.104	0.0265	0.9942	-16.0615	-6.0319	-27.3944	0.0	18	1.0	0.0		5273	0	0
1701977216927	t	parking_garage_test_cue_gameroom_left	0.0	5	0	5.6097	678.384	1152.1599999999999	1.0	5.1924	735.84	1218.3999999999999	1.0	0.1071	0.0313	0.9937	1.9019	-5.8333	-27.2218	0.0	18	1.0	0.0		5273	0	0
1701977216935	t	parking_garage_test_cue_gameroom_left	0.0	5	0	5.6768	676.224	1150.3999999999999	1.0	5.1487	736.4159999999999	1218.3999999999999	1.0	0.1133	0.041	0.9927	13.4503	-5.6987	-27.1254	0.0	18	1.0	0.0		5273	0	0
1701977216944	t	parking_garage_test_cue_gameroom_left	0.0	5	0	5.6435	677.376	1149.92	1.0	5.0692	733.8240000000001	1217.92	1.0	0.1122	0.0462	0.9926	23.0722	-5.5828	-27.0341	0.0	18	1.0	0.0		5273	0	0
1701977216952	t	parking_garage_test_cue_gameroom_left	0.0	5	0	5.7312	675.9359999999999	1149.92	1.0	5.2025	736.1279999999999	1220.48	1.0	0.1127	0.044	0.9926	21.7349	-5.5952	-27.0443	0.0	18	1.0	0.0		5273	0	0
1701977216960	t	parking_garage_test_cue_gameroom_left	0.0	5	0	5.7298	675.072	1149.6000000000001	1.0	5.2628	732.3840000000001	1217.28	1.0	0.115	0.0407	0.9925	13.678	-5.6817	-27.1012	0.0	18	1.0	0.0		5273	0	0
1701977216969	t	parking_garage_test_cue_gameroom_left	0.0	5	0	5.7459	673.776	1147.2	1.0	5.3103	730.08	1216.96	1.0	0.1184	0.0446	0.992	12.345	-5.6856	-27.1142	0.0	18	1.0	0.0		5273	0	0
1701977216977	t	parking_garage_test_cue_gameroom_left	0.0	5	0	5.7563	673.344	1146.0800000000002	1.0	5.2912	732.528	1216.16	1.0	0.1146	0.0462	0.9923	12.3629	-5.6757	-27.115	0.0	18	1.0	0.0		5273	0	0
1701977216985	t	parking_garage_test_cue_gameroom_left	0.0	5	0	5.6651	672.048	1146.4	1.0	5.3013	731.952	1216.96	1.0	0.1182	0.0439	0.992	12.7014	-5.669	-27.1119	0.0	18	1.0	0.0		5273	0	0
1701977216994	t	parking_garage_test_cue_gameroom_left	0.0	5	0	5.7045	675.504	1144.96	1.0	5.3164	732.3840000000001	1216.16	1.0	0.1072	0.0465	0.9931	9.5292	-5.7114	-27.1266	0.0	18	1.0	0.0		5273	0	0
1701977217002	t	parking_garage_test_cue_gameroom_left	0.0	5	0	5.6911	674.64	1145.12	1.0	5.3087	732.528	1215.04	1.0	0.1088	0.0456	0.993	4.7471	-5.7782	-27.1555	0.0	18	1.0	0.0		5273	0	0
1701977217010	t	parking_garage_test_cue_gameroom_left	0.0	5	0	5.6829	672.48	1147.36	1.0	5.2707	730.8	1216.16	1.0	0.1166	0.0457	0.9921	7.2371	-5.7954	-27.0697	0.0	18	1.0	0.0		5273	0	0
1701977217019	t	parking_garage_test_cue_gameroom_left	0.0	5	0	5.7972	673.0559999999999	1146.72	1.0	5.2655	730.512	1216.16	1.0	0.1142	0.0474	0.9923	6.4631	-5.7783	-27.1553	0.0	18	1.0	0.0		5273	0	0
1701977217027	t	parking_garage_test_cue_gameroom_left	0.0	5	0	5.703	671.328	1148.8	1.0	5.3249	730.9440000000001	1216.16	1.0	0.1165	0.0438	0.9922	6.6457	-5.7837	-27.1505	0.0	18	1.0	0.0		5273	0	0
1701977217036	t	parking_garage_test_cue_gameroom_left	0.0	5	0	5.779	670.752	1148.16	1.0	5.2776	729.072	1216.96	1.0	0.1188	0.0519	0.9915	16.1491	-5.6898	-27.0498	0.0	18	1.0	0.0		5273	0	0
1701977217045	t	parking_garage_test_cue_gameroom_left	0.0	5	0	5.7717	669.888	1149.28	1.0	5.317	729.072	1217.1200000000001	1.0	0.1205	0.055	0.9912	23.4625	-5.6046	-27.0254	0.0	18	1.0	0.0		5273	0	0
1701977217053	t	parking_garage_test_cue_gameroom_left	0.0	5	0	5.8032	669.744	1149.76	1.0	5.2631	729.504	1216.48	1.0	0.1201	0.0587	0.991	27.3558	-5.5632	-27.0165	0.0	18	1.0	0.0		5273	0	0
1701977217061	t	parking_garage_test_cue_gameroom_left	0.0	5	0	5.7882	670.032	1149.6000000000001	1.0	5.2273	729.072	1216.8	1.0	0.1178	0.0608	0.9912	28.9743	-5.5493	-27.0128	0.0	18	1.0	0.0		5273	0	0
1701977217070	t	parking_garage_test_cue_gameroom_left	0.0	5	0	5.8233	669.168	1146.72	1.0	5.2712	728.2080000000001	1216.32	1.0	0.1202	0.0718	0.9901	28.953	-5.5464	-27.0264	0.0	18	1.0	0.0		5273	0	0
1701977217078	t	parking_garage_test_cue_gameroom_left	0.0	5	0	5.8322	668.448	1147.52	1.0	5.3149	728.2080000000001	1215.8400000000001	1.0	0.1223	0.0683	0.9901	27.2416	-5.5718	-27.0259	0.0	18	1.0	0.0		5273	0	0
1701977217086	t	parking_garage_test_cue_gameroom_left	0.0	5	0	5.8439	668.1600000000001	1147.52	1.0	5.2895	727.776	1215.68	1.0	0.1229	0.0658	0.9902	23.4782	-5.623	-27.0276	0.0	18	1.0	0.0		5273	0	0
1701977217095	t	parking_garage_test_cue_gameroom_left	0.0	5	0	5.8335	668.592	1147.36	1.0	5.298	727.2	1215.52	1.0	0.1215	0.0678	0.9903	24.4104	-5.6134	-27.0274	0.0	18	1.0	0.0		5273	0	0
1701977217103	t	parking_garage_test_cue_gameroom_left	0.0	5	0	5.825	668.1600000000001	1147.04	1.0	5.309	727.776	1214.8799999999999	1.0	0.1218	0.0619	0.9906	15.7753	-5.7254	-27.0326	0.0	18	1.0	0.0		5273	0	0
1701977217111	t	parking_garage_test_cue_gameroom_left	0.0	5	0	5.8193	668.448	1147.2	1.0	5.3206	728.2080000000001	1214.24	1.0	0.1188	0.0546	0.9914	6.4353	-5.8439	-27.0379	0.0	18	1.0	0.0		5273	0	0
1701977217119	t	parking_garage_test_cue_gameroom_left	0.0	5	0	5.8233	668.736	1147.04	1.0	5.3105	728.496	1214.0800000000002	1.0	0.1172	0.0525	0.9917	3.6416	-5.875	-27.048	0.0	18	1.0	0.0		5273	0	0
1701977217128	t	parking_garage_test_cue_gameroom_left	0.0	5	0	5.8203	668.448	1146.8799999999999	1.0	5.3	728.64	1213.92	1.0	0.1175	0.0522	0.9917	3.0284	-5.8776	-27.0573	0.0	18	1.0	0.0		5273	0	0
1701977217136	t	parking_garage_test_cue_gameroom_left	0.0	5	0	5.8163	668.736	1146.72	1.0	5.2838	728.784	1213.6	1.0	0.1167	0.0527	0.9918	3.0212	-5.8768	-27.0573	0.0	18	1.0	0.0		5273	0	0
1701977217145	t	parking_garage_test_cue_gameroom_left	0.0	5	0	5.8221	668.736	1146.24	1.0	5.3018	728.784	1213.28	1.0	0.1166	0.0544	0.9917	3.4056	-5.8707	-27.057	0.0	18	1.0	0.0		5273	0	0
1701977217153	t	parking_garage_test_cue_gameroom_left	0.0	5	0	5.6493	673.2	1144.1599999999999	1.0	5.2216	730.3679999999999	1212.16	1.0	0.1117	0.0697	0.9913	24.6885	-5.5472	-27.097	0.0	18	1.0	0.0		5273	0	0
1701977217161	t	parking_garage_test_cue_gameroom_left	0.0	5	0	5.6871	671.184	1143.52	1.0	5.2934	732.816	1208.16	1.0	0.1218	0.0781	0.9895	32.3311	-5.4623	-27.0344	0.0	18	1.0	0.0		5273	0	0
1701977217169	t	parking_garage_test_cue_gameroom_left	0.0	5	0	5.8038	672.624	1140.16	1.0	5.3919	733.104	1209.44	1.0	0.1196	0.0897	0.9888	32.9574	-5.4424	-27.0343	0.0	18	1.0	0.0		5273	0	0
1701977217178	t	parking_garage_test_cue_gameroom_left	0.0	5	0	5.7987	672.912	1146.4	1.0	5.3035	732.672	1212.64	1.0	0.1192	0.0821	0.9895	33.791	-5.5044	-27.0282	0.0	18	1.0	0.0		5273	0	0
1701977217186	t	parking_garage_test_cue_gameroom_left	0.0	5	0	5.6503	679.392	1160.96	1.0	5.2812	735.696	1228.48	1.0	0.1129	0.0482	0.9924	33.7901	-5.627	-26.9741	0.0	18	1.0	0.0		5273	0	0
1701977217194	t	parking_garage_test_cue_gameroom_left	0.0	5	0	5.5238	694.368	1170.72	1.0	5.4212	741.744	1243.68	1.0	0.0764	0.0232	0.9968	33.7522	-5.6317	-27.1552	0.0	18	1.0	0.0		5273	0	0
1701977217203	t	parking_garage_test_cue_gameroom_left	0.0	5	0	5.6884	696.096	1178.88	1.0	5.3798	745.7760000000001	1253.28	1.0	0.0885	0.0167	0.9959	33.6008	-5.8817	-26.6949	0.0	18	1.0	0.0		5273	0	0
1701977217211	t	parking_garage_test_cue_gameroom_left	0.0	5	0	5.8441	688.1759999999999	1192.96	1.0	5.2383	736.4159999999999	1277.28	1.0	0.107	-0.0426	0.9933	-3.8648	-6.6686	-26.5452	0.0	18	1.0	0.0		5273	0	0
1701977217219	t	parking_garage_test_cue_gameroom_left	0.0	5	0	5.758	678.816	1195.2	1.0	5.3787	725.616	1272.8	1.0	0.1241	-0.0452	0.9912	-20.7478	-6.8779	-26.7964	0.0	18	1.0	0.0		5273	0	0
1701977217227	t	parking_garage_test_cue_gameroom_left	0.0	5	0	5.6225	677.808	1207.3600000000001	1.0	5.3252	726.912	1278.24	1.0	0.1092	-0.0599	0.9922	-28.449	-6.9449	-27.1423	0.0	18	1.0	0.0		5273	0	0
1701977217236	t	parking_garage_test_cue_gameroom_left	0.0	5	0	5.7085	682.992	1204.96	1.0	5.4717	729.504	1275.84	1.0	0.1015	-0.0532	0.9934	-33.6532	-7.007	-27.1735	0.0	18	1.0	0.0		5273	0	0
1701977217244	t	parking_garage_test_cue_gameroom_left	0.0	5	0	5.5234	679.248	1205.92	1.0	5.3555	732.096	1277.1200000000001	1.0	0.0953	-0.0651	0.9933	-33.7118	-7.0367	-26.9937	0.0	18	1.0	0.0		5273	0	0
1701977217253	t	parking_garage_test_cue_gameroom_left	0.0	5	0	5.5039	680.4	1203.2	1.0	5.4818	730.9440000000001	1275.84	1.0	0.1049	-0.0654	0.9923	-33.6904	-7.0656	-26.8124	0.0	18	1.0	0.0		5273	0	0
1701977217261	t	parking_garage_test_cue_gameroom_left	0.0	5	0	5.6502	677.664	1202.24	1.0	5.4554	730.9440000000001	1277.9199999999998	1.0	0.1109	-0.0768	0.9908	-33.7023	-7.052	-26.7886	0.0	18	1.0	0.0		5273	0	0
1701977217269	t	parking_garage_test_cue_gameroom_left	0.0	5	0	5.7494	680.4	1197.6000000000001	1.0	5.4282	730.224	1274.08	1.0	0.1164	-0.0668	0.9909	-33.0814	-7.0549	-26.7117	0.0	18	1.0	0.0		5273	0	0
1701977217277	t	parking_garage_test_cue_gameroom_left	0.0	5	0	5.6714	680.976	1197.6000000000001	1.0	5.4394	731.808	1270.72	1.0	0.1135	-0.0541	0.9921	-25.8095	-6.947	-26.6626	0.0	18	1.0	0.0		5273	0	0
1701977217286	t	parking_garage_test_cue_gameroom_left	0.0	5	0	5.6172	680.256	1197.6000000000001	1.0	5.3072	733.2479999999999	1272.8	1.0	0.1129	-0.0575	0.9919	-14.2156	-6.7732	-26.5938	0.0	18	1.0	0.0		5273	0	0
1701977217294	t	parking_garage_test_cue_gameroom_left	0.0	5	0	5.6731	676.9440000000001	1193.92	1.0	5.3688	734.2560000000001	1270.4	1.0	0.1222	-0.0391	0.9917	3.1661	-6.4886	-26.5888	0.0	18	1.0	0.0		5273	0	0
1701977217302	t	parking_garage_test_cue_gameroom_left	0.0	5	0	5.6539	680.256	1192.16	1.0	5.3946	734.1120000000001	1265.6000000000001	1.0	0.1188	-0.0256	0.9926	8.8859	-6.4204	-26.516	0.0	18	1.0	0.0		5273	0	0
1701977217311	t	parking_garage_test_cue_gameroom_left	0.0	5	0	5.7657	680.256	1191.84	1.0	5.2993	736.4159999999999	1264.0	1.0	0.1122	-0.0321	0.9931	-6.3851	-6.6654	-26.4685	0.0	18	1.0	0.0		5273	0	0
1701977217319	t	parking_garage_test_cue_gameroom_left	0.0	5	0	5.7683	680.4	1190.24	1.0	5.2282	737.9999999999999	1263.2	1.0	0.114	-0.0238	0.9932	10.6617	-6.3584	-26.5242	0.0	18	1.0	0.0		5273	0	0
1701977217327	t	parking_garage_test_cue_gameroom_left	0.0	5	0	5.7159	679.8240000000001	1191.2	1.0	5.3817	739.2959999999999	1260.1599999999999	1.0	0.1129	-0.0258	0.9933	3.7438	-6.4399	-26.5803	0.0	18	1.0	0.0		5273	0	0
1701977217336	t	parking_garage_test_cue_gameroom_left	0.0	5	0	5.7592	679.968	1190.24	1.0	5.4233	741.0239999999999	1259.84	1.0	0.1125	-0.0215	0.9934	8.1086	-6.3662	-26.5954	0.0	18	1.0	0.0		5273	0	0
1701977217344	t	parking_garage_test_cue_gameroom_left	0.0	5	0	5.7201	680.112	1190.08	1.0	5.3192	736.8480000000001	1263.36	1.0	0.1183	-0.028	0.9926	3.1884	-6.4422	-26.6113	0.0	18	1.0	0.0		5273	0	0
1701977217353	t	parking_garage_test_cue_gameroom_left	0.0	5	0	5.7616	680.544	1189.6000000000001	1.0	5.3956	742.0319999999999	1261.76	1.0	0.1122	-0.0212	0.9934	9.7354	-6.3371	-26.6191	0.0	18	1.0	0.0		5273	0	0
1701977217360	t	parking_garage_test_cue_gameroom_left	0.0	5	0	5.7448	680.832	1189.28	1.0	5.3956	741.744	1260.32	1.0	0.1167	-0.0145	0.993	21.9502	-6.149	-26.5985	0.0	18	1.0	0.0		5273	0	0
1701977217369	t	parking_garage_test_cue_gameroom_left	0.0	5	0	5.7462	681.408	1189.12	1.0	5.3919	742.0319999999999	1258.72	1.0	0.1182	-0.0101	0.9929	30.105	-6.0387	-26.5532	0.0	18	1.0	0.0		5273	0	0
1701977217379	t	parking_garage_test_cue_gameroom_left	0.0	5	0	5.7454	681.984	1188.96	1.0	5.2749	743.184	1257.76	1.0	0.1165	-0.0086	0.9931	30.2814	-6.0458	-26.5356	0.0	18	1.0	0.0		5273	0	0
1701977217385	t	parking_garage_test_cue_gameroom_left	0.0	5	0	5.7492	682.128	1188.32	1.0	5.4217	743.328	1255.04	1.0	0.1157	-0.0057	0.9933	29.4269	-6.0625	-26.5311	0.0	18	1.0	0.0		5273	0	0
1701977217394	t	parking_garage_test_cue_gameroom_left	0.0	5	0	5.7451	682.4159999999999	1188.96	1.0	5.3913	743.04	1254.4	1.0	0.1139	-0.0101	0.9934	24.904	-6.1203	-26.5402	0.0	18	1.0	0.0		5273	0	0
1701977217402	t	parking_garage_test_cue_gameroom_left	0.0	5	0	5.736	682.7040000000001	1188.32	1.0	5.4213	743.328	1254.24	1.0	0.1116	-0.0095	0.9937	20.0517	-6.1862	-26.5615	0.0	18	1.0	0.0		5273	0	0
1701977217410	t	parking_garage_test_cue_gameroom_left	0.0	5	0	5.7277	682.4159999999999	1187.84	1.0	5.3932	743.328	1254.0800000000002	1.0	0.1125	-0.008	0.9936	18.5256	-6.2063	-26.5721	0.0	18	1.0	0.0		5273	0	0
1701977217419	t	parking_garage_test_cue_gameroom_left	0.0	5	0	5.7268	682.7040000000001	1187.6799999999998	1.0	5.4235	743.328	1253.76	1.0	0.1114	-0.008	0.9937	18.0324	-6.2108	-26.5758	0.0	18	1.0	0.0		5273	0	0
1701977217427	t	parking_garage_test_cue_gameroom_left	0.0	5	0	5.891	684.0	1185.28	1.0	5.4365	743.328	1252.96	1.0	0.1064	-0.0046	0.9943	17.5299	-6.1919	-26.5788	0.0	18	1.0	0.0		5273	0	0
1701977217435	t	parking_garage_test_cue_gameroom_left	0.0	5	0	5.7927	681.264	1183.68	1.0	5.4502	743.328	1252.0	1.0	0.115	-0.0005	0.9934	17.7958	-6.1789	-26.5973	0.0	18	1.0	0.0		5273	0	0
1701977217444	t	parking_garage_test_cue_gameroom_left	0.0	5	0	5.7712	682.128	1183.84	1.0	5.4427	743.328	1252.0	1.0	0.11	-0.004	0.9939	9.2809	-6.301	-26.6189	0.0	18	1.0	0.0		5273	0	0
1701977217452	t	parking_garage_test_cue_gameroom_left	0.0	5	0	5.7896	682.8480000000001	1183.84	1.0	5.4475	743.328	1252.0	1.0	0.1053	-0.0081	0.9944	-1.4616	-6.4521	-26.6489	0.0	18	1.0	0.0		5273	0	0
1701977217460	t	parking_garage_test_cue_gameroom_left	0.0	5	0	5.7707	682.4159999999999	1183.84	1.0	5.445	743.328	1250.88	1.0	0.1058	-0.0062	0.9944	-1.9597	-6.4584	-26.6546	0.0	18	1.0	0.0		5273	0	0
1701977217469	t	parking_garage_test_cue_gameroom_left	0.0	5	0	5.8349	681.696	1183.3600000000001	1.0	5.4549	743.328	1249.92	1.0	0.1042	-0.0032	0.9946	-1.7683	-6.4601	-26.6405	0.0	18	1.0	0.0		5273	0	0
1701977217477	t	parking_garage_test_cue_gameroom_left	0.0	5	0	5.762	660.96	1176.96	1.0	5.4582	724.032	1242.24	1.0	0.1508	0.0088	0.9885	3.8653	-6.2561	-26.7775	0.0	18	1.0	0.0		5273	0	0
1701977217485	t	parking_garage_test_cue_gameroom_left	0.0	5	0	5.5245	634.7520000000001	1165.12	1.0	5.3769	694.368	1228.64	1.0	0.2351	0.0544	0.9704	21.6724	-5.9494	-26.8519	0.0	18	1.0	0.0		5273	0	0
1701977217494	t	parking_garage_test_cue_gameroom_left	0.0	5	0	5.7195	619.92	1164.96	1.0	5.3996	672.768	1215.1999999999998	1.0	0.2621	0.0558	0.9634	23.4525	-5.8766	-26.8437	0.0	18	1.0	0.0		5273	0	0
1701977217502	t	parking_garage_test_cue_gameroom_left	0.0	5	0	5.8212	618.336	1154.72	1.0	5.4241	661.104	1210.88	1.0	0.2527	0.0793	0.9643	21.0841	-5.8508	-26.8706	0.0	18	1.0	0.0		5273	0	0
1701977217511	t	parking_garage_test_cue_gameroom_left	0.0	5	0	5.8094	618.048	1153.44	1.0	5.4137	661.248	1209.6	1.0	0.2484	0.0782	0.9655	17.1715	-5.8759	-26.8856	0.0	18	1.0	0.0		5273	0	0
1701977217519	t	parking_garage_test_cue_gameroom_left	0.0	5	0	5.7949	618.336	1157.44	1.0	5.4467	663.984	1210.24	1.0	0.2425	0.0687	0.9677	15.378	-5.9164	-26.8699	0.0	18	1.0	0.0		5273	0	0
1701977217527	t	parking_garage_test_cue_gameroom_left	0.0	5	0	5.8782	614.16	1154.72	1.0	5.4716	661.968	1211.68	1.0	0.2576	0.0789	0.963	14.7001	-5.9369	-26.8825	0.0	18	1.0	0.0		5273	0	0
1701977217536	t	parking_garage_test_cue_gameroom_left	0.0	5	0	6.0181	615.888	1158.08	1.0	5.4698	662.4	1209.6	1.0	0.2514	0.0757	0.9649	16.4894	-5.9288	-26.8691	0.0	18	1.0	0.0		5273	0	0
1701977217544	t	parking_garage_test_cue_gameroom_left	0.0	5	0	5.9819	613.7280000000001	1158.56	1.0	5.4387	661.3919999999999	1209.92	1.0	0.2552	0.0743	0.964	13.8346	-5.9576	-26.893	0.0	18	1.0	0.0		5273	0	0
1701977217552	t	parking_garage_test_cue_gameroom_left	0.0	5	0	5.8741	613.584	1158.24	1.0	5.4215	661.8240000000001	1210.5600000000002	1.0	0.2518	0.0726	0.965	9.0458	-6.0175	-26.8984	0.0	18	1.0	0.0		5273	0	0
1701977217560	t	parking_garage_test_cue_gameroom_left	0.0	5	0	5.8562	614.592	1160.48	1.0	5.4408	661.8240000000001	1209.92	1.0	0.2476	0.0691	0.9664	9.68	-6.0198	-26.8815	0.0	18	1.0	0.0		5273	0	0
1701977217569	t	parking_garage_test_cue_gameroom_left	0.0	5	0	5.8724	612.432	1159.84	1.0	5.4364	661.6800000000001	1210.08	1.0	0.2498	0.0695	0.9658	4.6865	-6.0738	-26.8962	0.0	18	1.0	0.0		5273	0	0
1701977217577	t	parking_garage_test_cue_gameroom_left	0.0	5	0	5.7813	608.688	1156.0	1.0	5.4402	661.8240000000001	1210.08	1.0	0.2562	0.0756	0.9637	3.4117	-6.0786	-26.9148	0.0	18	1.0	0.0		5273	0	0
1701977217585	t	parking_garage_test_cue_gameroom_left	0.0	5	0	5.8979	611.712	1159.52	1.0	5.4376	661.8240000000001	1210.08	1.0	0.2476	0.0682	0.9665	3.0613	-6.085	-26.8967	0.0	18	1.0	0.0		5273	0	0
1701977217594	t	parking_garage_test_cue_gameroom_left	0.0	5	0	5.8502	610.992	1155.04	1.0	5.4571	663.12	1210.24	1.0	0.2457	0.0713	0.9667	2.0267	-6.0771	-26.8889	0.0	18	1.0	0.0		5273	0	0
1701977217602	t	parking_garage_test_cue_gameroom_left	0.0	5	0	5.9373	609.696	1153.9199999999998	1.0	5.4205	662.4	1209.1200000000001	1.0	0.2479	0.0727	0.966	-0.3527	-6.0887	-26.9078	0.0	18	1.0	0.0		5273	0	0
1701977217611	t	parking_garage_test_cue_gameroom_left	0.0	5	0	5.9059	610.56	1154.56	1.0	5.3874	661.536	1209.28	1.0	0.2474	0.0701	0.9664	-0.3508	-6.0843	-26.9093	0.0	18	1.0	0.0		5273	0	0
1701977217619	t	parking_garage_test_cue_gameroom_left	0.0	5	0	5.9248	611.568	1155.04	1.0	5.4191	660.96	1209.1200000000001	1.0	0.2469	0.0688	0.9666	-0.1819	-6.0779	-26.9106	0.0	18	1.0	0.0		5273	0	0
1701977217627	t	parking_garage_test_cue_gameroom_left	0.0	5	0	5.9038	611.136	1154.56	1.0	5.4187	661.6800000000001	1208.96	1.0	0.2467	0.0695	0.9666	-0.0775	-6.0747	-26.9072	0.0	18	1.0	0.0		5273	0	0
1701977217636	t	parking_garage_test_cue_gameroom_left	0.0	5	0	5.926	611.568	1154.88	1.0	5.4188	662.4	1208.8	1.0	0.2445	0.0688	0.9672	0.0573	-6.0711	-26.9045	0.0	18	1.0	0.0		5273	0	0
1701977217644	t	parking_garage_test_cue_gameroom_left	0.0	5	0	5.9252	611.136	1154.4	1.0	5.4263	662.688	1208.6399999999999	1.0	0.2449	0.0702	0.967	0.3601	-6.0668	-26.9057	0.0	18	1.0	0.0		5273	0	0
1701977217652	t	parking_garage_test_cue_gameroom_left	0.0	5	0	5.9322	610.56	1153.9199999999998	1.0	5.4347	662.688	1208.32	1.0	0.2462	0.0714	0.9666	0.636	-6.0627	-26.9037	0.0	18	1.0	0.0		5273	0	0
1701977217661	t	parking_garage_test_cue_gameroom_left	0.0	5	0	5.9264	610.8480000000001	1154.0800000000002	1.0	5.4257	662.976	1208.6399999999999	1.0	0.2455	0.0706	0.9668	1.3236	-6.0532	-26.9043	0.0	18	1.0	0.0		5273	0	0
1701977217669	t	parking_garage_test_cue_gameroom_left	0.0	5	0	5.932	610.56	1153.9199999999998	1.0	5.4337	662.688	1208.32	1.0	0.2466	0.0711	0.9665	1.4413	-6.05	-26.9024	0.0	18	1.0	0.0		5273	0	0
1701977217677	t	parking_garage_test_cue_gameroom_left	0.0	5	0	5.9275	610.8480000000001	1153.76	1.0	5.4512	662.544	1208.16	1.0	0.2466	0.0711	0.9665	1.2859	-6.0498	-26.9016	0.0	18	1.0	0.0		5273	0	0
1701977217686	t	parking_garage_test_cue_gameroom_left	0.0	5	0	5.9326	610.56	1153.6	1.0	5.4346	662.4	1208.0	1.0	0.2476	0.0713	0.9662	1.5262	-6.0452	-26.9003	0.0	18	1.0	0.0		5273	0	0
1701977217694	t	parking_garage_test_cue_gameroom_left	0.0	5	0	5.9386	610.56	1152.8	1.0	5.4511	662.4	1207.84	1.0	0.2477	0.0721	0.9661	1.5974	-6.0386	-26.8985	0.0	18	1.0	0.0		5273	0	0
1701977217702	t	parking_garage_test_cue_gameroom_left	0.0	5	0	5.931	610.704	1153.6	1.0	5.4516	662.4	1207.68	1.0	0.2476	0.0695	0.9664	1.4237	-6.0347	-26.8971	0.0	18	1.0	0.0		5273	0	0
1701977217710	t	parking_garage_test_cue_gameroom_left	0.0	5	0	5.937	610.704	1152.8	1.0	5.4434	662.544	1207.1999999999998	1.0	0.2473	0.071	0.9663	1.4256	-6.0319	-26.8952	0.0	18	1.0	0.0		5273	0	0
1701977217719	t	parking_garage_test_cue_gameroom_left	0.0	5	0	5.9358	610.8480000000001	1153.6	1.0	5.4458	662.688	1206.72	1.0	0.2469	0.0696	0.9665	1.4566	-6.0288	-26.8934	0.0	18	1.0	0.0		5273	0	0
1701977217727	t	parking_garage_test_cue_gameroom_left	0.0	5	0	5.9468	610.8480000000001	1152.0	1.0	5.4492	663.12	1205.76	1.0	0.2459	0.0732	0.9665	1.5882	-6.0221	-26.8925	0.0	18	1.0	0.0		5273	0	0
1701977217735	t	parking_garage_test_cue_gameroom_left	0.0	5	0	5.9468	610.8480000000001	1152.0	1.0	5.4578	663.264	1205.28	1.0	0.2461	0.0742	0.9664	1.7401	-6.0201	-26.8917	0.0	18	1.0	0.0		5273	0	0
1701977217744	t	parking_garage_test_cue_gameroom_left	0.0	5	0	5.9485	610.8480000000001	1151.68	1.0	5.4617	663.408	1204.64	1.0	0.2463	0.076	0.9662	1.7652	-6.0198	-26.8915	0.0	18	1.0	0.0		5273	0	0
1701977217752	t	parking_garage_test_cue_gameroom_left	0.0	5	0	5.9521	610.8480000000001	1151.68	1.0	5.4622	663.264	1204.48	1.0	0.2466	0.0763	0.9661	1.7401	-6.0199	-26.8915	0.0	18	1.0	0.0		5273	0	0
1701977217760	t	parking_garage_test_cue_gameroom_left	0.0	5	0	5.9488	610.704	1151.68	1.0	5.4728	663.264	1204.48	1.0	0.247	0.0762	0.966	1.6417	-6.0206	-26.8919	0.0	18	1.0	0.0		5273	0	0
1701977217769	t	parking_garage_test_cue_gameroom_left	0.0	5	0	5.9488	610.704	1151.68	1.0	5.4619	663.552	1204.48	1.0	0.2464	0.0761	0.9662	1.4382	-6.0228	-26.8919	0.0	18	1.0	0.0		5273	0	0
1701977217777	t	parking_garage_test_cue_gameroom_left	0.0	5	0	5.9316	610.704	1151.68	1.0	5.4614	663.552	1204.3200000000002	1.0	0.2461	0.0762	0.9662	1.2473	-6.0247	-26.8921	0.0	18	1.0	0.0		5273	0	0
1701977217785	t	parking_garage_test_cue_gameroom_left	0.0	5	0	5.9547	610.416	1151.04	1.0	5.4646	663.552	1203.84	1.0	0.2464	0.0777	0.966	1.0118	-6.026	-26.8936	0.0	18	1.0	0.0		5273	0	0
1701977217794	t	parking_garage_test_cue_gameroom_left	0.0	5	0	5.9495	610.128	1150.56	1.0	5.4653	663.552	1203.6799999999998	1.0	0.2461	0.0774	0.9661	0.6205	-6.022	-26.8985	0.0	18	1.0	0.0		5273	0	0
1701977217802	t	parking_garage_test_cue_gameroom_left	0.0	5	0	5.979	611.568	1149.44	1.0	5.466	663.6959999999999	1203.36	1.0	0.2433	0.079	0.9667	0.4381	-6.0189	-26.897	0.0	18	1.0	0.0		5273	0	0
1701977217811	t	parking_garage_test_cue_gameroom_left	0.0	5	0	5.9524	610.56	1149.12	1.0	5.4655	664.128	1203.36	1.0	0.2445	0.0789	0.9664	0.2832	-6.019	-26.8981	0.0	18	1.0	0.0		5273	0	0
1701977217819	t	parking_garage_test_cue_gameroom_left	0.0	5	0	5.9181	611.568	1149.44	1.0	5.4639	664.4159999999999	1203.36	1.0	0.2421	0.0779	0.9671	0.255	-6.0173	-26.8972	0.0	18	1.0	0.0		5273	0	0
1701977217827	t	parking_garage_test_cue_gameroom_left	0.0	5	0	5.9213	612.0	1149.92	1.0	5.4655	665.136	1202.3999999999999	1.0	0.2402	0.078	0.9676	0.3349	-6.0147	-26.896	0.0	18	1.0	0.0		5273	0	0
1701977217836	t	parking_garage_test_cue_gameroom_left	0.0	5	0	5.927	612.0	1150.56	1.0	5.4665	665.568	1201.92	1.0	0.2399	0.0781	0.9676	1.3721	-6.0024	-26.8944	0.0	18	1.0	0.0		5273	0	0
1701977217844	t	parking_garage_test_cue_gameroom_left	0.0	5	0	5.9386	611.712	1150.56	1.0	5.4677	664.7040000000001	1201.6	1.0	0.2422	0.0783	0.967	1.34	-6.0003	-26.8949	0.0	18	1.0	0.0		5273	0	0
1701977217852	t	parking_garage_test_cue_gameroom_left	0.0	5	0	5.8341	610.56	1149.92	1.0	5.4669	664.7040000000001	1201.92	1.0	0.2452	0.0817	0.966	1.5939	-6.0111	-26.9013	0.0	18	1.0	0.0		5273	0	0
1701977217861	t	parking_garage_test_cue_gameroom_left	0.0	5	0	5.9711	609.408	1151.68	1.0	5.467	665.568	1201.76	1.0	0.2454	0.081	0.966	1.7178	-6.0161	-26.9005	0.0	18	1.0	0.0		5273	0	0
1701977217869	t	parking_garage_test_cue_gameroom_left	0.0	5	0	5.9676	609.408	1151.52	1.0	5.4594	666.0	1201.76	1.0	0.2444	0.0814	0.9662	1.6102	-6.0191	-26.9011	0.0	18	1.0	0.0		5273	0	0
1701977217877	t	parking_garage_test_cue_gameroom_left	0.0	5	0	5.9724	609.552	1151.52	1.0	5.4594	666.0	1201.76	1.0	0.2436	0.0811	0.9665	0.0108	-6.0375	-26.9023	0.0	18	1.0	0.0		5273	0	0
1701977217886	t	parking_garage_test_cue_gameroom_left	0.0	5	0	5.9672	609.84	1151.52	1.0	5.4594	666.0	1201.76	1.0	0.243	0.081	0.9666	-0.0356	-6.0383	-26.902	0.0	18	1.0	0.0		5273	0	0
1701977217894	t	parking_garage_test_cue_gameroom_left	0.0	5	0	5.964	609.552	1151.68	1.0	5.4504	666.0	1201.6	1.0	0.2436	0.0811	0.9665	-0.0554	-6.0382	-26.9022	0.0	18	1.0	0.0		5273	0	0
1701977217902	t	parking_garage_test_cue_gameroom_left	0.0	5	0	5.956	609.696	1151.68	1.0	5.4503	665.568	1201.76	1.0	0.2438	0.0807	0.9664	0.0353	-6.0365	-26.9021	0.0	18	1.0	0.0		5273	0	0
1701977217911	t	parking_garage_test_cue_gameroom_left	0.0	5	0	5.9622	609.9839999999999	1151.52	1.0	5.4501	665.568	1201.76	1.0	0.2441	0.0811	0.9663	1.6206	-6.0184	-26.9006	0.0	18	1.0	0.0		5273	0	0
1701977217919	t	parking_garage_test_cue_gameroom_left	0.0	5	0	5.9552	609.84	1151.52	1.0	5.4365	665.568	1202.3999999999999	1.0	0.2444	0.0794	0.9664	1.3632	-6.0198	-26.9	0.0	18	1.0	0.0		5273	0	0
1701977217927	t	parking_garage_test_cue_gameroom_left	0.0	5	0	5.947	609.9839999999999	1151.52	1.0	5.4159	665.568	1202.3999999999999	1.0	0.2438	0.079	0.9666	1.3314	-6.0188	-26.8995	0.0	18	1.0	0.0		5273	0	0
1701977217936	t	parking_garage_test_cue_gameroom_left	0.0	5	0	5.9443	609.84	1151.52	1.0	5.4341	665.568	1202.3999999999999	1.0	0.2442	0.0788	0.9665	1.0165	-6.0217	-26.8992	0.0	18	1.0	0.0		5273	0	0
1701977217944	t	parking_garage_test_cue_gameroom_left	0.0	5	0	5.9419	609.552	1151.52	1.0	5.4371	664.992	1202.3999999999999	1.0	0.2458	0.0787	0.9661	1.047	-6.021	-26.8979	0.0	18	1.0	0.0		5273	0	0
1701977217952	t	parking_garage_test_cue_gameroom_left	0.0	5	0	5.9407	609.552	1151.52	1.0	5.451	664.992	1201.76	1.0	0.2458	0.0798	0.966	0.9402	-6.0215	-26.8974	0.0	18	1.0	0.0		5273	0	0
1701977217961	t	parking_garage_test_cue_gameroom_left	0.0	5	0	5.9395	609.552	1151.52	1.0	5.451	664.992	1201.76	1.0	0.2457	0.0797	0.966	1.054	-6.0198	-26.8961	0.0	18	1.0	0.0		5273	0	0
1701977217969	t	parking_garage_test_cue_gameroom_left	0.0	5	0	5.941	609.552	1151.3600000000001	1.0	5.4683	665.568	1201.76	1.0	0.2446	0.0799	0.9663	0.9415	-6.0201	-26.8961	0.0	18	1.0	0.0		5273	0	0
1701977217977	t	parking_garage_test_cue_gameroom_left	0.0	5	0	5.9424	609.696	1151.04	1.0	5.4713	665.136	1201.1200000000001	1.0	0.2456	0.081	0.966	0.9381	-6.0183	-26.896	0.0	18	1.0	0.0		5273	0	0
1701977217986	t	parking_garage_test_cue_gameroom_left	0.0	5	0	5.9459	609.84	1149.76	1.0	5.4424	665.136	1200.96	1.0	0.2451	0.0833	0.9659	1.0215	-6.0151	-26.8949	0.0	18	1.0	0.0		5273	0	0
1701977217994	t	parking_garage_test_cue_gameroom_left	0.0	5	0	5.938	609.9839999999999	1149.28	1.0	5.4429	665.136	1200.48	1.0	0.2448	0.0835	0.9659	0.6938	-6.0128	-26.8952	0.0	18	1.0	0.0		5273	0	0
1701977218002	t	parking_garage_test_cue_gameroom_left	0.0	5	0	5.9367	609.9839999999999	1149.28	1.0	5.4416	666.0	1200.48	1.0	0.243	0.0824	0.9665	0.4296	-6.0102	-26.8954	0.0	18	1.0	0.0		5273	0	0
1701977218011	t	parking_garage_test_cue_gameroom_left	0.0	5	0	5.9358	609.9839999999999	1149.28	1.0	5.4387	666.0	1200.48	1.0	0.2429	0.0815	0.9666	0.4598	-6.0047	-26.8954	0.0	18	1.0	0.0		5273	0	0
1701977218019	t	parking_garage_test_cue_gameroom_left	0.0	5	0	5.9266	609.9839999999999	1149.28	1.0	5.4411	666.144	1199.84	1.0	0.2429	0.0816	0.9666	0.4684	-5.9999	-26.8954	0.0	18	1.0	0.0		5273	0	0
1701977218027	t	parking_garage_test_cue_gameroom_left	0.0	5	0	5.897	610.128	1149.12	1.0	5.442	666.432	1199.52	1.0	0.2422	0.0823	0.9667	0.5034	-5.9995	-26.8953	0.0	18	1.0	0.0		5273	0	0
1701977218036	t	parking_garage_test_cue_gameroom_left	0.0	5	0	5.8926	610.272	1148.0	1.0	5.5029	670.608	1198.8799999999999	1.0	0.241	0.0859	0.9667	5.0877	-5.9605	-26.8365	0.0	18	1.0	0.0		5273	0	0
1701977218044	t	parking_garage_test_cue_gameroom_left	0.0	5	0	5.8908	610.704	1148.0	1.0	5.3928	674.784	1196.16	1.0	0.2355	0.09	0.9677	9.058	-5.9119	-26.847	0.0	18	1.0	0.0		5273	0	0
1701977218052	t	parking_garage_test_cue_gameroom_left	0.0	5	0	5.8886	611.712	1147.68	1.0	5.3409	672.624	1194.88	1.0	0.2363	0.0912	0.9674	9.0412	-5.8989	-26.8763	0.0	18	1.0	0.0		5273	0	0
1701977218061	t	parking_garage_test_cue_gameroom_left	0.0	5	0	6.0116	613.296	1143.04	1.0	5.3299	673.488	1196.16	1.0	0.2353	0.096	0.9672	8.2492	-5.8797	-26.8856	0.0	18	1.0	0.0		5273	0	0
1701977218069	t	parking_garage_test_cue_gameroom_left	0.0	5	0	5.9746	615.6	1143.3600000000001	1.0	5.5164	671.904	1195.2	1.0	0.2336	0.0946	0.9677	7.943	-5.8735	-26.882	0.0	18	1.0	0.0		5273	0	0
1701977218077	t	parking_garage_test_cue_gameroom_left	0.0	5	0	5.9502	616.176	1144.0	1.0	5.4048	674.784	1194.24	1.0	0.229	0.0922	0.969	7.7077	-5.8733	-26.869	0.0	18	1.0	0.0		5273	0	0
1701977218085	t	parking_garage_test_cue_gameroom_left	0.0	5	0	6.0084	616.7520000000001	1140.0	1.0	5.4615	676.9440000000001	1194.5600000000002	1.0	0.2255	0.1004	0.969	8.4154	-5.8626	-26.8625	0.0	18	1.0	0.0		5273	0	0
1701977218094	t	parking_garage_test_cue_gameroom_left	0.0	5	0	6.0033	618.192	1141.12	1.0	5.3351	680.4	1190.72	1.0	0.2179	0.1013	0.9707	7.9267	-5.8634	-26.8636	0.0	18	1.0	0.0		5273	0	0
1701977218102	t	parking_garage_test_cue_gameroom_left	0.0	5	0	6.0336	618.624	1140.48	1.0	5.3704	675.792	1193.6	1.0	0.2259	0.1078	0.9682	22.3203	-5.6801	-26.9473	0.0	18	1.0	0.0		5273	0	0
1701977218110	t	parking_garage_test_cue_gameroom_left	0.0	5	0	6.0426	619.056	1139.8400000000001	1.0	5.3903	677.664	1192.6399999999999	1.0	0.2273	0.118	0.9666	32.6965	-5.5984	-26.8798	0.0	18	1.0	0.0		5273	0	0
1701977218119	t	parking_garage_test_cue_gameroom_left	0.0	5	0	5.9971	621.36	1136.8	1.0	5.3714	679.536	1191.84	1.0	0.2236	0.1288	0.9661	34.1908	-5.5792	-26.8787	0.0	18	1.0	0.0		5273	0	0
1701977218127	t	parking_garage_test_cue_gameroom_left	0.0	5	0	6.0768	620.784	1138.56	1.0	5.3858	679.248	1191.84	1.0	0.2276	0.1231	0.9659	33.9733	-5.5833	-26.8705	0.0	18	1.0	0.0		5273	0	0
1701977218135	t	parking_garage_test_cue_gameroom_left	0.0	5	0	6.036	620.352	1138.4	1.0	5.4041	679.536	1191.84	1.0	0.2309	0.1238	0.965	34.1415	-5.5814	-26.8713	0.0	18	1.0	0.0		5273	0	0
1701977218144	t	parking_garage_test_cue_gameroom_left	0.0	5	0	6.0469	621.6479999999999	1137.44	1.0	5.4021	680.112	1192.48	1.0	0.2274	0.1273	0.9654	34.2906	-5.5784	-26.8717	0.0	18	1.0	0.0		5273	0	0
1701977218152	t	parking_garage_test_cue_gameroom_left	0.0	5	0	6.0198	623.664	1138.8799999999999	1.0	5.4036	680.688	1191.84	1.0	0.2206	0.1205	0.9679	34.4113	-5.5785	-26.8556	0.0	18	1.0	0.0		5273	0	0
1701977218160	t	parking_garage_test_cue_gameroom_left	0.0	5	0	6.0501	623.952	1137.44	1.0	5.3819	681.696	1191.84	1.0	0.2139	0.1219	0.9692	34.5203	-5.5589	-26.8604	0.0	18	1.0	0.0		5273	0	0
1701977218169	t	parking_garage_test_cue_gameroom_left	0.0	5	0	6.0599	623.664	1136.1599999999999	1.0	5.4031	682.7040000000001	1191.84	1.0	0.2205	0.1301	0.9666	34.5364	-5.5706	-26.8652	0.0	18	1.0	0.0		5273	0	0
1701977218177	t	parking_garage_test_cue_gameroom_left	0.0	5	0	6.0716	623.952	1137.44	1.0	5.5041	684.576	1190.8799999999999	1.0	0.2196	0.1252	0.9675	34.6192	-5.5699	-26.8623	0.0	18	1.0	0.0		5273	0	0
1701977218186	t	parking_garage_test_cue_gameroom_left	0.0	5	0	6.0914	624.24	1137.12	1.0	5.375	685.7280000000001	1189.28	1.0	0.2185	0.1263	0.9676	34.3374	-5.5728	-26.859	0.0	18	1.0	0.0		5273	0	0
1701977218194	t	parking_garage_test_cue_gameroom_left	0.0	5	0	6.0345	627.12	1134.56	1.0	5.4235	689.328	1188.32	1.0	0.2094	0.1295	0.9692	31.838	-5.5839	-26.8509	0.0	18	1.0	0.0		5273	0	0
1701977218202	t	parking_garage_test_cue_gameroom_left	0.0	5	0	6.0223	625.68	1134.56	1.0	5.3968	687.744	1189.76	1.0	0.2106	0.1146	0.9708	13.9014	-5.7738	-26.8263	0.0	18	1.0	0.0		5273	0	0
1701977218210	t	parking_garage_test_cue_gameroom_left	0.0	5	0	6.0813	626.976	1132.8	1.0	5.4237	689.904	1189.4399999999998	1.0	0.2014	0.1119	0.9731	6.0326	-5.8494	-26.8282	0.0	18	1.0	0.0		5273	0	0
1701977218219	t	parking_garage_test_cue_gameroom_left	0.0	5	0	6.0641	627.264	1132.0	1.0	5.4312	689.328	1188.96	1.0	0.203	0.1123	0.9727	6.8109	-5.8239	-26.8413	0.0	18	1.0	0.0		5273	0	0
1701977218227	t	parking_garage_test_cue_gameroom_left	0.0	5	0	6.0877	627.696	1130.72	1.0	5.4092	690.768	1188.96	1.0	0.2005	0.1141	0.973	8.6934	-5.7849	-26.8562	0.0	18	1.0	0.0		5273	0	0
1701977218235	t	parking_garage_test_cue_gameroom_left	0.0	5	0	6.0314	627.552	1129.28	1.0	5.3872	691.6320000000001	1188.8	1.0	0.2019	0.1175	0.9723	12.351	-5.7271	-26.8706	0.0	18	1.0	0.0		5273	0	0
1701977218244	t	parking_garage_test_cue_gameroom_left	0.0	5	0	5.8987	630.144	1129.92	1.0	5.3514	690.768	1187.36	1.0	0.1988	0.1174	0.973	16.8659	-5.6693	-26.8611	0.0	18	1.0	0.0		5273	0	0
1701977218252	t	parking_garage_test_cue_gameroom_left	0.0	5	0	5.963	629.856	1126.08	1.0	5.3244	691.6320000000001	1185.9199999999998	1.0	0.2015	0.1305	0.9707	20.7526	-5.6072	-26.8757	0.0	18	1.0	0.0		5273	0	0
1701977218260	t	parking_garage_test_cue_gameroom_left	0.0	5	0	6.0206	630.72	1128.48	1.0	5.3421	692.784	1185.1200000000001	1.0	0.2001	0.1225	0.9721	21.5183	-5.5863	-26.8728	0.0	18	1.0	0.0		5273	0	0
1701977218269	t	parking_garage_test_cue_gameroom_left	0.0	5	0	5.9184	631.44	1129.28	1.0	5.3443	694.656	1184.8000000000002	1.0	0.2002	0.1157	0.9729	22.7771	-5.553	-26.8672	0.0	18	1.0	0.0		5273	0	0
1701977218277	t	parking_garage_test_cue_gameroom_left	0.0	5	0	6.0632	640.6560000000001	1127.04	1.0	5.4606	702.0	1189.28	1.0	0.1838	0.1113	0.9766	18.1513	-5.5885	-26.8304	0.0	18	1.0	0.0		5273	0	0
1701977218285	t	parking_garage_test_cue_gameroom_left	0.0	5	0	5.8219	657.9359999999999	1127.68	1.0	5.2148	718.416	1188.64	1.0	0.1458	0.1055	0.9837	23.3325	-5.5039	-26.8269	0.0	18	1.0	0.0		5273	0	0
1701977218294	t	parking_garage_test_cue_gameroom_left	0.0	5	0	5.8501	663.552	1124.6399999999999	1.0	5.2759	723.744	1188.32	1.0	0.1447	0.1087	0.9835	20.6673	-5.522	-26.7938	0.0	18	1.0	0.0		5273	0	0
1701977218302	t	parking_garage_test_cue_gameroom_left	0.0	5	0	5.8147	663.6959999999999	1125.76	1.0	5.349	724.32	1188.8	1.0	0.1511	0.101	0.9833	17.2784	-5.5484	-26.8134	0.0	18	1.0	0.0		5273	0	0
1701977218310	t	parking_garage_test_cue_gameroom_left	0.0	5	0	5.9185	664.7040000000001	1121.92	1.0	5.3471	724.176	1186.72	1.0	0.1458	0.1108	0.9831	13.3661	-5.5881	-26.8364	0.0	18	1.0	0.0		5273	0	0
1701977218319	t	parking_garage_test_cue_gameroom_left	0.0	5	0	5.9124	663.84	1123.36	1.0	5.3354	726.048	1187.04	1.0	0.1433	0.1053	0.9841	9.5719	-5.6366	-26.8622	0.0	18	1.0	0.0		5273	0	0
1701977218327	t	parking_garage_test_cue_gameroom_left	0.0	5	0	5.8664	665.424	1125.76	1.0	5.3421	727.776	1186.72	1.0	0.135	0.0998	0.9858	7.3616	-5.6683	-26.8773	0.0	18	1.0	0.0		5273	0	0
1701977218335	t	parking_garage_test_cue_gameroom_left	0.0	5	0	5.8171	667.728	1125.44	1.0	5.3534	728.784	1188.16	1.0	0.1335	0.1006	0.9859	15.465	-5.5492	-26.8778	0.0	18	1.0	0.0		5273	0	0
1701977218344	t	parking_garage_test_cue_gameroom_left	0.0	5	0	5.9286	669.312	1124.48	1.0	5.4512	726.912	1188.32	1.0	0.1349	0.109	0.9848	16.8956	-5.5722	-26.8071	0.0	18	1.0	0.0		5273	0	0
1701977218352	t	parking_garage_test_cue_gameroom_left	0.0	5	0	5.9107	669.168	1127.04	1.0	5.4818	732.3840000000001	1191.84	1.0	0.1356	0.1035	0.9853	24.001	-5.4829	-26.7954	0.0	18	1.0	0.0		5273	0	0
1701977218361	t	parking_garage_test_cue_gameroom_left	0.0	5	0	5.9227	669.456	1124.48	1.0	5.5057	732.3840000000001	1195.04	1.0	0.1381	0.1123	0.984	24.5986	-5.4797	-26.8004	0.0	18	1.0	0.0		5273	0	0
1701977218369	t	parking_garage_test_cue_gameroom_left	0.0	5	0	5.8314	672.336	1126.24	1.0	5.2909	736.9920000000001	1195.36	1.0	0.1269	0.1035	0.9865	22.4212	-5.5122	-26.7959	0.0	18	1.0	0.0		5273	0	0
1701977218377	t	parking_garage_test_cue_gameroom_left	0.0	5	0	5.8065	676.224	1126.88	1.0	5.3573	736.1279999999999	1192.6399999999999	1.0	0.1163	0.1029	0.9879	22.8271	-5.5063	-26.792	0.0	18	1.0	0.0		5273	0	0
1701977218385	t	parking_garage_test_cue_gameroom_left	0.0	5	0	5.8088	674.928	1125.76	1.0	5.4417	737.712	1194.88	1.0	0.1202	0.1055	0.9871	23.2014	-5.4992	-26.7994	0.0	18	1.0	0.0		5273	0	0
1701977218394	t	parking_garage_test_cue_gameroom_left	0.0	5	0	5.9481	671.76	1126.24	1.0	5.3419	737.28	1193.1200000000001	1.0	0.1291	0.1058	0.986	21.4857	-5.5147	-26.8282	0.0	18	1.0	0.0		5273	0	0
1701977218402	t	parking_garage_test_cue_gameroom_left	0.0	5	0	5.8625	674.0640000000001	1128.1599999999999	1.0	5.3694	737.28	1193.44	1.0	0.1195	0.0961	0.9882	18.1027	-5.5517	-26.8489	0.0	18	1.0	0.0		5273	0	0
1701977218410	t	parking_garage_test_cue_gameroom_left	0.0	5	0	5.9401	675.504	1127.84	1.0	5.326	738.288	1192.0	1.0	0.1028	0.0922	0.9904	13.0457	-5.5923	-26.8883	0.0	18	1.0	0.0		5273	0	0
1701977218419	t	parking_garage_test_cue_gameroom_left	0.0	5	0	5.8914	675.9359999999999	1126.88	1.0	5.3989	739.584	1188.96	1.0	0.0995	0.0962	0.9904	12.8521	-5.5875	-26.8899	0.0	18	1.0	0.0		5273	0	0
1701977218427	t	parking_garage_test_cue_gameroom_left	0.0	5	0	5.9109	676.0799999999999	1127.52	1.0	5.3435	737.9999999999999	1188.96	1.0	0.099	0.0876	0.9912	6.7859	-5.6233	-26.9634	0.0	18	1.0	0.0		5273	0	0
1701977218435	t	parking_garage_test_cue_gameroom_left	0.0	5	0	6.0056	674.352	1125.1200000000001	1.0	5.4012	740.304	1188.48	1.0	0.1015	0.0931	0.9905	9.14	-5.5768	-26.9679	0.0	18	1.0	0.0		5273	0	0
1701977218444	t	parking_garage_test_cue_gameroom_left	0.0	5	0	5.9182	677.52	1125.28	1.0	5.3733	739.7280000000001	1185.9199999999998	1.0	0.0963	0.0953	0.9908	14.922	-5.4946	-26.9473	0.0	18	1.0	0.0		5273	0	0
1701977218452	t	parking_garage_test_cue_gameroom_left	0.0	5	0	5.8937	680.832	1124.48	1.0	5.2897	741.312	1187.04	1.0	0.0875	0.101	0.991	23.4833	-5.4174	-26.8432	0.0	18	1.0	0.0		5273	0	0
1701977218460	t	parking_garage_test_cue_gameroom_left	0.0	5	0	5.9366	670.464	1124.32	1.0	5.3456	736.8480000000001	1187.84	1.0	0.1231	0.1146	0.9857	24.8253	-5.4732	-26.7903	0.0	18	1.0	0.0		5273	0	0
1701977218469	t	parking_garage_test_cue_gameroom_left	0.0	5	0	6.1134	647.424	1131.8400000000001	1.0	5.503	712.5120000000001	1190.4	1.0	0.1826	0.111	0.9769	25.447	-5.5397	-26.8428	0.0	18	1.0	0.0		5273	0	0
1701977218477	t	parking_garage_test_cue_gameroom_left	0.0	5	0	6.0753	626.4	1137.44	1.0	5.564	686.16	1196.64	1.0	0.2281	0.117	0.9666	30.7441	-5.583	-26.8573	0.0	18	1.0	0.0		5273	0	0
1701977218485	t	parking_garage_test_cue_gameroom_left	0.0	5	0	6.0813	610.416	1143.3600000000001	1.0	5.5649	665.856	1198.56	1.0	0.2557	0.1077	0.9607	31.2267	-5.6141	-26.909	0.0	18	1.0	0.0		5273	0	0
1701977218494	t	parking_garage_test_cue_gameroom_left	0.0	5	0	5.9745	602.784	1150.08	1.0	5.591	652.608	1205.12	1.0	0.2709	0.0917	0.9582	31.1658	-5.6549	-26.9247	0.0	18	1.0	0.0		5273	0	0
1701977218502	t	parking_garage_test_cue_gameroom_left	0.0	5	0	6.1161	601.6320000000001	1148.16	1.0	5.4755	650.0160000000001	1204.48	1.0	0.2711	0.0997	0.9574	30.8405	-5.6549	-26.9393	0.0	18	1.0	0.0		5273	0	0
1701977218510	t	parking_garage_test_cue_gameroom_left	0.0	5	0	5.965	602.784	1152.32	1.0	5.5539	654.48	1206.8799999999999	1.0	0.2713	0.081	0.9591	30.2537	-5.6589	-26.9107	0.0	18	1.0	0.0		5273	0	0
1701977218519	t	parking_garage_test_cue_gameroom_left	0.0	5	0	6.119	604.368	1144.0	1.0	5.3733	658.224	1206.4	1.0	0.2682	0.1059	0.9575	28.3966	-5.6564	-26.9365	0.0	18	1.0	0.0		5273	0	0
1701977218527	t	parking_garage_test_cue_gameroom_left	0.0	5	0	6.0562	609.408	1146.0800000000002	1.0	5.5185	660.24	1205.92	1.0	0.2524	0.0935	0.9631	24.2559	-5.7105	-26.9017	0.0	18	1.0	0.0		5273	0	0
1701977218535	t	parking_garage_test_cue_gameroom_left	0.0	5	0	6.1103	608.112	1146.56	1.0	5.449	662.976	1206.24	1.0	0.2586	0.0921	0.9616	22.7646	-5.7368	-26.8846	0.0	18	1.0	0.0		5273	0	0
1701977218544	t	parking_garage_test_cue_gameroom_left	0.0	5	0	6.0782	611.856	1146.24	1.0	5.4344	664.5600000000001	1208.0	1.0	0.2495	0.0998	0.9632	31.0939	-5.6486	-26.8747	0.0	18	1.0	0.0		5273	0	0
1701977218552	t	parking_garage_test_cue_gameroom_left	0.0	5	0	6.1275	612.288	1146.8799999999999	1.0	5.5398	668.304	1205.4399999999998	1.0	0.2483	0.0985	0.9637	30.1347	-5.6604	-26.886	0.0	18	1.0	0.0		5273	0	0
1701977218560	t	parking_garage_test_cue_gameroom_left	0.0	5	0	6.0933	613.296	1145.76	1.0	5.5922	667.5840000000001	1203.84	1.0	0.2462	0.1027	0.9637	28.9534	-5.6753	-26.8992	0.0	18	1.0	0.0		5273	0	0
1701977218569	t	parking_garage_test_cue_gameroom_left	0.0	5	0	5.8005	607.536	1159.2	1.0	5.5381	671.472	1205.76	1.0	0.2678	0.0571	0.9618	28.2103	-5.7048	-26.8611	0.0	18	1.0	0.0		5273	0	0
1701977218577	t	parking_garage_test_cue_gameroom_left	0.0	5	0	6.0629	613.4399999999999	1147.8400000000001	1.0	5.5451	670.752	1204.48	1.0	0.2452	0.0978	0.9645	29.3653	-5.6924	-26.8658	0.0	18	1.0	0.0		5273	0	0
1701977218585	t	parking_garage_test_cue_gameroom_left	0.0	5	0	6.1032	613.7280000000001	1148.16	1.0	5.4586	671.904	1203.52	1.0	0.2439	0.0988	0.9648	32.0515	-5.6636	-26.8648	0.0	18	1.0	0.0		5273	0	0
1701977218594	t	parking_garage_test_cue_gameroom_left	0.0	5	0	6.0717	613.584	1148.6399999999999	1.0	5.5285	670.896	1203.84	1.0	0.2442	0.0978	0.9648	32.8186	-5.656	-26.8657	0.0	18	1.0	0.0		5273	0	0
1701977218602	t	parking_garage_test_cue_gameroom_left	0.0	5	0	6.0954	613.584	1148.16	1.0	5.583	673.2	1202.5600000000002	1.0	0.2433	0.0999	0.9648	33.0776	-5.6534	-26.8678	0.0	18	1.0	0.0		5273	0	0
1701977218610	t	parking_garage_test_cue_gameroom_left	0.0	5	0	6.1192	613.584	1147.8400000000001	1.0	5.5142	674.352	1200.48	1.0	0.2429	0.1014	0.9647	32.557	-5.6581	-26.8691	0.0	18	1.0	0.0		5273	0	0
1701977218619	t	parking_garage_test_cue_gameroom_left	0.0	5	0	5.9203	615.024	1153.1200000000001	1.0	5.4531	673.776	1200.0	1.0	0.2405	0.0804	0.9673	34.82	-5.64	-26.8451	0.0	18	1.0	0.0		5273	0	0
1701977218627	t	parking_garage_test_cue_gameroom_left	0.0	5	0	6.1075	616.3199999999999	1144.48	1.0	5.4207	677.664	1202.24	1.0	0.2348	0.1119	0.9656	34.827	-5.6177	-26.8785	0.0	18	1.0	0.0		5273	0	0
1701977218635	t	parking_garage_test_cue_gameroom_left	0.0	5	0	6.0071	617.904	1144.96	1.0	5.4264	677.376	1199.84	1.0	0.2294	0.1076	0.9673	34.8241	-5.6162	-26.8686	0.0	18	1.0	0.0		5273	0	0
1701977218644	t	parking_garage_test_cue_gameroom_left	0.0	5	0	6.141	617.76	1141.92	1.0	5.4676	678.096	1198.24	1.0	0.2299	0.1195	0.9659	34.8226	-5.6081	-26.8828	0.0	18	1.0	0.0		5273	0	0
1701977218652	t	parking_garage_test_cue_gameroom_left	0.0	5	0	6.0715	619.056	1141.76	1.0	5.467	679.68	1196.64	1.0	0.2241	0.1179	0.9674	34.8248	-5.6044	-26.876	0.0	18	1.0	0.0		5273	0	0
1701977218660	t	parking_garage_test_cue_gameroom_left	0.0	5	0	6.0751	619.056	1141.12	1.0	5.4653	679.248	1198.56	1.0	0.2243	0.1184	0.9673	34.8259	-5.5962	-26.877	0.0	18	1.0	0.0		5273	0	0
1701977218668	t	parking_garage_test_cue_gameroom_left	0.0	5	0	6.202	619.3439999999999	1139.04	1.0	5.4918	682.128	1196.8	1.0	0.2227	0.1262	0.9667	34.8267	-5.5842	-26.885	0.0	18	1.0	0.0		5273	0	0
1701977218677	t	parking_garage_test_cue_gameroom_left	0.0	5	0	6.1774	620.352	1139.04	1.0	5.4947	680.688	1196.16	1.0	0.2187	0.1247	0.9678	34.8261	-5.5814	-26.8818	0.0	18	1.0	0.0		5273	0	0
1701977218685	t	parking_garage_test_cue_gameroom_left	0.0	5	0	6.0516	621.6479999999999	1139.8400000000001	1.0	5.3595	685.152	1192.0	1.0	0.2161	0.118	0.9692	34.8144	-5.5749	-26.8681	0.0	18	1.0	0.0		5273	0	0
1701977218693	t	parking_garage_test_cue_gameroom_left	0.0	5	0	6.1395	620.784	1136.96	1.0	5.4209	682.4159999999999	1188.16	1.0	0.2228	0.1272	0.9665	34.7979	-5.5565	-26.8835	0.0	18	1.0	0.0		5273	0	0
1701977218702	t	parking_garage_test_cue_gameroom_left	0.0	5	0	6.1304	623.952	1137.92	1.0	5.3833	685.2959999999999	1185.28	1.0	0.2128	0.1206	0.9696	34.7834	-5.5526	-26.8613	0.0	18	1.0	0.0		5273	0	0
1701977218710	t	parking_garage_test_cue_gameroom_left	0.0	5	0	6.0903	625.1039999999999	1135.04	1.0	5.4495	687.6	1184.48	1.0	0.2117	0.1284	0.9688	34.7586	-5.5388	-26.8676	0.0	18	1.0	0.0		5273	0	0
1701977218718	t	parking_garage_test_cue_gameroom_left	0.0	5	0	6.0837	628.416	1129.44	1.0	5.3793	688.6080000000001	1185.6	1.0	0.2027	0.1448	0.9685	34.7416	-5.5147	-26.8776	0.0	18	1.0	0.0		5273	0	0
1701977218727	t	parking_garage_test_cue_gameroom_left	0.0	5	0	6.0642	627.696	1128.1599999999999	1.0	5.327	690.624	1184.48	1.0	0.2092	0.1443	0.9671	34.7257	-5.4891	-26.8805	0.0	18	1.0	0.0		5273	0	0
1701977218735	t	parking_garage_test_cue_gameroom_left	0.0	5	0	6.113	629.712	1127.52	1.0	5.3724	692.352	1181.6000000000001	1.0	0.2042	0.1437	0.9683	34.5286	-5.4758	-26.8715	0.0	18	1.0	0.0		5273	0	0
1701977218743	t	parking_garage_test_cue_gameroom_left	0.0	5	0	6.0569	629.136	1128.96	1.0	5.4138	692.64	1184.96	1.0	0.2096	0.137	0.9681	33.0442	-5.4948	-26.8688	0.0	18	1.0	0.0		5273	0	0
1701977218752	t	parking_garage_test_cue_gameroom_left	0.0	5	0	6.0628	633.456	1129.92	1.0	5.4755	694.8	1182.08	1.0	0.1936	0.1326	0.9721	29.4786	-5.5403	-26.8626	0.0	18	1.0	0.0		5273	0	0
1701977218760	t	parking_garage_test_cue_gameroom_left	0.0	5	0	6.0582	633.456	1127.68	1.0	5.4041	696.384	1184.8000000000002	1.0	0.1925	0.1337	0.9721	21.8135	-5.6199	-26.8777	0.0	18	1.0	0.0		5273	0	0
1701977218768	t	parking_garage_test_cue_gameroom_left	0.0	5	0	6.0806	635.328	1127.2	1.0	5.4526	695.0880000000001	1181.12	1.0	0.1889	0.1348	0.9727	19.708	-5.6286	-26.9027	0.0	18	1.0	0.0		5273	0	0
1701977218777	t	parking_garage_test_cue_gameroom_left	0.0	5	0	6.0121	634.7520000000001	1127.04	1.0	5.424	697.9680000000001	1182.24	1.0	0.1905	0.1335	0.9726	20.2794	-5.6162	-26.9095	0.0	18	1.0	0.0		5273	0	0
1701977218786	t	parking_garage_test_cue_gameroom_left	0.0	5	0	6.0449	636.336	1127.36	1.0	5.4218	699.264	1180.64	1.0	0.1854	0.1319	0.9738	19.6427	-5.6194	-26.8948	0.0	18	1.0	0.0		5273	0	0
1701977218794	t	parking_garage_test_cue_gameroom_left	0.0	5	0	5.9827	637.7760000000001	1127.36	1.0	5.3314	698.112	1181.28	1.0	0.184	0.1276	0.9746	19.5601	-5.6068	-26.8938	0.0	18	1.0	0.0		5273	0	0
1701977218802	t	parking_garage_test_cue_gameroom_left	0.0	5	0	6.1274	636.912	1129.28	1.0	5.3924	696.528	1181.4399999999998	1.0	0.1824	0.1303	0.9745	17.7923	-5.6577	-26.9123	0.0	18	1.0	0.0		5273	0	0
1701977218811	t	parking_garage_test_cue_gameroom_left	0.0	5	0	6.0475	617.472	1155.04	1.0	5.5028	669.744	1204.16	1.0	0.247	0.0876	0.965	23.9674	-5.8418	-26.8285	0.0	18	1.0	0.0		5273	0	0
1701977218819	t	parking_garage_test_cue_gameroom_left	0.0	5	0	5.8888	586.9440000000001	1199.68	1.0	5.6135	631.728	1241.76	1.0	0.3321	-0.0095	0.9432	22.348	-6.1048	-26.9064	0.0	18	1.0	0.0		5273	0	0
1701977218827	t	parking_garage_test_cue_gameroom_left	0.0	5	0	5.8271	565.2	1229.92	1.0	5.4926	598.896	1272.32	1.0	0.3773	-0.0596	0.9242	22.1245	-6.343	-26.9867	0.0	18	1.0	0.0		5273	0	0
1701977218835	t	parking_garage_test_cue_gameroom_left	0.0	5	0	5.9336	545.472	1247.8400000000001	1.0	5.5177	574.848	1290.56	1.0	0.4168	-0.0789	0.9056	20.0488	-6.5189	-27.0806	0.0	18	1.0	0.0		5273	0	0
1701977218844	t	parking_garage_test_cue_gameroom_left	0.0	5	0	5.7817	543.456	1265.6000000000001	1.0	5.5002	568.224	1296.3200000000002	1.0	0.4116	-0.1138	0.9042	14.8187	-6.6414	-27.0859	0.0	18	1.0	0.0		5273	0	0
1701977218852	t	parking_garage_test_cue_gameroom_left	0.0	5	0	5.9307	545.328	1254.0800000000002	0.7876	5.416	576.144	1298.72	1.0	0.3955	-0.0896	0.9141	14.5464	-6.6505	-27.0894	0.0	18	1.0	0.0		5273	0	0
1701977218860	t	parking_garage_test_cue_gameroom_left	0.0	5	0	5.9066	534.816	1257.2800000000002	0.7876	5.3459	578.448	1297.6000000000001	1.0	0.4169	-0.0903	0.9044	13.9376	-6.6575	-27.1303	0.0	18	1.0	0.0		5273	0	0
1701977218869	t	parking_garage_test_cue_gameroom_left	0.0	5	0	5.7107	536.1120000000001	1262.88	0.7231	5.2937	576.432	1294.72	0.9863	0.4132	-0.1034	0.9047	13.4799	-6.6582	-27.1184	0.0	18	1.0	0.0		5273	0	0
1701977218877	t	parking_garage_test_cue_gameroom_left	0.0	5	0	5.5572	538.704	1269.76	0.7231	5.3256	571.6800000000001	1296.0	0.9863	0.4092	-0.1252	0.9038	15.9335	-6.6359	-27.0873	0.0	18	1.0	0.0		5273	0	0
1701977218886	t	parking_garage_test_cue_gameroom_left	0.0	5	0	5.5109	535.68	1269.44	0.7198	5.3737	577.44	1286.56	0.9742	0.4121	-0.1179	0.9035	19.976	-6.6068	-27.0919	0.0	18	1.0	0.0		5273	0	0
1701977218894	t	parking_garage_test_cue_gameroom_left	0.0	5	0	5.5794	534.24	1262.88	0.7198	5.2445	577.1519999999999	1289.4399999999998	0.9742	0.3968	-0.0968	0.9128	-2.0149	-6.7636	-27.1558	0.0	18	1.0	0.0		5273	0	0
1701977218902	t	parking_garage_test_cue_gameroom_left	0.0	5	0	5.5552	535.824	1261.1200000000001	0.7445	5.1352	576.864	1286.56	1.0	0.3918	-0.089	0.9158	-2.7275	-6.7747	-27.1539	0.0	18	1.0	0.0		5273	0	0
1701977218910	t	parking_garage_test_cue_gameroom_left	0.0	5	0	5.4199	536.688	1268.0	0.7458	5.2095	578.304	1282.8799999999999	1.0	0.3869	-0.0952	0.9172	-0.763	-6.7621	-27.1411	0.0	18	1.0	0.0		5273	0	0
1701977218918	t	parking_garage_test_cue_gameroom_left	0.0	5	0	5.3923	534.672	1261.1200000000001	0.7275	5.1406	577.2959999999999	1280.0	0.9842	0.3923	-0.0791	0.9164	-1.109	-6.757	-27.1649	0.0	18	1.0	0.0		5273	0	0
1701977218927	t	parking_garage_test_cue_gameroom_left	0.0	5	0	5.2176	536.1120000000001	1265.6000000000001	0.7275	5.1058	577.1519999999999	1278.24	0.9842	0.3905	-0.084	0.9167	-0.6119	-6.7594	-27.1564	0.0	18	1.0	0.0		5273	0	0
1701977218935	t	parking_garage_test_cue_gameroom_left	0.0	5	0	5.4019	538.848	1253.6	0.7282	5.0593	577.1519999999999	1280.0	0.9979	0.388	-0.0686	0.9191	3.5552	-6.732	-27.1555	0.0	18	1.0	0.0		5273	0	0
1701977218945	t	parking_garage_test_cue_gameroom_left	0.0	5	0	5.1196	537.696	1260.48	0.7039	5.0056	577.1519999999999	1279.52	0.9908	0.3891	-0.0804	0.9177	0.2723	-6.7518	-27.1546	0.0	18	1.0	0.0		5273	0	0
1701977218952	t	parking_garage_test_cue_gameroom_left	0.0	5	0	5.355	540.288	1251.2	0.7039	4.9226	579.024	1279.36	0.9908	0.3814	-0.0689	0.9218	0.273	-6.7358	-27.1494	0.0	18	1.0	0.0		5273	0	0
1701977218960	t	parking_garage_test_cue_gameroom_left	0.0	5	0	5.2487	535.1039999999999	1251.2	0.7039	4.8667	578.016	1272.64	0.9908	0.3935	-0.0614	0.9173	0.6455	-6.7033	-27.1678	0.0	18	1.0	0.0		5273	0	0
1701977218968	t	parking_garage_test_cue_gameroom_left	0.0	5	0	5.1572	538.848	1247.68	0.7092	4.6274	580.32	1275.52	0.9842	0.3836	-0.0685	0.9209	-0.0209	-6.6876	-27.1466	0.0	18	1.0	0.0		5273	0	0
1701977218977	t	parking_garage_test_cue_gameroom_left	0.0	5	0	4.9813	540.576	1248.8	0.7092	4.6199	583.776	1272.0	0.9842	0.3757	-0.0698	0.9241	-0.7248	-6.6753	-27.1337	0.0	18	1.0	0.0		5273	0	0
1701977218986	t	parking_garage_test_cue_gameroom_left	0.0	5	0	4.9411	543.6	1242.7199999999998	0.742	4.6987	582.192	1261.1200000000001	0.9965	0.3767	-0.0465	0.9251	-0.4585	-6.6406	-27.1469	0.0	18	1.0	0.0		5273	0	0
1701977218993	t	parking_garage_test_cue_gameroom_left	0.0	5	0	4.9649	546.912	1236.0	0.742	4.6233	584.496	1257.6000000000001	0.9965	0.3684	-0.0395	0.9288	0.9425	-6.5921	-27.1335	0.0	18	1.0	0.0		5273	0	0
1701977219002	t	parking_garage_test_cue_gameroom_left	0.0	5	0	4.8493	546.192	1235.04	0.7501	4.5529	584.928	1262.24	1.0	0.3719	-0.0467	0.9271	1.0885	-6.5931	-27.1256	0.0	18	1.0	0.0		5273	0	0
1701977219010	t	parking_garage_test_cue_gameroom_left	0.0	5	0	4.9125	547.4879999999999	1232.6399999999999	0.7501	4.4892	583.9200000000001	1259.52	1.0	0.3729	-0.0407	0.9269	0.2492	-6.5833	-27.1269	0.0	18	1.0	0.0		5273	0	0
1701977219018	t	parking_garage_test_cue_gameroom_left	0.0	5	0	4.8513	550.3679999999999	1232.48	0.761	4.3847	584.0640000000001	1257.12	1.0	0.369	-0.0433	0.9284	-0.1982	-6.559	-27.1153	0.0	18	1.0	0.0		5273	0	0
1701977219027	t	parking_garage_test_cue_gameroom_left	0.0	5	0	4.754	548.208	1229.92	0.761	4.3613	587.952	1253.76	1.0	0.3686	-0.0361	0.9289	-0.5497	-6.5466	-27.1225	0.0	18	1.0	0.0		5273	0	0
1701977219035	t	parking_garage_test_cue_gameroom_left	0.0	5	0	4.6774	552.6719999999999	1225.1200000000001	0.7554	4.2735	591.984	1249.44	1.0	0.3565	-0.0254	0.9339	-0.4868	-6.5349	-27.1136	0.0	18	1.0	0.0		5273	0	0
1701977219043	t	parking_garage_test_cue_gameroom_left	0.0	5	0	4.789	555.84	1220.1599999999999	0.7567	4.2384	591.984	1247.04	1.0	0.3567	-0.0154	0.9341	-0.3966	-6.522	-27.1149	0.0	18	1.0	0.0		5273	200	MYKEYWORD 200
