Recording timestamp	type	Scene Name	scene_num	order	djv_reported	PupilDiam_Left	Gaze2d_Left.x	Gaze2d_Left.y	left_eye_openness	PupilDiam_Right	Gaze2d_Right.x	Gaze2d_Right.y	right_eye_openness	gaze_direction_x	gaze_direction_y	gaze_direction_z	gaze_origin_x	gaze_origin_y	gaze_origin_z	gaze_convergence_distance	participant	study_status	scene_familiarity	recall_status	Identifier	Event value	Event message
1701721159715	t	observatory_test_cue_domeroom_right	0.0	1	0	3.8776	792.72	873.76	1.0	3.6693	841.5360000000001	1004.48	1.0	0.0145	0.007	0.9999	-26.8754	2.7833	-42.3846	0.0	4	0.0	0.0		5323	100	MYKEYWORD 100
1701721159724	t	observatory_test_cue_domeroom_right	0.0	1	0	3.776	798.336	874.08	1.0	3.9517	857.088	1000.0	1.0	-0.0314	0.029	0.9991	-35.0678	2.5221	-42.2929	0.0	4	0.0	0.0		5323	0	0
1701721159733	t	observatory_test_cue_domeroom_right	0.0	1	0	3.7323	804.096	872.48	1.0	3.9331	859.968	999.5200000000001	1.0	-0.0362	0.0356	0.9987	-32.769	2.4907	-42.052	0.0	4	0.0	0.0		5323	0	0
1701721159741	t	observatory_test_cue_domeroom_right	0.0	1	0	3.7337	809.712	880.32	1.0	3.9205	865.2959999999999	1003.36	1.0	-0.0497	0.0047	0.9987	26.3646	3.6972	-40.869	0.0	4	0.0	0.0		5323	0	0
1701721159749	t	observatory_test_cue_domeroom_right	0.0	1	0	3.7425	813.3119999999999	876.8000000000001	1.0	4.0551	875.808	1004.48	1.0	-0.0535	0.0205	0.9984	28.206	3.7674	-41.0152	0.0	4	0.0	0.0		5323	0	0
1701721159758	t	observatory_test_cue_domeroom_right	0.0	1	0	3.7244	818.496	876.16	1.0	4.0972	882.144	1007.84	1.0	-0.0584	0.0271	0.9979	32.3303	3.7479	-40.6305	0.0	4	0.0	0.0		5323	0	0
1701721159766	t	observatory_test_cue_domeroom_right	0.0	1	0	3.6188	823.8240000000001	879.04	1.0	4.0719	890.6400000000001	1009.92	1.0	-0.061	0.0153	0.998	31.4804	3.6637	-40.3822	0.0	4	0.0	0.0		5323	0	0
1701721159774	t	observatory_test_cue_domeroom_right	0.0	1	0	3.8727	832.4639999999999	874.7199999999999	1.0	4.1223	897.84	1011.0400000000001	1.0	-0.0888	0.0346	0.9954	7.579	3.1336	-40.8607	0.0	4	0.0	0.0		5323	0	0
1701721159783	t	observatory_test_cue_domeroom_right	0.0	1	0	3.7809	838.5120000000001	872.1600000000001	1.0	4.106	906.624	1016.3199999999999	1.0	-0.1175	0.027	0.9927	-28.5971	2.4893	-42.2524	0.0	4	0.0	0.0		5323	0	0
1701721159791	t	observatory_test_cue_domeroom_right	0.0	1	0	4.083	850.752	868.3199999999999	1.0	4.1389	911.52	1014.08	1.0	-0.119	0.0331	0.9923	-35.3203	2.3881	-42.5476	0.0	4	0.0	0.0		5323	0	0
1701721159799	t	observatory_test_cue_domeroom_right	0.0	1	0	4.0672	855.216	867.0400000000001	1.0	4.081	917.424	1012.32	1.0	-0.1248	0.035	0.9916	-35.4536	2.4133	-42.5718	0.0	4	0.0	0.0		5323	0	0
1701721159807	t	observatory_test_cue_domeroom_right	0.0	1	0	4.0511	861.84	866.56	1.0	4.1511	922.3199999999999	1010.2399999999999	1.0	-0.1336	0.0381	0.9903	-32.4481	2.5005	-42.4731	0.0	4	0.0	0.0		5323	0	0
1701721159815	t	observatory_test_cue_domeroom_right	0.0	1	0	4.0449	861.696	867.84	1.0	4.2893	926.9280000000001	1014.88	1.0	-0.142	0.0186	0.9897	-26.8811	2.6287	-42.2445	0.0	4	0.0	0.0		5323	0	0
1701721159824	t	observatory_test_cue_domeroom_right	0.0	1	0	4.041	866.592	867.52	1.0	4.2164	929.232	1014.08	1.0	-0.1508	0.0195	0.9884	-33.0921	2.5157	-42.4826	0.0	4	0.0	0.0		5323	0	0
1701721159832	t	observatory_test_cue_domeroom_right	0.0	1	0	4.0967	864.144	866.7199999999999	1.0	4.1564	929.376	1012.32	1.0	-0.1497	0.0312	0.9882	11.0292	3.3387	-40.7904	0.0	4	0.0	0.0		5323	0	0
1701721159840	t	observatory_test_cue_domeroom_right	0.0	1	0	3.8218	833.76	863.84	1.0	4.0959	911.664	1007.3600000000001	1.0	-0.1211	0.0283	0.9922	-30.2162	2.6005	-42.3092	0.0	4	0.0	0.0		5323	0	0
1701721159849	t	observatory_test_cue_domeroom_right	0.0	1	0	3.6719	806.256	864.64	1.0	4.1757	877.1039999999999	994.0799999999999	1.0	-0.0557	0.0559	0.9969	-33.3412	2.4584	-41.9333	0.0	4	0.0	0.0		5323	0	0
1701721159857	t	observatory_test_cue_domeroom_right	0.0	1	0	3.7317	784.3679999999999	855.1999999999999	1.0	4.0509	848.7360000000001	984.6399999999999	1.0	-0.0201	0.0606	0.998	-35.1653	2.7021	-42.5394	0.0	4	0.0	0.0		5323	0	0
1701721159865	t	observatory_test_cue_domeroom_right	0.0	1	0	3.8945	762.7679999999999	853.92	1.0	3.7781	814.896	978.88	1.0	0.0525	0.0401	0.9978	-34.8684	3.2347	-43.7748	0.0	4	0.0	0.0		5323	0	0
1701721159874	t	observatory_test_cue_domeroom_right	0.0	1	0	4.0092	751.5360000000001	845.92	1.0	3.7148	801.6479999999999	980.32	1.0	0.0653	0.023	0.9976	-34.6516	3.3945	-44.136	0.0	4	0.0	0.0		5323	0	0
1701721159882	t	observatory_test_cue_domeroom_right	0.0	1	0	3.9238	752.256	840.9599999999999	1.0	3.8386	802.5120000000001	966.56	1.0	0.0518	0.0667	0.9964	-34.5897	3.4006	-44.0515	0.0	4	0.0	0.0		5323	0	0
1701721159890	t	observatory_test_cue_domeroom_right	0.0	1	0	3.9157	754.7040000000001	843.0400000000001	1.0	3.8926	807.408	964.64	1.0	0.0401	0.0746	0.9964	-33.7673	3.4673	-44.2145	0.0	4	0.0	0.0		5323	0	0
1701721159899	t	observatory_test_cue_domeroom_right	0.0	1	0	3.9638	749.9520000000001	843.2	1.0	3.9353	807.12	967.36	1.0	0.0496	0.0707	0.9963	-25.5441	3.5377	-43.8267	0.0	4	0.0	0.0		5323	0	0
1701721159907	t	observatory_test_cue_domeroom_right	0.0	1	0	3.7124	751.8240000000001	848.32	1.0	3.9663	808.128	967.0400000000001	1.0	0.0463	0.0684	0.9966	-24.1004	3.5468	-43.7394	0.0	4	0.0	0.0		5323	0	0
1701721159915	t	observatory_test_cue_domeroom_right	0.0	1	0	3.8543	751.6800000000001	843.0400000000001	1.0	4.0088	807.6959999999999	966.4	1.0	0.0444	0.0725	0.9964	-22.1414	3.5502	-43.5674	0.0	4	0.0	0.0		5323	0	0
1701721159924	t	observatory_test_cue_domeroom_right	0.0	1	0	3.7389	752.256	848.32	1.0	3.948	806.976	968.16	1.0	0.0396	0.053	0.9978	17.7451	4.3349	-42.853	0.0	4	0.0	0.0		5323	0	0
1701721159932	t	observatory_test_cue_domeroom_right	0.0	1	0	3.9097	751.5360000000001	846.4000000000001	1.0	3.949	807.5519999999999	969.28	1.0	0.0402	0.0588	0.9975	-32.6548	3.3082	-43.5879	0.0	4	0.0	0.0		5323	0	0
1701721159940	t	observatory_test_cue_domeroom_right	0.0	1	0	3.9601	749.376	844.48	1.0	3.8635	807.264	975.2	1.0	0.0403	0.0396	0.9984	-31.5752	3.3042	-43.5077	0.0	4	0.0	0.0		5323	0	0
1701721159949	t	observatory_test_cue_domeroom_right	0.0	1	0	3.9821	749.376	845.5999999999999	1.0	3.9218	808.272	971.3599999999999	1.0	0.0386	0.0663	0.997	16.7698	4.2151	-42.6226	0.0	4	0.0	0.0		5323	0	0
1701721159957	t	observatory_test_cue_domeroom_right	0.0	1	0	3.8424	749.376	847.1999999999999	1.0	3.9328	809.2800000000001	970.88	1.0	0.0379	0.0647	0.9972	3.4315	3.939	-42.8495	0.0	4	0.0	0.0		5323	0	0
1701721159966	t	observatory_test_cue_domeroom_right	0.0	1	0	3.9681	749.376	849.6	1.0	3.8558	808.704	977.92	1.0	0.041	0.0504	0.9979	-4.4109	3.8077	-43.1221	0.0	4	0.0	0.0		5323	0	0
1701721159974	t	observatory_test_cue_domeroom_right	0.0	1	0	3.8616	752.976	849.44	1.0	4.0022	811.872	976.96	1.0	0.0321	0.0624	0.9975	-3.5512	3.6767	-42.7479	0.0	4	0.0	0.0		5323	0	0
1701721159982	t	observatory_test_cue_domeroom_right	0.0	1	0	4.0413	751.968	848.9599999999999	1.0	3.9996	810.864	977.92	1.0	0.0371	0.0687	0.9969	21.581	4.2119	-42.4365	0.0	4	0.0	0.0		5323	0	0
1701721159991	t	observatory_test_cue_domeroom_right	0.0	1	0	3.9452	752.112	849.76	1.0	4.0012	815.76	975.2	1.0	0.0374	0.0665	0.9971	29.7819	4.403	-42.3736	0.0	4	0.0	0.0		5323	0	0
1701721159999	t	observatory_test_cue_domeroom_right	0.0	1	0	3.9415	753.552	851.68	1.0	3.9139	812.4480000000001	979.36	1.0	0.0317	0.0594	0.9977	32.7698	4.4547	-42.2862	0.0	4	0.0	0.0		5323	0	0
1701721160007	t	observatory_test_cue_domeroom_right	0.0	1	0	3.8907	752.976	851.0400000000001	1.0	3.9426	813.168	976.8000000000001	1.0	0.0321	0.0611	0.9976	33.2346	4.4216	-42.1203	0.0	4	0.0	0.0		5323	0	0
1701721160016	t	observatory_test_cue_domeroom_right	0.0	1	0	4.0241	752.544	848.64	1.0	4.0128	810.864	971.68	1.0	0.0305	0.0701	0.9971	33.286	4.4027	-42.0276	0.0	4	0.0	0.0		5323	0	0
1701721160024	t	observatory_test_cue_domeroom_right	0.0	1	0	3.7339	756.288	851.0400000000001	1.0	4.0101	813.888	973.6	1.0	0.016	0.0628	0.9979	33.1928	4.2187	-41.433	0.0	4	0.0	0.0		5323	0	0
1701721160032	t	observatory_test_cue_domeroom_right	0.0	1	0	3.9711	751.392	848.8	1.0	4.0582	814.176	971.1999999999999	1.0	0.0327	0.0672	0.9972	33.1426	4.3462	-41.8088	0.0	4	0.0	0.0		5323	0	0
1701721160041	t	observatory_test_cue_domeroom_right	0.0	1	0	4.0113	751.6800000000001	847.84	1.0	4.0238	814.896	971.68	1.0	0.0312	0.0713	0.997	31.8659	4.3139	-41.8106	0.0	4	0.0	0.0		5323	0	0
1701721160049	t	observatory_test_cue_domeroom_right	0.0	1	0	3.9736	751.968	848.8	1.0	4.0394	815.616	973.76	1.0	0.029	0.0672	0.9973	21.0874	4.0833	-41.9482	0.0	4	0.0	0.0		5323	0	0
1701721160057	t	observatory_test_cue_domeroom_right	0.0	1	0	3.9048	752.976	849.92	1.0	3.9191	811.152	975.6800000000001	1.0	0.0279	0.0637	0.9976	27.1235	4.1979	-41.8382	0.0	4	0.0	0.0		5323	0	0
1701721160066	t	observatory_test_cue_domeroom_right	0.0	1	0	3.8474	753.408	851.52	1.0	3.8415	813.024	976.16	1.0	0.0253	0.0597	0.9979	29.9379	4.1814	-41.5621	0.0	4	0.0	0.0		5323	0	0
1701721160074	t	observatory_test_cue_domeroom_right	0.0	1	0	3.7553	750.8159999999999	852.96	1.0	3.865	812.016	976.96	1.0	0.0306	0.0549	0.998	32.6239	4.2617	-41.6273	0.0	4	0.0	0.0		5323	0	0
1701721160082	t	observatory_test_cue_domeroom_right	0.0	1	0	3.9404	749.9520000000001	849.44	1.0	4.008	811.44	971.84	1.0	0.0233	0.0656	0.9976	32.6043	4.4647	-42.32	0.0	4	0.0	0.0		5323	0	0
1701721160091	t	observatory_test_cue_domeroom_right	0.0	1	0	3.7242	749.8080000000001	850.7199999999999	1.0	3.8381	811.008	974.56	1.0	0.0178	0.0595	0.9981	27.8363	4.4264	-42.6205	0.0	4	0.0	0.0		5323	0	0
1701721160099	t	observatory_test_cue_domeroom_right	0.0	1	0	3.9453	747.36	852.8000000000001	1.0	4.0685	812.3040000000001	970.88	1.0	0.0164	0.0565	0.9983	-11.3533	3.5849	-42.882	0.0	4	0.0	0.0		5323	0	0
1701721160107	t	observatory_test_cue_domeroom_right	0.0	1	0	3.9545	745.488	854.5600000000001	1.0	4.0507	810.5759999999999	970.4000000000001	1.0	0.0168	0.0551	0.9983	-23.7118	3.3709	-43.1025	0.0	4	0.0	0.0		5323	0	0
1701721160116	t	observatory_test_cue_domeroom_right	0.0	1	0	3.8945	744.624	856.1600000000001	1.0	3.9076	809.712	972.9599999999999	1.0	0.0148	0.0402	0.9991	-28.898	3.3866	-43.4954	0.0	4	0.0	0.0		5323	0	0
1701721160124	t	observatory_test_cue_domeroom_right	0.0	1	0	3.7198	743.616	858.7199999999999	1.0	3.9157	806.6880000000001	971.1999999999999	1.0	0.0222	0.0417	0.9989	-30.3149	3.425	-43.6829	0.0	4	0.0	0.0		5323	0	0
1701721160132	t	observatory_test_cue_domeroom_right	0.0	1	0	3.8662	741.312	857.1199999999999	1.0	3.8939	806.976	972.0000000000001	1.0	0.0155	0.0373	0.9992	-33.3086	3.2759	-43.3799	0.0	4	0.0	0.0		5323	0	0
1701721160141	t	observatory_test_cue_domeroom_right	0.0	1	0	3.9069	741.456	857.76	1.0	3.9333	806.6880000000001	968.8000000000001	1.0	0.0014	0.0474	0.9989	-32.962	3.192	-43.0412	0.0	4	0.0	0.0		5323	0	0
1701721160150	t	observatory_test_cue_domeroom_right	0.0	1	0	3.8751	740.736	858.24	1.0	3.8443	804.384	966.8799999999999	1.0	0.0025	0.0452	0.999	-29.5839	3.407	-43.4058	0.0	4	0.0	0.0		5323	0	0
1701721160158	t	observatory_test_cue_domeroom_right	0.0	1	0	3.6687	737.856	864.1600000000001	1.0	3.9847	801.36	963.04	1.0	0.0046	0.0502	0.9987	-9.7748	3.7367	-43.18	0.0	4	0.0	0.0		5323	0	0
1701721160166	t	observatory_test_cue_domeroom_right	0.0	1	0	3.704	719.568	860.6400000000001	1.0	3.8669	784.2239999999999	962.72	1.0	0.0378	0.0573	0.9976	5.0337	3.897	-42.7923	0.0	4	0.0	0.0		5323	0	0
1701721160174	t	observatory_test_cue_domeroom_right	0.0	1	0	4.036	692.928	858.24	1.0	3.9054	764.4960000000001	959.0400000000001	1.0	0.0737	0.0602	0.9955	-10.6389	3.8088	-43.3864	0.0	4	0.0	0.0		5323	0	0
1701721160183	t	observatory_test_cue_domeroom_right	0.0	1	0	3.963	677.52	855.84	1.0	3.6388	743.9039999999999	957.76	1.0	0.1022	0.0668	0.9925	9.0634	4.0594	-42.962	0.0	4	0.0	0.0		5323	0	0
1701721160191	t	observatory_test_cue_domeroom_right	0.0	1	0	3.9888	662.112	854.24	1.0	3.8067	723.744	955.84	1.0	0.1444	0.0813	0.9862	19.6812	4.128	-42.6043	0.0	4	0.0	0.0		5323	0	0
1701721160200	t	observatory_test_cue_domeroom_right	0.0	1	0	4.0054	660.384	854.5600000000001	1.0	3.376	722.16	973.28	1.0	0.1456	0.073	0.9866	27.0678	4.2218	-42.4296	0.0	4	0.0	0.0		5323	0	0
1701721160208	t	observatory_test_cue_domeroom_right	0.0	1	0	4.0176	664.7040000000001	852.4800000000001	1.0	3.7897	721.44	949.2800000000001	1.0	0.1451	0.0853	0.9857	30.0326	4.2766	-42.3548	0.0	4	0.0	0.0		5323	0	0
1701721160216	t	observatory_test_cue_domeroom_right	0.0	1	0	3.8972	672.192	849.76	1.0	3.6872	732.816	954.88	1.0	0.1379	0.0901	0.9863	33.4973	4.3302	-42.2558	0.0	4	0.0	0.0		5323	0	0
1701721160225	t	observatory_test_cue_domeroom_right	0.0	1	0	3.8978	679.248	851.52	1.0	3.8331	741.1680000000001	952.0	1.0	0.1295	0.0829	0.9881	26.9909	4.2464	-42.375	0.0	4	0.0	0.0		5323	0	0
1701721160233	t	observatory_test_cue_domeroom_right	0.0	1	0	3.9084	689.04	851.68	1.0	3.7738	748.944	954.4000000000001	1.0	0.1147	0.0791	0.9902	30.5987	4.306	-42.2867	0.0	4	0.0	0.0		5323	0	0
1701721160241	t	observatory_test_cue_domeroom_right	0.0	1	0	3.9556	696.96	851.0400000000001	1.0	3.8249	755.424	959.36	1.0	0.1065	0.079	0.9912	33.4354	4.3621	-42.2322	0.0	4	0.0	0.0		5323	0	0
1701721160249	t	observatory_test_cue_domeroom_right	0.0	1	0	3.929	706.4639999999999	850.8800000000001	1.0	3.7992	764.3520000000001	958.08	1.0	0.0912	0.0745	0.993	29.2239	4.3539	-42.4375	0.0	4	0.0	0.0		5323	0	0
1701721160258	t	observatory_test_cue_domeroom_right	0.0	1	0	3.7857	713.952	850.7199999999999	1.0	3.8313	774.144	959.36	1.0	0.0767	0.0639	0.995	-34.2446	3.4314	-43.7258	0.0	4	0.0	0.0		5323	0	0
1701721160266	t	observatory_test_cue_domeroom_right	0.0	1	0	3.7424	721.584	846.5600000000001	1.0	3.7777	780.912	958.4	1.0	0.0689	0.0715	0.995	-34.3429	3.3636	-43.5649	0.0	4	0.0	0.0		5323	0	0
1701721160274	t	observatory_test_cue_domeroom_right	0.0	1	0	3.9555	728.64	849.2800000000001	1.0	3.7419	785.9519999999999	958.24	1.0	0.0726	0.0711	0.9948	-34.4455	3.4546	-43.8626	0.0	4	0.0	0.0		5323	0	0
1701721160282	t	observatory_test_cue_domeroom_right	0.0	1	0	3.8888	735.1199999999999	844.8000000000001	1.0	3.7274	792.432	958.8800000000001	1.0	0.0636	0.0668	0.9957	-34.5257	3.4197	-43.7169	0.0	4	0.0	0.0		5323	0	0
1701721160290	t	observatory_test_cue_domeroom_right	0.0	1	0	3.8174	743.04	842.0799999999999	1.0	3.8402	798.192	956.0	1.0	0.0566	0.0775	0.9954	-34.5987	3.3316	-43.402	0.0	4	0.0	0.0		5323	0	0
1701721160299	t	observatory_test_cue_domeroom_right	0.0	1	0	3.738	749.088	840.16	1.0	3.8167	805.5360000000001	955.04	1.0	0.0374	0.0779	0.9962	-34.645	3.3255	-43.3318	0.0	4	0.0	0.0		5323	0	0
1701721160307	t	observatory_test_cue_domeroom_right	0.0	1	0	3.8897	748.368	839.3599999999999	1.0	3.9497	811.008	958.7199999999999	1.0	0.032	0.0658	0.9973	-34.7181	3.2829	-43.192	0.0	4	0.0	0.0		5323	0	0
1701721160316	t	observatory_test_cue_domeroom_right	0.0	1	0	3.7884	755.424	838.24	1.0	3.744	815.1840000000001	960.0	1.0	0.0208	0.0577	0.9981	-34.7497	3.3091	-43.2495	0.0	4	0.0	0.0		5323	0	0
1701721160324	t	observatory_test_cue_domeroom_right	0.0	1	0	3.7533	758.5920000000001	840.48	1.0	3.9493	818.784	955.1999999999999	1.0	0.018	0.0777	0.9968	-34.7973	3.2841	-43.1765	0.0	4	0.0	0.0		5323	0	0
1701721160333	t	observatory_test_cue_domeroom_right	0.0	1	0	3.7586	759.8879999999999	840.32	1.0	3.9175	821.664	954.08	1.0	0.0177	0.0827	0.9964	-34.8467	3.3056	-43.2659	0.0	4	0.0	0.0		5323	0	0
1701721160341	t	observatory_test_cue_domeroom_right	0.0	1	0	3.789	765.216	842.24	1.0	3.885	825.696	957.44	1.0	0.0085	0.0721	0.9974	-34.8773	3.314	-43.3194	0.0	4	0.0	0.0		5323	0	0
1701721160349	t	observatory_test_cue_domeroom_right	0.0	1	0	3.8054	767.3760000000001	843.0400000000001	1.0	3.7929	829.1519999999999	959.84	1.0	-0.0011	0.0655	0.9978	-34.8848	3.2195	-43.0401	0.0	4	0.0	0.0		5323	0	0
1701721160358	t	observatory_test_cue_domeroom_right	0.0	1	0	3.8744	770.544	843.8399999999999	1.0	3.9149	831.312	958.4	1.0	-0.0044	0.0748	0.9972	-34.8977	3.1366	-42.7961	0.0	4	0.0	0.0		5323	0	0
1701721160366	t	observatory_test_cue_domeroom_right	0.0	1	0	3.7903	769.68	844.96	1.0	3.9474	834.624	957.2800000000001	1.0	-0.0092	0.0688	0.9976	3.4044	3.7334	-41.7579	0.0	4	0.0	0.0		5323	0	0
1701721160374	t	observatory_test_cue_domeroom_right	0.0	1	0	3.808	773.568	846.24	1.0	3.757	835.0559999999999	963.52	1.0	-0.0175	0.052	0.9985	33.1834	4.3649	-41.4598	0.0	4	0.0	0.0		5323	0	0
1701721160383	t	observatory_test_cue_domeroom_right	0.0	1	0	3.8412	774.864	844.96	1.0	3.5835	831.312	973.28	1.0	-0.0203	0.0599	0.998	33.1875	4.3171	-41.3426	0.0	4	0.0	0.0		5323	0	0
1701721160391	t	observatory_test_cue_domeroom_right	0.0	1	0	3.7352	774.4319999999999	850.4	1.0	4.0305	839.8080000000001	963.84	1.0	-0.016	0.0432	0.9989	33.1796	4.2793	-41.2625	0.0	4	0.0	0.0		5323	0	0
1701721160399	t	observatory_test_cue_domeroom_right	0.0	1	0	3.7445	777.6	848.8	1.0	3.8382	839.9520000000001	967.84	1.0	-0.0229	0.0573	0.9981	33.1481	4.1782	-41.0326	0.0	4	0.0	0.0		5323	0	0
1701721160407	t	observatory_test_cue_domeroom_right	0.0	1	0	3.6841	781.1999999999999	854.72	1.0	3.8643	842.256	969.92	1.0	-0.032	0.0479	0.9983	33.0867	3.9981	-40.5861	0.0	4	0.0	0.0		5323	0	0
1701721160416	t	observatory_test_cue_domeroom_right	0.0	1	0	3.7649	784.2239999999999	850.56	1.0	3.8573	840.8159999999999	975.36	1.0	-0.0394	0.0671	0.997	32.6533	4.04	-40.8286	0.0	4	0.0	0.0		5323	0	0
1701721160424	t	observatory_test_cue_domeroom_right	0.0	1	0	3.752	784.512	851.52	1.0	4.0193	850.464	973.6	1.0	-0.0368	0.0653	0.9972	28.7745	3.9369	-40.8335	0.0	4	0.0	0.0		5323	0	0
1701721160433	t	observatory_test_cue_domeroom_right	0.0	1	0	3.6545	786.816	855.6800000000001	1.0	4.016	852.192	973.76	1.0	-0.0424	0.0529	0.9977	26.2226	3.867	-40.8342	0.0	4	0.0	0.0		5323	0	0
1701721160441	t	observatory_test_cue_domeroom_right	0.0	1	0	3.7425	786.96	854.88	1.0	4.0716	855.792	975.52	1.0	-0.0408	0.0566	0.9976	26.1574	3.8733	-40.8735	0.0	4	0.0	0.0		5323	0	0
1701721160449	t	observatory_test_cue_domeroom_right	0.0	1	0	3.7388	788.8319999999999	853.12	1.0	3.9811	853.344	974.7199999999999	1.0	-0.0419	0.0623	0.9972	29.313	3.9077	-40.7118	0.0	4	0.0	0.0		5323	0	0
1701721160457	t	observatory_test_cue_domeroom_right	0.0	1	0	3.6294	791.568	854.24	1.0	3.9803	852.6239999999999	975.6800000000001	1.0	-0.0483	0.0565	0.9972	32.4453	3.9666	-40.6323	0.0	4	0.0	0.0		5323	0	0
1701721160466	t	observatory_test_cue_domeroom_right	0.0	1	0	3.7409	791.424	853.4399999999999	1.0	3.9898	858.24	976.16	1.0	-0.0461	0.0597	0.9971	32.4245	3.9801	-40.671	0.0	4	0.0	0.0		5323	0	0
1701721160474	t	observatory_test_cue_domeroom_right	0.0	1	0	3.6983	792.576	853.28	1.0	3.9492	857.088	976.16	1.0	-0.0485	0.0599	0.997	32.4154	3.9926	-40.72	0.0	4	0.0	0.0		5323	0	0
1701721160482	t	observatory_test_cue_domeroom_right	0.0	1	0	3.7022	794.016	856.8	1.0	3.9092	858.24	976.16	1.0	-0.0514	0.0497	0.9974	31.4118	3.9398	-40.6595	0.0	4	0.0	0.0		5323	0	0
1701721160491	t	observatory_test_cue_domeroom_right	0.0	1	0	3.555	790.5600000000001	856.64	1.0	3.6364	850.752	981.6	1.0	-0.0332	0.049	0.9982	23.6233	3.7771	-40.7934	0.0	4	0.0	0.0		5323	0	0
1701721160499	t	observatory_test_cue_domeroom_right	0.0	1	0	3.6964	793.2959999999999	855.52	1.0	3.8928	861.984	981.4399999999999	1.0	-0.0462	0.0556	0.9974	24.6426	3.7802	-40.7306	0.0	4	0.0	0.0		5323	0	0
1701721160507	t	observatory_test_cue_domeroom_right	0.0	1	0	3.7163	794.448	857.76	1.0	4.0091	864.0	980.0000000000001	1.0	-0.0478	0.0498	0.9976	27.0206	3.8157	-40.6537	0.0	4	0.0	0.0		5323	0	0
1701721160516	t	observatory_test_cue_domeroom_right	0.0	1	0	3.6451	795.168	856.8	1.0	3.9791	864.4319999999999	977.76	1.0	-0.0481	0.053	0.9974	25.5122	3.8016	-40.731	0.0	4	0.0	0.0		5323	0	0
1701721160524	t	observatory_test_cue_domeroom_right	0.0	1	0	3.6631	796.1759999999999	855.1999999999999	1.0	3.9988	864.72	978.72	1.0	-0.0493	0.057	0.9971	26.7243	3.8468	-40.7689	0.0	4	0.0	0.0		5323	0	0
1701721160532	t	observatory_test_cue_domeroom_right	0.0	1	0	3.6902	796.1759999999999	856.64	1.0	3.9421	863.1360000000001	979.04	1.0	-0.0498	0.0528	0.9974	21.466	3.7244	-40.8029	0.0	4	0.0	0.0		5323	0	0
1701721160541	t	observatory_test_cue_domeroom_right	0.0	1	0	3.6377	794.7359999999999	856.64	1.0	3.9624	865.008	979.36	1.0	-0.0503	0.053	0.9973	14.5011	3.5665	-40.8596	0.0	4	0.0	0.0		5323	0	0
1701721160549	t	observatory_test_cue_domeroom_right	0.0	1	0	3.6591	793.1519999999999	857.9200000000001	1.0	3.9523	864.72	975.6800000000001	1.0	-0.0501	0.0536	0.9973	10.911	3.4912	-40.8951	0.0	4	0.0	0.0		5323	0	0
1701721160557	t	observatory_test_cue_domeroom_right	0.0	1	0	3.5543	792.432	857.1199999999999	1.0	3.9339	861.5520000000001	974.08	1.0	-0.048	0.0562	0.9973	11.4558	3.4956	-40.8645	0.0	4	0.0	0.0		5323	0	0
1701721160566	t	observatory_test_cue_domeroom_right	0.0	1	0	3.7057	790.416	854.88	1.0	3.8571	854.4960000000001	979.04	1.0	-0.0392	0.0564	0.9976	12.288	3.51	-40.845	0.0	4	0.0	0.0		5323	0	0
1701721160574	t	observatory_test_cue_domeroom_right	0.0	1	0	3.6306	791.28	857.2800000000001	1.0	3.8908	856.944	976.4799999999999	1.0	-0.0481	0.0523	0.9975	17.807	3.6539	-40.8776	0.0	4	0.0	0.0		5323	0	0
1701721160582	t	observatory_test_cue_domeroom_right	0.0	1	0	3.5973	788.688	856.1600000000001	1.0	3.9707	856.512	976.0	1.0	-0.0413	0.0564	0.9975	24.9084	3.8329	-40.922	0.0	4	0.0	0.0		5323	0	0
1701721160591	t	observatory_test_cue_domeroom_right	0.0	1	0	3.5783	787.3919999999999	858.24	1.0	3.9054	856.08	976.8000000000001	1.0	-0.0383	0.0513	0.9979	28.4329	3.8835	-40.8471	0.0	4	0.0	0.0		5323	0	0
1701721160599	t	observatory_test_cue_domeroom_right	0.0	1	0	3.6625	785.808	861.76	1.0	3.9637	853.056	977.76	1.0	-0.0356	0.0415	0.9985	25.2609	3.8357	-40.9726	0.0	4	0.0	0.0		5323	0	0
1701721160607	t	observatory_test_cue_domeroom_right	0.0	1	0	3.5748	784.6560000000001	860.16	1.0	3.9153	849.5999999999999	979.1999999999999	1.0	-0.0321	0.0475	0.9984	20.1097	3.7067	-40.9837	0.0	4	0.0	0.0		5323	0	0
1701721160616	t	observatory_test_cue_domeroom_right	0.0	1	0	3.5554	784.6560000000001	860.6400000000001	1.0	3.9274	850.176	976.6400000000001	1.0	-0.0355	0.049	0.9982	15.123	3.6016	-41.0353	0.0	4	0.0	0.0		5323	0	0
1701721160624	t	observatory_test_cue_domeroom_right	0.0	1	0	3.6653	780.912	860.4799999999999	1.0	3.8712	845.856	977.12	1.0	-0.0233	0.0495	0.9985	6.6722	3.4437	-41.1749	0.0	4	0.0	0.0		5323	0	0
1701721160632	t	observatory_test_cue_domeroom_right	0.0	1	0	3.6053	781.632	859.0400000000001	1.0	3.9762	845.136	974.24	1.0	-0.0271	0.0544	0.9981	8.9639	3.5012	-41.1558	0.0	4	0.0	0.0		5323	0	0
1701721160641	t	observatory_test_cue_domeroom_right	0.0	1	0	3.5679	781.056	862.0799999999999	1.0	3.9609	846.144	972.8	1.0	-0.0312	0.0424	0.9986	14.1346	3.6784	-41.2859	0.0	4	0.0	0.0		5323	0	0
1701721160649	t	observatory_test_cue_domeroom_right	0.0	1	0	3.7908	778.4639999999999	859.0400000000001	1.0	3.7271	835.1999999999999	974.56	1.0	-0.0228	0.0507	0.9984	29.6252	3.8689	-40.6997	0.0	4	0.0	0.0		5323	0	0
1701721160657	t	observatory_test_cue_domeroom_right	0.0	1	0	3.6195	775.584	860.16	1.0	3.9376	840.096	972.1600000000001	1.0	-0.0199	0.0414	0.9989	32.9798	3.9974	-40.8386	0.0	4	0.0	0.0		5323	0	0
1701721160666	t	observatory_test_cue_domeroom_right	0.0	1	0	3.7188	772.848	859.2	1.0	3.9368	834.624	972.8	1.0	-0.0167	0.0441	0.9989	33.2013	4.0456	-40.9657	0.0	4	0.0	0.0		5323	0	0
1701721160674	t	observatory_test_cue_domeroom_right	0.0	1	0	3.6032	771.984	860.16	1.0	3.8063	829.008	978.0799999999999	1.0	-0.0191	0.0398	0.999	33.2342	4.0621	-41.0335	0.0	4	0.0	0.0		5323	0	0
1701721160682	t	observatory_test_cue_domeroom_right	0.0	1	0	3.6936	767.3760000000001	859.2	1.0	3.8459	828.288	976.4799999999999	1.0	-0.0047	0.0456	0.9989	33.2517	4.0595	-41.0475	0.0	4	0.0	0.0		5323	0	0
1701721160691	t	observatory_test_cue_domeroom_right	0.0	1	0	3.6356	768.3839999999999	860.0	1.0	3.8801	826.9920000000001	975.2	1.0	-0.011	0.0424	0.999	33.2658	4.0802	-41.13	0.0	4	0.0	0.0		5323	0	0
1701721160699	t	observatory_test_cue_domeroom_right	0.0	1	0	3.6082	763.92	861.4399999999999	1.0	3.8426	824.976	974.24	1.0	0.0026	0.0376	0.9993	33.2756	4.0832	-41.1604	0.0	4	0.0	0.0		5323	0	0
1701721160707	t	observatory_test_cue_domeroom_right	0.0	1	0	3.6328	762.7679999999999	860.4799999999999	1.0	3.7643	822.3840000000001	975.6800000000001	1.0	0.002	0.0395	0.9992	33.2523	4.1569	-41.3996	0.0	4	0.0	0.0		5323	0	0
1701721160716	t	observatory_test_cue_domeroom_right	0.0	1	0	3.6203	762.192	860.16	1.0	3.8014	817.776	976.16	1.0	-0.0005	0.0383	0.9993	32.7547	4.1745	-41.4674	0.0	4	0.0	0.0		5323	0	0
1701721160724	t	observatory_test_cue_domeroom_right	0.0	1	0	3.5856	757.872	860.6400000000001	1.0	3.8796	819.2159999999999	973.1199999999999	1.0	0.0118	0.0381	0.9992	22.5825	3.956	-41.5115	0.0	4	0.0	0.0		5323	0	0
1701721160732	t	observatory_test_cue_domeroom_right	0.0	1	0	3.5781	754.416	860.96	1.0	3.7543	809.4240000000001	975.36	1.0	0.0308	0.0293	0.9991	0.6385	3.7134	-42.3155	0.0	4	0.0	0.0		5323	0	0
1701721160741	t	observatory_test_cue_domeroom_right	0.0	1	0	3.3794	753.264	862.0799999999999	1.0	3.826	808.416	975.52	1.0	0.037	0.024	0.999	-17.929	3.4783	-42.8933	0.0	4	0.0	0.0		5323	0	0
1701721160749	t	observatory_test_cue_domeroom_right	0.0	1	0	3.4887	745.6320000000001	864.48	1.0	3.7242	807.264	975.36	1.0	0.0368	0.0247	0.999	-26.7923	3.2722	-42.8918	0.0	4	0.0	0.0		5323	0	0
1701721160757	t	observatory_test_cue_domeroom_right	0.0	1	0	3.475	745.488	864.64	1.0	3.8368	803.376	975.52	1.0	0.0437	0.0269	0.9987	-33.799	3.0566	-42.715	0.0	4	0.0	0.0		5323	0	0
1701721160766	t	observatory_test_cue_domeroom_right	0.0	1	0	3.6637	736.8480000000001	861.4399999999999	1.0	3.7537	802.5120000000001	976.16	1.0	0.0422	0.0245	0.9988	-34.5701	3.1186	-42.991	0.0	4	0.0	0.0		5323	0	0
1701721160774	t	observatory_test_cue_domeroom_right	0.0	1	0	3.5965	735.696	864.8	1.0	3.748	799.488	977.12	1.0	0.0509	0.0213	0.9985	-34.4234	3.3019	-43.6065	0.0	4	0.0	0.0		5323	0	0
1701721160782	t	observatory_test_cue_domeroom_right	0.0	1	0	3.6251	733.68	863.3599999999999	1.0	3.824	796.7520000000001	976.4799999999999	1.0	0.0499	0.0367	0.9981	-33.1499	2.8702	-42.2388	0.0	4	0.0	0.0		5323	0	0
1701721160791	t	observatory_test_cue_domeroom_right	0.0	1	0	3.6296	731.952	864.0	1.0	3.8496	792.0000000000001	977.76	1.0	0.0642	0.024	0.9976	-34.0546	3.1148	-43.0206	0.0	4	0.0	0.0		5323	0	0
1701721160799	t	observatory_test_cue_domeroom_right	0.0	1	0	3.5271	730.8	867.0400000000001	1.0	3.8063	791.712	979.68	1.0	0.0637	0.0209	0.9977	-33.2888	3.0078	-42.6672	0.0	4	0.0	0.0		5323	0	0
1701721160807	t	observatory_test_cue_domeroom_right	0.0	1	0	3.6107	743.04	862.0799999999999	1.0	3.8523	804.384	975.0400000000001	1.0	0.0428	0.0341	0.9985	-26.5557	3.2087	-42.758	0.0	4	0.0	0.0		5323	0	0
1701721160815	t	observatory_test_cue_domeroom_right	0.0	1	0	3.7302	765.216	857.1199999999999	1.0	3.8918	826.1279999999999	969.6	1.0	0.0031	0.0468	0.9989	-32.4517	3.2067	-43.0579	0.0	4	0.0	0.0		5323	0	0
1701721160823	t	observatory_test_cue_domeroom_right	0.0	1	0	3.5955	783.0719999999999	853.76	1.0	3.9308	845.136	965.76	1.0	-0.0405	0.0631	0.9972	-34.7439	2.9692	-42.4192	0.0	4	0.0	0.0		5323	0	0
1701721160832	t	observatory_test_cue_domeroom_right	0.0	1	0	3.7023	800.064	847.04	1.0	4.0304	860.2560000000001	961.12	1.0	-0.0718	0.0781	0.9944	-35.1019	2.9147	-42.191	0.0	4	0.0	0.0		5323	0	0
1701721160840	t	observatory_test_cue_domeroom_right	0.0	1	0	3.8146	817.3439999999999	842.24	1.0	4.0884	874.8000000000001	958.8800000000001	1.0	-0.0986	0.0815	0.9918	-35.2956	3.0624	-42.6041	0.0	4	0.0	0.0		5323	0	0
1701721160849	t	observatory_test_cue_domeroom_right	0.0	1	0	3.8699	832.3199999999999	835.52	1.0	3.9766	889.6320000000001	954.24	1.0	-0.1297	0.0998	0.9865	-35.4243	3.0719	-42.6408	0.0	4	0.0	0.0		5323	0	0
1701721160857	t	observatory_test_cue_domeroom_right	0.0	1	0	3.7721	842.6880000000001	832.9599999999999	1.0	4.0369	897.84	950.56	1.0	-0.1489	0.1113	0.9826	-35.4831	3.0957	-42.6711	0.0	4	0.0	0.0		5323	0	0
1701721160866	t	observatory_test_cue_domeroom_right	0.0	1	0	3.8026	834.48	832.16	1.0	4.0858	888.48	952.6400000000001	1.0	-0.1156	0.1042	0.9878	-35.4652	3.0781	-42.6381	0.0	4	0.0	0.0		5323	0	0
1701721160874	t	observatory_test_cue_domeroom_right	0.0	1	0	3.809	827.1360000000001	835.52	1.0	3.9035	888.9119999999999	955.84	1.0	-0.1248	0.0953	0.9876	-35.4332	3.0589	-42.6314	0.0	4	0.0	0.0		5323	0	0
1701721160882	t	observatory_test_cue_domeroom_right	0.0	1	0	3.8138	824.832	836.6400000000001	1.0	4.0547	881.136	956.0	1.0	-0.099	0.0912	0.9909	-35.3707	3.0676	-42.6082	0.0	4	0.0	0.0		5323	0	0
1701721160891	t	observatory_test_cue_domeroom_right	0.0	1	0	3.8821	821.376	835.52	1.0	4.1443	876.528	952.96	1.0	-0.0867	0.0978	0.9914	-34.6837	3.095	-42.5773	0.0	4	0.0	0.0		5323	0	0
1701721160899	t	observatory_test_cue_domeroom_right	0.0	1	0	3.7746	816.4799999999999	833.92	1.0	4.058	872.208	951.2	1.0	-0.076	0.0962	0.9924	-32.9176	3.1466	-42.5058	0.0	4	0.0	0.0		5323	0	0
1701721160907	t	observatory_test_cue_domeroom_right	0.0	1	0	3.7812	811.728	832.3199999999999	1.0	3.967	868.752	947.1999999999999	1.0	-0.0671	0.0991	0.9928	-27.8486	3.2638	-42.3495	0.0	4	0.0	0.0		5323	0	0
1701721160915	t	observatory_test_cue_domeroom_right	0.0	1	0	3.826	809.2800000000001	830.4	1.0	4.0808	863.424	942.8800000000001	1.0	-0.0516	0.0993	0.9937	-19.5622	3.4436	-42.0886	0.0	4	0.0	0.0		5323	0	0
1701721160923	t	observatory_test_cue_domeroom_right	0.0	1	0	3.8091	802.368	830.88	1.0	4.0382	858.96	941.1199999999999	1.0	-0.0351	0.094	0.9949	-19.4661	3.4853	-42.0901	0.0	4	0.0	0.0		5323	0	0
1701721160932	t	observatory_test_cue_domeroom_right	0.0	1	0	3.7761	798.336	832.0	1.0	3.8668	851.904	943.2	1.0	-0.0187	0.0831	0.9964	-14.2059	3.5218	-41.7715	0.0	4	0.0	0.0		5323	0	0
1701721160940	t	observatory_test_cue_domeroom_right	0.0	1	0	3.8998	796.896	832.48	1.0	3.9385	849.312	942.7199999999999	1.0	-0.0198	0.0864	0.996	-10.4489	3.6279	-41.8813	0.0	4	0.0	0.0		5323	0	0
1701721160948	t	observatory_test_cue_domeroom_right	0.0	1	0	3.8317	785.664	837.12	1.0	3.8606	840.8159999999999	948.48	1.0	0.0085	0.0731	0.9973	9.4316	3.8656	-41.2791	0.0	4	0.0	0.0		5323	0	0
1701721160957	t	observatory_test_cue_domeroom_right	0.0	1	0	3.8136	779.328	840.48	1.0	3.8464	834.0480000000001	954.5600000000001	1.0	0.0204	0.0697	0.9973	29.847	4.0855	-40.6175	0.0	4	0.0	0.0		5323	0	0
1701721160965	t	observatory_test_cue_domeroom_right	0.0	1	0	3.8713	770.4000000000001	845.5999999999999	1.0	3.6739	821.52	965.28	1.0	0.039	0.0606	0.9974	31.8246	4.0699	-40.5699	0.0	4	0.0	0.0		5323	0	0
1701721160973	t	observatory_test_cue_domeroom_right	0.0	1	0	3.8356	764.064	846.88	1.0	3.7888	814.032	967.6800000000001	1.0	0.047	0.0622	0.9969	32.2465	4.0724	-40.6596	0.0	4	0.0	0.0		5323	0	0
1701721160982	t	observatory_test_cue_domeroom_right	0.0	1	0	3.7412	769.392	850.7199999999999	1.0	3.8611	812.88	973.44	1.0	0.0309	0.0515	0.9982	31.2798	4.0413	-40.7091	0.0	4	0.0	0.0		5323	0	0
1701721160990	t	observatory_test_cue_domeroom_right	0.0	1	0	3.7641	784.2239999999999	848.9599999999999	1.0	3.735	829.008	978.4000000000001	1.0	0.0046	0.0539	0.9985	32.4497	4.0512	-40.5504	0.0	4	0.0	0.0		5323	0	0
1701721160998	t	observatory_test_cue_domeroom_right	0.0	1	0	3.7297	795.7439999999999	846.5600000000001	1.0	3.9096	850.752	970.5600000000001	1.0	-0.0104	0.0599	0.9981	32.72	4.0358	-40.4038	0.0	4	0.0	0.0		5323	0	0
1701721161007	t	observatory_test_cue_domeroom_right	0.0	1	0	3.9252	795.024	841.2800000000001	1.0	3.8561	844.416	969.4399999999999	1.0	0.0	0.0746	0.9972	32.7022	4.055	-40.3616	0.0	4	0.0	0.0		5323	0	0
1701721161015	t	observatory_test_cue_domeroom_right	0.0	1	0	3.7742	787.5360000000001	839.1999999999999	1.0	3.7247	829.8720000000001	969.6	1.0	0.0065	0.0748	0.9972	32.8176	4.1357	-40.5574	0.0	4	0.0	0.0		5323	0	0
1701721161023	t	observatory_test_cue_domeroom_right	0.0	1	0	3.7944	771.12	841.2800000000001	1.0	3.8012	819.792	968.6400000000001	1.0	0.0385	0.0645	0.9972	32.9807	4.2328	-40.8729	0.0	4	0.0	0.0		5323	0	0
1701721161032	t	observatory_test_cue_domeroom_right	0.0	1	0	3.8027	762.336	843.0400000000001	1.0	3.6209	808.56	970.72	1.0	0.0406	0.0579	0.9975	33.1328	4.3793	-41.4153	0.0	4	0.0	0.0		5323	0	0
1701721161043	t	observatory_test_cue_domeroom_right	0.0	1	0	3.7933	749.232	838.88	1.0	3.6181	797.6159999999999	963.68	1.0	0.0588	0.0673	0.996	29.3397	4.5436	-42.2895	0.0	4	0.0	0.0		5323	0	0
1701721161048	t	observatory_test_cue_domeroom_right	0.0	1	0	3.7615	734.544	841.2800000000001	1.0	3.6994	784.3679999999999	964.64	1.0	0.0892	0.0552	0.9945	-14.4643	3.7969	-43.4431	0.0	4	0.0	0.0		5323	0	0
1701721161057	t	observatory_test_cue_domeroom_right	0.0	1	0	3.8014	723.744	843.36	1.0	3.7157	771.5520000000001	964.9599999999999	1.0	0.114	0.0616	0.9916	30.6542	4.2543	-41.2907	0.0	4	0.0	0.0		5323	0	0
1701721161065	t	observatory_test_cue_domeroom_right	0.0	1	0	3.7804	713.232	842.0799999999999	1.0	3.7022	763.92	964.8	1.0	0.1308	0.0688	0.989	33.6125	4.2601	-41.0947	0.0	4	0.0	0.0		5323	0	0
1701721161074	t	observatory_test_cue_domeroom_right	0.0	1	0	3.8186	703.7280000000001	845.28	1.0	3.3351	758.5920000000001	977.76	1.0	0.1495	0.0529	0.9873	33.704	4.2808	-41.0952	0.0	4	0.0	0.0		5323	0	0
1701721161083	t	observatory_test_cue_domeroom_right	0.0	1	0	3.8327	692.208	843.36	1.0	3.6815	741.744	968.8000000000001	1.0	0.1735	0.0582	0.9831	33.3796	4.2889	-41.1233	0.0	4	0.0	0.0		5323	0	0
1701721161091	t	observatory_test_cue_domeroom_right	0.0	1	0	3.8351	680.4	845.4399999999999	1.0	3.7256	728.64	962.4000000000001	1.0	0.1936	0.0538	0.9796	7.4279	4.0173	-42.361	0.0	4	0.0	0.0		5323	0	0
1701721161099	t	observatory_test_cue_domeroom_right	0.0	1	0	3.8552	669.744	847.1999999999999	1.0	3.6741	720.288	963.3599999999999	1.0	0.1983	0.0524	0.9787	-19.6446	3.7509	-43.7143	0.0	4	0.0	0.0		5323	0	0
1701721161108	t	observatory_test_cue_domeroom_right	0.0	1	0	3.8007	660.96	845.92	1.0	3.6731	708.336	961.5999999999999	1.0	0.2193	0.058	0.9739	-32.5297	3.6504	-44.4079	0.0	4	0.0	0.0		5323	0	0
1701721161116	t	observatory_test_cue_domeroom_right	0.0	1	0	3.8302	651.024	847.3599999999999	1.0	3.6281	694.944	965.28	1.0	0.2504	0.0481	0.9669	-32.519	3.3722	-43.5022	0.0	4	0.0	0.0		5323	0	0
1701721161123	t	observatory_test_cue_domeroom_right	0.0	1	0	3.8418	639.216	849.6	1.0	3.4683	685.5840000000001	970.4000000000001	1.0	0.2698	0.0458	0.9618	27.3173	4.1884	-41.4538	0.0	4	0.0	0.0		5323	0	0
1701721161132	t	observatory_test_cue_domeroom_right	0.0	1	0	3.8003	629.712	849.92	1.0	3.5211	674.784	967.2	1.0	0.2902	0.0481	0.9557	34.4316	4.2967	-41.2731	0.0	4	0.0	0.0		5323	0	0
1701721161140	t	observatory_test_cue_domeroom_right	0.0	1	0	3.8152	621.936	853.76	1.0	3.7594	659.808	966.24	1.0	0.2971	0.0367	0.9541	34.5475	4.2917	-41.2927	0.0	4	0.0	0.0		5323	0	0
1701721161149	t	observatory_test_cue_domeroom_right	0.0	1	0	3.7259	612.144	852.96	1.0	3.7283	652.0319999999999	966.08	1.0	0.3247	0.0405	0.9449	34.5979	4.306	-41.3349	0.0	4	0.0	0.0		5323	0	0
1701721161157	t	observatory_test_cue_domeroom_right	0.0	1	0	3.885	626.256	850.24	1.0	3.5035	672.624	968.16	1.0	0.2953	0.0334	0.9548	34.4763	4.3614	-41.2662	0.0	4	0.0	0.0		5323	0	0
1701721161165	t	observatory_test_cue_domeroom_right	0.0	1	0	3.7589	659.808	847.1999999999999	1.0	3.4254	722.88	966.24	1.0	0.2274	0.0309	0.9733	34.1748	4.3745	-41.1553	0.0	4	0.0	0.0		5323	0	0
1701721161174	t	observatory_test_cue_domeroom_right	0.0	1	0	3.7358	693.216	838.5600000000001	1.0	3.374	765.216	966.4	1.0	0.1692	0.0489	0.9844	33.8269	4.4072	-41.0822	0.0	4	0.0	0.0		5323	0	0
1701721161182	t	observatory_test_cue_domeroom_right	0.0	1	0	3.661	727.92	834.72	1.0	3.5499	790.1279999999999	963.84	1.0	0.0994	0.0511	0.9937	33.5022	4.4707	-41.1419	0.0	4	0.0	0.0		5323	0	0
1701721161191	t	observatory_test_cue_domeroom_right	0.0	1	0	3.5699	752.8320000000001	831.1999999999999	1.0	3.571	805.968	966.08	1.0	0.0546	0.0513	0.9972	33.1141	4.6174	-41.5065	0.0	4	0.0	0.0		5323	0	0
1701721161199	t	observatory_test_cue_domeroom_right	0.0	1	0	3.418	773.568	829.28	1.0	3.4642	827.1360000000001	966.8799999999999	1.0	0.0215	0.0526	0.9984	32.7496	4.6629	-41.6076	0.0	4	0.0	0.0		5323	0	0
1701721161207	t	observatory_test_cue_domeroom_right	0.0	1	0	3.7571	799.776	832.3199999999999	1.0	3.7561	851.76	963.84	1.0	-0.033	0.0575	0.9978	32.6484	4.332	-40.577	0.0	4	0.0	0.0		5323	0	0
1701721161216	t	observatory_test_cue_domeroom_right	0.0	1	0	3.4822	816.3359999999999	844.96	1.0	3.622	863.424	979.36	1.0	-0.0559	0.0109	0.9984	32.5923	4.4461	-41.0062	0.0	4	0.0	0.0		5323	0	0
1701721161223	t	observatory_test_cue_domeroom_right	0.0	1	0	3.5512	831.888	841.92	0.8563	3.792	890.352	978.0799999999999	0.8445	-0.0802	0.0249	0.9965	32.43	4.5345	-41.3619	0.0	4	0.0	0.0		5323	0	0
1701721161232	t	observatory_test_cue_domeroom_right	0.0	1	0	3.7586	845.7120000000001	843.36	0.8563	3.8483	904.4639999999999	983.36	0.8445	-0.1	0.0345	0.9944	32.243	4.3127	-40.7625	0.0	4	0.0	0.0		5323	0	0
1701721161240	t	observatory_test_cue_domeroom_right	0.0	1	0	3.5505	860.544	856.8	0.8839	3.8845	926.064	993.44	0.745	-0.1216	0.0042	0.9926	32.0382	3.9324	-39.6945	0.0	4	0.0	0.0		5323	0	0
1701721161249	t	observatory_test_cue_domeroom_right	0.0	1	0	3.3441	874.6560000000001	877.76	0.8839	4.0235	938.7360000000001	1005.28	0.745	-0.1428	-0.0528	0.9883	31.8877	3.9143	-39.9551	0.0	4	0.0	0.0		5323	0	0
1701721161257	t	observatory_test_cue_domeroom_right	0.0	1	0	3.7213	882.8639999999999	880.32	0.9042	4.0706	932.256	1016.8	0.7332	-0.1698	-0.0407	0.9846	31.2066	3.6074	-39.2079	0.0	4	0.0	0.0		5323	0	0
1701721161265	t	observatory_test_cue_domeroom_right	0.0	1	0	3.853	895.248	892.0	0.9048	3.9633	943.056	1038.72	0.7345	-0.1984	-0.0604	0.9783	-16.5012	2.8734	-42.0321	0.0	4	0.0	0.0		5323	0	0
1701721161274	t	observatory_test_cue_domeroom_right	0.0	1	0	3.6983	891.072	905.7600000000001	0.953	3.963	939.312	1049.6000000000001	0.7592	-0.189	-0.09	0.9778	17.3141	3.5027	-40.9731	0.0	4	0.0	0.0		5323	0	0
1701721161282	t	observatory_test_cue_domeroom_right	0.0	1	0	3.7578	878.9760000000001	909.44	0.953	3.9578	928.0799999999999	1055.04	0.7592	-0.1702	-0.0942	0.9809	29.8645	3.7472	-40.7274	0.0	4	0.0	0.0		5323	0	0
1701721161290	t	observatory_test_cue_domeroom_right	0.0	1	0	3.367	853.344	907.6800000000001	0.9476	3.8975	915.408	1052.96	0.8574	-0.115	-0.0835	0.9899	10.0287	3.2359	-41.1468	0.0	4	0.0	0.0		5323	0	0
1701721161299	t	observatory_test_cue_domeroom_right	0.0	1	0	3.5071	846.144	913.9200000000001	0.9476	3.8287	905.904	1062.56	0.8574	-0.1255	-0.1136	0.9855	-35.7071	2.4328	-43.158	0.0	4	0.0	0.0		5323	0	0
1701721161307	t	observatory_test_cue_domeroom_right	0.0	1	0	3.5459	836.208	912.96	0.9746	3.7915	895.68	1062.72	0.8833	-0.1091	-0.1111	0.9878	-35.6005	2.398	-43.1056	0.0	4	0.0	0.0		5323	0	0
1701721161316	t	observatory_test_cue_domeroom_right	0.0	1	0	3.541	828.1439999999999	913.7600000000001	0.9746	3.6974	879.1200000000001	1062.72	0.8833	-0.0681	-0.1078	0.9918	-35.5085	2.1669	-42.4463	0.0	4	0.0	0.0		5323	0	0
1701721161323	t	observatory_test_cue_domeroom_right	0.0	1	0	3.5898	819.2159999999999	918.4	0.9652	3.7087	873.0719999999999	1060.8	0.9335	-0.0673	-0.0961	0.9931	-33.7666	1.9278	-41.5812	0.0	4	0.0	0.0		5323	0	0
1701721161332	t	observatory_test_cue_domeroom_right	0.0	1	0	3.52	807.984	918.0799999999999	0.9652	3.5596	858.24	1069.44	0.9335	-0.039	-0.1105	0.9931	22.2053	3.4864	-41.1031	0.0	4	0.0	0.0		5323	0	0
1701721161340	t	observatory_test_cue_domeroom_right	0.0	1	0	3.6475	801.7919999999999	920.48	0.9635	3.6155	851.184	1064.96	0.9737	-0.0411	-0.1134	0.9927	32.7543	3.8839	-41.4156	0.0	4	0.0	0.0		5323	0	0
1701721161349	t	observatory_test_cue_domeroom_right	0.0	1	0	3.6302	789.84	919.9999999999999	0.9635	3.733	838.8000000000001	1066.24	0.9737	-0.0162	-0.1068	0.9941	32.8903	3.7915	-41.1768	0.0	4	0.0	0.0		5323	0	0
1701721161357	t	observatory_test_cue_domeroom_right	0.0	1	0	3.6074	782.496	921.7599999999999	0.9616	3.7266	830.0160000000001	1065.76	0.9865	-0.0098	-0.1131	0.9935	32.9985	3.8373	-41.338	0.0	4	0.0	0.0		5323	0	0
1701721161365	t	observatory_test_cue_domeroom_right	0.0	1	0	3.5955	775.2959999999999	923.6800000000001	0.9616	3.6892	819.936	1067.04	0.9865	-0.0005	-0.1219	0.9925	33.0025	3.9411	-41.6875	0.0	4	0.0	0.0		5323	0	0
1701721161374	t	observatory_test_cue_domeroom_right	0.0	1	0	3.607	766.224	919.9999999999999	0.9621	3.68	811.872	1059.52	0.9647	0.0179	-0.1103	0.9937	32.1111	3.9666	-41.854	0.0	4	0.0	0.0		5323	0	0
1701721161382	t	observatory_test_cue_domeroom_right	0.0	1	0	3.5507	759.7439999999999	922.24	0.9621	3.7604	802.08	1058.3999999999999	0.9647	0.0192	-0.1187	0.9927	32.6011	3.8021	-41.2411	0.0	4	0.0	0.0		5323	0	0
1701721161390	t	observatory_test_cue_domeroom_right	0.0	1	0	3.383	755.424	921.12	0.9442	3.6735	799.2	1056.16	0.9841	0.0191	-0.1164	0.993	31.3523	3.888	-41.661	0.0	4	0.0	0.0		5323	0	0
1701721161399	t	observatory_test_cue_domeroom_right	0.0	1	0	3.5481	743.616	917.76	0.9446	3.7385	795.456	1057.44	0.9842	0.0524	-0.1096	0.9926	32.8391	3.8998	-41.4622	0.0	4	0.0	0.0		5323	0	0
1701721161407	t	observatory_test_cue_domeroom_right	0.0	1	0	3.544	758.16	922.08	0.912	3.7051	805.392	1061.44	0.9856	0.0249	-0.1162	0.9929	33.2316	3.8702	-41.4478	0.0	4	0.0	0.0		5323	0	0
1701721161415	t	observatory_test_cue_domeroom_right	0.0	1	0	3.7079	798.336	936.6400000000001	0.912	3.8696	852.336	1077.44	0.9856	-0.0412	-0.1468	0.9883	32.8117	3.7122	-41.1962	0.0	4	0.0	0.0		5323	0	0
1701721161424	t	observatory_test_cue_domeroom_right	0.0	1	0	3.7312	836.7839999999999	954.88	0.9303	3.8393	888.624	1101.1200000000001	0.9885	-0.1022	-0.1879	0.9769	32.3303	3.7029	-41.4938	0.0	4	0.0	0.0		5323	0	0
1701721161432	t	observatory_test_cue_domeroom_right	0.0	1	0	3.8865	872.352	956.1600000000001	0.9303	4.0369	921.888	1117.6	0.9885	-0.1653	-0.1785	0.9699	24.9329	3.1506	-40.5654	0.0	4	0.0	0.0		5323	0	0
1701721161440	t	observatory_test_cue_domeroom_right	0.0	1	0	3.9156	901.296	963.68	0.9507	3.732	957.888	1141.6000000000001	0.9491	-0.2227	-0.2092	0.9522	11.0291	2.9529	-41.5714	0.0	4	0.0	0.0		5323	0	0
1701721161448	t	observatory_test_cue_domeroom_right	0.0	1	0	3.8797	924.336	965.1199999999999	0.9507	3.817	976.1759999999999	1146.72	0.9491	-0.2612	-0.2058	0.9431	11.8988	2.9671	-41.6108	0.0	4	0.0	0.0		5323	0	0
1701721161457	t	observatory_test_cue_domeroom_right	0.0	1	0	3.8486	940.032	980.32	0.9726	3.883	990.5759999999999	1157.2800000000002	0.8988	-0.2814	-0.2301	0.9316	21.0526	3.1456	-41.3905	0.0	4	0.0	0.0		5323	0	0
1701721161465	t	observatory_test_cue_domeroom_right	0.0	1	0	3.8786	940.032	981.1199999999999	0.9726	3.5597	995.04	1168.96	0.8988	-0.2835	-0.2371	0.9292	19.7787	3.1051	-41.4289	0.0	4	0.0	0.0		5323	0	0
1701721161475	t	observatory_test_cue_domeroom_right	0.0	1	0	3.8953	923.328	970.0799999999999	0.9864	3.9516	984.24	1147.52	0.7923	-0.2506	-0.2047	0.9462	27.9486	3.3564	-41.1652	0.0	4	0.0	0.0		5323	0	0
1701721161481	t	observatory_test_cue_domeroom_right	0.0	1	0	4.0025	915.696	967.52	0.9864	3.7639	981.504	1147.04	0.7923	-0.244	-0.1985	0.9492	30.6334	3.4352	-41.0801	0.0	4	0.0	0.0		5323	0	0
1701721161490	t	observatory_test_cue_domeroom_right	0.0	1	0	3.8929	908.496	969.28	0.9979	3.905	969.264	1138.8799999999999	0.7921	-0.2275	-0.2088	0.9511	30.0017	3.4268	-41.0791	0.0	4	0.0	0.0		5323	0	0
1701721161498	t	observatory_test_cue_domeroom_right	0.0	1	0	3.936	901.728	964.9599999999999	0.9979	3.9354	965.376	1129.44	0.7921	-0.2328	-0.2152	0.9484	-29.0638	1.9944	-42.6552	0.0	4	0.0	0.0		5323	0	0
1701721161507	t	observatory_test_cue_domeroom_right	0.0	1	0	3.941	897.5519999999999	962.4000000000001	1.0	3.8877	964.6560000000001	1133.6000000000001	1.0	-0.2353	-0.2299	0.9443	-28.4905	2.0232	-42.6276	0.0	4	0.0	0.0		5323	0	0
1701721161515	t	observatory_test_cue_domeroom_right	0.0	1	0	3.9122	891.6479999999999	958.7199999999999	1.0	3.7829	959.472	1135.84	1.0	-0.2076	-0.2134	0.9546	0.6328	2.7359	-41.7969	0.0	4	0.0	0.0		5323	0	0
1701721161523	t	observatory_test_cue_domeroom_right	0.0	1	0	3.9435	885.168	955.6800000000001	1.0	3.8891	949.104	1127.04	1.0	-0.1937	-0.2049	0.9594	-15.0188	2.3143	-42.125	0.0	4	0.0	0.0		5323	0	0
1701721161532	t	observatory_test_cue_domeroom_right	0.0	1	0	3.8931	879.696	953.5999999999999	1.0	4.0565	938.7360000000001	1122.56	1.0	-0.171	-0.2049	0.9637	-35.9841	1.8144	-42.7659	0.0	4	0.0	0.0		5323	0	0
1701721161540	t	observatory_test_cue_domeroom_right	0.0	1	0	3.8667	870.336	953.5999999999999	1.0	3.7013	936.576	1129.6	1.0	-0.1765	-0.2284	0.9574	-35.9637	1.8047	-42.7557	0.0	4	0.0	0.0		5323	0	0
1701721161548	t	observatory_test_cue_domeroom_right	0.0	1	0	3.8711	861.5520000000001	953.92	1.0	4.0477	924.336	1114.72	1.0	-0.14	-0.1819	0.9733	-35.9418	1.8057	-42.7393	0.0	4	0.0	0.0		5323	0	0
1701721161557	t	observatory_test_cue_domeroom_right	0.0	1	0	3.9752	855.216	949.76	1.0	4.0653	917.1360000000001	1118.24	1.0	-0.1291	-0.2042	0.9704	-35.844	1.8391	-42.7016	0.0	4	0.0	0.0		5323	0	0
1701721161565	t	observatory_test_cue_domeroom_right	0.0	1	0	3.8478	847.728	946.88	1.0	3.9009	910.3679999999999	1111.36	1.0	-0.1165	-0.1934	0.9742	-35.7694	1.8815	-42.6828	0.0	4	0.0	0.0		5323	0	0
1701721161574	t	observatory_test_cue_domeroom_right	0.0	1	0	3.843	838.8000000000001	938.5600000000001	1.0	3.9559	904.176	1101.92	1.0	-0.1084	-0.1749	0.9786	-35.701	1.9366	-42.6631	0.0	4	0.0	0.0		5323	0	0
1701721161582	t	observatory_test_cue_domeroom_right	0.0	1	0	3.936	834.0480000000001	934.0799999999999	1.0	3.9745	897.408	1095.84	1.0	-0.0957	-0.1711	0.9806	-35.6047	2.0034	-42.6339	0.0	4	0.0	0.0		5323	0	0
1701721161591	t	observatory_test_cue_domeroom_right	0.0	1	0	3.7885	827.568	933.92	1.0	3.9388	890.064	1092.32	1.0	-0.0828	-0.17	0.9819	-35.3898	2.0466	-42.6043	0.0	4	0.0	0.0		5323	0	0
1701721161599	t	observatory_test_cue_domeroom_right	0.0	1	0	3.8962	822.3840000000001	929.7599999999999	1.0	3.9452	883.0079999999999	1092.0	1.0	-0.0689	-0.176	0.982	-35.1607	2.0714	-42.5721	0.0	4	0.0	0.0		5323	0	0
1701721161607	t	observatory_test_cue_domeroom_right	0.0	1	0	3.7808	815.04	930.5600000000001	1.0	3.7639	878.4	1082.4	1.0	-0.0637	-0.1503	0.9866	-35.1959	2.088	-42.5504	0.0	4	0.0	0.0		5323	0	0
1701721161616	t	observatory_test_cue_domeroom_right	0.0	1	0	3.7525	808.704	926.56	1.0	3.8938	875.232	1083.84	1.0	-0.0584	-0.1527	0.9865	-30.3152	2.1922	-42.3874	0.0	4	0.0	0.0		5323	0	0
1701721161624	t	observatory_test_cue_domeroom_right	0.0	1	0	3.7649	805.248	922.4	1.0	3.7495	870.624	1086.56	1.0	-0.0474	-0.1619	0.9857	-31.2888	2.1669	-42.4138	0.0	4	0.0	0.0		5323	0	0
1701721161632	t	observatory_test_cue_domeroom_right	0.0	1	0	3.7565	802.8	916.64	1.0	3.7573	864.576	1084.6399999999999	1.0	-0.0268	-0.1474	0.9887	-26.6399	2.2435	-42.2452	0.0	4	0.0	0.0		5323	0	0
1701721161641	t	observatory_test_cue_domeroom_right	0.0	1	0	3.7971	823.8240000000001	932.0	1.0	4.0377	886.0319999999999	1095.36	1.0	-0.0771	-0.1593	0.9842	-26.8046	2.1695	-42.3642	0.0	4	0.0	0.0		5323	0	0
1701721161649	t	observatory_test_cue_domeroom_right	0.0	1	0	4.0175	861.2639999999999	952.8000000000001	1.0	4.1084	919.584	1123.1999999999998	1.0	-0.1493	-0.1987	0.9686	-27.6446	1.972	-42.4999	0.0	4	0.0	0.0		5323	0	0
1701721161657	t	observatory_test_cue_domeroom_right	0.0	1	0	3.9616	896.256	972.1600000000001	1.0	4.0604	950.544	1160.32	1.0	-0.2055	-0.2579	0.9441	-17.9999	2.0695	-42.298	0.0	4	0.0	0.0		5323	0	0
1701721161665	t	observatory_test_cue_domeroom_right	0.0	1	0	3.9082	925.9200000000001	988.9599999999999	1.0	3.9578	976.464	1188.48	1.0	-0.2447	-0.2771	0.9292	3.2018	2.5347	-41.7712	0.0	4	0.0	0.0		5323	0	0
1701721161673	t	observatory_test_cue_domeroom_right	0.0	1	0	4.0519	944.784	989.7600000000001	1.0	3.9852	1007.1360000000001	1205.92	1.0	-0.2809	-0.2546	0.9253	16.6448	2.8556	-41.4453	0.0	4	0.0	0.0		5323	0	0
1701721161682	t	observatory_test_cue_domeroom_right	0.0	1	0	3.9166	955.152	1007.1999999999999	1.0	3.9827	1017.36	1221.6	1.0	-0.2899	-0.2857	0.9134	25.9088	3.0752	-41.1862	0.0	4	0.0	0.0		5323	0	0
1701721161690	t	observatory_test_cue_domeroom_right	0.0	1	0	3.9461	946.656	1003.52	1.0	3.9679	1012.1759999999999	1218.3999999999999	1.0	-0.2724	-0.2766	0.9216	29.6802	3.2032	-41.0476	0.0	4	0.0	0.0		5323	0	0
1701721161698	t	observatory_test_cue_domeroom_right	0.0	1	0	3.9806	932.8320000000001	992.96	1.0	4.1894	996.912	1209.92	1.0	-0.2448	-0.2511	0.9365	30.267	3.2436	-40.9959	0.0	4	0.0	0.0		5323	0	0
1701721161707	t	observatory_test_cue_domeroom_right	0.0	1	0	3.8774	927.072	995.52	1.0	4.1484	997.056	1206.72	1.0	-0.2437	-0.265	0.9329	29.9378	3.2479	-40.9867	0.0	4	0.0	0.0		5323	0	0
1701721161715	t	observatory_test_cue_domeroom_right	0.0	1	0	4.007	920.0160000000001	993.12	1.0	3.9114	991.728	1205.12	1.0	-0.2325	-0.2643	0.936	27.322	3.1812	-41.055	0.0	4	0.0	0.0		5323	0	0
1701721161723	t	observatory_test_cue_domeroom_right	0.0	1	0	4.0388	913.8240000000001	986.4000000000001	1.0	4.0076	984.24	1197.6000000000001	1.0	-0.2268	-0.2543	0.9401	21.3862	3.0263	-41.2248	0.0	4	0.0	0.0		5323	0	0
1701721161732	t	observatory_test_cue_domeroom_right	0.0	1	0	4.0324	906.912	986.2399999999999	1.0	3.9031	979.6320000000001	1194.72	1.0	-0.226	-0.2699	0.936	10.3214	2.7193	-41.5474	0.0	4	0.0	0.0		5323	0	0
1701721161740	t	observatory_test_cue_domeroom_right	0.0	1	0	4.004	902.3040000000001	983.6800000000001	1.0	3.8296	976.32	1194.08	1.0	-0.2275	-0.2699	0.9356	5.9646	2.5904	-41.6688	0.0	4	0.0	0.0		5323	0	0
1701721161748	t	observatory_test_cue_domeroom_right	0.0	1	0	4.0432	895.104	977.12	1.0	3.9582	966.24	1189.28	1.0	-0.2095	-0.2544	0.9441	5.6709	2.5824	-41.6606	0.0	4	0.0	0.0		5323	0	0
1701721161756	t	observatory_test_cue_domeroom_right	0.0	1	0	4.011	888.7679999999999	977.28	1.0	3.8908	961.3439999999999	1188.16	1.0	-0.1985	-0.2544	0.9465	9.0929	2.6966	-41.5446	0.0	4	0.0	0.0		5323	0	0
1701721161765	t	observatory_test_cue_domeroom_right	0.0	1	0	4.015	880.5600000000001	977.44	1.0	3.8667	953.712	1178.72	1.0	-0.1807	-0.2478	0.9518	9.3188	2.7054	-41.5235	0.0	4	0.0	0.0		5323	0	0
1701721161775	t	observatory_test_cue_domeroom_right	0.0	1	0	3.9993	877.1039999999999	977.44	1.0	4.0509	943.776	1170.24	1.0	-0.1707	-0.2433	0.9548	9.8282	2.7299	-41.4865	0.0	4	0.0	0.0		5323	0	0
1701721161782	t	observatory_test_cue_domeroom_right	0.0	1	0	4.0337	873.504	972.1600000000001	1.0	4.1197	938.4479999999999	1163.52	1.0	-0.1653	-0.2259	0.96	10.0248	2.7346	-41.4592	0.0	4	0.0	0.0		5323	0	0
1701721161790	t	observatory_test_cue_domeroom_right	0.0	1	0	3.8651	868.608	971.3599999999999	1.0	4.2129	935.7120000000001	1161.76	1.0	-0.1577	-0.2316	0.9599	7.7445	2.6981	-41.5083	0.0	4	0.0	0.0		5323	0	0
1701721161799	t	observatory_test_cue_domeroom_right	0.0	1	0	4.0476	866.0160000000001	967.36	1.0	4.1654	929.664	1160.1599999999999	1.0	-0.1516	-0.2276	0.9619	8.4318	2.7462	-41.4758	0.0	4	0.0	0.0		5323	0	0
1701721161807	t	observatory_test_cue_domeroom_right	0.0	1	0	3.9108	859.824	963.1999999999999	1.0	4.1179	928.6560000000001	1156.6399999999999	1.0	-0.1424	-0.2233	0.9643	8.9783	2.7757	-41.3735	0.0	4	0.0	0.0		5323	0	0
1701721161815	t	observatory_test_cue_domeroom_right	0.0	1	0	3.9071	855.792	961.5999999999999	1.0	4.0354	923.328	1151.68	1.0	-0.1331	-0.2195	0.9665	7.9852	2.7732	-41.4333	0.0	4	0.0	0.0		5323	0	0
1701721161824	t	observatory_test_cue_domeroom_right	0.0	1	0	4.0723	853.2	958.24	1.0	4.101	919.2959999999999	1149.28	1.0	-0.1278	-0.211	0.9691	5.2797	2.7025	-41.5355	0.0	4	0.0	0.0		5323	0	0
1701721161832	t	observatory_test_cue_domeroom_right	0.0	1	0	4.0472	850.032	955.3599999999999	1.0	4.1612	916.2719999999999	1141.12	1.0	-0.1225	-0.2085	0.9703	-18.0558	2.0317	-42.1419	0.0	4	0.0	0.0		5323	0	0
1701721161840	t	observatory_test_cue_domeroom_right	0.0	1	0	4.0565	848.304	954.88	1.0	4.2164	912.2399999999999	1141.12	1.0	-0.1144	-0.2117	0.9706	-18.8764	2.0472	-42.2582	0.0	4	0.0	0.0		5323	0	0
1701721161849	t	observatory_test_cue_domeroom_right	0.0	1	0	4.0001	843.8399999999999	953.5999999999999	1.0	4.252	912.3840000000001	1134.72	1.0	-0.1149	-0.1975	0.9735	-20.0663	2.0243	-42.2908	0.0	4	0.0	0.0		5323	0	0
1701721161857	t	observatory_test_cue_domeroom_right	0.0	1	0	4.0037	839.9520000000001	948.8	1.0	4.2161	908.784	1134.72	1.0	-0.1038	-0.197	0.9749	-19.065	2.0579	-42.2307	0.0	4	0.0	0.0		5323	0	0
1701721161865	t	observatory_test_cue_domeroom_right	0.0	1	0	3.8453	835.1999999999999	945.92	1.0	4.1516	904.896	1132.48	1.0	-0.0932	-0.2016	0.975	-23.8365	1.9703	-42.3915	0.0	4	0.0	0.0		5323	0	0
1701721161873	t	observatory_test_cue_domeroom_right	0.0	1	0	3.8665	833.9039999999999	936.96	1.0	4.2578	902.3040000000001	1122.72	1.0	-0.0877	-0.1814	0.9795	-28.4858	1.8761	-42.4991	0.0	4	0.0	0.0		5323	0	0
1701721161882	t	observatory_test_cue_domeroom_right	0.0	1	0	3.8809	831.6	932.8	1.0	4.1501	899.5680000000001	1118.3999999999999	1.0	-0.0809	-0.1781	0.9807	-30.0905	1.8608	-42.4969	0.0	4	0.0	0.0		5323	0	0
1701721161890	t	observatory_test_cue_domeroom_right	0.0	1	0	3.8534	831.456	928.8000000000001	1.0	4.2177	896.976	1114.8799999999999	1.0	-0.0747	-0.1809	0.9807	-33.1665	1.8258	-42.5551	0.0	4	0.0	0.0		5323	0	0
1701721161898	t	observatory_test_cue_domeroom_right	0.0	1	0	3.9043	829.584	924.8	1.0	4.1004	896.4000000000001	1112.48	1.0	-0.0779	-0.1869	0.9793	-34.973	1.8293	-42.5981	0.0	4	0.0	0.0		5323	0	0
1701721161907	t	observatory_test_cue_domeroom_right	0.0	1	0	3.9328	828.72	918.5600000000001	1.0	4.2443	894.24	1103.04	1.0	-0.0722	-0.1635	0.9839	-35.488	1.8537	-42.6039	0.0	4	0.0	0.0		5323	0	0
1701721161915	t	observatory_test_cue_domeroom_right	0.0	1	0	3.8492	822.672	915.5200000000001	1.0	4.2212	891.504	1094.88	1.0	-0.0657	-0.1438	0.9874	-35.5934	1.8813	-42.5914	0.0	4	0.0	0.0		5323	0	0
1701721161924	t	observatory_test_cue_domeroom_right	0.0	1	0	3.7673	816.912	906.08	1.0	4.0683	889.92	1098.4	1.0	-0.0628	-0.1601	0.9851	-35.5296	1.8946	-42.5813	0.0	4	0.0	0.0		5323	0	0
1701721161932	t	observatory_test_cue_domeroom_right	0.0	1	0	3.7463	816.3359999999999	907.6800000000001	1.0	4.2081	888.48	1092.6399999999999	1.0	-0.0607	-0.142	0.988	-35.2934	1.9121	-42.5763	0.0	4	0.0	0.0		5323	0	0
1701721161940	t	observatory_test_cue_domeroom_right	0.0	1	0	3.7627	813.888	905.9200000000001	1.0	4.026	885.8879999999999	1097.6000000000001	1.0	-0.0546	-0.1612	0.9854	-34.9462	1.9253	-42.5584	0.0	4	0.0	0.0		5323	0	0
1701721161949	t	observatory_test_cue_domeroom_right	0.0	1	0	3.8321	811.44	906.56	1.0	4.2253	884.592	1092.48	1.0	-0.0541	-0.1429	0.9883	-33.5283	1.9668	-42.5097	0.0	4	0.0	0.0		5323	0	0
1701721161957	t	observatory_test_cue_domeroom_right	0.0	1	0	3.7879	810.288	905.7600000000001	1.0	4.2216	879.264	1090.72	1.0	-0.0391	-0.1343	0.9902	-30.4815	2.0377	-42.3945	0.0	4	0.0	0.0		5323	0	0
1701721161965	t	observatory_test_cue_domeroom_right	0.0	1	0	3.8689	806.976	904.1600000000001	1.0	4.1551	879.552	1093.1200000000001	1.0	-0.0467	-0.144	0.9885	-32.6453	1.9815	-42.4682	0.0	4	0.0	0.0		5323	0	0
1701721161973	t	observatory_test_cue_domeroom_right	0.0	1	0	3.8315	804.6719999999999	903.68	1.0	4.2556	876.672	1090.8799999999999	1.0	-0.0368	-0.1427	0.9891	-33.4547	1.9815	-42.4853	0.0	4	0.0	0.0		5323	0	0
1701721161982	t	observatory_test_cue_domeroom_right	0.0	1	0	3.8916	803.088	904.48	1.0	4.0208	869.1840000000001	1082.56	1.0	-0.0226	-0.1141	0.9932	-5.4559	2.6816	-41.3135	0.0	4	0.0	0.0		5323	0	0
1701721161990	t	observatory_test_cue_domeroom_right	0.0	1	0	3.9143	802.08	904.32	1.0	4.1833	870.1919999999999	1085.76	1.0	-0.0229	-0.1147	0.9931	25.7883	3.7592	-40.9122	0.0	4	0.0	0.0		5323	0	0
1701721161999	t	observatory_test_cue_domeroom_right	0.0	1	0	3.7991	801.36	902.88	1.0	4.0919	865.584	1081.6000000000001	1.0	-0.0213	-0.1172	0.9929	32.2061	4.1366	-41.2587	0.0	4	0.0	0.0		5323	0	0
1701721162007	t	observatory_test_cue_domeroom_right	0.0	1	0	3.8557	801.7919999999999	902.2399999999999	1.0	4.1875	866.592	1081.76	1.0	-0.0285	-0.1106	0.9935	32.438	4.0762	-41.0774	0.0	4	0.0	0.0		5323	0	0
1701721162015	t	observatory_test_cue_domeroom_right	0.0	1	0	3.8929	798.336	900.96	1.0	4.2503	864.864	1079.8400000000001	1.0	-0.0206	-0.1078	0.9939	28.8808	4.0602	-41.4792	0.0	4	0.0	0.0		5323	0	0
1701721162024	t	observatory_test_cue_domeroom_right	0.0	1	0	3.7941	799.776	899.3600000000001	1.0	4.1231	861.696	1079.04	1.0	-0.0181	-0.1131	0.9934	3.0126	3.1928	-41.7453	0.0	4	0.0	0.0		5323	0	0
1701721162032	t	observatory_test_cue_domeroom_right	0.0	1	0	3.7712	797.472	898.88	1.0	4.0351	857.664	1076.48	1.0	0.001	-0.1131	0.9936	-16.6036	2.5031	-41.8651	0.0	4	0.0	0.0		5323	0	0
1701721162040	t	observatory_test_cue_domeroom_right	0.0	1	0	3.8676	797.328	896.48	1.0	4.0825	859.824	1072.32	1.0	-0.0028	-0.1005	0.9949	-24.9314	2.2083	-41.9099	0.0	4	0.0	0.0		5323	0	0
1701721162048	t	observatory_test_cue_domeroom_right	0.0	1	0	3.7884	796.1759999999999	896.8	1.0	4.1096	858.096	1073.76	1.0	0.0058	-0.1057	0.9944	-32.0585	1.9636	-41.9847	0.0	4	0.0	0.0		5323	0	0
1701721162057	t	observatory_test_cue_domeroom_right	0.0	1	0	3.8184	795.168	892.4799999999999	1.0	4.0823	858.672	1072.32	1.0	0.0033	-0.0997	0.995	-31.5606	1.9758	-41.9677	0.0	4	0.0	0.0		5323	0	0
1701721162065	t	observatory_test_cue_domeroom_right	0.0	1	0	3.741	802.368	892.96	1.0	4.1149	866.3040000000001	1074.56	1.0	-0.0109	-0.1061	0.9943	-25.4909	2.1128	-41.6354	0.0	4	0.0	0.0		5323	0	0
1701721162075	t	observatory_test_cue_domeroom_right	0.0	1	0	3.8022	821.952	878.5600000000001	1.0	4.2943	898.56	1062.08	1.0	-0.0725	-0.0744	0.9946	-12.1758	2.776	-41.7952	0.0	4	0.0	0.0		5323	0	0
1701721162082	t	observatory_test_cue_domeroom_right	0.0	1	0	3.9258	854.064	861.5999999999999	1.0	4.3219	926.64	1048.96	1.0	-0.1486	-0.0375	0.9882	-34.6755	2.1308	-42.3397	0.0	4	0.0	0.0		5323	0	0
1701721162090	t	observatory_test_cue_domeroom_right	0.0	1	0	4.0895	883.44	852.96	1.0	4.246	946.656	1045.9199999999998	1.0	-0.1829	-0.0379	0.9824	-36.1913	2.1677	-42.4315	0.0	4	0.0	0.0		5323	0	0
1701721162098	t	observatory_test_cue_domeroom_right	0.0	1	0	4.1397	906.192	840.8	1.0	4.443	960.912	1035.84	1.0	-0.2061	-0.0075	0.9785	-36.3363	2.2242	-42.483	0.0	4	0.0	0.0		5323	0	0
1701721162107	t	observatory_test_cue_domeroom_right	0.0	1	0	4.0802	916.8480000000001	834.24	1.0	4.3324	970.7040000000001	1030.56	1.0	-0.2306	0.002	0.973	-36.4009	2.2825	-42.5129	0.0	4	0.0	0.0		5323	0	0
1701721162115	t	observatory_test_cue_domeroom_right	0.0	1	0	4.0943	912.528	832.3199999999999	1.0	4.3939	966.0960000000001	1028.96	1.0	-0.214	-0.0089	0.9768	-36.3949	2.3444	-42.4885	0.0	4	0.0	0.0		5323	0	0
1701721162123	t	observatory_test_cue_domeroom_right	0.0	1	0	4.0994	911.376	830.5600000000001	1.0	4.4445	965.376	1028.64	1.0	-0.2082	0.0	0.9781	-36.4046	2.3091	-42.4896	0.0	4	0.0	0.0		5323	0	0
1701721162132	t	observatory_test_cue_domeroom_right	0.0	1	0	4.1608	912.672	832.0	1.0	4.4418	964.512	1028.48	1.0	-0.2047	-0.0006	0.9788	-36.4072	2.3119	-42.486	0.0	4	0.0	0.0		5323	0	0
1701721162140	t	observatory_test_cue_domeroom_right	0.0	1	0	4.1509	910.08	831.6800000000001	1.0	4.3931	964.9440000000001	1027.84	1.0	-0.2065	0.0016	0.9784	-36.4081	2.3131	-42.4871	0.0	4	0.0	0.0		5323	0	0
1701721162148	t	observatory_test_cue_domeroom_right	0.0	1	0	4.1279	909.072	834.24	1.0	4.3692	965.232	1027.04	1.0	-0.2076	0.0046	0.9782	-36.4063	2.3119	-42.4882	0.0	4	0.0	0.0		5323	0	0
1701721162156	t	observatory_test_cue_domeroom_right	0.0	1	0	4.0673	907.776	835.36	1.0	4.4376	964.0799999999999	1027.84	1.0	-0.2047	0.0066	0.9788	-36.3855	2.2908	-42.4907	0.0	4	0.0	0.0		5323	0	0
1701721162165	t	observatory_test_cue_domeroom_right	0.0	1	0	4.165	907.632	835.0400000000001	1.0	4.3118	965.232	1031.04	1.0	-0.2123	-0.0025	0.9772	-36.3405	2.2794	-42.487	0.0	4	0.0	0.0		5323	0	0
1701721162173	t	observatory_test_cue_domeroom_right	0.0	1	0	4.2052	904.32	834.56	1.0	4.3417	963.0719999999999	1029.92	1.0	-0.2049	0.0042	0.9788	-36.3233	2.2677	-42.4861	0.0	4	0.0	0.0		5323	0	0
1701721162182	t	observatory_test_cue_domeroom_right	0.0	1	0	4.0404	902.16	836.96	1.0	4.2878	959.76	1030.24	1.0	-0.196	0.0036	0.9806	-36.3203	2.256	-42.4793	0.0	4	0.0	0.0		5323	0	0
1701721162190	t	observatory_test_cue_domeroom_right	0.0	1	0	4.189	900.4319999999999	837.7599999999999	1.0	4.3638	958.032	1033.1200000000001	1.0	-0.1944	-0.0041	0.9809	-36.2917	2.2433	-42.467	0.0	4	0.0	0.0		5323	0	0
1701721162198	t	observatory_test_cue_domeroom_right	0.0	1	0	4.164	897.5519999999999	837.28	1.0	4.254	958.752	1033.44	1.0	-0.2036	-0.0044	0.979	-36.3074	2.238	-42.4707	0.0	4	0.0	0.0		5323	0	0
1701721162207	t	observatory_test_cue_domeroom_right	0.0	1	0	4.1624	896.4000000000001	838.72	1.0	4.334	951.5520000000001	1029.28	1.0	-0.179	0.011	0.9838	-36.2937	2.2287	-42.4688	0.0	4	0.0	0.0		5323	0	0
1701721162215	t	observatory_test_cue_domeroom_right	0.0	1	0	4.0207	893.808	838.5600000000001	1.0	4.2388	950.976	1026.3999999999999	1.0	-0.1813	0.0192	0.9832	-36.2745	2.2368	-42.4728	0.0	4	0.0	0.0		5323	0	0
1701721162223	t	observatory_test_cue_domeroom_right	0.0	1	0	4.1365	891.9359999999999	838.08	1.0	4.2816	950.544	1027.2	1.0	-0.1824	0.0117	0.9832	-36.2626	2.2564	-42.4649	0.0	4	0.0	0.0		5323	0	0
1701721162232	t	observatory_test_cue_domeroom_right	0.0	1	0	4.0918	891.36	838.88	1.0	4.2529	950.4000000000001	1027.84	1.0	-0.1833	0.011	0.983	-36.2389	2.2479	-42.4616	0.0	4	0.0	0.0		5323	0	0
1701721162240	t	observatory_test_cue_domeroom_right	0.0	1	0	3.9824	892.368	838.08	1.0	4.2304	950.544	1030.56	1.0	-0.1832	0.0059	0.983	-36.1786	2.2269	-42.4527	0.0	4	0.0	0.0		5323	0	0
1701721162248	t	observatory_test_cue_domeroom_right	0.0	1	0	4.1313	890.7840000000001	840.0	1.0	4.2223	952.848	1032.16	1.0	-0.1893	0.0033	0.9819	-35.8103	2.2254	-42.438	0.0	4	0.0	0.0		5323	0	0
1701721162257	t	observatory_test_cue_domeroom_right	0.0	1	0	3.9888	893.376	836.32	1.0	4.3322	951.984	1032.6399999999999	1.0	-0.1816	0.0054	0.9833	-35.8126	2.2111	-42.4382	0.0	4	0.0	0.0		5323	0	0
1701721162265	t	observatory_test_cue_domeroom_right	0.0	1	0	3.9771	893.088	834.72	1.0	4.2991	953.424	1033.76	1.0	-0.1832	0.0103	0.983	-26.1716	2.4588	-41.9792	0.0	4	0.0	0.0		5323	0	0
1701721162273	t	observatory_test_cue_domeroom_right	0.0	1	0	4.1289	896.5440000000001	836.16	1.0	4.1696	957.888	1037.44	1.0	-0.1953	-0.0001	0.9807	-24.7487	2.4947	-41.902	0.0	4	0.0	0.0		5323	0	0
1701721162282	t	observatory_test_cue_domeroom_right	0.0	1	0	4.0788	897.408	835.68	1.0	4.2564	958.752	1035.2	1.0	-0.1922	0.0078	0.9813	-23.9693	2.5014	-41.8154	0.0	4	0.0	0.0		5323	0	0
1701721162290	t	observatory_test_cue_domeroom_right	0.0	1	0	4.0852	898.704	832.0	1.0	4.3003	958.8960000000001	1032.16	1.0	-0.187	0.0145	0.9822	-31.8905	2.2978	-42.2315	0.0	4	0.0	0.0		5323	0	0
1701721162299	t	observatory_test_cue_domeroom_right	0.0	1	0	4.1475	898.992	830.88	1.0	4.3811	959.76	1036.64	1.0	-0.1851	-0.0001	0.9827	-32.6759	2.2781	-42.2765	0.0	4	0.0	0.0		5323	0	0
1701721162307	t	observatory_test_cue_domeroom_right	0.0	1	0	4.0201	902.016	832.0	1.0	4.3183	963.504	1036.48	1.0	-0.1956	0.0013	0.9807	-32.8918	2.2753	-42.3079	0.0	4	0.0	0.0		5323	0	0
1701721162315	t	observatory_test_cue_domeroom_right	0.0	1	0	4.0828	900.288	836.0	1.0	4.3348	963.504	1035.84	1.0	-0.192	0.003	0.9814	-33.8891	2.2452	-42.3648	0.0	4	0.0	0.0		5323	0	0
1701721162324	t	observatory_test_cue_domeroom_right	0.0	1	0	4.0202	900.4319999999999	834.56	1.0	4.2803	963.936	1037.76	1.0	-0.1926	-0.002	0.9813	-34.1696	2.2293	-42.3764	0.0	4	0.0	0.0		5323	0	0
1701721162332	t	observatory_test_cue_domeroom_right	0.0	1	0	3.9812	901.584	833.92	1.0	4.3169	964.9440000000001	1037.44	1.0	-0.1957	0.0012	0.9807	-34.9242	2.2026	-42.419	0.0	4	0.0	0.0		5323	0	0
1701721162340	t	observatory_test_cue_domeroom_right	0.0	1	0	4.0372	901.152	834.4	1.0	4.3012	964.3679999999999	1036.8	1.0	-0.1928	0.0027	0.9812	-35.0949	2.198	-42.4249	0.0	4	0.0	0.0		5323	0	0
1701721162348	t	observatory_test_cue_domeroom_right	0.0	1	0	4.0083	901.008	834.56	1.0	4.3171	963.648	1036.64	1.0	-0.1896	0.0029	0.9818	-35.0381	2.1998	-42.4206	0.0	4	0.0	0.0		5323	0	0
1701721162357	t	observatory_test_cue_domeroom_right	0.0	1	0	4.0096	901.44	832.64	1.0	4.3055	964.512	1037.76	1.0	-0.1921	-0.0058	0.9814	-34.986	2.2213	-42.4061	0.0	4	0.0	0.0		5323	0	0
1701721162365	t	observatory_test_cue_domeroom_right	0.0	1	0	4.0446	901.008	834.56	1.0	4.26	964.9440000000001	1035.3600000000001	1.0	-0.1936	-0.0014	0.9811	-34.7284	2.244	-42.3908	0.0	4	0.0	0.0		5323	0	0
1701721162374	t	observatory_test_cue_domeroom_right	0.0	1	0	4.0255	900.864	831.04	1.0	4.3404	964.9440000000001	1034.3999999999999	1.0	-0.1941	-0.0027	0.981	-33.5152	2.3033	-42.3173	0.0	4	0.0	0.0		5323	0	0
1701721162382	t	observatory_test_cue_domeroom_right	0.0	1	0	4.0189	889.344	823.6800000000001	1.0	4.327	952.9920000000001	1017.44	1.0	-0.1713	0.0212	0.985	-35.5904	2.3871	-42.4072	0.0	4	0.0	0.0		5323	0	0
1701721162390	t	observatory_test_cue_domeroom_right	0.0	1	0	3.9207	874.2239999999999	799.84	1.0	4.1955	933.408	990.7199999999999	1.0	-0.1403	0.0709	0.9876	-35.6732	2.5688	-42.4011	0.0	4	0.0	0.0		5323	0	0
1701721162398	t	observatory_test_cue_domeroom_right	0.0	1	0	4.0129	872.208	775.6800000000001	1.0	4.1492	915.84	962.5600000000001	1.0	-0.1117	0.1175	0.9868	-35.6478	2.8059	-42.4052	0.0	4	0.0	0.0		5323	0	0
1701721162406	t	observatory_test_cue_domeroom_right	0.0	1	0	4.0024	871.9200000000001	754.5600000000001	1.0	4.167	912.672	941.76	1.0	-0.1219	0.15	0.9811	-35.6933	3.008	-42.4349	0.0	4	0.0	0.0		5323	0	0
1701721162415	t	observatory_test_cue_domeroom_right	0.0	1	0	3.9864	875.808	742.72	1.0	4.049	911.376	934.0799999999999	1.0	-0.1231	0.1612	0.9792	-35.7553	3.0805	-42.4457	0.0	4	0.0	0.0		5323	0	0
1701721162423	t	observatory_test_cue_domeroom_right	0.0	1	0	4.0174	875.0880000000001	745.92	1.0	4.1083	910.3679999999999	935.8399999999999	1.0	-0.1163	0.1602	0.9802	-35.8235	3.0548	-42.4467	0.0	4	0.0	0.0		5323	0	0
1701721162431	t	observatory_test_cue_domeroom_right	0.0	1	0	3.9725	874.6560000000001	751.52	1.0	4.1984	908.928	940.8	1.0	-0.1047	0.1532	0.9826	-35.8635	3.0011	-42.4384	0.0	4	0.0	0.0		5323	0	0
1701721162440	t	observatory_test_cue_domeroom_right	0.0	1	0	3.9797	872.784	752.8	1.0	4.0622	910.656	941.76	1.0	-0.1097	0.1548	0.9818	-35.8781	2.9761	-42.4455	0.0	4	0.0	0.0		5323	0	0
1701721162448	t	observatory_test_cue_domeroom_right	0.0	1	0	4.0316	872.352	754.4	1.0	4.0337	909.648	941.6	1.0	-0.1036	0.1584	0.9819	-35.8268	2.9648	-42.4459	0.0	4	0.0	0.0		5323	0	0
1701721162456	t	observatory_test_cue_domeroom_right	0.0	1	0	3.957	872.0640000000001	756.48	1.0	4.1859	909.792	948.8	1.0	-0.0998	0.1395	0.9852	-34.7244	2.9612	-42.3749	0.0	4	0.0	0.0		5323	0	0
1701721162465	t	observatory_test_cue_domeroom_right	0.0	1	0	4.0047	870.912	758.5600000000001	1.0	4.2234	912.2399999999999	950.7199999999999	1.0	-0.1066	0.1543	0.9823	-5.1952	3.7597	-41.1019	0.0	4	0.0	0.0		5323	0	0
1701721162473	t	observatory_test_cue_domeroom_right	0.0	1	0	4.0514	871.3439999999999	762.72	1.0	4.2675	912.816	953.4399999999999	1.0	-0.1086	0.1502	0.9827	-1.3294	3.8386	-40.9286	0.0	4	0.0	0.0		5323	0	0
1701721162481	t	observatory_test_cue_domeroom_right	0.0	1	0	4.0708	867.744	762.4	1.0	4.1105	914.2560000000001	953.92	1.0	-0.1062	0.1544	0.9823	-3.1133	3.7644	-41.013	0.0	4	0.0	0.0		5323	0	0
1701721162490	t	observatory_test_cue_domeroom_right	0.0	1	0	3.9871	867.1679999999999	763.68	1.0	4.2304	911.376	957.76	1.0	-0.103	0.1492	0.9834	-3.1605	3.7406	-41.0061	0.0	4	0.0	0.0		5323	0	0
1701721162498	t	observatory_test_cue_domeroom_right	0.0	1	0	3.9466	863.856	766.24	1.0	4.1833	908.2080000000001	960.3199999999999	1.0	-0.097	0.1437	0.9848	-1.0243	3.7813	-40.9108	0.0	4	0.0	0.0		5323	0	0
1701721162506	t	observatory_test_cue_domeroom_right	0.0	1	0	4.0234	861.984	770.08	1.0	4.1599	905.904	960.0	1.0	-0.0964	0.1406	0.9854	-1.5187	3.7457	-40.9195	0.0	4	0.0	0.0		5323	0	0
1701721162515	t	observatory_test_cue_domeroom_right	0.0	1	0	3.9999	855.792	771.84	1.0	4.1824	905.3280000000001	963.3599999999999	1.0	-0.0909	0.1343	0.9868	-2.5499	3.6939	-40.9421	0.0	4	0.0	0.0		5323	0	0
1701721162523	t	observatory_test_cue_domeroom_right	0.0	1	0	4.0186	853.344	775.04	1.0	4.117	901.152	964.9599999999999	1.0	-0.0847	0.1279	0.9882	-4.7356	3.6088	-41.0127	0.0	4	0.0	0.0		5323	0	0
1701721162532	t	observatory_test_cue_domeroom_right	0.0	1	0	4.0318	849.7439999999999	778.08	1.0	4.2	898.272	966.08	1.0	-0.0795	0.1221	0.9893	-10.4833	3.4232	-41.2262	0.0	4	0.0	0.0		5323	0	0
1701721162540	t	observatory_test_cue_domeroom_right	0.0	1	0	3.9573	847.0079999999999	780.32	1.0	4.161	898.992	968.6400000000001	1.0	-0.0862	0.1147	0.9896	-17.1049	3.2195	-41.5098	0.0	4	0.0	0.0		5323	0	0
1701721162548	t	observatory_test_cue_domeroom_right	0.0	1	0	3.9299	843.552	781.9200000000001	1.0	4.2577	892.224	972.1600000000001	1.0	-0.0698	0.1063	0.9919	-27.4316	2.8953	-41.9364	0.0	4	0.0	0.0		5323	0	0
1701721162557	t	observatory_test_cue_domeroom_right	0.0	1	0	3.9062	840.672	784.8	1.0	4.2157	890.496	976.8000000000001	1.0	-0.0685	0.094	0.9932	-30.8951	2.7654	-42.0717	0.0	4	0.0	0.0		5323	0	0
1701721162565	t	observatory_test_cue_domeroom_right	0.0	1	0	3.9135	839.8080000000001	788.16	1.0	4.19	889.776	978.5600000000001	1.0	-0.0689	0.0919	0.9934	-30.9519	2.7288	-42.0366	0.0	4	0.0	0.0		5323	0	0
1701721162573	t	observatory_test_cue_domeroom_right	0.0	1	0	3.8793	837.36	790.7199999999999	1.0	4.2201	887.328	980.32	1.0	-0.0599	0.0833	0.9947	-31.8155	2.7361	-42.1571	0.0	4	0.0	0.0		5323	0	0
1701721162582	t	observatory_test_cue_domeroom_right	0.0	1	0	3.9624	836.496	789.6	1.0	4.276	885.312	980.64	1.0	-0.0527	0.0843	0.995	-30.7112	2.7718	-42.141	0.0	4	0.0	0.0		5323	0	0
1701721162590	t	observatory_test_cue_domeroom_right	0.0	1	0	3.8862	834.768	791.36	1.0	4.3529	884.7359999999999	982.7199999999999	1.0	-0.0497	0.0988	0.9939	-1.32	3.3916	-40.3228	0.0	4	0.0	0.0		5323	0	0
1701721162598	t	observatory_test_cue_domeroom_right	0.0	1	0	3.9866	834.48	791.36	1.0	4.2784	884.016	985.76	1.0	-0.0504	0.1168	0.9919	30.9574	4.2965	-38.9822	0.0	4	0.0	0.0		5323	0	0
1701721162607	t	observatory_test_cue_domeroom_right	0.0	1	0	3.819	832.7520000000001	795.36	1.0	4.2362	883.2959999999999	986.2399999999999	1.0	-0.0458	0.1057	0.9933	32.1022	4.3019	-38.9227	0.0	4	0.0	0.0		5323	0	0
1701721162615	t	observatory_test_cue_domeroom_right	0.0	1	0	4.0207	829.584	799.2	1.0	4.286	882.144	988.8	1.0	-0.0381	0.1015	0.9941	32.1845	4.2427	-38.8315	0.0	4	0.0	0.0		5323	0	0
1701721162623	t	observatory_test_cue_domeroom_right	0.0	1	0	4.0911	830.448	805.12	1.0	4.3492	882.0000000000001	990.7199999999999	1.0	-0.0455	0.0926	0.9947	32.2088	4.1774	-38.8001	0.0	4	0.0	0.0		5323	0	0
1701721162632	t	observatory_test_cue_domeroom_right	0.0	1	0	3.9656	827.1360000000001	812.48	1.0	4.343	881.136	992.16	1.0	-0.034	0.073	0.9967	32.2286	4.1984	-39.0313	0.0	4	0.0	0.0		5323	0	0
1701721162640	t	observatory_test_cue_domeroom_right	0.0	1	0	3.9729	827.1360000000001	817.92	1.0	4.3073	879.9839999999999	997.9200000000001	1.0	-0.0366	0.0578	0.9977	32.2459	4.3122	-39.5442	0.0	4	0.0	0.0		5323	0	0
1701721162649	t	observatory_test_cue_domeroom_right	0.0	1	0	3.9839	825.84	819.8399999999999	1.0	4.3305	878.112	1002.88	1.0	-0.0331	0.0609	0.9976	32.1952	4.2506	-39.5005	0.0	4	0.0	0.0		5323	0	0
1701721162657	t	observatory_test_cue_domeroom_right	0.0	1	0	3.917	822.96	823.3599999999999	1.0	4.2594	877.9680000000001	1004.48	1.0	-0.0265	0.057	0.998	31.0488	4.2005	-39.6547	0.0	4	0.0	0.0		5323	0	0
1701721162665	t	observatory_test_cue_domeroom_right	0.0	1	0	3.9609	820.8	824.3199999999999	1.0	4.2164	876.24	1008.8	1.0	-0.035	0.0555	0.9978	-12.8421	2.6557	-40.49	0.0	4	0.0	0.0		5323	0	0
1701721162675	t	observatory_test_cue_domeroom_right	0.0	1	0	3.8783	819.2159999999999	829.4399999999999	1.0	4.3109	875.52	1011.9999999999999	1.0	-0.0401	0.0447	0.9982	-34.3465	1.9406	-41.0329	0.0	4	0.0	0.0		5323	0	0
1701721162682	t	observatory_test_cue_domeroom_right	0.0	1	0	3.8782	818.784	830.72	1.0	4.344	871.632	1015.1999999999999	1.0	-0.0242	0.0343	0.9991	-35.2777	1.9597	-41.2514	0.0	4	0.0	0.0		5323	0	0
1701721162690	t	observatory_test_cue_domeroom_right	0.0	1	0	4.0708	817.4879999999999	833.1200000000001	1.0	4.2911	874.512	1017.2800000000001	1.0	-0.0366	0.0281	0.9989	-35.0737	2.0096	-41.4081	0.0	4	0.0	0.0		5323	0	0
1701721162699	t	observatory_test_cue_domeroom_right	0.0	1	0	4.0424	815.472	833.2800000000001	1.0	4.3697	873.0719999999999	1020.1599999999999	1.0	-0.0339	0.0249	0.9991	-33.2868	1.8706	-40.8028	0.0	4	0.0	0.0		5323	0	0
1701721162707	t	observatory_test_cue_domeroom_right	0.0	1	0	4.0703	822.672	832.3199999999999	1.0	4.3663	876.384	1017.2800000000001	1.0	-0.036	0.0318	0.9988	-28.7327	2.1196	-40.9585	0.0	4	0.0	0.0		5323	200	MYKEYWORD 200
