Recording timestamp	type	Scene Name	scene_num	order	djv_reported	PupilDiam_Left	Gaze2d_Left.x	Gaze2d_Left.y	left_eye_openness	PupilDiam_Right	Gaze2d_Right.x	Gaze2d_Right.y	right_eye_openness	gaze_direction_x	gaze_direction_y	gaze_direction_z	gaze_origin_x	gaze_origin_y	gaze_origin_z	gaze_convergence_distance	participant	study_status	scene_familiarity	recall_status	Identifier	Event value	Event message
1701823156685	t	banquethall_test_cue_cafeteria_left	0.0	0	0	5.1055	733.9680000000001	844.48	0.0	4.9381	756.7199999999999	963.52	0.0	-0.1088	0.0096	0.994	29.6582	3.6828	-38.0473	0.0	11	0.0	0.0		1863	100	MYKEYWORD 100
1701823156694	t	banquethall_test_cue_cafeteria_left	0.0	0	0	5.1655	733.9680000000001	844.3199999999999	0.0	4.9592	756.7199999999999	963.52	0.0	-0.1078	0.0115	0.9941	23.3779	3.3873	-37.6855	0.0	11	0.0	0.0		1863	0	0
1701823156702	t	banquethall_test_cue_cafeteria_left	0.0	0	0	5.1248	734.1120000000001	844.48	0.0	4.9385	756.576	963.52	0.0	-0.1094	0.0112	0.9939	24.1156	3.4138	-37.7036	0.0	11	0.0	0.0		1863	0	0
1701823156709	t	banquethall_test_cue_cafeteria_left	0.0	0	0	5.1664	734.2560000000001	844.3199999999999	0.0	4.9404	756.576	963.52	0.0	-0.1105	0.013	0.9938	23.3494	3.378	-37.6811	0.0	11	0.0	0.0		1863	0	0
1701823156718	t	banquethall_test_cue_cafeteria_left	0.0	0	0	5.1443	734.1120000000001	844.48	0.0	4.9428	756.576	963.52	0.0	-0.1005	0.0151	0.9948	0.9202	2.3607	-36.4925	0.0	11	0.0	0.0		1863	0	0
1701823156726	t	banquethall_test_cue_cafeteria_left	0.0	0	0	5.1226	733.9680000000001	844.48	0.0	4.9608	756.576	964.0	0.0	-0.096	0.0154	0.9953	-8.99	1.9104	-35.9666	0.0	11	0.0	0.0		1863	0	0
1701823156735	t	banquethall_test_cue_cafeteria_left	0.0	0	0	5.1173	733.536	844.6400000000001	0.0	4.941	756.576	964.32	0.0	-0.0962	0.014	0.9953	-8.3325	1.9406	-36.0	0.0	11	0.0	0.0		1863	0	0
1701823156743	t	banquethall_test_cue_cafeteria_left	0.0	0	0	5.265	727.4879999999999	841.76	0.0	4.9398	756.576	964.0	0.0	-0.0899	0.0185	0.9958	-6.5008	2.0231	-36.0895	0.0	11	0.0	0.0		1863	0	0
1701823156751	t	banquethall_test_cue_cafeteria_left	0.0	0	0	5.2332	727.632	844.96	0.0	4.9408	756.432	964.32	0.0	-0.0907	0.013	0.9958	-6.2679	2.0249	-36.0691	0.0	11	0.0	0.0		1863	0	0
1701823156759	t	banquethall_test_cue_cafeteria_left	0.0	0	0	5.2245	725.904	843.8399999999999	0.0	4.9346	749.52	962.0799999999999	0.0	-0.0871	0.0139	0.9961	19.4905	3.1438	-37.2403	0.0	11	0.0	0.0		1863	0	0
1701823156768	t	banquethall_test_cue_cafeteria_left	0.0	0	0	5.1108	725.3280000000001	840.64	0.0	4.9856	750.384	961.12	0.0	-0.0901	0.0234	0.9957	27.3123	3.494	-37.6411	0.0	11	0.0	0.0		1863	0	0
1701823156776	t	banquethall_test_cue_cafeteria_left	0.0	0	0	5.1877	723.024	840.48	1.0	4.9505	751.248	962.2400000000001	1.0	-0.0858	0.0244	0.996	27.831	3.4888	-37.5692	0.0	11	0.0	0.0		1863	0	0
1701823156784	t	banquethall_test_cue_cafeteria_left	0.0	0	0	4.8909	719.136	845.92	1.0	4.9778	745.7760000000001	962.5600000000001	1.0	-0.0735	0.0046	0.9973	31.8015	3.6084	-37.5916	0.0	11	0.0	0.0		1863	0	0
1701823156793	t	banquethall_test_cue_cafeteria_left	0.0	0	0	5.3432	719.712	840.16	1.0	4.9891	750.672	960.3199999999999	1.0	-0.0814	0.0284	0.9963	28.7981	3.4697	-37.4213	0.0	11	0.0	0.0		1863	0	0
1701823156801	t	banquethall_test_cue_cafeteria_left	0.0	0	0	5.1699	717.12	840.8	1.0	4.9554	748.0799999999999	962.0799999999999	1.0	-0.0743	0.024	0.9969	24.8695	3.2935	-37.2169	0.0	11	0.0	0.0		1863	0	0
1701823156810	t	banquethall_test_cue_cafeteria_left	0.0	0	0	5.1266	720.288	840.0	1.0	4.9193	749.52	959.84	1.0	-0.0867	0.027	0.9959	19.1034	3.0789	-37.0693	0.0	11	0.0	0.0		1863	0	0
1701823156818	t	banquethall_test_cue_cafeteria_left	0.0	0	0	5.0905	716.832	843.68	1.0	4.9638	748.368	963.04	1.0	-0.077	0.013	0.9969	25.328	3.3661	-37.4177	0.0	11	0.0	0.0		1863	0	0
1701823156827	t	banquethall_test_cue_cafeteria_left	0.0	0	0	5.084	718.1279999999999	842.0799999999999	1.0	4.9946	748.6560000000001	960.8000000000001	1.0	-0.0837	0.0191	0.9963	22.6061	3.2683	-37.3639	0.0	11	0.0	0.0		1863	0	0
1701823156835	t	banquethall_test_cue_cafeteria_left	0.0	0	0	5.1183	709.6320000000001	839.84	1.0	4.9202	746.64	962.4000000000001	1.0	-0.0545	0.0266	0.9982	24.1228	3.3566	-37.5367	0.0	11	0.0	0.0		1863	0	0
1701823156843	t	banquethall_test_cue_cafeteria_left	0.0	0	0	5.1286	709.92	840.16	1.0	4.8671	744.768	964.0	1.0	-0.0547	0.0217	0.9983	31.5307	3.7039	-37.8955	0.0	11	0.0	0.0		1863	0	0
1701823156852	t	banquethall_test_cue_cafeteria_left	0.0	0	0	5.1653	711.936	840.64	1.0	4.858	744.624	964.64	1.0	-0.065	0.0189	0.9977	32.5362	3.7646	-37.9871	0.0	11	0.0	0.0		1863	0	0
1701823156860	t	banquethall_test_cue_cafeteria_left	0.0	0	0	5.2109	707.904	839.1999999999999	1.0	4.9601	744.768	964.48	1.0	-0.0551	0.0253	0.9982	32.6251	3.8307	-38.2332	0.0	11	0.0	0.0		1863	0	0
1701823156868	t	banquethall_test_cue_cafeteria_left	0.0	0	0	5.2939	702.288	836.32	1.0	4.7369	739.7280000000001	969.92	1.0	-0.041	0.0365	0.9985	32.6269	3.6746	-37.6681	0.0	11	0.0	0.0		1863	0	0
1701823156877	t	banquethall_test_cue_cafeteria_left	0.0	0	0	5.1401	696.96	833.76	1.0	4.466	732.096	976.8000000000001	1.0	-0.0258	0.039	0.9989	32.7251	3.7236	-37.7528	0.0	11	0.0	0.0		1863	0	0
1701823156885	t	banquethall_test_cue_cafeteria_left	0.0	0	0	5.2444	698.256	832.8	1.0	4.5066	727.3439999999999	971.3599999999999	1.0	-0.0341	0.0363	0.9987	32.7402	3.837	-38.0428	0.0	11	0.0	0.0		1863	0	0
1701823156893	t	banquethall_test_cue_cafeteria_left	0.0	0	0	4.559	703.008	855.3599999999999	1.0	4.8959	758.7360000000001	964.64	1.0	-0.0354	-0.0469	0.9983	32.6657	3.7933	-37.9355	0.0	11	0.0	0.0		1863	0	0
1701823156902	t	banquethall_test_cue_cafeteria_left	0.0	0	0	4.1993	715.68	860.96	1.0	4.5834	760.608	984.16	1.0	-0.0616	-0.0747	0.9953	31.605	3.9552	-38.5256	0.0	11	0.0	0.0		1863	0	0
1701823156910	t	banquethall_test_cue_cafeteria_left	0.0	0	0	4.5508	741.312	848.0	1.0	3.8143	765.792	997.4399999999999	1.0	-0.0382	-0.1022	0.994	-28.2681	1.0785	-35.155	0.0	11	0.0	0.0		1863	0	0
1701823156918	t	banquethall_test_cue_cafeteria_left	0.0	0	0	-1.0	753.12	869.12	0.9978	3.6243	767.2320000000001	1005.4399999999999	0.8346	0.0039	-0.1322	0.9912	-32.0333	0.8773	-34.9335	0.0	11	0.0	0.0		1863	0	0
1701823156926	t	banquethall_test_cue_cafeteria_left	0.0	0	0	-1.0	774.576	868.16	0.9978	2.7516	766.512	1033.1200000000001	0.8346	-0.0633	-0.1128	0.9916	-31.7131	0.3522	-35.1721	0.0	11	0.0	0.0		1863	0	0
1701823156934	t	banquethall_test_cue_cafeteria_left	0.0	0	0	-1.0	770.4000000000001	916.96	0.8055	-1.0	774.0	1088.8	0.726	-1.0	-1.0	-1.0	-1.0	-1.0	-1.0	0.0	11	0.0	0.0		1863	0	0
1701823156941	t	banquethall_test_cue_cafeteria_left	0.0	0	0	-1.0	787.2479999999999	968.4799999999999	0.8055	-1.0	-1440.0	-1600.0	0.726	-1.0	-1.0	-1.0	-1.0	-1.0	-1.0	0.0	11	0.0	0.0		1863	0	0
1701823156948	t	banquethall_test_cue_cafeteria_left	0.0	0	0	-1.0	-1440.0	-1600.0	0.6118	-1.0	-1440.0	-1600.0	0.6333	-1.0	-1.0	-1.0	-1.0	-1.0	-1.0	0.0	11	0.0	0.0		1863	0	0
1701823156957	t	banquethall_test_cue_cafeteria_left	0.0	0	0	-1.0	-1440.0	-1600.0	0.6118	-1.0	-1440.0	-1600.0	0.6333	-1.0	-1.0	-1.0	-1.0	-1.0	-1.0	0.0	11	0.0	0.0		1863	0	0
1701823156965	t	banquethall_test_cue_cafeteria_left	0.0	0	0	-1.0	-1440.0	-1600.0	0.3056	-1.0	-1440.0	-1600.0	0.4526	-1.0	-1.0	-1.0	-1.0	-1.0	-1.0	0.0	11	0.0	0.0		1863	0	0
1701823156974	t	banquethall_test_cue_cafeteria_left	0.0	0	0	-1.0	-1440.0	-1600.0	0.3056	-1.0	775.728	1194.24	0.4526	-1.0	-1.0	-1.0	-1.0	-1.0	-1.0	0.0	11	0.0	0.0		1863	0	0
1701823156982	t	banquethall_test_cue_cafeteria_left	0.0	0	0	-1.0	-1440.0	-1600.0	0.2746	-1.0	800.7840000000001	1254.24	0.4064	-1.0	-1.0	-1.0	-1.0	-1.0	-1.0	0.0	11	0.0	0.0		1863	0	0
1701823156990	t	banquethall_test_cue_cafeteria_left	0.0	0	0	-1.0	-1440.0	-1600.0	0.2746	-1.0	-1440.0	-1600.0	0.4064	-1.0	-1.0	-1.0	-1.0	-1.0	-1.0	0.0	11	0.0	0.0		1863	0	0
1701823156998	t	banquethall_test_cue_cafeteria_left	0.0	0	0	-1.0	-1440.0	-1600.0	0.193	-1.0	-1440.0	-1600.0	0.3748	-1.0	-1.0	-1.0	-1.0	-1.0	-1.0	0.0	11	0.0	0.0		1863	0	0
1701823157007	t	banquethall_test_cue_cafeteria_left	0.0	0	0	-1.0	-1440.0	-1600.0	0.193	-1.0	-1440.0	-1600.0	0.3748	-1.0	-1.0	-1.0	-1.0	-1.0	-1.0	0.0	11	0.0	0.0		1863	0	0
1701823157015	t	banquethall_test_cue_cafeteria_left	0.0	0	0	-1.0	-1440.0	-1600.0	0.1871	-1.0	-1440.0	-1600.0	0.399	-1.0	-1.0	-1.0	-1.0	-1.0	-1.0	0.0	11	0.0	0.0		1863	0	0
1701823157023	t	banquethall_test_cue_cafeteria_left	0.0	0	0	-1.0	-1440.0	-1600.0	0.1871	-1.0	-1440.0	-1600.0	0.399	-1.0	-1.0	-1.0	-1.0	-1.0	-1.0	0.0	11	0.0	0.0		1863	0	0
1701823157032	t	banquethall_test_cue_cafeteria_left	0.0	0	0	-1.0	-1440.0	-1600.0	0.0	-1.0	-1440.0	-1600.0	0.0	-1.0	-1.0	-1.0	-1.0	-1.0	-1.0	0.0	11	0.0	0.0		1863	0	0
1701823157040	t	banquethall_test_cue_cafeteria_left	0.0	0	0	-1.0	-1440.0	-1600.0	0.0	-1.0	-1440.0	-1600.0	0.0	-1.0	-1.0	-1.0	-1.0	-1.0	-1.0	0.0	11	0.0	0.0		1863	0	0
1701823157048	t	banquethall_test_cue_cafeteria_left	0.0	0	0	-1.0	-1440.0	-1600.0	0.0	-1.0	-1440.0	-1600.0	0.0	-1.0	-1.0	-1.0	-1.0	-1.0	-1.0	0.0	11	0.0	0.0		1863	0	0
1701823157057	t	banquethall_test_cue_cafeteria_left	0.0	0	0	-1.0	-1440.0	-1600.0	0.0	-1.0	-1440.0	-1600.0	0.0	-1.0	-1.0	-1.0	-1.0	-1.0	-1.0	0.0	11	0.0	0.0		1863	0	0
1701823157065	t	banquethall_test_cue_cafeteria_left	0.0	0	0	-1.0	-1440.0	-1600.0	0.0	-1.0	-1440.0	-1600.0	0.0	-1.0	-1.0	-1.0	-1.0	-1.0	-1.0	0.0	11	0.0	0.0		1863	0	0
1701823157073	t	banquethall_test_cue_cafeteria_left	0.0	0	0	-1.0	-1440.0	-1600.0	0.0	-1.0	-1440.0	-1600.0	0.0	-1.0	-1.0	-1.0	-1.0	-1.0	-1.0	0.0	11	0.0	0.0		1863	0	0
1701823157082	t	banquethall_test_cue_cafeteria_left	0.0	0	0	-1.0	742.7520000000001	1076.8000000000002	1.0	-1.0	-1440.0	-1600.0	1.0	-1.0	-1.0	-1.0	-1.0	-1.0	-1.0	0.0	11	0.0	0.0		1863	0	0
1701823157090	t	banquethall_test_cue_cafeteria_left	0.0	0	0	-1.0	741.1680000000001	1054.4	1.0	-1.0	736.56	1282.8799999999999	1.0	-1.0	-1.0	-1.0	-1.0	-1.0	-1.0	0.0	11	0.0	0.0		1863	0	0
1701823157099	t	banquethall_test_cue_cafeteria_left	0.0	0	0	-1.0	719.136	1062.88	0.0	-1.0	725.3280000000001	1268.48	0.0	-1.0	-1.0	-1.0	-1.0	-1.0	-1.0	0.0	11	0.0	0.0		1863	0	0
1701823157108	t	banquethall_test_cue_cafeteria_left	0.0	0	0	-1.0	725.1840000000001	1086.72	0.0	-1.0	727.92	1248.6399999999999	0.0	-1.0	-1.0	-1.0	-1.0	-1.0	-1.0	0.0	11	0.0	0.0		1863	0	0
1701823157116	t	banquethall_test_cue_cafeteria_left	0.0	0	0	-1.0	706.3199999999999	1080.32	0.0	-1.0	713.376	1219.36	0.0	-1.0	-1.0	-1.0	-1.0	-1.0	-1.0	0.0	11	0.0	0.0		1863	0	0
1701823157125	t	banquethall_test_cue_cafeteria_left	0.0	0	0	-1.0	697.1039999999999	1094.24	0.0	-1.0	708.912	1234.72	0.0	-1.0	-1.0	-1.0	-1.0	-1.0	-1.0	0.0	11	0.0	0.0		1863	0	0
1701823157133	t	banquethall_test_cue_cafeteria_left	0.0	0	0	-1.0	697.248	1090.72	0.0	-1.0	711.6479999999999	1238.24	0.0	-1.0	-1.0	-1.0	-1.0	-1.0	-1.0	0.0	11	0.0	0.0		1863	0	0
1701823157142	t	banquethall_test_cue_cafeteria_left	0.0	0	0	-1.0	694.5120000000001	1090.4	0.0	-1.0	704.736	1219.52	0.0	-1.0	-1.0	-1.0	-1.0	-1.0	-1.0	0.0	11	0.0	0.0		1863	0	0
1701823157150	t	banquethall_test_cue_cafeteria_left	0.0	0	0	-1.0	683.712	1089.92	0.0	-1.0	703.152	1235.52	0.0	-1.0	-1.0	-1.0	-1.0	-1.0	-1.0	0.0	11	0.0	0.0		1863	0	0
1701823157159	t	banquethall_test_cue_cafeteria_left	0.0	0	0	-1.0	686.736	1087.36	0.0	-1.0	703.296	1223.52	0.0	-1.0	-1.0	-1.0	-1.0	-1.0	-1.0	0.0	11	0.0	0.0		1863	0	0
1701823157167	t	banquethall_test_cue_cafeteria_left	0.0	0	0	-1.0	687.6	1075.2	0.0	-1.0	701.568	1232.0	0.0	-1.0	-1.0	-1.0	-1.0	-1.0	-1.0	0.0	11	0.0	0.0		1863	0	0
1701823157176	t	banquethall_test_cue_cafeteria_left	0.0	0	0	5.0403	683.424	1073.28	0.0	4.7298	704.736	1215.68	0.0	-0.0113	-0.4538	0.891	-30.7272	-0.9878	-34.9946	0.0	11	0.0	0.0		1863	0	0
1701823157184	t	banquethall_test_cue_cafeteria_left	0.0	0	0	5.1237	687.6	1067.68	0.0	4.7974	707.904	1217.1200000000001	0.0	-0.0272	-0.4638	0.8855	-30.7131	-0.9547	-34.9848	0.0	11	0.0	0.0		1863	0	0
1701823157192	t	banquethall_test_cue_cafeteria_left	0.0	0	0	5.005	682.992	1069.6	0.0	4.9163	705.6	1208.0	0.0	-0.0143	-0.4261	0.9046	-10.6867	0.0064	-36.0612	0.0	11	0.0	0.0		1863	0	0
1701823157201	t	banquethall_test_cue_cafeteria_left	0.0	0	0	5.0134	682.272	1069.76	0.0	4.8553	706.032	1203.04	0.0	-0.0155	-0.4203	0.9072	-12.1118	-0.0423	-35.9793	0.0	11	0.0	0.0		1863	0	0
1701823157209	t	banquethall_test_cue_cafeteria_left	0.0	0	0	5.1225	685.872	1056.8	0.0	4.8477	707.04	1201.6	0.0	-0.0218	-0.4048	0.9141	-9.0993	0.1106	-36.133	0.0	11	0.0	0.0		1863	0	0
1701823157217	t	banquethall_test_cue_cafeteria_left	0.0	0	0	5.1989	684.432	1058.08	0.0	4.9366	709.3439999999999	1196.96	0.0	-0.0242	-0.3985	0.9168	-4.8215	0.3387	-36.3583	0.0	11	0.0	0.0		1863	0	0
1701823157226	t	banquethall_test_cue_cafeteria_left	0.0	0	0	5.2137	684.7199999999999	1057.12	0.0	4.9511	711.936	1187.6799999999998	0.0	-0.0278	-0.3827	0.9235	0.7391	0.623	-36.6534	0.0	11	0.0	0.0		1863	0	0
1701823157234	t	banquethall_test_cue_cafeteria_left	0.0	0	0	5.0686	682.992	1053.76	0.0	5.0393	714.816	1183.52	0.0	-0.0264	-0.3756	0.9264	1.1717	0.6691	-36.672	0.0	11	0.0	0.0		1863	0	0
1701823157242	t	banquethall_test_cue_cafeteria_left	0.0	0	0	5.1636	683.712	1047.52	0.0	4.9398	711.936	1182.24	0.0	-0.0206	-0.37	0.9288	1.8303	0.729	-36.6912	0.0	11	0.0	0.0		1863	0	0
1701823157251	t	banquethall_test_cue_cafeteria_left	0.0	0	0	5.3416	684.432	1045.12	0.0	5.0846	717.12	1181.12	0.0	-0.0323	-0.3694	0.9287	0.7694	0.7072	-36.6294	0.0	11	0.0	0.0		1863	0	0
1701823157259	t	banquethall_test_cue_cafeteria_left	0.0	0	0	5.1393	684.576	1048.8	0.0	4.9362	717.408	1175.68	0.0	-0.028	-0.3721	0.9277	2.1601	0.7977	-36.6979	0.0	11	0.0	0.0		1863	0	0
1701823157267	t	banquethall_test_cue_cafeteria_left	0.0	0	0	5.0576	683.856	1042.7199999999998	0.0	4.9405	715.68	1177.28	0.0	-0.0223	-0.3712	0.9283	0.2057	0.7306	-36.5814	0.0	11	0.0	0.0		1863	0	0
1701823157276	t	banquethall_test_cue_cafeteria_left	0.0	0	0	5.1727	686.736	1038.24	0.8629	5.0371	718.9920000000001	1171.2	0.8608	-0.0321	-0.3598	0.9325	-0.9139	0.705	-36.5115	0.0	11	0.0	0.0		1863	0	0
1701823157284	t	banquethall_test_cue_cafeteria_left	0.0	0	0	5.0702	684.432	1034.3999999999999	0.8823	5.1714	720.4319999999999	1163.2	0.8973	-0.0304	-0.3467	0.9375	-0.8332	0.7416	-36.5091	0.0	11	0.0	0.0		1863	0	0
1701823157293	t	banquethall_test_cue_cafeteria_left	0.0	0	0	5.1991	691.344	1029.92	0.8823	5.1166	722.016	1159.2	0.8973	-0.0443	-0.3405	0.9392	-2.0675	0.7173	-36.4312	0.0	11	0.0	0.0		1863	0	0
1701823157301	t	banquethall_test_cue_cafeteria_left	0.0	0	0	5.1964	688.752	1025.76	0.9089	5.1951	724.176	1158.3999999999999	0.909	-0.0416	-0.3371	0.9406	-2.682	0.7092	-36.3946	0.0	11	0.0	0.0		1863	0	0
1701823157309	t	banquethall_test_cue_cafeteria_left	0.0	0	0	5.0925	689.04	1029.28	0.9089	5.1142	723.888	1156.48	0.909	-0.0383	-0.3398	0.9397	-2.0731	0.7439	-36.4282	0.0	11	0.0	0.0		1863	0	0
1701823157317	t	banquethall_test_cue_cafeteria_left	0.0	0	0	5.2104	688.752	1024.16	0.9556	5.0918	723.5999999999999	1154.72	0.9429	-0.0339	-0.3302	0.9433	-1.6427	0.7694	-36.4486	0.0	11	0.0	0.0		1863	0	0
1701823157326	t	banquethall_test_cue_cafeteria_left	0.0	0	0	4.9995	688.464	1028.64	0.9556	4.8766	732.816	1155.04	0.9429	-0.0526	-0.3397	0.9391	-1.4318	0.7932	-36.4646	0.0	11	0.0	0.0		1863	0	0
1701823157334	t	banquethall_test_cue_cafeteria_left	0.0	0	0	5.1197	693.792	1028.64	0.9641	5.1573	728.496	1153.1200000000001	0.945	-0.0515	-0.3371	0.94	-2.03	0.77	-36.4307	0.0	11	0.0	0.0		1863	0	0
1701823157342	t	banquethall_test_cue_cafeteria_left	0.0	0	0	4.8817	685.7280000000001	1032.8	1.0	5.1245	729.936	1151.52	1.0	-0.0361	-0.3427	0.9387	-1.472	0.8073	-36.4601	0.0	11	0.0	0.0		1863	0	0
1701823157351	t	banquethall_test_cue_cafeteria_left	0.0	0	0	5.0799	694.5120000000001	1024.9599999999998	1.0	5.0517	731.808	1149.28	1.0	-0.057	-0.3303	0.9421	-1.9515	0.8014	-36.4304	0.0	11	0.0	0.0		1863	0	0
1701823157359	t	banquethall_test_cue_cafeteria_left	0.0	0	0	5.1409	695.376	1025.76	1.0	5.0129	730.3679999999999	1147.04	1.0	-0.0545	-0.3304	0.9422	-2.3623	0.7951	-36.4034	0.0	11	0.0	0.0		1863	0	0
1701823157367	t	banquethall_test_cue_cafeteria_left	0.0	0	0	5.2115	693.216	1020.96	1.0	4.8005	733.9680000000001	1148.16	1.0	-0.0592	-0.3292	0.9424	-2.6335	0.8002	-36.3871	0.0	11	0.0	0.0		1863	0	0
1701823157376	t	banquethall_test_cue_cafeteria_left	0.0	0	0	5.2854	694.8	1016.3199999999999	1.0	4.9583	731.52	1147.68	1.0	-0.056	-0.321	0.9454	-3.7074	0.7448	-36.3269	0.0	11	0.0	0.0		1863	0	0
1701823157384	t	banquethall_test_cue_cafeteria_left	0.0	0	0	5.3381	694.5120000000001	1019.8399999999999	1.0	5.1373	725.04	1149.44	1.0	-0.0518	-0.3148	0.9477	-4.2282	0.6497	-36.3124	0.0	11	0.0	0.0		1863	0	0
1701823157392	t	banquethall_test_cue_cafeteria_left	0.0	0	0	5.3991	678.672	1047.52	1.0	5.227	703.7280000000001	1172.8	1.0	-0.0038	-0.3702	0.9289	-4.4346	0.5039	-36.3212	0.0	11	0.0	0.0		1863	0	0
1701823157401	t	banquethall_test_cue_cafeteria_left	0.0	0	0	5.3728	674.208	1056.16	1.0	5.2611	690.336	1196.48	1.0	0.0204	-0.3906	0.9203	3.2394	0.7277	-36.7931	0.0	11	0.0	0.0		1863	0	0
1701823157409	t	banquethall_test_cue_cafeteria_left	0.0	0	0	5.4011	680.976	1056.16	1.0	5.317	693.216	1193.6	1.0	-0.0023	-0.3749	0.9271	9.0005	0.9629	-37.1171	0.0	11	0.0	0.0		1863	0	0
1701823157417	t	banquethall_test_cue_cafeteria_left	0.0	0	0	5.363	679.968	1052.32	1.0	5.209	698.256	1192.48	1.0	-0.0034	-0.3621	0.9321	12.789	1.1412	-37.3278	0.0	11	0.0	0.0		1863	0	0
1701823157426	t	banquethall_test_cue_cafeteria_left	0.0	0	0	5.3731	678.816	1055.36	1.0	5.2527	694.8	1187.36	1.0	0.0061	-0.3662	0.9305	12.4226	1.1345	-37.3049	0.0	11	0.0	0.0		1863	0	0
1701823157434	t	banquethall_test_cue_cafeteria_left	0.0	0	0	5.2998	677.808	1053.1200000000001	1.0	5.2829	693.936	1185.76	1.0	0.0107	-0.3636	0.9315	11.1672	1.09	-37.23	0.0	11	0.0	0.0		1863	0	0
1701823157442	t	banquethall_test_cue_cafeteria_left	0.0	0	0	5.2456	678.816	1053.76	1.0	5.3575	693.216	1183.2	1.0	0.01	-0.3665	0.9304	8.3226	0.9715	-37.0669	0.0	11	0.0	0.0		1863	0	0
1701823157451	t	banquethall_test_cue_cafeteria_left	0.0	0	0	5.1509	678.528	1050.3999999999999	1.0	5.2788	694.8	1185.44	1.0	0.0085	-0.3672	0.9301	4.9284	0.8228	-36.8772	0.0	11	0.0	0.0		1863	0	0
1701823157459	t	banquethall_test_cue_cafeteria_left	0.0	0	0	5.3798	678.816	1049.12	1.0	5.1398	695.952	1189.4399999999998	1.0	0.0053	-0.3751	0.9269	1.7048	0.6801	-36.6986	0.0	11	0.0	0.0		1863	0	0
1701823157467	t	banquethall_test_cue_cafeteria_left	0.0	0	0	5.3603	677.088	1050.56	1.0	5.1048	700.416	1185.9199999999998	1.0	-0.0008	-0.3761	0.9266	-1.202	0.5559	-36.5367	0.0	11	0.0	0.0		1863	0	0
1701823157476	t	banquethall_test_cue_cafeteria_left	0.0	0	0	5.3604	678.24	1051.04	1.0	5.2274	697.824	1183.04	1.0	0.0031	-0.3742	0.9273	-1.8764	0.5331	-36.494	0.0	11	0.0	0.0		1863	0	0
1701823157484	t	banquethall_test_cue_cafeteria_left	0.0	0	0	5.2917	677.088	1049.92	1.0	5.1762	700.128	1180.96	1.0	-0.0007	-0.3694	0.9292	-1.6969	0.544	-36.5041	0.0	11	0.0	0.0		1863	0	0
1701823157492	t	banquethall_test_cue_cafeteria_left	0.0	0	0	5.3745	679.248	1048.0	1.0	5.1688	701.136	1176.96	1.0	-0.0067	-0.3616	0.9323	-1.3051	0.5723	-36.5226	0.0	11	0.0	0.0		1863	0	0
1701823157501	t	banquethall_test_cue_cafeteria_left	0.0	0	0	5.4603	677.088	1045.9199999999998	1.0	5.1563	702.8639999999999	1172.16	1.0	-0.007	-0.3535	0.9354	-0.9136	0.6062	-36.5355	0.0	11	0.0	0.0		1863	0	0
1701823157509	t	banquethall_test_cue_cafeteria_left	0.0	0	0	5.2864	675.648	1046.4	1.0	5.2557	702.8639999999999	1173.6000000000001	1.0	-0.0019	-0.3555	0.9347	-0.3353	0.6302	-36.5737	0.0	11	0.0	0.0		1863	0	0
1701823157517	t	banquethall_test_cue_cafeteria_left	0.0	0	0	5.4103	678.816	1047.52	1.0	5.2678	706.176	1168.8	1.0	-0.0161	-0.3515	0.936	0.4066	0.677	-36.607	0.0	11	0.0	0.0		1863	0	0
1701823157526	t	banquethall_test_cue_cafeteria_left	0.0	0	0	5.4071	679.8240000000001	1045.9199999999998	1.0	5.3306	705.7439999999999	1166.24	1.0	-0.0164	-0.3463	0.938	0.7668	0.7	-36.6231	0.0	11	0.0	0.0		1863	0	0
1701823157534	t	banquethall_test_cue_cafeteria_left	0.0	0	0	5.1937	676.512	1043.04	1.0	5.2726	704.736	1166.8799999999999	1.0	-0.0081	-0.3453	0.9384	0.3716	0.6917	-36.5969	0.0	11	0.0	0.0		1863	0	0
1701823157542	t	banquethall_test_cue_cafeteria_left	0.0	0	0	5.3598	679.536	1046.0800000000002	1.0	5.1311	705.168	1167.2	1.0	-0.0153	-0.3542	0.935	-0.6007	0.6636	-36.5389	0.0	11	0.0	0.0		1863	0	0
1701823157551	t	banquethall_test_cue_cafeteria_left	0.0	0	0	5.3507	680.976	1045.44	1.0	5.2867	703.8720000000001	1165.44	1.0	-0.0132	-0.3542	0.9351	-1.2197	0.6528	-36.4961	0.0	11	0.0	0.0		1863	0	0
1701823157559	t	banquethall_test_cue_cafeteria_left	0.0	0	0	5.3755	682.4159999999999	1044.8	1.0	5.2575	705.456	1160.64	1.0	-0.0182	-0.3507	0.9363	-1.6615	0.6612	-36.4639	0.0	11	0.0	0.0		1863	0	0
1701823157568	t	banquethall_test_cue_cafeteria_left	0.0	0	0	5.4862	679.104	1034.56	1.0	5.256	705.456	1158.3999999999999	1.0	-0.0113	-0.3393	0.9406	-2.0651	0.6798	-36.4341	0.0	11	0.0	0.0		1863	0	0
1701823157576	t	banquethall_test_cue_cafeteria_left	0.0	0	0	5.386	678.672	1033.92	1.0	5.2755	706.4639999999999	1156.96	1.0	-0.0105	-0.3398	0.9404	-2.2671	0.6902	-36.4205	0.0	11	0.0	0.0		1863	0	0
1701823157584	t	banquethall_test_cue_cafeteria_left	0.0	0	0	5.4136	679.536	1028.3200000000002	1.0	5.1639	705.888	1153.44	1.0	-0.0094	-0.3286	0.9444	-2.4023	0.6976	-36.4064	0.0	11	0.0	0.0		1863	0	0
1701823157593	t	banquethall_test_cue_cafeteria_left	0.0	0	0	5.4564	679.248	1022.08	1.0	5.2622	709.776	1152.96	1.0	-0.0184	-0.3258	0.9452	-5.5321	0.5823	-36.2273	0.0	11	0.0	0.0		1863	0	0
1701823157601	t	banquethall_test_cue_cafeteria_left	0.0	0	0	5.4381	684.0	1023.5200000000001	1.0	5.248	707.76	1149.6000000000001	1.0	-0.0225	-0.3243	0.9457	-6.0114	0.5721	-36.1916	0.0	11	0.0	0.0		1863	0	0
1701823157609	t	banquethall_test_cue_cafeteria_left	0.0	0	0	5.3095	681.8399999999999	1019.68	1.0	5.261	705.168	1150.24	1.0	-0.0105	-0.3252	0.9456	-6.4858	0.5669	-36.1579	0.0	11	0.0	0.0		1863	0	0
1701823157618	t	banquethall_test_cue_cafeteria_left	0.0	0	0	5.5179	682.992	1017.2800000000001	1.0	5.1711	706.3199999999999	1148.16	1.0	-0.0137	-0.3226	0.9464	-7.2221	0.5541	-36.1138	0.0	11	0.0	0.0		1863	0	0
1701823157626	t	banquethall_test_cue_cafeteria_left	0.0	0	0	5.4863	683.136	1017.6	1.0	5.1825	708.48	1146.24	1.0	-0.0186	-0.3233	0.9461	-7.0164	0.5859	-36.1206	0.0	11	0.0	0.0		1863	0	0
1701823157634	t	banquethall_test_cue_cafeteria_left	0.0	0	0	5.2465	681.408	1020.96	1.0	5.033	709.056	1144.1599999999999	1.0	-0.0164	-0.3261	0.9452	-5.9296	0.6488	-36.1763	0.0	11	0.0	0.0		1863	0	0
1701823157643	t	banquethall_test_cue_cafeteria_left	0.0	0	0	5.3926	683.136	1017.92	1.0	5.1484	707.472	1143.2	1.0	-0.0147	-0.3221	0.9466	-2.3514	0.8271	-36.3699	0.0	11	0.0	0.0		1863	0	0
1701823157651	t	banquethall_test_cue_cafeteria_left	0.0	0	0	5.4002	682.8480000000001	1017.92	1.0	5.2408	712.6560000000001	1140.48	1.0	-0.0235	-0.3198	0.9472	-2.4974	0.8377	-36.3616	0.0	11	0.0	0.0		1863	0	0
1701823157659	t	banquethall_test_cue_cafeteria_left	0.0	0	0	5.4764	684.144	1012.32	1.0	5.2013	713.232	1135.84	1.0	-0.0259	-0.3047	0.9521	-2.3312	0.8531	-36.368	0.0	11	0.0	0.0		1863	0	0
1701823157668	t	banquethall_test_cue_cafeteria_left	0.0	0	0	5.4935	682.272	1010.72	1.0	5.2818	712.6560000000001	1135.04	1.0	-0.0196	-0.3025	0.9529	-1.6579	0.8948	-36.4024	0.0	11	0.0	0.0		1863	0	0
1701823157676	t	banquethall_test_cue_cafeteria_left	0.0	0	0	5.445	681.8399999999999	1012.48	1.0	5.1882	714.528	1133.1200000000001	1.0	-0.0216	-0.3068	0.9515	-1.177	0.9407	-36.4237	0.0	11	0.0	0.0		1863	200	MYKEYWORD 200
