Recording timestamp	type	Scene Name	scene_num	order	djv_reported	PupilDiam_Left	Gaze2d_Left.x	Gaze2d_Left.y	left_eye_openness	PupilDiam_Right	Gaze2d_Right.x	Gaze2d_Right.y	right_eye_openness	gaze_direction_x	gaze_direction_y	gaze_direction_z	gaze_origin_x	gaze_origin_y	gaze_origin_z	gaze_convergence_distance	participant	study_status	scene_familiarity	recall_status	Identifier	Event value	Event message
1701884105526	t	officespace_test_cue_diner_right	0.0	0	0	3.723	499.67999999999995	696.64	0.499	3.7016	444.81600000000003	766.24	0.6468	0.1286	-0.3245	0.9371	-6.5013	6.0971	-34.0728	0.0	12	1.0	0.0		1898	100	MYKEYWORD 100
1701884105535	t	officespace_test_cue_diner_right	0.0	0	0	3.6637	499.248	700.64	0.499	3.7633	448.416	762.88	0.6468	0.124	-0.3252	0.9375	-5.7462	6.1335	-34.0879	0.0	12	1.0	0.0		1898	0	0
1701884105543	t	officespace_test_cue_diner_right	0.0	0	0	3.5535	501.84	702.08	0.5335	3.6784	452.304	758.24	0.6923	0.1159	-0.3224	0.9395	-3.3275	6.2133	-34.1534	0.0	12	1.0	0.0		1898	0	0
1701884105551	t	officespace_test_cue_diner_right	0.0	0	0	3.5061	501.84	697.2800000000001	0.5335	3.5726	455.04	755.36	0.6923	0.1133	-0.3153	0.9422	-1.023	6.2849	-34.2137	0.0	12	1.0	0.0		1898	0	0
1701884105560	t	officespace_test_cue_diner_right	0.0	0	0	3.5131	503.56800000000004	697.12	0.5561	3.6376	459.07199999999995	752.32	0.704	0.1049	-0.3134	0.9438	2.4576	6.3769	-34.3156	0.0	12	1.0	0.0		1898	0	0
1701884105568	t	officespace_test_cue_diner_right	0.0	0	0	3.2073	515.52	699.6800000000001	0.5578	3.5999	463.68	752.8	0.7055	0.0763	-0.3239	0.943	4.7769	6.4476	-34.3723	0.0	12	1.0	0.0		1898	0	0
1701884105576	t	officespace_test_cue_diner_right	0.0	0	0	3.2641	514.5120000000001	699.2	0.5851	3.6155	464.544	748.96	0.7311	0.0782	-0.3198	0.9442	6.051	6.4876	-34.41	0.0	12	1.0	0.0		1898	0	0
1701884105585	t	officespace_test_cue_diner_right	0.0	0	0	3.2954	514.5120000000001	702.24	0.5851	3.5251	467.136	750.08	0.7311	0.075	-0.3306	0.9408	7.7567	6.5386	-34.4621	0.0	12	1.0	0.0		1898	0	0
1701884105593	t	officespace_test_cue_diner_right	0.0	0	0	3.1811	516.816	697.2800000000001	0.607	3.4774	468.144	750.4	0.7284	0.0715	-0.3242	0.9433	6.9346	6.5325	-34.4303	0.0	12	1.0	0.0		1898	0	0
1701884105601	t	officespace_test_cue_diner_right	0.0	0	0	2.967	521.424	696.8	0.607	3.5692	469.008	745.4399999999999	0.7284	0.0667	-0.316	0.9464	3.4269	6.4705	-34.3172	0.0	12	1.0	0.0		1898	0	0
1701884105610	t	officespace_test_cue_diner_right	0.0	0	0	3.1303	521.568	693.92	0.6067	3.6282	472.032	745.12	0.7554	0.0627	-0.3119	0.948	3.2776	6.4726	-34.3117	0.0	12	1.0	0.0		1898	0	0
1701884105618	t	officespace_test_cue_diner_right	0.0	0	0	3.0775	525.168	696.16	0.6067	3.6251	472.17600000000004	741.28	0.7554	0.0559	-0.3047	0.9508	3.3006	6.4547	-34.3158	0.0	12	1.0	0.0		1898	0	0
1701884105626	t	officespace_test_cue_diner_right	0.0	0	0	3.1372	526.032	696.0	0.6306	3.5594	474.19199999999995	742.0799999999999	0.7582	0.053	-0.3077	0.95	3.3237	6.4652	-34.3161	0.0	12	1.0	0.0		1898	0	0
1701884105635	t	officespace_test_cue_diner_right	0.0	0	0	3.1276	527.184	694.08	0.6306	3.5469	476.784	741.12	0.7582	0.0495	-0.3036	0.9515	3.4053	6.4705	-34.3192	0.0	12	1.0	0.0		1898	0	0
1701884105643	t	officespace_test_cue_diner_right	0.0	0	0	3.1756	521.856	688.9599999999999	0.6443	3.5559	477.36	741.92	0.7552	0.0623	-0.2978	0.9526	3.7084	6.4816	-34.3296	0.0	12	1.0	0.0		1898	0	0
1701884105651	t	officespace_test_cue_diner_right	0.0	0	0	3.1814	528.336	689.76	0.6443	3.6372	480.96000000000004	739.8399999999999	0.7552	0.0468	-0.297	0.9537	3.7809	6.4914	-34.33	0.0	12	1.0	0.0		1898	0	0
1701884105660	t	officespace_test_cue_diner_right	0.0	0	0	3.2939	531.36	686.4	0.6644	3.6786	482.256	735.68	0.7796	0.0449	-0.2895	0.9561	3.5382	6.5114	-34.3084	0.0	12	1.0	0.0		1898	0	0
1701884105668	t	officespace_test_cue_diner_right	0.0	0	0	3.2802	535.2479999999999	684.16	0.6644	3.6926	485.856	733.4399999999999	0.7796	0.0345	-0.2834	0.9584	2.9439	6.5094	-34.2882	0.0	12	1.0	0.0		1898	0	0
1701884105676	t	officespace_test_cue_diner_right	0.0	0	0	3.249	532.5120000000001	681.6	0.6626	3.5924	484.128	737.12	0.7673	0.0472	-0.2871	0.9567	2.4014	6.5042	-34.272	0.0	12	1.0	0.0		1898	0	0
1701884105685	t	officespace_test_cue_diner_right	0.0	0	0	3.3058	536.976	680.48	0.6626	3.5752	485.712	738.72	0.7673	0.0398	-0.2885	0.9566	1.863	6.494	-34.2535	0.0	12	1.0	0.0		1898	0	0
1701884105693	t	officespace_test_cue_diner_right	0.0	0	0	3.1863	535.2479999999999	682.72	0.6594	3.6521	487.152	737.12	0.7902	0.0435	-0.2894	0.9562	1.6722	6.4941	-34.2523	0.0	12	1.0	0.0		1898	0	0
1701884105701	t	officespace_test_cue_diner_right	0.0	0	0	3.3159	536.976	678.4	0.661	3.7118	490.752	738.4000000000001	0.7914	0.0334	-0.2858	0.9577	1.8758	6.5014	-34.2586	0.0	12	1.0	0.0		1898	0	0
1701884105710	t	officespace_test_cue_diner_right	0.0	0	0	3.321	540.0	680.9599999999999	0.677	3.7626	492.76800000000003	731.8399999999999	0.7689	0.0265	-0.2785	0.9601	2.3468	6.5176	-34.2721	0.0	12	1.0	0.0		1898	0	0
1701884105720	t	officespace_test_cue_diner_right	0.0	0	0	3.3168	541.44	678.72	0.6715	3.6494	497.088	732.64	0.7943	0.0147	-0.2751	0.9613	3.0972	6.5262	-34.3023	0.0	12	1.0	0.0		1898	0	0
1701884105726	t	officespace_test_cue_diner_right	0.0	0	0	3.3259	542.304	676.16	0.6715	3.6056	500.976	734.72	0.7943	0.0111	-0.2791	0.9602	5.5059	6.5971	-34.3647	0.0	12	1.0	0.0		1898	0	0
1701884105734	t	officespace_test_cue_diner_right	0.0	0	0	3.3533	541.8720000000001	676.48	0.6715	3.7146	502.55999999999995	734.5600000000001	0.7943	0.0157	-0.2861	0.9581	6.6461	6.6514	-34.3816	0.0	12	1.0	0.0		1898	0	0
1701884105742	t	officespace_test_cue_diner_right	0.0	0	0	3.3971	547.3439999999999	675.6800000000001	0.6955	3.6062	502.416	729.28	0.7898	0.0072	-0.2765	0.961	6.9	6.657	-34.387	0.0	12	1.0	0.0		1898	0	0
1701884105751	t	officespace_test_cue_diner_right	0.0	0	0	3.5301	545.328	672.64	0.6955	3.5607	505.58400000000006	729.28	0.7898	0.0111	-0.2767	0.9609	7.1857	6.6911	-34.3895	0.0	12	1.0	0.0		1898	0	0
1701884105759	t	officespace_test_cue_diner_right	0.0	0	0	3.4628	548.208	671.6800000000001	0.6861	3.5211	507.45599999999996	724.8000000000001	0.8038	0.0043	-0.2643	0.9644	7.0966	6.6762	-34.4028	0.0	12	1.0	0.0		1898	0	0
1701884105768	t	officespace_test_cue_diner_right	0.0	0	0	3.3629	550.08	671.1999999999999	0.6861	3.6699	509.184	724.0	0.8038	0.0001	-0.2635	0.9646	6.5789	6.6749	-34.3902	0.0	12	1.0	0.0		1898	0	0
1701884105776	t	officespace_test_cue_diner_right	0.0	0	0	3.4195	550.3679999999999	669.76	0.7144	3.6642	508.752	725.12	0.8079	0.0011	-0.2638	0.9646	5.8889	6.6673	-34.3687	0.0	12	1.0	0.0		1898	0	0
1701884105785	t	officespace_test_cue_diner_right	0.0	0	0	3.483	549.648	669.9200000000001	0.7144	3.6561	509.32800000000003	723.52	0.8079	0.0023	-0.2623	0.965	5.4366	6.6623	-34.3534	0.0	12	1.0	0.0		1898	0	0
1701884105793	t	officespace_test_cue_diner_right	0.0	0	0	3.4541	551.664	671.6800000000001	0.7128	3.5642	511.056	724.8000000000001	0.8185	-0.002	-0.269	0.9631	3.2307	6.6305	-34.2887	0.0	12	1.0	0.0		1898	0	0
1701884105801	t	officespace_test_cue_diner_right	0.0	0	0	3.4339	553.104	671.6800000000001	0.7128	3.5737	511.056	726.72	0.8185	-0.0032	-0.2732	0.962	4.9475	6.6673	-34.3398	0.0	12	1.0	0.0		1898	0	0
1701884105810	t	officespace_test_cue_diner_right	0.0	0	0	3.4119	554.112	669.6	0.734	3.6034	513.5039999999999	726.24	0.8398	-0.0072	-0.2692	0.963	3.7476	6.6474	-34.3065	0.0	12	1.0	0.0		1898	0	0
1701884105818	t	officespace_test_cue_diner_right	0.0	0	0	3.5036	554.976	666.5600000000001	0.734	3.6144	512.784	722.88	0.8398	-0.0052	-0.2591	0.9658	3.6776	6.6488	-34.3012	0.0	12	1.0	0.0		1898	0	0
1701884105826	t	officespace_test_cue_diner_right	0.0	0	0	3.4426	555.984	666.4	0.7348	3.6055	514.2239999999999	723.36	0.8427	-0.0081	-0.2601	0.9655	3.7515	6.6531	-34.3021	0.0	12	1.0	0.0		1898	0	0
1701884105835	t	officespace_test_cue_diner_right	0.0	0	0	3.4257	558.432	669.4399999999999	0.7362	3.5635	516.096	722.4	0.8436	-0.0136	-0.2643	0.9643	3.6354	6.656	-34.2999	0.0	12	1.0	0.0		1898	0	0
1701884105843	t	officespace_test_cue_diner_right	0.0	0	0	3.4026	556.848	665.6	0.7624	3.6737	514.368	721.12	0.8611	-0.0043	-0.2567	0.9665	3.6122	6.6604	-34.2996	0.0	12	1.0	0.0		1898	0	0
1701884105851	t	officespace_test_cue_diner_right	0.0	0	0	3.4015	558.864	665.9200000000001	0.7624	3.5564	515.664	720.3199999999999	0.8611	-0.0106	-0.2563	0.9665	3.5994	6.664	-34.3003	0.0	12	1.0	0.0		1898	0	0
1701884105860	t	officespace_test_cue_diner_right	0.0	0	0	3.5088	552.24	654.08	0.7686	3.6152	511.91999999999996	713.44	0.8526	-0.0028	-0.242	0.9703	3.305	6.7413	-34.2788	0.0	12	1.0	0.0		1898	0	0
1701884105868	t	officespace_test_cue_diner_right	0.0	0	0	3.2299	547.6320000000001	635.04	0.7686	3.6667	504.144	687.6800000000001	0.8526	0.0069	-0.2036	0.979	7.3486	7.0013	-34.3545	0.0	12	1.0	0.0		1898	0	0
1701884105877	t	officespace_test_cue_diner_right	0.0	0	0	3.4279	542.448	595.04	0.748	3.6118	496.944	664.64	0.8558	0.0141	-0.1384	0.9903	18.3206	7.4642	-34.63	0.0	12	1.0	0.0		1898	0	0
1701884105885	t	officespace_test_cue_diner_right	0.0	0	0	3.0752	526.4639999999999	578.88	0.748	3.3513	482.54400000000004	652.1600000000001	0.8558	0.0638	-0.134	0.9889	29.4631	7.9738	-35.0395	0.0	12	1.0	0.0		1898	0	0
1701884105893	t	officespace_test_cue_diner_right	0.0	0	0	2.9796	514.368	558.88	0.6641	3.6274	464.688	622.72	0.8782	0.0962	-0.0996	0.9904	34.9774	8.1965	-34.9026	0.0	12	1.0	0.0		1898	0	0
1701884105902	t	officespace_test_cue_diner_right	0.0	0	0	2.7444	511.632	554.72	0.6641	3.4563	459.36	616.16	0.8782	0.0605	-0.0704	0.9957	-4.5948	7.1754	-33.0728	0.0	12	1.0	0.0		1898	0	0
1701884105910	t	officespace_test_cue_diner_right	0.0	0	0	2.8944	510.624	547.8399999999999	0.6911	3.4541	459.216	610.0799999999999	0.9066	0.0487	-0.0386	0.9981	-21.0834	6.8867	-32.9719	0.0	12	1.0	0.0		1898	0	0
1701884105918	t	officespace_test_cue_diner_right	0.0	0	0	2.9514	508.608	551.8399999999999	0.6911	3.5496	461.37600000000003	608.64	0.9066	0.0402	-0.0312	0.9987	-24.9201	6.8886	-33.2366	0.0	12	1.0	0.0		1898	0	0
1701884105927	t	officespace_test_cue_diner_right	0.0	0	0	3.3469	504.144	538.24	1.0	3.4316	460.368	608.16	1.0	0.0528	-0.021	0.9984	-25.9339	6.742	-32.8478	0.0	12	1.0	0.0		1898	0	0
1701884105935	t	officespace_test_cue_diner_right	0.0	0	0	3.4941	502.55999999999995	532.48	1.0	3.5508	461.808	608.16	1.0	0.0557	-0.0189	0.9983	-25.8291	6.6941	-32.6661	0.0	12	1.0	0.0		1898	0	0
1701884105943	t	officespace_test_cue_diner_right	0.0	0	0	3.4805	503.99999999999994	530.88	1.0	3.4445	463.68	610.56	1.0	0.052	-0.0267	0.9983	-25.9376	6.7817	-33.0503	0.0	12	1.0	0.0		1898	0	0
1701884105952	t	officespace_test_cue_diner_right	0.0	0	0	3.515	502.12800000000004	530.72	1.0	3.4429	463.104	610.72	1.0	0.0625	-0.0267	0.9977	-25.3338	6.7865	-33.0404	0.0	12	1.0	0.0		1898	0	0
1701884105960	t	officespace_test_cue_diner_right	0.0	0	0	3.4626	502.704	531.68	1.0	3.4515	465.40799999999996	609.12	1.0	0.0616	-0.0198	0.9979	-22.9457	6.7944	-32.9182	0.0	12	1.0	0.0		1898	0	0
1701884105968	t	officespace_test_cue_diner_right	0.0	0	0	3.4814	505.296	533.12	1.0	3.5478	467.85600000000005	610.56	1.0	0.0585	-0.023	0.998	-15.4977	6.9408	-33.0431	0.0	12	1.0	0.0		1898	0	0
1701884105977	t	officespace_test_cue_diner_right	0.0	0	0	3.3425	506.736	528.16	1.0	3.527	468.144	608.96	1.0	0.0602	-0.0144	0.9981	-12.7465	7.0085	-33.1405	0.0	12	1.0	0.0		1898	0	0
1701884105985	t	officespace_test_cue_diner_right	0.0	0	0	3.4282	503.13599999999997	529.44	1.0	3.4945	467.85600000000005	607.84	1.0	0.0749	-0.011	0.9971	8.4734	7.5315	-33.8515	0.0	12	1.0	0.0		1898	0	0
1701884105993	t	officespace_test_cue_diner_right	0.0	0	0	3.4717	506.44800000000004	532.16	1.0	3.5688	471.888	611.68	1.0	0.0564	-0.0217	0.9982	-4.6087	7.2185	-33.4859	0.0	12	1.0	0.0		1898	0	0
1701884106002	t	officespace_test_cue_diner_right	0.0	0	0	3.4582	506.44800000000004	531.68	1.0	3.4285	475.20000000000005	609.44	1.0	0.0575	-0.0098	0.9983	10.0774	7.4479	-33.5307	0.0	12	1.0	0.0		1898	0	0
1701884106010	t	officespace_test_cue_diner_right	0.0	0	0	3.4685	504.144	529.6	1.0	3.4844	478.368	609.76	1.0	0.0776	-0.0018	0.997	31.0508	7.9185	-34.0338	0.0	12	1.0	0.0		1898	0	0
1701884106019	t	officespace_test_cue_diner_right	0.0	0	0	3.4577	510.47999999999996	535.36	1.0	3.4503	482.11199999999997	609.44	1.0	0.0557	-0.0194	0.9982	32.8767	7.9618	-34.09	0.0	12	1.0	0.0		1898	0	0
1701884106027	t	officespace_test_cue_diner_right	0.0	0	0	3.426	509.03999999999996	534.5600000000001	1.0	3.4975	483.55199999999996	613.12	1.0	0.0592	-0.0186	0.9981	28.5608	7.8669	-33.9844	0.0	12	1.0	0.0		1898	0	0
1701884106035	t	officespace_test_cue_diner_right	0.0	0	0	3.3367	512.496	537.92	1.0	3.4217	484.99199999999996	612.16	1.0	0.0382	-0.0254	0.9989	11.8694	7.4573	-33.4374	0.0	12	1.0	0.0		1898	0	0
1701884106043	t	officespace_test_cue_diner_right	0.0	0	0	3.4952	511.776	534.88	1.0	3.4365	483.12	610.4	1.0	0.0329	-0.0144	0.9993	-11.2149	6.8926	-32.6839	0.0	12	1.0	0.0		1898	0	0
1701884106052	t	officespace_test_cue_diner_right	0.0	0	0	3.3749	513.792	537.28	1.0	3.329	483.55199999999996	611.68	1.0	0.0308	-0.019	0.9993	-14.6579	6.7997	-32.5438	0.0	12	1.0	0.0		1898	0	0
1701884106060	t	officespace_test_cue_diner_right	0.0	0	0	3.4903	513.36	534.24	1.0	3.5072	485.856	612.4799999999999	1.0	0.0225	-0.0192	0.9996	-22.913	6.569	-32.1647	0.0	12	1.0	0.0		1898	0	0
1701884106068	t	officespace_test_cue_diner_right	0.0	0	0	3.1778	511.776	528.16	1.0	3.3759	484.128	610.56	1.0	0.032	-0.013	0.9994	-21.7266	6.635	-32.3218	0.0	12	1.0	0.0		1898	0	0
1701884106077	t	officespace_test_cue_diner_right	0.0	0	0	3.4067	512.784	530.5600000000001	1.0	3.5306	486.86400000000003	614.24	1.0	0.0241	-0.0257	0.9994	-20.9196	6.6675	-32.3909	0.0	12	1.0	0.0		1898	0	0
1701884106085	t	officespace_test_cue_diner_right	0.0	0	0	3.4589	513.5039999999999	531.8399999999999	1.0	3.3368	486.43199999999996	611.84	1.0	0.025	-0.0183	0.9995	-22.1009	6.6388	-32.3613	0.0	12	1.0	0.0		1898	0	0
1701884106093	t	officespace_test_cue_diner_right	0.0	0	0	3.4067	514.0799999999999	533.28	1.0	3.3222	487.584	611.52	1.0	0.0215	-0.0179	0.9996	-22.5228	6.6497	-32.4249	0.0	12	1.0	0.0		1898	0	0
1701884106102	t	officespace_test_cue_diner_right	0.0	0	0	3.3649	516.096	533.4399999999999	1.0	3.3192	487.296	614.72	1.0	0.0265	-0.0274	0.9993	-16.0423	6.8373	-32.7575	0.0	12	1.0	0.0		1898	0	0
1701884106110	t	officespace_test_cue_diner_right	0.0	0	0	3.3232	517.392	533.28	1.0	3.3458	489.6	614.0799999999999	1.0	0.0208	-0.0218	0.9995	-3.7141	7.1345	-33.1597	0.0	12	1.0	0.0		1898	0	0
1701884106118	t	officespace_test_cue_diner_right	0.0	0	0	3.2479	519.12	537.76	1.0	3.341	487.44000000000005	614.0799999999999	1.0	0.0248	-0.0291	0.9993	28.6262	7.9949	-34.5144	0.0	12	1.0	0.0		1898	0	0
1701884106126	t	officespace_test_cue_diner_right	0.0	0	0	3.2444	520.128	536.96	1.0	3.3387	488.448	614.88	1.0	0.0217	-0.025	0.9995	35.0686	8.1315	-34.6647	0.0	12	1.0	0.0		1898	0	0
1701884106135	t	officespace_test_cue_diner_right	0.0	0	0	3.184	521.136	537.4399999999999	1.0	3.5052	490.752	614.88	1.0	0.0199	-0.0253	0.9995	35.4221	8.1074	-34.565	0.0	12	1.0	0.0		1898	0	0
1701884106143	t	officespace_test_cue_diner_right	0.0	0	0	3.3013	522.288	534.72	1.0	3.4261	489.024	615.52	1.0	0.0157	-0.0133	0.9998	34.501	7.943	-33.9792	0.0	12	1.0	0.0		1898	0	0
1701884106151	t	officespace_test_cue_diner_right	0.0	0	0	3.3368	523.296	537.12	1.0	3.3217	489.744	617.12	1.0	0.0109	-0.0211	0.9997	32.722	7.9425	-34.1106	0.0	12	1.0	0.0		1898	0	0
1701884106160	t	officespace_test_cue_diner_right	0.0	0	0	3.3028	523.296	535.68	1.0	3.464	492.33599999999996	616.8000000000001	1.0	0.0129	-0.0121	0.9998	26.5791	7.7049	-33.656	0.0	12	1.0	0.0		1898	0	0
1701884106168	t	officespace_test_cue_diner_right	0.0	0	0	3.2282	523.008	538.0799999999999	1.0	3.3464	495.792	623.68	1.0	0.012	-0.0231	0.9996	30.9182	7.9264	-34.2541	0.0	12	1.0	0.0		1898	0	0
1701884106176	t	officespace_test_cue_diner_right	0.0	0	0	3.3887	523.152	538.24	1.0	3.3435	493.20000000000005	620.3199999999999	1.0	0.0089	-0.0242	0.9997	34.4772	8.0269	-34.3624	0.0	12	1.0	0.0		1898	0	0
1701884106185	t	officespace_test_cue_diner_right	0.0	0	0	3.3037	502.992	526.72	1.0	3.2831	482.40000000000003	614.0799999999999	1.0	0.0615	0.0078	0.9981	35.658	8.0504	-34.2835	0.0	12	1.0	0.0		1898	0	0
1701884106193	t	officespace_test_cue_diner_right	0.0	0	0	3.2921	504.57599999999996	528.16	1.0	3.3954	481.392	611.84	1.0	0.0436	-0.0035	0.999	35.9715	8.1604	-34.613	0.0	12	1.0	0.0		1898	0	0
1701884106201	t	officespace_test_cue_diner_right	0.0	0	0	3.3999	505.296	529.12	1.0	3.3558	478.8	610.56	1.0	0.0387	-0.0045	0.9992	35.7806	8.1487	-34.6152	0.0	12	1.0	0.0		1898	0	0
1701884106210	t	officespace_test_cue_diner_right	0.0	0	0	3.1476	507.02400000000006	527.0400000000001	1.0	3.2913	481.968	610.88	1.0	0.0406	0.0063	0.9991	34.5844	8.0396	-34.3147	0.0	12	1.0	0.0		1898	0	0
1701884106218	t	officespace_test_cue_diner_right	0.0	0	0	3.4494	512.64	532.8000000000001	1.0	3.282	481.248	613.28	1.0	0.0264	-0.005	0.9996	35.2189	7.9865	-34.185	0.0	12	1.0	0.0		1898	0	0
1701884106226	t	officespace_test_cue_diner_right	0.0	0	0	3.2712	518.688	539.52	1.0	3.4746	487.584	613.76	1.0	0.0163	-0.0222	0.9996	34.7658	7.9601	-34.196	0.0	12	1.0	0.0		1898	0	0
1701884106235	t	officespace_test_cue_diner_right	0.0	0	0	3.253	520.128	532.8000000000001	1.0	3.3346	488.448	614.0799999999999	1.0	0.0199	-0.0008	0.9998	30.6819	7.8916	-34.1862	0.0	12	1.0	0.0		1898	0	0
1701884106243	t	officespace_test_cue_diner_right	0.0	0	0	3.2945	523.296	538.0799999999999	1.0	3.2435	492.76800000000003	615.84	1.0	0.015	-0.0144	0.9998	33.2977	7.9052	-34.1133	0.0	12	1.0	0.0		1898	0	0
1701884106251	t	officespace_test_cue_diner_right	0.0	0	0	3.2677	528.768	538.0799999999999	1.0	3.3472	495.936	613.76	1.0	0.0027	-0.0122	0.9999	23.4634	7.6122	-33.5749	0.0	12	1.0	0.0		1898	0	0
1701884106262	t	officespace_test_cue_diner_right	0.0	0	0	3.3907	531.792	537.92	1.0	3.1134	502.848	614.4	1.0	-0.009	-0.0152	0.9998	9.9432	7.2868	-33.0741	0.0	12	1.0	0.0		1898	0	0
1701884106268	t	officespace_test_cue_diner_right	0.0	0	0	3.4009	534.672	536.48	1.0	3.3276	506.736	611.0400000000001	1.0	-0.019	-0.0076	0.9998	0.7272	7.0926	-32.8524	0.0	12	1.0	0.0		1898	0	0
1701884106276	t	officespace_test_cue_diner_right	0.0	0	0	3.347	536.832	536.8000000000001	1.0	3.264	509.03999999999996	612.0	1.0	-0.0272	-0.0116	0.9996	-9.8642	6.8723	-32.6149	0.0	12	1.0	0.0		1898	0	0
1701884106285	t	officespace_test_cue_diner_right	0.0	0	0	3.3668	543.8879999999999	537.92	1.0	3.1937	509.472	612.3199999999999	1.0	-0.0273	-0.0116	0.9996	2.3809	7.1329	-32.9086	0.0	12	1.0	0.0		1898	0	0
1701884106293	t	officespace_test_cue_diner_right	0.0	0	0	3.3787	544.7520000000001	539.36	1.0	3.1552	510.47999999999996	613.76	1.0	-0.0245	-0.0157	0.9996	4.7919	7.1649	-32.9049	0.0	12	1.0	0.0		1898	0	0
1701884106301	t	officespace_test_cue_diner_right	0.0	0	0	3.2376	547.7760000000001	543.04	1.0	3.2729	515.52	612.96	1.0	-0.0367	-0.0145	0.9992	-9.8575	6.7562	-32.206	0.0	12	1.0	0.0		1898	0	0
1701884106310	t	officespace_test_cue_diner_right	0.0	0	0	3.361	552.24	541.28	1.0	3.2954	517.392	615.2	1.0	-0.037	-0.0267	0.9989	-21.5583	6.6223	-32.2551	0.0	12	1.0	0.0		1898	0	0
1701884106318	t	officespace_test_cue_diner_right	0.0	0	0	3.1958	552.96	542.4000000000001	1.0	3.2628	520.128	615.2	1.0	-0.0536	-0.0213	0.9983	-25.7214	6.4038	-31.7285	0.0	12	1.0	0.0		1898	0	0
1701884106328	t	officespace_test_cue_diner_right	0.0	0	0	3.3463	556.416	538.72	1.0	3.2383	526.896	614.24	1.0	-0.0752	-0.0172	0.997	-26.4918	6.4076	-31.7794	0.0	12	1.0	0.0		1898	0	0
1701884106335	t	officespace_test_cue_diner_right	0.0	0	0	3.4403	559.584	540.16	1.0	3.1924	530.064	616.16	1.0	-0.0736	-0.0252	0.997	-26.6668	6.4341	-31.8728	0.0	12	1.0	0.0		1898	0	0
1701884106343	t	officespace_test_cue_diner_right	0.0	0	0	3.3552	562.0319999999999	541.28	1.0	3.2609	534.96	613.6	1.0	-0.0846	-0.0178	0.9962	-26.5655	6.5421	-32.2492	0.0	12	1.0	0.0		1898	0	0
1701884106352	t	officespace_test_cue_diner_right	0.0	0	0	3.3486	565.056	540.0	1.0	3.245	536.544	614.88	1.0	-0.0829	-0.0213	0.9963	-22.4434	6.6285	-32.3627	0.0	12	1.0	0.0		1898	0	0
1701884106360	t	officespace_test_cue_diner_right	0.0	0	0	3.3532	567.072	541.4399999999999	1.0	3.3067	538.1279999999999	613.76	1.0	-0.0572	-0.0185	0.9982	27.8476	7.6898	-33.5372	0.0	12	1.0	0.0		1898	0	0
1701884106368	t	officespace_test_cue_diner_right	0.0	0	0	3.2295	571.536	542.72	1.0	3.2473	539.136	616.16	1.0	-0.0665	-0.0246	0.9975	27.7586	7.7285	-33.6771	0.0	12	1.0	0.0		1898	0	0
1701884106376	t	officespace_test_cue_diner_right	0.0	0	0	3.2834	575.568	542.88	1.0	3.2653	540.72	616.16	1.0	-0.0769	-0.0257	0.9967	27.7489	7.751	-33.7427	0.0	12	1.0	0.0		1898	0	0
1701884106385	t	officespace_test_cue_diner_right	0.0	0	0	3.2817	578.016	543.04	1.0	3.1529	542.448	620.64	1.0	-0.0861	-0.0265	0.9959	16.8248	7.4002	-33.067	0.0	12	1.0	0.0		1898	0	0
1701884106393	t	officespace_test_cue_diner_right	0.0	0	0	3.257	579.6	543.36	1.0	3.2968	545.616	619.36	1.0	-0.088	-0.0266	0.9958	14.3017	7.3302	-32.924	0.0	12	1.0	0.0		1898	0	0
1701884106401	t	officespace_test_cue_diner_right	0.0	0	0	3.2587	583.344	543.68	1.0	3.1072	546.336	617.76	1.0	-0.0887	-0.0305	0.9956	-5.3689	7.0121	-32.8208	0.0	12	1.0	0.0		1898	0	0
1701884106410	t	officespace_test_cue_diner_right	0.0	0	0	3.3465	586.0799999999999	542.4000000000001	1.0	3.0459	548.928	617.12	1.0	-0.0961	-0.0294	0.9949	-19.2487	6.7215	-32.5013	0.0	12	1.0	0.0		1898	0	0
1701884106418	t	officespace_test_cue_diner_right	0.0	0	0	3.2704	587.664	544.32	1.0	3.1071	551.376	621.76	1.0	-0.1015	-0.0456	0.9938	-24.6219	6.6011	-32.3618	0.0	12	1.0	0.0		1898	0	0
1701884106426	t	officespace_test_cue_diner_right	0.0	0	0	3.3362	588.9599999999999	541.28	1.0	3.0354	555.264	616.0	1.0	-0.1134	-0.0229	0.9933	-25.6416	6.5643	-32.3044	0.0	12	1.0	0.0		1898	0	0
1701884106435	t	officespace_test_cue_diner_right	0.0	0	0	3.3377	590.832	542.5600000000001	1.0	3.1266	557.712	618.56	1.0	-0.1166	-0.029	0.9928	-25.6844	6.5543	-32.3241	0.0	12	1.0	0.0		1898	0	0
1701884106443	t	officespace_test_cue_diner_right	0.0	0	0	3.2678	593.424	544.32	1.0	3.0715	560.16	619.2	1.0	-0.1206	-0.0302	0.9922	-24.7814	6.5669	-32.3316	0.0	12	1.0	0.0		1898	0	0
1701884106451	t	officespace_test_cue_diner_right	0.0	0	0	3.2179	596.016	543.68	1.0	3.1146	562.8960000000001	617.92	1.0	-0.1284	-0.0251	0.9914	-19.9571	6.6519	-32.3559	0.0	12	1.0	0.0		1898	0	0
1701884106459	t	officespace_test_cue_diner_right	0.0	0	0	3.2034	599.904	546.72	1.0	3.1856	565.344	621.44	1.0	-0.1297	-0.0334	0.991	-10.2367	6.8344	-32.53	0.0	12	1.0	0.0		1898	0	0
1701884106468	t	officespace_test_cue_diner_right	0.0	0	0	3.3492	605.0880000000001	548.0	1.0	3.1679	566.208	620.96	1.0	-0.1334	-0.0331	0.9905	-11.9717	6.8054	-32.5226	0.0	12	1.0	0.0		1898	0	0
1701884106476	t	officespace_test_cue_diner_right	0.0	0	0	3.277	608.112	550.5600000000001	1.0	3.1104	563.76	622.56	1.0	-0.1236	-0.0418	0.9914	-17.2169	6.7177	-32.4771	0.0	12	1.0	0.0		1898	0	0
1701884106485	t	officespace_test_cue_diner_right	0.0	0	0	3.2528	609.696	550.5600000000001	1.0	3.3598	572.4	623.2	1.0	-0.151	-0.0403	0.9877	-23.0664	6.5924	-32.3636	0.0	12	1.0	0.0		1898	0	0
1701884106493	t	officespace_test_cue_diner_right	0.0	0	0	3.3073	611.856	551.04	1.0	3.2025	571.6800000000001	620.96	1.0	-0.1428	-0.0327	0.9892	-25.771	6.5358	-32.3082	0.0	12	1.0	0.0		1898	0	0
1701884106501	t	officespace_test_cue_diner_right	0.0	0	0	3.336	614.304	552.32	1.0	3.1435	573.84	627.68	1.0	-0.1444	-0.0549	0.988	-26.5575	6.5121	-32.2939	0.0	12	1.0	0.0		1898	0	0
1701884106510	t	officespace_test_cue_diner_right	0.0	0	0	3.3757	615.7439999999999	552.32	1.0	3.1251	574.128	626.24	1.0	-0.1412	-0.048	0.9888	-26.574	6.5043	-32.2988	0.0	12	1.0	0.0		1898	0	0
1701884106518	t	officespace_test_cue_diner_right	0.0	0	0	3.3962	616.7520000000001	551.04	1.0	2.996	572.256	626.4	1.0	-0.1304	-0.0479	0.9903	-26.6346	6.4948	-32.2991	0.0	12	1.0	0.0		1898	200	MYKEYWORD 200
