Recording timestamp	type	Scene Name	scene_num	order	djv_reported	PupilDiam_Left	Gaze2d_Left.x	Gaze2d_Left.y	left_eye_openness	PupilDiam_Right	Gaze2d_Right.x	Gaze2d_Right.y	right_eye_openness	gaze_direction_x	gaze_direction_y	gaze_direction_z	gaze_origin_x	gaze_origin_y	gaze_origin_z	gaze_convergence_distance	participant	study_status	scene_familiarity	recall_status	Identifier	Event value	Event message
1701990892422	t	logcabin_testcue_study_right	0.0	0	0	3.0065	682.8480000000001	960.3199999999999	1.0	3.5588	738.72	1172.48	1.0	0.2005	-0.1597	0.9666	7.938	2.3693	-41.532	0.0	22	0.0	0.0		3676	100	MYKEYWORD 100
1701990892431	t	logcabin_testcue_study_right	0.0	0	0	2.9553	685.4399999999999	955.52	1.0	3.5708	738.432	1170.72	1.0	0.1977	-0.1462	0.9693	19.864	2.9349	-41.4796	0.0	22	0.0	0.0		3676	0	0
1701990892439	t	logcabin_testcue_study_right	0.0	0	0	2.9769	686.16	957.2800000000001	1.0	3.455	743.184	1170.24	1.0	0.1992	-0.1548	0.9677	31.4085	3.4749	-41.3945	0.0	22	0.0	0.0		3676	0	0
1701990892447	t	logcabin_testcue_study_right	0.0	0	0	2.8471	692.352	958.24	1.0	3.4525	743.616	1166.08	1.0	0.1753	-0.1605	0.9713	32.5591	3.522	-41.3599	0.0	22	0.0	0.0		3676	0	0
1701990892456	t	logcabin_testcue_study_right	0.0	0	0	2.9438	692.208	956.48	1.0	3.4843	744.768	1169.28	1.0	0.1815	-0.1536	0.9713	32.5546	3.5271	-41.362	0.0	22	0.0	0.0		3676	0	0
1701990892464	t	logcabin_testcue_study_right	0.0	0	0	2.7742	696.24	955.84	1.0	3.4514	748.5120000000001	1167.52	1.0	0.167	-0.1527	0.9741	32.5384	3.5246	-41.3514	0.0	22	0.0	0.0		3676	0	0
1701990892472	t	logcabin_testcue_study_right	0.0	0	0	2.8322	698.4	954.72	1.0	3.461	750.096	1166.8799999999999	1.0	0.1608	-0.1474	0.9759	32.5233	3.5237	-41.3484	0.0	22	0.0	0.0		3676	0	0
1701990892481	t	logcabin_testcue_study_right	0.0	0	0	2.9467	694.8	954.72	1.0	3.5037	751.6800000000001	1164.96	1.0	0.1806	-0.1462	0.9726	32.5106	3.5255	-41.3591	0.0	22	0.0	0.0		3676	0	0
1701990892489	t	logcabin_testcue_study_right	0.0	0	0	2.8768	698.688	954.4000000000001	1.0	3.4324	751.8240000000001	1168.32	1.0	0.1651	-0.1456	0.9754	32.4998	3.522	-41.3501	0.0	22	0.0	0.0		3676	0	0
1701990892497	t	logcabin_testcue_study_right	0.0	0	0	2.8858	697.824	954.72	1.0	3.3844	755.28	1166.3999999999999	1.0	0.1725	-0.1462	0.9741	32.4884	3.5213	-41.3534	0.0	22	0.0	0.0		3676	0	0
1701990892506	t	logcabin_testcue_study_right	0.0	0	0	2.9094	699.12	953.4399999999999	1.0	3.4107	754.5600000000001	1167.3600000000001	1.0	0.1705	-0.1409	0.9752	32.4511	3.5217	-41.3536	0.0	22	0.0	0.0		3676	0	0
1701990892514	t	logcabin_testcue_study_right	0.0	0	0	2.8975	701.136	954.5600000000001	1.0	3.3949	757.44	1163.8400000000001	1.0	0.1655	-0.1457	0.9754	32.0055	3.5038	-41.3563	0.0	22	0.0	0.0		3676	0	0
1701990892522	t	logcabin_testcue_study_right	0.0	0	0	2.9772	701.28	954.4000000000001	1.0	3.3618	758.4479999999999	1165.12	1.0	0.1707	-0.1456	0.9745	30.1701	3.4318	-41.394	0.0	22	0.0	0.0		3676	0	0
1701990892531	t	logcabin_testcue_study_right	0.0	0	0	3.0026	705.168	952.3199999999999	1.0	3.3541	762.6239999999999	1164.32	1.0	0.1577	-0.1377	0.9778	30.6021	3.4505	-41.3805	0.0	22	0.0	0.0		3676	0	0
1701990892539	t	logcabin_testcue_study_right	0.0	0	0	2.936	708.624	951.52	1.0	3.336	764.3520000000001	1164.48	1.0	0.1459	-0.1359	0.9799	30.4666	3.4482	-41.3787	0.0	22	0.0	0.0		3676	0	0
1701990892548	t	logcabin_testcue_study_right	0.0	0	0	3.0597	707.616	954.24	1.0	3.4538	765.936	1164.8	1.0	0.1528	-0.1458	0.9774	27.5235	3.3261	-41.4361	0.0	22	0.0	0.0		3676	0	0
1701990892556	t	logcabin_testcue_study_right	0.0	0	0	2.996	710.64	952.6400000000001	1.0	3.4233	767.088	1161.1200000000001	1.0	0.1418	-0.1364	0.9804	22.0633	3.0916	-41.5346	0.0	22	0.0	0.0		3676	0	0
1701990892564	t	logcabin_testcue_study_right	0.0	0	0	2.865	712.5120000000001	951.8399999999999	1.0	3.3598	768.816	1160.96	1.0	0.1351	-0.1325	0.9819	15.1955	2.8044	-41.6718	0.0	22	0.0	0.0		3676	0	0
1701990892573	t	logcabin_testcue_study_right	0.0	0	0	3.0046	713.664	951.8399999999999	1.0	3.4328	770.4000000000001	1161.76	1.0	0.1315	-0.1313	0.9826	10.8049	2.6132	-41.7385	0.0	22	0.0	0.0		3676	0	0
1701990892581	t	logcabin_testcue_study_right	0.0	0	0	2.8491	706.896	951.2	1.0	3.3807	763.776	1160.8	1.0	0.1499	-0.1312	0.98	18.9231	2.9854	-41.681	0.0	22	0.0	0.0		3676	0	0
1701990892589	t	logcabin_testcue_study_right	0.0	0	0	2.8063	692.352	952.4800000000001	1.0	3.2693	746.64	1155.36	1.0	0.1797	-0.1364	0.9742	24.1902	3.2061	-41.5718	0.0	22	0.0	0.0		3676	0	0
1701990892597	t	logcabin_testcue_study_right	0.0	0	0	2.9881	670.896	954.5600000000001	1.0	3.3447	720.7199999999999	1153.9199999999998	1.0	0.2302	-0.1494	0.9616	29.7275	3.4431	-41.457	0.0	22	0.0	0.0		3676	0	0
1701990892606	t	logcabin_testcue_study_right	0.0	0	0	3.052	647.28	945.92	1.0	3.4728	693.36	1148.0	1.0	0.2914	-0.1159	0.9495	31.3975	3.5531	-41.5271	0.0	22	0.0	0.0		3676	0	0
1701990892614	t	logcabin_testcue_study_right	0.0	0	0	3.1	626.1120000000001	938.88	1.0	3.444	667.2959999999999	1144.96	1.0	0.3363	-0.0943	0.937	30.9886	3.5915	-41.6191	0.0	22	0.0	0.0		3676	0	0
1701990892623	t	logcabin_testcue_study_right	0.0	0	0	3.035	605.376	936.48	1.0	3.493	645.408	1140.48	1.0	0.3838	-0.0848	0.9195	26.9629	3.4581	-41.76	0.0	22	0.0	0.0		3676	0	0
1701990892632	t	logcabin_testcue_study_right	0.0	0	0	3.1013	587.232	936.48	1.0	3.4615	625.392	1137.28	1.0	0.4178	-0.0809	0.9049	13.6407	2.9225	-42.0056	0.0	22	0.0	0.0		3676	0	0
1701990892640	t	logcabin_testcue_study_right	0.0	0	0	2.9919	576.864	935.2	0.7702	3.4543	613.008	1141.12	1.0	0.4403	-0.0772	0.8945	13.7903	2.9324	-42.06	0.0	22	0.0	0.0		3676	0	0
1701990892648	t	logcabin_testcue_study_right	0.0	0	0	3.1306	577.1519999999999	940.8	0.7702	3.4022	614.304	1138.8799999999999	1.0	0.4362	-0.0907	0.8953	13.5303	2.9165	-42.0524	0.0	22	0.0	0.0		3676	0	0
1701990892657	t	logcabin_testcue_study_right	0.0	0	0	3.1021	578.448	941.6	0.7425	3.3866	618.048	1140.8	1.0	0.4293	-0.0944	0.8982	11.2083	2.8107	-42.0694	0.0	22	0.0	0.0		3676	0	0
1701990892665	t	logcabin_testcue_study_right	0.0	0	0	3.1155	578.592	939.3599999999999	0.7425	3.39	620.928	1140.32	1.0	0.4145	-0.0837	0.9062	-15.5088	1.6735	-42.381	0.0	22	0.0	0.0		3676	0	0
1701990892673	t	logcabin_testcue_study_right	0.0	0	0	2.9746	580.608	933.92	1.0	3.343	622.08	1143.3600000000001	1.0	0.4119	-0.0872	0.907	-16.3512	1.6362	-42.3827	0.0	22	0.0	0.0		3676	0	0
1701990892681	t	logcabin_testcue_study_right	0.0	0	0	2.9996	580.752	934.0799999999999	1.0	3.3841	624.24	1141.44	1.0	0.4114	-0.0822	0.9077	-12.9633	1.7839	-42.3398	0.0	22	0.0	0.0		3676	0	0
1701990892690	t	logcabin_testcue_study_right	0.0	0	0	3.0987	583.344	933.1200000000001	1.0	3.427	627.552	1138.0800000000002	1.0	0.4065	-0.072	0.9108	-7.5189	2.0129	-42.2696	0.0	22	0.0	0.0		3676	0	0
1701990892698	t	logcabin_testcue_study_right	0.0	0	0	3.0623	585.648	940.0	1.0	3.4395	629.424	1139.68	1.0	0.4022	-0.0877	0.9113	-3.9959	2.1585	-42.2105	0.0	22	0.0	0.0		3676	0	0
1701990892707	t	logcabin_testcue_study_right	0.0	0	0	3.0909	585.216	937.7599999999999	1.0	3.4282	628.9920000000001	1140.8	1.0	0.4075	-0.0858	0.9091	-1.016	2.286	-42.1765	0.0	22	0.0	0.0		3676	0	0
1701990892715	t	logcabin_testcue_study_right	0.0	0	0	3.0716	584.928	935.68	1.0	3.4226	632.16	1136.64	1.0	0.4037	-0.0745	0.9118	-0.2113	2.3223	-42.1668	0.0	22	0.0	0.0		3676	0	0
1701990892723	t	logcabin_testcue_study_right	0.0	0	0	3.095	585.216	935.8399999999999	1.0	3.488	632.448	1138.56	1.0	0.4044	-0.0786	0.9112	-0.5268	2.3106	-42.169	0.0	22	0.0	0.0		3676	0	0
1701990892731	t	logcabin_testcue_study_right	0.0	0	0	3.0699	585.648	936.16	1.0	3.492	633.744	1137.76	1.0	0.4016	-0.0776	0.9125	-0.6401	2.3054	-42.1704	0.0	22	0.0	0.0		3676	0	0
1701990892740	t	logcabin_testcue_study_right	0.0	0	0	3.1129	588.672	934.0799999999999	1.0	3.459	636.912	1136.48	1.0	0.3941	-0.071	0.9163	-0.582	2.301	-42.1598	0.0	22	0.0	0.0		3676	0	0
1701990892748	t	logcabin_testcue_study_right	0.0	0	0	3.0646	587.52	931.6800000000001	1.0	3.4547	637.4879999999999	1137.92	1.0	0.3984	-0.0682	0.9146	-0.3817	2.31	-42.1611	0.0	22	0.0	0.0		3676	0	0
1701990892756	t	logcabin_testcue_study_right	0.0	0	0	3.1071	588.528	932.3199999999999	1.0	3.4836	637.92	1136.8	1.0	0.3976	-0.0674	0.9151	-0.8029	2.2927	-42.1643	0.0	22	0.0	0.0		3676	0	0
1701990892764	t	logcabin_testcue_study_right	0.0	0	0	3.0628	589.536	932.9599999999999	1.0	3.5066	638.64	1138.24	1.0	0.3965	-0.0714	0.9153	-0.9967	2.2837	-42.1623	0.0	22	0.0	0.0		3676	0	0
1701990892773	t	logcabin_testcue_study_right	0.0	0	0	3.089	590.256	933.6	1.0	3.5164	638.784	1137.6	1.0	0.396	-0.0714	0.9155	-0.8905	2.2886	-42.1596	0.0	22	0.0	0.0		3676	0	0
1701990892781	t	logcabin_testcue_study_right	0.0	0	0	3.115	590.976	934.0799999999999	1.0	3.5121	641.232	1135.68	1.0	0.392	-0.0699	0.9173	-0.9718	2.286	-42.1567	0.0	22	0.0	0.0		3676	0	0
1701990892789	t	logcabin_testcue_study_right	0.0	0	0	3.0882	590.976	933.6	1.0	3.5395	642.096	1136.48	1.0	0.3922	-0.0703	0.9172	-1.2378	2.2754	-42.1559	0.0	22	0.0	0.0		3676	0	0
1701990892798	t	logcabin_testcue_study_right	0.0	0	0	3.0617	591.12	933.1200000000001	1.0	3.4952	643.6800000000001	1138.24	1.0	0.3901	-0.0735	0.9178	-1.4939	2.2642	-42.1522	0.0	22	0.0	0.0		3676	0	0
1701990892806	t	logcabin_testcue_study_right	0.0	0	0	3.0882	591.552	933.6	1.0	3.509	645.264	1138.24	1.0	0.3871	-0.075	0.919	-1.4892	2.2643	-42.1497	0.0	22	0.0	0.0		3676	0	0
1701990892815	t	logcabin_testcue_study_right	0.0	0	0	3.0626	591.8399999999999	933.1200000000001	1.0	3.4924	646.2719999999999	1138.4	1.0	0.3852	-0.0744	0.9198	-1.3153	2.2715	-42.1454	0.0	22	0.0	0.0		3676	0	0
1701990892823	t	logcabin_testcue_study_right	0.0	0	0	3.0879	592.4159999999999	933.6	1.0	3.5092	645.84	1138.24	1.0	0.3858	-0.0753	0.9195	-1.3575	2.2701	-42.1448	0.0	22	0.0	0.0		3676	0	0
1701990892831	t	logcabin_testcue_study_right	0.0	0	0	3.115	592.992	933.1200000000001	1.0	3.4932	646.2719999999999	1138.4	1.0	0.3848	-0.0745	0.92	-1.0324	2.284	-42.1401	0.0	22	0.0	0.0		3676	0	0
1701990892840	t	logcabin_testcue_study_right	0.0	0	0	3.1194	593.136	933.6	1.0	3.5032	646.5600000000001	1138.24	1.0	0.3846	-0.0754	0.92	-0.9803	2.2864	-42.1392	0.0	22	0.0	0.0		3676	0	0
1701990892848	t	logcabin_testcue_study_right	0.0	0	0	3.1133	593.28	934.0799999999999	1.0	3.5073	646.848	1138.24	1.0	0.3842	-0.0764	0.9201	-1.1714	2.2786	-42.141	0.0	22	0.0	0.0		3676	0	0
1701990892856	t	logcabin_testcue_study_right	0.0	0	0	3.118	594.0	933.76	1.0	3.5095	648.0	1137.6	1.0	0.381	-0.0749	0.9215	-1.1511	2.2797	-42.1401	0.0	22	0.0	0.0		3676	0	0
1701990892865	t	logcabin_testcue_study_right	0.0	0	0	3.1124	594.576	933.2800000000001	1.0	3.5077	649.008	1137.12	1.0	0.3776	-0.0734	0.923	-1.2358	2.2765	-42.1403	0.0	22	0.0	0.0		3676	0	0
1701990892873	t	logcabin_testcue_study_right	0.0	0	0	3.1237	594.576	933.2800000000001	1.0	3.51	649.1519999999999	1137.12	1.0	0.378	-0.0731	0.9229	-1.6794	2.2569	-42.1448	0.0	22	0.0	0.0		3676	0	0
1701990892881	t	logcabin_testcue_study_right	0.0	0	0	3.1202	595.7280000000001	934.0799999999999	1.0	3.5121	649.1519999999999	1137.12	1.0	0.3761	-0.0749	0.9235	-1.7315	2.2548	-42.1435	0.0	22	0.0	0.0		3676	0	0
1701990892890	t	logcabin_testcue_study_right	0.0	0	0	3.1277	596.016	933.2800000000001	1.0	3.518	649.296	1137.12	1.0	0.3767	-0.0732	0.9234	-1.6044	2.2599	-42.1412	0.0	22	0.0	0.0		3676	0	0
1701990892898	t	logcabin_testcue_study_right	0.0	0	0	3.1292	596.016	933.1200000000001	1.0	3.5238	649.44	1137.12	1.0	0.3772	-0.0732	0.9232	-1.7108	2.2559	-42.141	0.0	22	0.0	0.0		3676	0	0
1701990892906	t	logcabin_testcue_study_right	0.0	0	0	3.1245	597.888	933.1200000000001	1.0	3.5267	649.44	1137.28	1.0	0.374	-0.074	0.9245	-2.2317	2.2342	-42.1453	0.0	22	0.0	0.0		3676	0	0
1701990892915	t	logcabin_testcue_study_right	0.0	0	0	3.1259	597.888	933.1200000000001	1.0	3.5302	649.44	1137.12	1.0	0.375	-0.0735	0.9241	-2.2848	2.2319	-42.1441	0.0	22	0.0	0.0		3676	0	0
1701990892923	t	logcabin_testcue_study_right	0.0	0	0	3.1298	598.464	932.8	1.0	3.5326	651.456	1137.12	1.0	0.3707	-0.0735	0.9258	-2.2799	2.2322	-42.1415	0.0	22	0.0	0.0		3676	0	0
1701990892931	t	logcabin_testcue_study_right	0.0	0	0	3.1265	600.048	932.64	1.0	3.5398	651.456	1136.64	1.0	0.3684	-0.0725	0.9268	-2.2643	2.2328	-42.1411	0.0	22	0.0	0.0		3676	0	0
1701990892940	t	logcabin_testcue_study_right	0.0	0	0	3.1254	600.768	932.64	1.0	3.5395	651.744	1136.64	1.0	0.3669	-0.0728	0.9274	-2.322	2.2304	-42.1381	0.0	22	0.0	0.0		3676	0	0
1701990892948	t	logcabin_testcue_study_right	0.0	0	0	3.1254	601.1999999999999	932.48	1.0	3.539	652.464	1136.64	1.0	0.3658	-0.0724	0.9279	-1.6413	2.2586	-42.1301	0.0	22	0.0	0.0		3676	0	0
1701990892956	t	logcabin_testcue_study_right	0.0	0	0	3.1251	601.1999999999999	932.64	1.0	3.539	652.608	1136.64	1.0	0.3656	-0.0729	0.9279	-2.382	2.2278	-42.1376	0.0	22	0.0	0.0		3676	0	0
1701990892965	t	logcabin_testcue_study_right	0.0	0	0	3.127	602.0640000000001	932.64	1.0	3.5446	653.328	1136.0	1.0	0.3639	-0.0724	0.9286	-2.6323	2.2176	-42.1364	0.0	22	0.0	0.0		3676	0	0
1701990892973	t	logcabin_testcue_study_right	0.0	0	0	3.1276	602.0640000000001	932.64	1.0	3.5688	653.328	1136.0	1.0	0.3651	-0.072	0.9282	-2.8032	2.2099	-42.1382	0.0	22	0.0	0.0		3676	0	0
1701990892981	t	logcabin_testcue_study_right	0.0	0	0	3.1271	602.64	932.64	1.0	3.5698	653.76	1136.0	1.0	0.3642	-0.0711	0.9286	-2.8698	2.2037	-42.1378	0.0	22	0.0	0.0		3676	0	0
1701990892990	t	logcabin_testcue_study_right	0.0	0	0	3.1295	603.072	932.64	1.0	3.5756	654.048	1135.84	1.0	0.3634	-0.0704	0.929	-3.028	2.1946	-42.1362	0.0	22	0.0	0.0		3676	0	0
1701990892998	t	logcabin_testcue_study_right	0.0	0	0	3.1304	603.072	932.64	1.0	3.5771	654.9119999999999	1135.68	1.0	0.3624	-0.0697	0.9294	-3.1287	2.1878	-42.1355	0.0	22	0.0	0.0		3676	0	0
1701990893006	t	logcabin_testcue_study_right	0.0	0	0	3.1313	603.072	932.64	1.0	3.5768	655.2	1135.68	1.0	0.3629	-0.0693	0.9293	-3.0136	2.1913	-42.1335	0.0	22	0.0	0.0		3676	0	0
1701990893015	t	logcabin_testcue_study_right	0.0	0	0	3.1324	603.072	932.64	1.0	3.5847	655.2	1135.68	1.0	0.3637	-0.0688	0.9289	-2.8005	2.199	-42.1306	0.0	22	0.0	0.0		3676	0	0
1701990893023	t	logcabin_testcue_study_right	0.0	0	0	3.1302	603.072	932.64	1.0	3.5866	655.2	1135.68	1.0	0.364	-0.0686	0.9288	-2.7902	2.1995	-42.1283	0.0	22	0.0	0.0		3676	0	0
1701990893031	t	logcabin_testcue_study_right	0.0	0	0	3.1313	603.648	932.8	1.0	3.5874	655.2	1135.3600000000001	1.0	0.363	-0.0685	0.9293	-2.659	2.2045	-42.1266	0.0	22	0.0	0.0		3676	0	0
1701990893040	t	logcabin_testcue_study_right	0.0	0	0	3.1435	603.648	932.9599999999999	1.0	3.6037	655.344	1135.2	1.0	0.3628	-0.0684	0.9294	-2.4578	2.2126	-42.1227	0.0	22	0.0	0.0		3676	0	0
1701990893048	t	logcabin_testcue_study_right	0.0	0	0	3.2123	603.648	933.1200000000001	1.0	3.6147	655.344	1135.2	1.0	0.3627	-0.0683	0.9294	-2.3701	2.2159	-42.1201	0.0	22	0.0	0.0		3676	0	0
1701990893056	t	logcabin_testcue_study_right	0.0	0	0	3.2222	603.648	933.6	1.0	3.6147	655.344	1135.2	1.0	0.3626	-0.0694	0.9293	-2.3264	2.2175	-42.1181	0.0	22	0.0	0.0		3676	0	0
1701990893065	t	logcabin_testcue_study_right	0.0	0	0	3.2457	603.648	933.6	1.0	3.6156	655.344	1135.2	1.0	0.3628	-0.0694	0.9293	-2.2562	2.2201	-42.1162	0.0	22	0.0	0.0		3676	0	0
1701990893073	t	logcabin_testcue_study_right	0.0	0	0	3.2666	603.648	934.24	1.0	3.6173	655.344	1134.08	1.0	0.3627	-0.0684	0.9294	-2.4784	2.2117	-42.1184	0.0	22	0.0	0.0		3676	0	0
1701990893081	t	logcabin_testcue_study_right	0.0	0	0	3.2678	603.648	934.4	1.0	3.625	655.344	1133.92	1.0	0.3627	-0.0686	0.9294	-2.5998	2.2063	-42.1197	0.0	22	0.0	0.0		3676	0	0
1701990893090	t	logcabin_testcue_study_right	0.0	0	0	3.2693	603.648	934.72	1.0	3.6248	655.344	1133.92	1.0	0.3621	-0.0693	0.9296	-2.4792	2.2115	-42.1176	0.0	22	0.0	0.0		3676	0	0
1701990893098	t	logcabin_testcue_study_right	0.0	0	0	3.2713	603.648	934.72	1.0	3.6281	655.632	1134.08	1.0	0.3611	-0.0696	0.9299	-2.4106	2.2141	-42.1164	0.0	22	0.0	0.0		3676	0	0
1701990893106	t	logcabin_testcue_study_right	0.0	0	0	3.2904	603.36	934.8800000000001	1.0	3.6292	655.632	1134.08	1.0	0.3615	-0.0695	0.9297	-2.1452	2.2245	-42.1134	0.0	22	0.0	0.0		3676	0	0
1701990893115	t	logcabin_testcue_study_right	0.0	0	0	3.3218	603.216	936.48	1.0	3.6292	655.632	1134.08	1.0	0.3616	-0.0722	0.9295	-1.9364	2.2322	-42.1109	0.0	22	0.0	0.0		3676	0	0
1701990893123	t	logcabin_testcue_study_right	0.0	0	0	3.3277	603.216	936.6400000000001	1.0	3.6319	655.632	1134.08	1.0	0.3616	-0.0725	0.9295	-1.8668	2.2349	-42.1101	0.0	22	0.0	0.0		3676	0	0
1701990893131	t	logcabin_testcue_study_right	0.0	0	0	3.3284	602.928	936.6400000000001	1.0	3.6391	655.344	1134.08	1.0	0.3626	-0.0723	0.9291	-1.8337	2.2353	-42.1097	0.0	22	0.0	0.0		3676	0	0
1701990893140	t	logcabin_testcue_study_right	0.0	0	0	3.3434	602.928	936.6400000000001	1.0	3.6384	655.344	1134.56	1.0	0.3629	-0.0732	0.9289	-1.4838	2.2494	-42.1059	0.0	22	0.0	0.0		3676	0	0
1701990893148	t	logcabin_testcue_study_right	0.0	0	0	3.4064	602.928	937.4399999999999	1.0	3.6597	655.632	1134.56	1.0	0.3624	-0.0742	0.929	-1.8013	2.2356	-42.1095	0.0	22	0.0	0.0		3676	0	0
1701990893156	t	logcabin_testcue_study_right	0.0	0	0	3.4079	602.928	937.5999999999999	1.0	3.6643	655.632	1135.04	1.0	0.3622	-0.0755	0.929	-1.837	2.234	-42.1095	0.0	22	0.0	0.0		3676	0	0
1701990893165	t	logcabin_testcue_study_right	0.0	0	0	3.4103	602.928	937.7599999999999	1.0	3.6646	655.632	1135.2	1.0	0.3622	-0.076	0.929	-1.9348	2.2299	-42.1106	0.0	22	0.0	0.0		3676	0	0
1701990893173	t	logcabin_testcue_study_right	0.0	0	0	3.4111	602.928	937.7599999999999	1.0	3.6691	655.632	1135.52	1.0	0.3623	-0.0767	0.9289	-1.8426	2.2333	-42.1095	0.0	22	0.0	0.0		3676	0	0
1701990893181	t	logcabin_testcue_study_right	0.0	0	0	3.4112	602.928	938.08	1.0	3.6716	655.7760000000001	1135.68	1.0	0.3621	-0.0777	0.9289	-1.7619	2.2365	-42.1085	0.0	22	0.0	0.0		3676	0	0
1701990893190	t	logcabin_testcue_study_right	0.0	0	0	3.4218	602.928	938.08	1.0	3.6726	655.7760000000001	1135.68	1.0	0.3625	-0.0776	0.9288	-1.6598	2.2404	-42.1072	0.0	22	0.0	0.0		3676	0	0
1701990893199	t	logcabin_testcue_study_right	0.0	0	0	3.459	602.928	938.08	1.0	3.6743	656.208	1135.84	1.0	0.3621	-0.0777	0.9289	-1.4774	2.2478	-42.1049	0.0	22	0.0	0.0		3676	0	0
1701990893206	t	logcabin_testcue_study_right	0.0	0	0	3.4618	602.928	938.08	1.0	3.6792	656.208	1136.0	1.0	0.3621	-0.0779	0.9289	-1.5202	2.2458	-42.1052	0.0	22	0.0	0.0		3676	0	0
1701990893214	t	logcabin_testcue_study_right	0.0	0	0	3.4844	603.072	938.5600000000001	1.0	3.6823	656.208	1135.84	1.0	0.3623	-0.0782	0.9288	-1.502	2.2454	-42.104	0.0	22	0.0	0.0		3676	0	0
1701990893222	t	logcabin_testcue_study_right	0.0	0	0	3.4883	603.072	938.5600000000001	1.0	3.6852	656.208	1136.0	1.0	0.3621	-0.0784	0.9288	-1.6398	2.2396	-42.1052	0.0	22	0.0	0.0		3676	0	0
1701990893231	t	logcabin_testcue_study_right	0.0	0	0	3.4878	603.216	938.72	1.0	3.6907	656.208	1136.0	1.0	0.362	-0.0788	0.9288	-1.658	2.2386	-42.1052	0.0	22	0.0	0.0		3676	0	0
1701990893239	t	logcabin_testcue_study_right	0.0	0	0	3.4873	603.36	938.88	1.0	3.691	656.208	1136.0	1.0	0.3616	-0.0791	0.929	-1.6772	2.2377	-42.1052	0.0	22	0.0	0.0		3676	0	0
1701990893247	t	logcabin_testcue_study_right	0.0	0	0	3.4871	603.36	939.04	1.0	3.6925	657.36	1136.0	1.0	0.359	-0.0796	0.9299	-1.6767	2.2376	-42.1048	0.0	22	0.0	0.0		3676	0	0
1701990893256	t	logcabin_testcue_study_right	0.0	0	0	3.4868	603.36	939.1999999999999	1.0	3.6923	657.648	1135.84	1.0	0.3584	-0.0797	0.9302	-1.725	2.2355	-42.1052	0.0	22	0.0	0.0		3676	0	0
1701990893264	t	logcabin_testcue_study_right	0.0	0	0	3.4908	603.5039999999999	939.3599999999999	1.0	3.7155	657.504	1135.68	1.0	0.3588	-0.0793	0.93	-1.8693	2.2291	-42.1065	0.0	22	0.0	0.0		3676	0	0
1701990893273	t	logcabin_testcue_study_right	0.0	0	0	3.4954	603.5039999999999	939.1999999999999	1.0	3.7235	657.648	1135.68	1.0	0.3586	-0.0792	0.9301	-1.9712	2.2249	-42.107	0.0	22	0.0	0.0		3676	0	0
1701990893281	t	logcabin_testcue_study_right	0.0	0	0	3.4959	603.5039999999999	938.88	1.0	3.7167	657.504	1135.68	1.0	0.3587	-0.0787	0.9301	-2.2221	2.2146	-42.1091	0.0	22	0.0	0.0		3676	0	0
1701990893289	t	logcabin_testcue_study_right	0.0	0	0	3.5372	605.0880000000001	938.24	1.0	3.7428	658.944	1135.68	1.0	0.3604	-0.0752	0.9298	-2.2242	2.2069	-42.1035	0.0	22	0.0	0.0		3676	0	0
1701990893298	t	logcabin_testcue_study_right	0.0	0	0	3.4816	615.456	940.64	1.0	3.7044	669.744	1138.24	1.0	0.3375	-0.0808	0.9379	-2.8583	2.1491	-42.073	0.0	22	0.0	0.0		3676	0	0
1701990893306	t	logcabin_testcue_study_right	0.0	0	0	3.5159	629.856	945.76	1.0	3.7548	684.864	1139.52	1.0	0.3077	-0.0862	0.9475	-5.4957	1.9993	-42.0572	0.0	22	0.0	0.0		3676	0	0
1701990893315	t	logcabin_testcue_study_right	0.0	0	0	3.4964	645.696	947.84	1.0	3.7516	698.4	1144.0	1.0	0.2794	-0.0946	0.9555	-9.6908	1.7965	-42.0645	0.0	22	0.0	0.0		3676	0	0
1701990893323	t	logcabin_testcue_study_right	0.0	0	0	3.5398	657.504	949.6	1.0	3.7654	709.92	1147.04	1.0	0.2547	-0.1021	0.9616	-14.1585	1.5962	-42.0893	0.0	22	0.0	0.0		3676	0	0
1701990893331	t	logcabin_testcue_study_right	0.0	0	0	3.4904	662.544	948.0	1.0	3.8682	713.52	1145.28	1.0	0.2465	-0.0946	0.9645	-17.7231	1.4484	-42.1285	0.0	22	0.0	0.0		3676	0	0
1701990893339	t	logcabin_testcue_study_right	0.0	0	0	3.4694	661.8240000000001	950.4	1.0	3.8366	711.6479999999999	1143.52	1.0	0.2534	-0.0908	0.9631	-19.4655	1.3785	-42.1612	0.0	22	0.0	0.0		3676	0	0
1701990893348	t	logcabin_testcue_study_right	0.0	0	0	3.489	662.112	947.84	1.0	3.8336	710.928	1144.8	1.0	0.2549	-0.092	0.9626	-19.4198	1.3798	-42.1606	0.0	22	0.0	0.0		3676	0	0
1701990893356	t	logcabin_testcue_study_right	0.0	0	0	3.4847	661.8240000000001	946.4000000000001	1.0	3.8348	711.6479999999999	1144.8	1.0	0.253	-0.0911	0.9632	-18.028	1.437	-42.142	0.0	22	0.0	0.0		3676	0	0
1701990893365	t	logcabin_testcue_study_right	0.0	0	0	3.4847	661.8240000000001	948.48	1.0	3.8326	710.928	1145.44	1.0	0.2548	-0.0955	0.9622	-14.4541	1.5834	-42.0933	0.0	22	0.0	0.0		3676	0	0
1701990893372	t	logcabin_testcue_study_right	0.0	0	0	3.485	661.6800000000001	950.4	1.0	3.8327	710.352	1144.8	1.0	0.2561	-0.0984	0.9616	-9.6603	1.781	-42.0288	0.0	22	0.0	0.0		3676	0	0
1701990893381	t	logcabin_testcue_study_right	0.0	0	0	3.4928	661.248	950.24	1.0	3.793	710.496	1144.1599999999999	1.0	0.256	-0.0985	0.9616	-5.6458	1.9462	-41.9748	0.0	22	0.0	0.0		3676	0	0
1701990893389	t	logcabin_testcue_study_right	0.0	0	0	3.5001	660.8159999999999	950.4	1.0	3.7533	710.64	1144.8	1.0	0.2562	-0.1013	0.9613	-3.562	2.032	-41.9468	0.0	22	0.0	0.0		3676	0	0
1701990893397	t	logcabin_testcue_study_right	0.0	0	0	3.5011	660.8159999999999	950.24	1.0	3.7905	711.072	1144.1599999999999	1.0	0.2552	-0.0997	0.9617	-2.8002	2.0634	-41.9367	0.0	22	0.0	0.0		3676	0	0
1701990893407	t	logcabin_testcue_study_right	0.0	0	0	3.5017	660.8159999999999	950.08	1.0	3.8277	711.6479999999999	1143.52	1.0	0.2542	-0.0983	0.9621	-2.4895	2.0764	-41.9326	0.0	22	0.0	0.0		3676	0	0
1701990893415	t	logcabin_testcue_study_right	0.0	0	0	3.5125	660.8159999999999	949.92	1.0	3.8071	711.792	1144.1599999999999	1.0	0.2536	-0.0995	0.9622	-2.5536	2.0737	-41.9334	0.0	22	0.0	0.0		3676	0	0
1701990893423	t	logcabin_testcue_study_right	0.0	0	0	3.5232	660.8159999999999	949.92	1.0	3.8124	711.792	1144.8	1.0	0.2534	-0.1006	0.9621	-2.3828	2.0806	-41.9312	0.0	22	0.0	0.0		3676	0	0
1701990893431	t	logcabin_testcue_study_right	0.0	0	0	3.5297	660.528	949.92	1.0	3.8041	711.792	1145.12	1.0	0.2538	-0.1012	0.9619	-2.0709	2.0933	-41.9265	0.0	22	0.0	0.0		3676	0	0
1701990893440	t	logcabin_testcue_study_right	0.0	0	0	3.5363	660.096	949.76	1.0	3.8124	711.936	1144.8	1.0	0.2543	-0.1005	0.9619	-1.8064	2.1041	-41.9225	0.0	22	0.0	0.0		3676	0	0
1701990893448	t	logcabin_testcue_study_right	0.0	0	0	3.5363	660.384	949.92	1.0	3.806	711.792	1144.48	1.0	0.2536	-0.1003	0.9621	-1.5978	2.1127	-41.9196	0.0	22	0.0	0.0		3676	0	0
1701990893457	t	logcabin_testcue_study_right	0.0	0	0	3.5372	660.096	949.76	1.0	3.7988	711.936	1144.8	1.0	0.2537	-0.1006	0.962	-1.9182	2.0995	-41.9237	0.0	22	0.0	0.0		3676	0	0
1701990893465	t	logcabin_testcue_study_right	0.0	0	0	3.5476	659.952	949.76	1.0	3.7988	711.936	1144.8	1.0	0.2537	-0.1007	0.962	-1.8593	2.1018	-41.9218	0.0	22	0.0	0.0		3676	0	0
1701990893473	t	logcabin_testcue_study_right	0.0	0	0	3.5596	659.808	949.76	1.0	3.7973	712.3679999999999	1144.32	1.0	0.2528	-0.0999	0.9623	-1.8263	2.1031	-41.9199	0.0	22	0.0	0.0		3676	0	0
1701990893481	t	logcabin_testcue_study_right	0.0	0	0	3.5592	659.808	949.92	1.0	3.7875	711.936	1144.32	1.0	0.2533	-0.1003	0.9622	-1.5929	2.1126	-41.9164	0.0	22	0.0	0.0		3676	0	0
1701990893490	t	logcabin_testcue_study_right	0.0	0	0	3.5599	659.52	949.76	1.0	3.7976	712.3679999999999	1144.32	1.0	0.2532	-0.0999	0.9622	-1.7053	2.108	-41.9185	0.0	22	0.0	0.0		3676	0	0
1701990893498	t	logcabin_testcue_study_right	0.0	0	0	3.5614	659.52	949.76	1.0	3.7975	712.3679999999999	1144.32	1.0	0.2534	-0.0998	0.9622	-1.7197	2.1073	-41.919	0.0	22	0.0	0.0		3676	0	0
1701990893506	t	logcabin_testcue_study_right	0.0	0	0	3.5623	659.232	949.76	1.0	3.7988	712.5120000000001	1144.8	1.0	0.2535	-0.1008	0.9621	-1.6884	2.1085	-41.9189	0.0	22	0.0	0.0		3676	0	0
1701990893514	t	logcabin_testcue_study_right	0.0	0	0	3.5681	659.088	949.76	1.0	3.8123	712.6560000000001	1144.8	1.0	0.2541	-0.1007	0.9619	-1.4116	2.1197	-41.9153	0.0	22	0.0	0.0		3676	0	0
1701990893522	t	logcabin_testcue_study_right	0.0	0	0	3.5682	658.944	949.76	1.0	3.799	712.6560000000001	1144.8	1.0	0.2544	-0.1009	0.9618	-0.8698	2.1415	-41.9083	0.0	22	0.0	0.0		3676	0	0
1701990893531	t	logcabin_testcue_study_right	0.0	0	0	3.5682	658.944	949.76	1.0	3.7979	712.6560000000001	1145.28	1.0	0.2542	-0.1014	0.9618	-1.1407	2.1296	-41.9119	0.0	22	0.0	0.0		3676	0	0
1701990893539	t	logcabin_testcue_study_right	0.0	0	0	3.5711	658.944	950.08	1.0	3.8119	712.8	1145.28	1.0	0.2541	-0.102	0.9618	-0.8877	2.1398	-41.9086	0.0	22	0.0	0.0		3676	0	0
1701990893547	t	logcabin_testcue_study_right	0.0	0	0	3.5712	659.088	950.08	1.0	3.8197	713.376	1144.8	1.0	0.2528	-0.1008	0.9622	-1.1238	2.129	-41.9125	0.0	22	0.0	0.0		3676	0	0
1701990893556	t	logcabin_testcue_study_right	0.0	0	0	3.5757	659.088	950.08	1.0	3.8247	713.376	1144.8	1.0	0.2529	-0.0999	0.9623	-1.2328	2.1216	-41.9145	0.0	22	0.0	0.0		3676	0	0
1701990893564	t	logcabin_testcue_study_right	0.0	0	0	3.5708	659.088	950.4	1.0	3.824	713.376	1145.28	1.0	0.2529	-0.1011	0.9622	-1.187	2.1217	-41.9145	0.0	22	0.0	0.0		3676	0	0
1701990893572	t	logcabin_testcue_study_right	0.0	0	0	3.5752	659.088	950.4	1.0	3.8279	713.376	1145.44	1.0	0.2531	-0.1013	0.9621	-1.0966	2.1251	-41.9134	0.0	22	0.0	0.0		3676	0	0
1701990893581	t	logcabin_testcue_study_right	0.0	0	0	3.5754	658.944	950.4	1.0	3.8516	713.376	1145.6	1.0	0.2534	-0.1015	0.962	-1.2809	2.1175	-41.9157	0.0	22	0.0	0.0		3676	0	0
1701990893589	t	logcabin_testcue_study_right	0.0	0	0	3.5786	659.088	950.4	1.0	3.8512	713.376	1146.0800000000002	1.0	0.2533	-0.1024	0.9619	-1.5133	2.108	-41.9181	0.0	22	0.0	0.0		3676	0	0
1701990893597	t	logcabin_testcue_study_right	0.0	0	0	3.5749	659.232	950.4	1.0	3.8512	713.52	1146.0800000000002	1.0	0.2531	-0.1024	0.962	-1.6393	2.1029	-41.919	0.0	22	0.0	0.0		3676	0	0
1701990893606	t	logcabin_testcue_study_right	0.0	0	0	3.5785	659.088	950.24	1.0	3.8698	713.664	1146.72	1.0	0.2531	-0.1031	0.9619	-2.2959	2.0759	-41.9268	0.0	22	0.0	0.0		3676	0	0
1701990893615	t	logcabin_testcue_study_right	0.0	0	0	3.5788	658.944	950.24	1.0	3.8698	713.664	1146.72	1.0	0.2533	-0.1031	0.9619	-2.219	2.0791	-41.9248	0.0	22	0.0	0.0		3676	0	0
1701990893623	t	logcabin_testcue_study_right	0.0	0	0	3.5817	659.088	949.92	1.0	3.8697	713.664	1146.72	1.0	0.253	-0.1026	0.962	-2.2138	2.0793	-41.9234	0.0	22	0.0	0.0		3676	0	0
1701990893631	t	logcabin_testcue_study_right	0.0	0	0	3.6077	659.088	949.76	1.0	3.8698	713.664	1146.72	1.0	0.253	-0.1026	0.962	-2.1928	2.0809	-41.9216	0.0	22	0.0	0.0		3676	0	0
1701990893640	t	logcabin_testcue_study_right	0.0	0	0	3.6146	659.232	949.92	1.0	3.8917	713.808	1146.72	1.0	0.2525	-0.1031	0.9621	-2.0628	2.0871	-41.9192	0.0	22	0.0	0.0		3676	0	0
1701990893650	t	logcabin_testcue_study_right	0.0	0	0	3.6145	659.232	949.92	1.0	3.8912	714.384	1146.72	1.0	0.2514	-0.1035	0.9623	-1.9745	2.0913	-41.9167	0.0	22	0.0	0.0		3676	0	0
1701990893657	t	logcabin_testcue_study_right	0.0	0	0	3.6145	659.088	949.92	1.0	3.8948	714.384	1146.8799999999999	1.0	0.2513	-0.1037	0.9623	-1.9178	2.094	-41.9154	0.0	22	0.0	0.0		3676	0	0
1701990893665	t	logcabin_testcue_study_right	0.0	0	0	3.6165	659.088	949.92	1.0	3.895	714.384	1146.8799999999999	1.0	0.2516	-0.1039	0.9622	-1.8747	2.0961	-41.9128	0.0	22	0.0	0.0		3676	0	0
1701990893673	t	logcabin_testcue_study_right	0.0	0	0	3.616	659.088	949.92	1.0	3.8942	714.384	1147.36	1.0	0.2511	-0.1051	0.9622	-1.8826	2.0957	-41.9126	0.0	22	0.0	0.0		3676	0	0
1701990893681	t	logcabin_testcue_study_right	0.0	0	0	3.6143	658.944	950.08	1.0	3.8941	714.384	1147.36	1.0	0.2512	-0.1055	0.9622	-1.8698	2.0963	-41.9122	0.0	22	0.0	0.0		3676	0	0
1701990893690	t	logcabin_testcue_study_right	0.0	0	0	3.6142	658.944	950.08	1.0	3.8942	714.384	1147.36	1.0	0.2514	-0.1056	0.9621	-1.7654	2.1007	-41.9105	0.0	22	0.0	0.0		3676	0	0
1701990893698	t	logcabin_testcue_study_right	0.0	0	0	3.6142	658.944	950.08	1.0	3.8914	714.384	1146.8799999999999	1.0	0.2512	-0.1045	0.9623	-1.6233	2.1065	-41.9087	0.0	22	0.0	0.0		3676	0	0
1701990893706	t	logcabin_testcue_study_right	0.0	0	0	3.6137	659.088	950.08	1.0	3.8911	714.384	1146.8799999999999	1.0	0.2506	-0.1044	0.9624	-1.6329	2.1057	-41.9088	0.0	22	0.0	0.0		3676	0	0
1701990893714	t	logcabin_testcue_study_right	0.0	0	0	3.6111	659.088	950.24	1.0	3.8913	714.384	1146.8799999999999	1.0	0.2509	-0.1047	0.9623	-1.1797	2.1245	-41.903	0.0	22	0.0	0.0		3676	0	0
1701990893722	t	logcabin_testcue_study_right	0.0	0	0	3.6109	658.944	950.4	1.0	3.8905	715.1039999999999	1146.8799999999999	1.0	0.2496	-0.1053	0.9626	-1.291	2.12	-41.9044	0.0	22	0.0	0.0		3676	0	0
1701990893731	t	logcabin_testcue_study_right	0.0	0	0	3.5876	658.944	950.56	1.0	3.8882	715.1039999999999	1146.8799999999999	1.0	0.2496	-0.1057	0.9626	-1.1417	2.1265	-41.9025	0.0	22	0.0	0.0		3676	0	0
1701990893739	t	logcabin_testcue_study_right	0.0	0	0	3.5877	658.944	950.56	1.0	3.8896	715.2479999999999	1147.36	1.0	0.2492	-0.1066	0.9626	-1.1179	2.1268	-41.9023	0.0	22	0.0	0.0		3676	0	0
1701990893748	t	logcabin_testcue_study_right	0.0	0	0	3.5871	658.944	950.56	1.0	3.8906	715.1039999999999	1146.8799999999999	1.0	0.2496	-0.1053	0.9626	-1.3818	2.1153	-41.9059	0.0	22	0.0	0.0		3676	0	0
1701990893756	t	logcabin_testcue_study_right	0.0	0	0	3.5871	658.944	950.56	1.0	3.8896	714.096	1146.56	1.0	0.2515	-0.1047	0.9622	-1.259	2.1203	-41.9053	0.0	22	0.0	0.0		3676	0	0
1701990893764	t	logcabin_testcue_study_right	0.0	0	0	3.5875	658.656	950.56	1.0	3.8897	714.096	1146.56	1.0	0.2522	-0.1046	0.962	-1.4193	2.1136	-41.9076	0.0	22	0.0	0.0		3676	0	0
1701990893773	t	logcabin_testcue_study_right	0.0	0	0	3.5875	658.656	950.4	1.0	3.9237	713.664	1146.56	1.0	0.2533	-0.1043	0.9618	-1.5496	2.1083	-41.9103	0.0	22	0.0	0.0		3676	0	0
1701990893781	t	logcabin_testcue_study_right	0.0	0	0	3.5868	658.944	950.4	1.0	3.9247	713.664	1145.9199999999998	1.0	0.2525	-0.1027	0.9621	-1.6605	2.1031	-41.9116	0.0	22	0.0	0.0		3676	0	0
1701990893789	t	logcabin_testcue_study_right	0.0	0	0	3.5825	658.656	950.4	1.0	3.918	713.808	1146.56	1.0	0.2529	-0.1042	0.9619	-1.7103	2.1013	-41.9124	0.0	22	0.0	0.0		3676	0	0
1701990893798	t	logcabin_testcue_study_right	0.0	0	0	3.5826	658.512	950.4	1.0	3.918	713.808	1146.56	1.0	0.253	-0.1041	0.9618	-1.9343	2.0921	-41.9152	0.0	22	0.0	0.0		3676	0	0
1701990893806	t	logcabin_testcue_study_right	0.0	0	0	3.5822	658.656	950.4	1.0	3.9232	713.952	1146.56	1.0	0.2525	-0.1039	0.962	-2.0626	2.087	-41.9169	0.0	22	0.0	0.0		3676	0	0
1701990893814	t	logcabin_testcue_study_right	0.0	0	0	3.5827	658.656	950.24	1.0	3.9259	714.096	1146.56	1.0	0.2523	-0.1037	0.9621	-2.3828	2.0737	-41.921	0.0	22	0.0	0.0		3676	0	0
1701990893822	t	logcabin_testcue_study_right	0.0	0	0	3.5824	658.512	950.24	1.0	3.9321	714.096	1146.56	1.0	0.2524	-0.1034	0.9621	-2.4527	2.0709	-41.9221	0.0	22	0.0	0.0		3676	0	0
1701990893831	t	logcabin_testcue_study_right	0.0	0	0	3.5809	658.512	950.08	1.0	3.9258	714.096	1146.56	1.0	0.2524	-0.1033	0.9621	-2.3068	2.0769	-41.9203	0.0	22	0.0	0.0		3676	0	0
1701990893840	t	logcabin_testcue_study_right	0.0	0	0	3.547	659.808	950.08	1.0	3.8288	715.68	1143.04	1.0	0.2511	-0.0994	0.9628	-0.6089	2.1673	-41.9324	0.0	22	0.0	0.0		3676	0	0
1701990893847	t	logcabin_testcue_study_right	0.0	0	0	3.5051	673.9200000000001	937.4399999999999	1.0	3.8065	724.176	1139.2	1.0	0.2219	-0.083	0.9715	24.9511	3.3014	-41.6104	0.0	22	0.0	0.0		3676	0	0
1701990893856	t	logcabin_testcue_study_right	0.0	0	0	3.282	698.4	938.88	1.0	3.8456	742.4639999999999	1136.64	1.0	0.1511	-0.1081	0.9826	32.5101	3.6358	-41.3569	0.0	22	0.0	0.0		3676	0	0
1701990893864	t	logcabin_testcue_study_right	0.0	0	0	3.5395	711.216	929.4399999999999	1.0	3.7285	763.488	1126.88	1.0	0.1464	-0.087	0.9854	32.3433	3.7299	-41.3881	0.0	22	0.0	0.0		3676	0	0
1701990893873	t	logcabin_testcue_study_right	0.0	0	0	3.4989	734.832	922.72	1.0	3.7436	777.744	1114.8799999999999	1.0	0.0777	-0.0891	0.993	32.1914	4.2626	-42.8764	0.0	22	0.0	0.0		3676	0	0
1701990893881	t	logcabin_testcue_study_right	0.0	0	0	3.4635	755.424	908.3199999999999	1.0	3.7283	796.0319999999999	1106.8799999999999	1.0	0.0444	-0.0437	0.998	31.9346	4.1101	-42.1113	0.0	22	0.0	0.0		3676	0	0
1701990893889	t	logcabin_testcue_study_right	0.0	0	0	3.3793	770.832	903.8399999999999	1.0	3.6865	813.5999999999999	1095.36	1.0	0.0198	-0.0439	0.9988	31.7431	4.1769	-42.0879	0.0	22	0.0	0.0		3676	0	0
1701990893897	t	logcabin_testcue_study_right	0.0	0	0	3.4872	787.2479999999999	892.4799999999999	1.0	3.7289	832.1759999999999	1088.64	1.0	-0.0034	-0.0096	0.9999	31.5101	4.1292	-41.6973	0.0	22	0.0	0.0		3676	0	0
1701990893906	t	logcabin_testcue_study_right	0.0	0	0	3.4577	801.7919999999999	888.1600000000001	1.0	3.8066	848.4479999999999	1080.16	1.0	-0.0356	0.0003	0.9994	30.8553	4.0952	-41.5257	0.0	22	0.0	0.0		3676	0	0
1701990893914	t	logcabin_testcue_study_right	0.0	0	0	3.5168	810.0	882.7199999999999	1.0	3.8088	856.512	1075.52	1.0	-0.0493	0.0154	0.9987	27.4143	4.0243	-41.6707	0.0	22	0.0	0.0		3676	0	0
1701990893922	t	logcabin_testcue_study_right	0.0	0	0	3.5957	811.584	882.7199999999999	1.0	3.8773	859.68	1074.08	1.0	-0.0522	0.0246	0.9983	-2.5717	2.8786	-42.3455	0.0	22	0.0	0.0		3676	0	0
1701990893931	t	logcabin_testcue_study_right	0.0	0	0	3.5484	809.4240000000001	884.96	1.0	3.7866	862.56	1076.0	1.0	-0.0561	0.0264	0.9981	-24.3945	2.0806	-43.0151	0.0	22	0.0	0.0		3676	0	0
1701990893939	t	logcabin_testcue_study_right	0.0	0	0	3.527	810.0	883.52	1.0	3.8255	859.248	1075.52	1.0	-0.046	0.0271	0.9986	-12.7589	2.5063	-42.7081	0.0	22	0.0	0.0		3676	0	0
1701990893948	t	logcabin_testcue_study_right	0.0	0	0	3.5403	808.416	884.96	1.0	3.7567	861.4079999999999	1074.4	1.0	-0.0483	0.0345	0.9982	-25.8502	2.0081	-43.034	0.0	22	0.0	0.0		3676	0	0
1701990893956	t	logcabin_testcue_study_right	0.0	0	0	3.5367	808.128	884.16	1.0	3.7905	862.4159999999999	1075.52	1.0	-0.0551	0.0146	0.9984	28.577	4.0403	-41.6189	0.0	22	0.0	0.0		3676	0	0
1701990893964	t	logcabin_testcue_study_right	0.0	0	0	3.5507	807.12	884.4799999999999	1.0	3.8802	861.984	1075.68	1.0	-0.052	0.0134	0.9986	30.5502	4.1116	-41.573	0.0	22	0.0	0.0		3676	0	0
1701990893973	t	logcabin_testcue_study_right	0.0	0	0	3.5409	806.112	886.0799999999999	1.0	3.7912	862.848	1076.64	1.0	-0.0491	0.0064	0.9988	31.0558	4.1208	-41.5275	0.0	22	0.0	0.0		3676	0	0
1701990893981	t	logcabin_testcue_study_right	0.0	0	0	3.5911	806.832	886.2399999999999	1.0	3.7869	861.696	1075.68	1.0	-0.0535	0.0067	0.9985	30.7222	4.1065	-41.5347	0.0	22	0.0	0.0		3676	0	0
1701990893989	t	logcabin_testcue_study_right	0.0	0	0	3.6189	806.112	886.0799999999999	1.0	3.7804	861.5520000000001	1076.0	1.0	-0.0509	0.0083	0.9987	29.4043	4.0528	-41.5597	0.0	22	0.0	0.0		3676	0	0
1701990893997	t	logcabin_testcue_study_right	0.0	0	0	3.5809	806.5440000000001	886.2399999999999	1.0	3.7754	861.4079999999999	1076.48	1.0	-0.0537	0.008	0.9985	29.8167	4.0574	-41.5198	0.0	22	0.0	0.0		3676	0	0
1701990894006	t	logcabin_testcue_study_right	0.0	0	0	3.5432	806.112	886.4000000000001	1.0	3.7761	861.5520000000001	1076.1599999999999	1.0	-0.0522	0.0077	0.9986	30.321	4.0658	-41.4788	0.0	22	0.0	0.0		3676	0	0
1701990894014	t	logcabin_testcue_study_right	0.0	0	0	3.5472	805.968	886.2399999999999	1.0	3.778	861.696	1075.68	1.0	-0.0524	0.0093	0.9986	29.863	4.0379	-41.4641	0.0	22	0.0	0.0		3676	0	0
1701990894022	t	logcabin_testcue_study_right	0.0	0	0	3.5455	805.968	886.0799999999999	1.0	3.7773	861.984	1076.1599999999999	1.0	-0.0518	0.0127	0.9986	25.9943	3.8747	-41.5181	0.0	22	0.0	0.0		3676	0	0
1701990894032	t	logcabin_testcue_study_right	0.0	0	0	3.5365	805.68	886.0799999999999	1.0	3.7761	862.272	1076.48	1.0	-0.0493	0.0184	0.9986	15.6812	3.461	-41.7207	0.0	22	0.0	0.0		3676	0	0
1701990894039	t	logcabin_testcue_study_right	0.0	0	0	3.5341	805.5360000000001	886.0799999999999	1.0	3.7773	862.272	1076.32	1.0	-0.0466	0.0246	0.9986	4.8089	3.0257	-41.935	0.0	22	0.0	0.0		3676	0	0
1701990894047	t	logcabin_testcue_study_right	0.0	0	0	3.5309	805.68	886.0799999999999	1.0	3.7766	862.272	1076.48	1.0	-0.0445	0.0291	0.9986	-3.8884	2.6776	-42.1051	0.0	22	0.0	0.0		3676	0	0
1701990894056	t	logcabin_testcue_study_right	0.0	0	0	3.5277	805.5360000000001	886.0799999999999	1.0	3.7779	862.272	1076.64	1.0	-0.0436	0.0302	0.9986	-5.9686	2.5901	-42.1353	0.0	22	0.0	0.0		3676	0	0
1701990894064	t	logcabin_testcue_study_right	0.0	0	0	3.5256	805.248	886.0799999999999	1.0	3.7771	862.272	1076.8000000000002	1.0	-0.0426	0.0303	0.9986	-6.4799	2.5645	-42.1327	0.0	22	0.0	0.0		3676	0	0
1701990894072	t	logcabin_testcue_study_right	0.0	0	0	3.5284	804.96	886.0799999999999	1.0	3.7764	862.272	1076.8000000000002	1.0	-0.0427	0.0303	0.9986	-4.6922	2.6289	-42.0865	0.0	22	0.0	0.0		3676	0	0
1701990894081	t	logcabin_testcue_study_right	0.0	0	0	3.5254	804.6719999999999	886.2399999999999	1.0	3.7757	862.4159999999999	1076.8000000000002	1.0	-0.0427	0.0292	0.9987	-1.7234	2.7442	-42.0289	0.0	22	0.0	0.0		3676	0	0
1701990894089	t	logcabin_testcue_study_right	0.0	0	0	3.4525	802.944	887.68	1.0	3.7727	862.4159999999999	1076.96	1.0	-0.0435	0.0265	0.9987	-1.3453	2.7626	-42.0502	0.0	22	0.0	0.0		3676	0	0
1701990894097	t	logcabin_testcue_study_right	0.0	0	0	3.4786	802.224	889.7600000000001	1.0	3.7704	862.4159999999999	1076.8000000000002	1.0	-0.0421	0.0227	0.9988	-2.2606	2.7307	-42.0796	0.0	22	0.0	0.0		3676	0	0
1701990894106	t	logcabin_testcue_study_right	0.0	0	0	3.4581	802.6560000000001	888.9599999999999	1.0	3.7574	862.4159999999999	1077.1200000000001	1.0	-0.0422	0.025	0.9988	-4.47	2.6438	-42.1251	0.0	22	0.0	0.0		3676	0	0
1701990894114	t	logcabin_testcue_study_right	0.0	0	0	3.4373	803.088	888.1600000000001	1.0	3.7522	862.56	1077.44	1.0	-0.0425	0.0269	0.9987	-6.7572	2.5536	-42.1714	0.0	22	0.0	0.0		3676	0	0
1701990894122	t	logcabin_testcue_study_right	0.0	0	0	3.4594	802.6560000000001	888.0000000000001	1.0	3.7513	862.704	1077.6	1.0	-0.0417	0.0281	0.9987	-8.7313	2.4759	-42.2128	0.0	22	0.0	0.0		3676	0	0
1701990894131	t	logcabin_testcue_study_right	0.0	0	0	3.4376	802.224	887.8399999999999	1.0	3.7509	862.848	1077.9199999999998	1.0	-0.0408	0.0282	0.9988	-9.6652	2.4396	-42.2346	0.0	22	0.0	0.0		3676	0	0
1701990894139	t	logcabin_testcue_study_right	0.0	0	0	3.4233	802.224	888.0000000000001	1.0	3.7454	862.848	1077.9199999999998	1.0	-0.0405	0.0279	0.9988	-9.7946	2.4353	-42.2383	0.0	22	0.0	0.0		3676	0	0
1701990894147	t	logcabin_testcue_study_right	0.0	0	0	3.4089	802.08	888.1600000000001	1.0	3.7197	862.848	1078.08	1.0	-0.0406	0.0291	0.9987	-7.6504	2.5221	-42.2477	0.0	22	0.0	0.0		3676	0	0
1701990894156	t	logcabin_testcue_study_right	0.0	0	0	3.4534	808.56	886.72	1.0	3.6461	869.616	1077.1200000000001	1.0	-0.0537	0.0147	0.9984	21.249	3.6595	-41.5676	0.0	22	0.0	0.0		3676	0	0
1701990894164	t	logcabin_testcue_study_right	0.0	0	0	3.4007	826.1279999999999	879.68	1.0	3.6862	887.328	1073.12	1.0	-0.0832	0.0446	0.9955	16.0512	3.3045	-41.0835	0.0	22	0.0	0.0		3676	0	0
1701990894172	t	logcabin_testcue_study_right	0.0	0	0	3.5034	849.312	875.0400000000001	1.0	3.7994	910.9440000000001	1074.8799999999999	1.0	-0.1367	0.0513	0.9893	-29.5792	1.7014	-42.6276	0.0	22	0.0	0.0		3676	0	0
1701990894181	t	logcabin_testcue_study_right	0.0	0	0	3.4965	870.48	872.8	1.0	3.7523	929.088	1068.32	1.0	-0.168	0.0786	0.9827	-34.4863	1.554	-42.8696	0.0	22	0.0	0.0		3676	0	0
1701990894189	t	logcabin_testcue_study_right	0.0	0	0	3.5535	891.36	870.72	1.0	3.7425	950.1120000000001	1068.0	1.0	-0.2165	0.0883	0.9723	-34.5765	1.5574	-42.9359	0.0	22	0.0	0.0		3676	0	0
1701990894197	t	logcabin_testcue_study_right	0.0	0	0	3.6263	903.4559999999999	870.0799999999999	1.0	3.7552	960.912	1069.1200000000001	1.0	-0.2381	0.0871	0.9673	-34.576	1.5681	-42.9608	0.0	22	0.0	0.0		3676	0	0
1701990894206	t	logcabin_testcue_study_right	0.0	0	0	3.5621	903.744	868.8000000000001	1.0	3.7948	962.496	1066.08	1.0	-0.239	0.0998	0.9659	-34.3053	1.5807	-42.9696	0.0	22	0.0	0.0		3676	0	0
1701990894215	t	logcabin_testcue_study_right	0.0	0	0	3.5154	901.728	870.72	1.0	3.7718	963.0719999999999	1068.32	1.0	-0.2398	0.0939	0.9663	-33.8561	1.5844	-42.9553	0.0	22	0.0	0.0		3676	0	0
1701990894223	t	logcabin_testcue_study_right	0.0	0	0	3.5807	902.592	869.12	1.0	3.6661	959.1840000000001	1067.52	1.0	-0.2237	0.0952	0.97	-33.654	1.5863	-42.9412	0.0	22	0.0	0.0		3676	0	0
1701990894231	t	logcabin_testcue_study_right	0.0	0	0	3.5349	899.5680000000001	871.1999999999999	1.0	3.6986	959.616	1069.9199999999998	1.0	-0.2249	0.0875	0.9704	-32.9967	1.6084	-42.9223	0.0	22	0.0	0.0		3676	0	0
1701990894240	t	logcabin_testcue_study_right	0.0	0	0	3.5144	898.848	870.72	1.0	3.738	960.1919999999999	1069.44	1.0	-0.2254	0.0916	0.9699	-34.7994	1.5308	-42.9677	0.0	22	0.0	0.0		3676	0	0
1701990894248	t	logcabin_testcue_study_right	0.0	0	0	3.5411	896.5440000000001	871.68	1.0	3.6997	959.76	1069.6	1.0	-0.2233	0.0909	0.9705	-34.858	1.5263	-42.9681	0.0	22	0.0	0.0		3676	0	0
1701990894256	t	logcabin_testcue_study_right	0.0	0	0	3.4973	897.5519999999999	870.88	1.0	3.7361	959.328	1069.76	1.0	-0.2214	0.0906	0.9709	-34.4097	1.5425	-42.9563	0.0	22	0.0	0.0		3676	0	0
1701990894265	t	logcabin_testcue_study_right	0.0	0	0	3.5532	896.6880000000001	871.84	1.0	3.7352	959.472	1070.88	1.0	-0.229	0.0739	0.9706	-7.4919	2.6363	-42.3033	0.0	22	0.0	0.0		3676	0	0
1701990894273	t	logcabin_testcue_study_right	0.0	0	0	3.5198	895.68	870.4000000000001	1.0	3.7317	959.328	1071.52	1.0	-0.227	0.0744	0.971	-7.1364	2.6507	-42.2946	0.0	22	0.0	0.0		3676	0	0
1701990894281	t	logcabin_testcue_study_right	0.0	0	0	3.5164	897.12	871.1999999999999	1.0	3.7298	959.328	1071.6799999999998	1.0	-0.2311	0.0726	0.9702	-7.054	2.6554	-42.2939	0.0	22	0.0	0.0		3676	0	0
1701990894290	t	logcabin_testcue_study_right	0.0	0	0	3.492	893.232	869.92	1.0	3.7318	959.328	1071.52	1.0	-0.2244	0.0745	0.9716	-6.9767	2.6582	-42.2872	0.0	22	0.0	0.0		3676	0	0
1701990894298	t	logcabin_testcue_study_right	0.0	0	0	3.4368	893.808	868.8000000000001	1.0	3.7301	959.328	1071.52	1.0	-0.2263	0.0759	0.9711	-6.6882	2.6728	-42.284	0.0	22	0.0	0.0		3676	0	0
1701990894306	t	logcabin_testcue_study_right	0.0	0	0	3.4514	892.8	868.3199999999999	1.0	3.7287	959.1840000000001	1071.52	1.0	-0.2258	0.0762	0.9712	-5.8629	2.7075	-42.2637	0.0	22	0.0	0.0		3676	0	0
1701990894315	t	logcabin_testcue_study_right	0.0	0	0	3.4618	892.224	868.6400000000001	1.0	3.7166	959.1840000000001	1071.52	1.0	-0.2251	0.0753	0.9714	-5.5404	2.7202	-42.2546	0.0	22	0.0	0.0		3676	0	0
1701990894323	t	logcabin_testcue_study_right	0.0	0	0	3.472	891.6479999999999	868.96	1.0	3.7289	959.1840000000001	1071.52	1.0	-0.2242	0.0746	0.9717	-5.4731	2.7224	-42.2516	0.0	22	0.0	0.0		3676	0	0
1701990894331	t	logcabin_testcue_study_right	0.0	0	0	3.4831	891.216	868.6400000000001	1.0	3.7168	958.8960000000001	1071.52	1.0	-0.2234	0.0754	0.9718	-5.5782	2.7171	-42.253	0.0	22	0.0	0.0		3676	0	0
1701990894340	t	logcabin_testcue_study_right	0.0	0	0	3.3704	885.456	868.8000000000001	1.0	3.7048	958.608	1071.52	1.0	-0.2138	0.0745	0.974	-6.075	2.6899	-42.2452	0.0	22	0.0	0.0		3676	0	0
1701990894348	t	logcabin_testcue_study_right	0.0	0	0	3.4467	886.7520000000001	868.96	1.0	3.7247	958.032	1071.8400000000001	1.0	-0.2164	0.075	0.9734	-7.2212	2.6413	-42.2741	0.0	22	0.0	0.0		3676	0	0
1701990894356	t	logcabin_testcue_study_right	0.0	0	0	3.4776	886.6080000000001	869.76	1.0	3.7044	957.744	1071.52	1.0	-0.2164	0.0746	0.9734	-8.6181	2.5812	-42.3031	0.0	22	0.0	0.0		3676	0	0
1701990894365	t	logcabin_testcue_study_right	0.0	0	0	3.4655	885.024	868.8000000000001	1.0	3.6969	956.3040000000001	1071.52	1.0	-0.2109	0.0766	0.9745	-9.7346	2.5344	-42.3282	0.0	22	0.0	0.0		3676	0	0
1701990894372	t	logcabin_testcue_study_right	0.0	0	0	3.4258	880.416	869.4399999999999	1.0	3.4716	947.664	1071.8400000000001	1.0	-0.1897	0.0748	0.979	-11.4383	2.4386	-42.3232	0.0	22	0.0	0.0		3676	0	0
1701990894381	t	logcabin_testcue_study_right	0.0	0	0	3.4136	881.28	868.96	1.0	3.5475	951.84	1073.12	1.0	-0.2044	0.0737	0.9761	-11.4795	2.4404	-42.3346	0.0	22	0.0	0.0		3676	0	0
1701990894389	t	logcabin_testcue_study_right	0.0	0	0	3.4225	880.416	869.4399999999999	1.0	3.6328	949.968	1071.36	1.0	-0.1989	0.0776	0.9769	-12.8288	2.3829	-42.3576	0.0	22	0.0	0.0		3676	0	0
1701990894397	t	logcabin_testcue_study_right	0.0	0	0	3.3672	879.1200000000001	870.72	1.0	3.6664	948.096	1072.32	1.0	-0.1927	0.0748	0.9784	-16.1027	2.2442	-42.4266	0.0	22	0.0	0.0		3676	0	0
1701990894406	t	logcabin_testcue_study_right	0.0	0	0	3.3584	875.664	868.8000000000001	1.0	3.68	947.2320000000001	1071.6799999999998	1.0	-0.1868	0.0804	0.9791	-19.9284	2.0821	-42.5048	0.0	22	0.0	0.0		3676	0	0
1701990894414	t	logcabin_testcue_study_right	0.0	0	0	3.3006	877.3919999999999	868.96	1.0	3.6493	946.224	1070.56	1.0	-0.1908	0.0837	0.978	-20.4174	2.0634	-42.5278	0.0	22	0.0	0.0		3676	200	MYKEYWORD 200
