Recording timestamp	type	Scene Name	scene_num	order	djv_reported	PupilDiam_Left	Gaze2d_Left.x	Gaze2d_Left.y	left_eye_openness	PupilDiam_Right	Gaze2d_Right.x	Gaze2d_Right.y	right_eye_openness	gaze_direction_x	gaze_direction_y	gaze_direction_z	gaze_origin_x	gaze_origin_y	gaze_origin_z	gaze_convergence_distance	participant	study_status	scene_familiarity	recall_status	Identifier	Event value	Event message
1702058865295	t	basketballcourt_test_cue_pool_right	0.0	1	0	3.9414	761.328	879.04	1.0	3.8283	766.224	889.4399999999999	1.0	-0.0625	-0.096	0.9934	-24.7145	3.9933	-38.7015	0.0	25	0.0	0.0		5841	100	MYKEYWORD 100
1702058865303	t	basketballcourt_test_cue_pool_right	0.0	1	0	4.0206	762.912	878.2400000000001	1.0	3.7521	762.6239999999999	891.5200000000001	1.0	-0.0565	-0.105	0.9929	-13.9052	3.8274	-38.0495	0.0	25	0.0	0.0		5841	0	0
1702058865311	t	basketballcourt_test_cue_pool_right	0.0	1	0	4.0291	762.192	877.12	1.0	3.76	762.336	892.6399999999999	1.0	-0.0564	-0.1058	0.9928	-9.7539	3.75	-37.766	0.0	25	0.0	0.0		5841	0	0
1702058865320	t	basketballcourt_test_cue_pool_right	0.0	1	0	4.0205	761.4720000000001	877.76	1.0	3.7705	762.6239999999999	891.5200000000001	1.0	-0.0555	-0.103	0.9931	-12.726	3.7747	-37.8821	0.0	25	0.0	0.0		5841	0	0
1702058865328	t	basketballcourt_test_cue_pool_right	0.0	1	0	3.9848	760.896	877.44	1.0	3.8156	766.8	888.1600000000001	1.0	-0.067	-0.0876	0.9939	-22.1427	3.8839	-38.3674	0.0	25	0.0	0.0		5841	0	0
1702058865337	t	basketballcourt_test_cue_pool_right	0.0	1	0	3.9597	760.32	877.76	1.0	3.7159	760.32	893.44	1.0	-0.0415	-0.1072	0.9934	-23.5668	3.9288	-38.5027	0.0	25	0.0	0.0		5841	0	0
1702058865345	t	basketballcourt_test_cue_pool_right	0.0	1	0	3.9761	760.752	877.76	1.0	3.7958	762.7679999999999	888.9599999999999	1.0	-0.0526	-0.0952	0.9941	-18.5178	3.8524	-38.1819	0.0	25	0.0	0.0		5841	0	0
1702058865353	t	basketballcourt_test_cue_pool_right	0.0	1	0	3.9903	760.32	877.76	1.0	3.762	763.2	887.8399999999999	1.0	-0.0589	-0.0992	0.9933	-0.9996	3.6071	-37.2022	0.0	25	0.0	0.0		5841	0	0
1702058865362	t	basketballcourt_test_cue_pool_right	0.0	1	0	3.9765	760.176	877.76	1.0	3.8352	764.784	889.4399999999999	1.0	-0.0646	-0.1055	0.9923	13.6478	3.4041	-36.4049	0.0	25	0.0	0.0		5841	0	0
1702058865370	t	basketballcourt_test_cue_pool_right	0.0	1	0	3.9907	760.032	877.76	1.0	3.848	763.632	889.4399999999999	1.0	-0.0646	-0.1066	0.9922	18.1673	3.3379	-36.1477	0.0	25	0.0	0.0		5841	0	0
1702058865378	t	basketballcourt_test_cue_pool_right	0.0	1	0	3.9916	759.7439999999999	878.0799999999999	1.0	3.8574	764.208	889.4399999999999	1.0	-0.064	-0.1059	0.9923	15.2444	3.3802	-36.3195	0.0	25	0.0	0.0		5841	0	0
1702058865387	t	basketballcourt_test_cue_pool_right	0.0	1	0	3.9217	760.176	878.0799999999999	1.0	3.8445	763.344	889.4399999999999	1.0	-0.0633	-0.1021	0.9928	9.7072	3.4478	-36.6376	0.0	25	0.0	0.0		5841	0	0
1702058865395	t	basketballcourt_test_cue_pool_right	0.0	1	0	3.9332	765.6479999999999	875.2	1.0	3.7764	763.2	889.28	1.0	-0.0634	-0.0984	0.9931	8.2999	3.4383	-36.5439	0.0	25	0.0	0.0		5841	0	0
1702058865403	t	basketballcourt_test_cue_pool_right	0.0	1	0	3.8619	775.152	873.1199999999999	1.0	3.8376	782.496	884.96	1.0	-0.0781	-0.0947	0.9924	5.3539	3.5505	-36.8227	0.0	25	0.0	0.0		5841	0	0
1702058865411	t	basketballcourt_test_cue_pool_right	0.0	1	0	3.9879	796.32	867.2	1.0	3.8686	805.68	876.16	1.0	-0.1293	-0.0755	0.9887	-16.1935	3.9393	-38.0187	0.0	25	0.0	0.0		5841	0	0
1702058865420	t	basketballcourt_test_cue_pool_right	0.0	1	0	3.9313	818.2080000000001	861.4399999999999	1.0	4.0253	826.8480000000001	869.12	1.0	-0.1819	-0.0583	0.9816	-12.0396	3.9385	-37.8444	0.0	25	0.0	0.0		5841	0	0
1702058865428	t	basketballcourt_test_cue_pool_right	0.0	1	0	4.1079	827.9999999999999	860.4799999999999	1.0	4.0212	833.184	865.28	1.0	-0.1991	-0.053	0.9785	-8.0312	3.916	-37.6824	0.0	25	0.0	0.0		5841	0	0
1702058865436	t	basketballcourt_test_cue_pool_right	0.0	1	0	4.0938	827.856	861.5999999999999	1.0	4.1469	835.0559999999999	866.8799999999999	1.0	-0.2035	-0.0574	0.9774	-6.7936	3.8946	-37.6137	0.0	25	0.0	0.0		5841	0	0
1702058865445	t	basketballcourt_test_cue_pool_right	0.0	1	0	4.0467	825.2640000000001	861.5999999999999	1.0	3.9957	831.6	868.6400000000001	1.0	-0.1918	-0.0598	0.9796	-8.9673	3.9131	-37.7178	0.0	25	0.0	0.0		5841	0	0
1702058865453	t	basketballcourt_test_cue_pool_right	0.0	1	0	4.1728	825.552	860.0	1.0	4.0748	833.328	869.12	1.0	-0.1959	-0.0565	0.979	-16.6431	4.0287	-38.1452	0.0	25	0.0	0.0		5841	0	0
1702058865461	t	basketballcourt_test_cue_pool_right	0.0	1	0	4.0889	824.1120000000001	860.6400000000001	1.0	4.0326	833.616	868.4799999999999	1.0	-0.1958	-0.0527	0.9792	-21.6841	4.1	-38.4321	0.0	25	0.0	0.0		5841	0	0
1702058865470	t	basketballcourt_test_cue_pool_right	0.0	1	0	4.1311	825.984	859.0400000000001	1.0	4.0359	831.888	868.3199999999999	1.0	-0.19	-0.0496	0.9805	-24.7718	4.1422	-38.6079	0.0	25	0.0	0.0		5841	0	0
1702058865478	t	basketballcourt_test_cue_pool_right	0.0	1	0	4.1389	824.2560000000001	859.52	1.0	4.0043	832.0319999999999	864.9599999999999	1.0	-0.1899	-0.0399	0.981	-27.9892	4.2005	-38.7917	0.0	25	0.0	0.0		5841	0	0
1702058865486	t	basketballcourt_test_cue_pool_right	0.0	1	0	4.0937	824.976	857.6	1.0	4.0419	832.4639999999999	865.6	1.0	-0.1911	-0.0427	0.9806	-26.6436	4.1858	-38.7135	0.0	25	0.0	0.0		5841	0	0
1702058865495	t	basketballcourt_test_cue_pool_right	0.0	1	0	3.9572	823.68	859.52	1.0	3.9368	831.6	867.52	1.0	-0.1844	-0.059	0.9811	-5.8641	3.8729	-37.5181	0.0	25	0.0	0.0		5841	0	0
1702058865502	t	basketballcourt_test_cue_pool_right	0.0	1	0	3.9965	823.536	858.8800000000001	1.0	3.9599	831.6	865.76	1.0	-0.1845	-0.055	0.9813	-4.3525	3.8501	-37.4278	0.0	25	0.0	0.0		5841	0	0
1702058865511	t	basketballcourt_test_cue_pool_right	0.0	1	0	4.0363	823.3919999999999	858.4	1.0	3.9801	831.6	866.8799999999999	1.0	-0.1848	-0.0561	0.9812	-4.7036	3.8544	-37.443	0.0	25	0.0	0.0		5841	0	0
1702058865519	t	basketballcourt_test_cue_pool_right	0.0	1	0	4.0457	823.104	858.8800000000001	1.0	4.0168	830.592	867.36	1.0	-0.1833	-0.0565	0.9814	-5.3988	3.8588	-37.4797	0.0	25	0.0	0.0		5841	0	0
1702058865528	t	basketballcourt_test_cue_pool_right	0.0	1	0	4.0356	822.96	859.36	1.0	3.9863	832.1759999999999	867.0400000000001	1.0	-0.1869	-0.0551	0.9808	-5.8254	3.8588	-37.5051	0.0	25	0.0	0.0		5841	0	0
1702058865536	t	basketballcourt_test_cue_pool_right	0.0	1	0	4.0412	822.672	859.2	1.0	4.0415	831.888	869.6	1.0	-0.1864	-0.0588	0.9807	-5.9095	3.8534	-37.504	0.0	25	0.0	0.0		5841	0	0
1702058865544	t	basketballcourt_test_cue_pool_right	0.0	1	0	4.0462	822.3840000000001	859.36	1.0	4.0327	829.8720000000001	867.84	1.0	-0.1814	-0.0555	0.9818	-5.9836	3.8518	-37.504	0.0	25	0.0	0.0		5841	0	0
1702058865552	t	basketballcourt_test_cue_pool_right	0.0	1	0	4.0486	822.2399999999999	859.36	1.0	4.04	830.448	869.4399999999999	1.0	-0.1827	-0.0593	0.9814	-5.3257	3.8455	-37.4693	0.0	25	0.0	0.0		5841	0	0
1702058865561	t	basketballcourt_test_cue_pool_right	0.0	1	0	4.0448	822.2399999999999	859.36	1.0	4.0322	829.1519999999999	867.84	1.0	-0.1799	-0.0574	0.982	-3.9586	3.8292	-37.3936	0.0	25	0.0	0.0		5841	0	0
1702058865569	t	basketballcourt_test_cue_pool_right	0.0	1	0	4.0423	821.664	859.36	1.0	4.0414	829.584	867.6800000000001	1.0	-0.1804	-0.0582	0.9819	-2.5822	3.8111	-37.3183	0.0	25	0.0	0.0		5841	0	0
1702058865577	t	basketballcourt_test_cue_pool_right	0.0	1	0	4.022	818.0640000000001	860.8000000000001	1.0	4.0439	830.304	869.4399999999999	1.0	-0.1841	-0.0624	0.9809	-9.5265	3.9447	-37.8036	0.0	25	0.0	0.0		5841	0	0
1702058865586	t	basketballcourt_test_cue_pool_right	0.0	1	0	4.0451	820.3679999999999	861.5999999999999	1.0	4.0418	827.1360000000001	868.96	1.0	-0.1798	-0.0565	0.9821	-18.0112	4.0504	-38.2513	0.0	25	0.0	0.0		5841	0	0
1702058865595	t	basketballcourt_test_cue_pool_right	0.0	1	0	3.9934	818.496	860.0	1.0	4.0459	827.568	869.76	1.0	-0.1815	-0.0536	0.9819	-24.7927	4.138	-38.6256	0.0	25	0.0	0.0		5841	0	0
1702058865603	t	basketballcourt_test_cue_pool_right	0.0	1	0	4.0219	818.2080000000001	860.3199999999999	1.0	4.0344	828.432	869.76	1.0	-0.186	-0.0514	0.9812	-27.4986	4.1708	-38.7727	0.0	25	0.0	0.0		5841	0	0
1702058865611	t	basketballcourt_test_cue_pool_right	0.0	1	0	3.9928	818.0640000000001	860.6400000000001	1.0	4.0329	827.424	869.6	1.0	-0.182	-0.0505	0.982	-28.2961	4.1799	-38.8146	0.0	25	0.0	0.0		5841	0	0
1702058865620	t	basketballcourt_test_cue_pool_right	0.0	1	0	4.0006	817.776	861.4399999999999	1.0	4.0333	827.9999999999999	869.76	1.0	-0.1847	-0.0508	0.9815	-27.9313	4.1734	-38.7961	0.0	25	0.0	0.0		5841	0	0
1702058865628	t	basketballcourt_test_cue_pool_right	0.0	1	0	3.9913	817.3439999999999	861.76	1.0	4.0222	827.856	869.6	1.0	-0.1837	-0.0517	0.9816	-25.917	4.1479	-38.6893	0.0	25	0.0	0.0		5841	0	0
1702058865636	t	basketballcourt_test_cue_pool_right	0.0	1	0	4.0009	817.776	861.28	1.0	4.0149	827.712	869.4399999999999	1.0	-0.1822	-0.054	0.9818	-20.6074	4.078	-38.4065	0.0	25	0.0	0.0		5841	0	0
1702058865645	t	basketballcourt_test_cue_pool_right	0.0	1	0	4.0092	817.3439999999999	861.28	1.0	4.0124	826.9920000000001	869.4399999999999	1.0	-0.1782	-0.0583	0.9823	-11.8178	3.9603	-37.9406	0.0	25	0.0	0.0		5841	0	0
1702058865653	t	basketballcourt_test_cue_pool_right	0.0	1	0	4.0002	817.2	861.12	1.0	4.0134	826.2719999999999	869.4399999999999	1.0	-0.1751	-0.0624	0.9826	-3.0095	3.8438	-37.4784	0.0	25	0.0	0.0		5841	0	0
1702058865661	t	basketballcourt_test_cue_pool_right	0.0	1	0	4.0092	817.056	861.28	1.0	4.0119	826.2719999999999	869.6	1.0	-0.1745	-0.0635	0.9826	-2.1943	3.8313	-37.4296	0.0	25	0.0	0.0		5841	0	0
1702058865670	t	basketballcourt_test_cue_pool_right	0.0	1	0	4.0155	816.912	861.28	1.0	4.0132	826.2719999999999	869.76	1.0	-0.1742	-0.0644	0.9826	-1.0883	3.8163	-37.3687	0.0	25	0.0	0.0		5841	0	0
1702058865678	t	basketballcourt_test_cue_pool_right	0.0	1	0	4.0219	816.624	861.28	1.0	4.0115	826.2719999999999	870.0799999999999	1.0	-0.1739	-0.0651	0.9826	-1.1174	3.8165	-37.3681	0.0	25	0.0	0.0		5841	0	0
1702058865686	t	basketballcourt_test_cue_pool_right	0.0	1	0	4.0153	816.624	861.5999999999999	1.0	4.0097	826.2719999999999	870.4000000000001	1.0	-0.174	-0.0659	0.9825	-1.1067	3.8158	-37.3675	0.0	25	0.0	0.0		5841	0	0
1702058865695	t	basketballcourt_test_cue_pool_right	0.0	1	0	4.0222	816.624	861.28	1.0	4.0095	825.984	870.4000000000001	1.0	-0.1738	-0.0654	0.9826	-1.0919	3.815	-37.3666	0.0	25	0.0	0.0		5841	0	0
1702058865703	t	basketballcourt_test_cue_pool_right	0.0	1	0	4.0263	816.3359999999999	861.5999999999999	1.0	4.0103	826.2719999999999	870.4000000000001	1.0	-0.176	-0.0609	0.9825	-6.6545	3.86	-37.5928	0.0	25	0.0	0.0		5841	0	0
1702058865711	t	basketballcourt_test_cue_pool_right	0.0	1	0	4.0355	816.192	861.76	1.0	4.01	825.984	870.2400000000001	1.0	-0.1786	-0.055	0.9824	-20.9676	4.0582	-38.3654	0.0	25	0.0	0.0		5841	0	0
1702058865720	t	basketballcourt_test_cue_pool_right	0.0	1	0	4.0361	816.192	861.76	1.0	4.0098	825.84	870.4000000000001	1.0	-0.1793	-0.0537	0.9823	-27.709	4.1657	-38.7614	0.0	25	0.0	0.0		5841	0	0
1702058865728	t	basketballcourt_test_cue_pool_right	0.0	1	0	4.0313	816.048	862.0799999999999	1.0	4.0086	825.2640000000001	870.4000000000001	1.0	-0.1782	-0.0537	0.9825	-29.6843	4.1976	-38.8777	0.0	25	0.0	0.0		5841	0	0
1702058865736	t	basketballcourt_test_cue_pool_right	0.0	1	0	4.0317	816.048	862.0799999999999	1.0	3.9995	825.1199999999999	870.4000000000001	1.0	-0.1783	-0.054	0.9825	-30.1523	4.2054	-38.9053	0.0	25	0.0	0.0		5841	0	0
1702058865745	t	basketballcourt_test_cue_pool_right	0.0	1	0	4.0612	822.096	862.2400000000001	1.0	4.0074	827.424	869.28	1.0	-0.1794	-0.0495	0.9825	-30.1927	4.2059	-38.912	0.0	25	0.0	0.0		5841	0	0
1702058865753	t	basketballcourt_test_cue_pool_right	0.0	1	0	4.0625	834.768	858.7199999999999	1.0	4.0405	839.376	867.6800000000001	1.0	-0.1989	-0.047	0.9789	-29.2182	4.2189	-38.8734	0.0	25	0.0	0.0		5841	0	0
1702058865761	t	basketballcourt_test_cue_pool_right	0.0	1	0	4.079	853.92	852.6400000000001	1.0	3.925	853.344	862.0799999999999	1.0	-0.2274	-0.0318	0.9733	-26.7886	4.2181	-38.7698	0.0	25	0.0	0.0		5841	0	0
1702058865770	t	basketballcourt_test_cue_pool_right	0.0	1	0	4.1579	859.824	852.8000000000001	1.0	4.0828	859.248	861.76	1.0	-0.2436	-0.0317	0.9693	-23.0404	4.1754	-38.5664	0.0	25	0.0	0.0		5841	0	0
1702058865778	t	basketballcourt_test_cue_pool_right	0.0	1	0	4.125	858.672	852.0	1.0	3.9941	857.808	860.4799999999999	1.0	-0.2406	-0.028	0.9702	-17.6923	4.0859	-38.259	0.0	25	0.0	0.0		5841	0	0
1702058865786	t	basketballcourt_test_cue_pool_right	0.0	1	0	3.9919	858.672	855.3599999999999	1.0	4.0583	859.392	863.68	1.0	-0.2458	-0.0373	0.9686	-16.809	4.0614	-38.2084	0.0	25	0.0	0.0		5841	0	0
1702058865795	t	basketballcourt_test_cue_pool_right	0.0	1	0	4.05	856.8	856.32	1.0	3.9853	857.808	860.8000000000001	1.0	-0.2384	-0.0297	0.9707	-16.0459	4.0431	-38.1646	0.0	25	0.0	0.0		5841	0	0
1702058865803	t	basketballcourt_test_cue_pool_right	0.0	1	0	3.9666	857.088	856.8	1.0	4.0521	858.5279999999999	861.28	1.0	-0.2412	-0.0322	0.9699	-13.4956	4.0024	-38.0185	0.0	25	0.0	0.0		5841	0	0
1702058865811	t	basketballcourt_test_cue_pool_right	0.0	1	0	4.024	856.08	856.48	1.0	4.0685	857.808	861.76	1.0	-0.2385	-0.0344	0.9705	-9.9503	3.9449	-37.8123	0.0	25	0.0	0.0		5841	0	0
1702058865820	t	basketballcourt_test_cue_pool_right	0.0	1	0	3.9942	857.3760000000001	854.5600000000001	1.0	4.0632	856.944	861.92	1.0	-0.2398	-0.0333	0.9702	-5.0865	3.8675	-37.5344	0.0	25	0.0	0.0		5841	0	0
1702058865828	t	basketballcourt_test_cue_pool_right	0.0	1	0	4.0431	852.912	856.0	1.0	4.0664	856.08	861.92	1.0	-0.2313	-0.0367	0.9722	-1.5965	3.808	-37.3258	0.0	25	0.0	0.0		5841	0	0
1702058865836	t	basketballcourt_test_cue_pool_right	0.0	1	0	4.0079	855.6479999999999	854.4000000000001	1.0	4.0626	856.368	861.92	1.0	-0.2382	-0.034	0.9706	-1.2417	3.8041	-37.3097	0.0	25	0.0	0.0		5841	0	0
1702058865845	t	basketballcourt_test_cue_pool_right	0.0	1	0	3.9813	852.7679999999999	853.28	1.0	4.0587	856.656	861.92	1.0	-0.2336	-0.0322	0.9718	-1.5096	3.8066	-37.3195	0.0	25	0.0	0.0		5841	0	0
1702058865853	t	basketballcourt_test_cue_pool_right	0.0	1	0	4.0436	853.056	856.0	1.0	4.0556	856.368	862.0799999999999	1.0	-0.2344	-0.0374	0.9714	-1.5258	3.8079	-37.3186	0.0	25	0.0	0.0		5841	0	0
1702058865861	t	basketballcourt_test_cue_pool_right	0.0	1	0	4.0373	854.784	854.08	1.0	4.0526	856.224	862.0799999999999	1.0	-0.2387	-0.0351	0.9705	-1.5005	3.814	-37.3182	0.0	25	0.0	0.0		5841	0	0
1702058865870	t	basketballcourt_test_cue_pool_right	0.0	1	0	4.0401	854.064	854.88	1.0	4.0551	856.224	862.2400000000001	1.0	-0.2378	-0.0378	0.9706	-1.4911	3.8177	-37.3145	0.0	25	0.0	0.0		5841	0	0
1702058865877	t	basketballcourt_test_cue_pool_right	0.0	1	0	3.9854	852.6239999999999	852.4800000000001	1.0	4.0518	856.224	862.4000000000001	1.0	-0.2355	-0.0348	0.9712	-1.5488	3.8214	-37.316	0.0	25	0.0	0.0		5841	0	0
1702058865886	t	basketballcourt_test_cue_pool_right	0.0	1	0	4.0882	852.912	852.96	1.0	4.0549	856.08	862.4000000000001	1.0	-0.2372	-0.0353	0.9708	-1.5041	3.8209	-37.3136	0.0	25	0.0	0.0		5841	0	0
1702058865894	t	basketballcourt_test_cue_pool_right	0.0	1	0	4.0092	852.912	854.72	1.0	4.052	856.08	862.4000000000001	1.0	-0.2377	-0.0384	0.9706	-1.579	3.8207	-37.3171	0.0	25	0.0	0.0		5841	0	0
1702058865902	t	basketballcourt_test_cue_pool_right	0.0	1	0	4.1141	853.056	855.6800000000001	1.0	4.0171	856.08	862.2400000000001	1.0	-0.2397	-0.0388	0.9701	-1.437	3.8161	-37.311	0.0	25	0.0	0.0		5841	0	0
1702058865911	t	basketballcourt_test_cue_pool_right	0.0	1	0	3.9892	852.4799999999999	855.1999999999999	1.0	3.9945	855.936	862.4000000000001	1.0	-0.239	-0.0381	0.9703	-1.4581	3.8139	-37.3131	0.0	25	0.0	0.0		5841	0	0
1702058865919	t	basketballcourt_test_cue_pool_right	0.0	1	0	4.0718	853.2	855.6800000000001	1.0	3.9943	855.792	862.4000000000001	1.0	-0.2413	-0.0381	0.9697	-1.2449	3.8077	-37.3024	0.0	25	0.0	0.0		5841	0	0
1702058865928	t	basketballcourt_test_cue_pool_right	0.0	1	0	4.0037	852.192	855.84	1.0	3.962	855.216	862.4000000000001	1.0	-0.2381	-0.0391	0.9704	-1.1614	3.8055	-37.2967	0.0	25	0.0	0.0		5841	0	0
1702058865936	t	basketballcourt_test_cue_pool_right	0.0	1	0	4.0614	851.184	856.1600000000001	1.0	3.9621	855.216	862.4000000000001	1.0	-0.2369	-0.0393	0.9707	-1.1042	3.8036	-37.293	0.0	25	0.0	0.0		5841	0	0
1702058865945	t	basketballcourt_test_cue_pool_right	0.0	1	0	4.0654	851.04	856.64	1.0	3.9411	855.072	862.4000000000001	1.0	-0.2373	-0.0401	0.9706	-1.0089	3.8014	-37.2872	0.0	25	0.0	0.0		5841	0	0
1702058865953	t	basketballcourt_test_cue_pool_right	0.0	1	0	4.0617	851.04	856.1600000000001	1.0	3.9313	854.928	862.4000000000001	1.0	-0.2376	-0.0391	0.9706	-1.0223	3.801	-37.2877	0.0	25	0.0	0.0		5841	0	0
1702058865961	t	basketballcourt_test_cue_pool_right	0.0	1	0	4.0659	850.752	856.1600000000001	1.0	3.9318	854.928	862.4000000000001	1.0	-0.2377	-0.0388	0.9706	-1.0897	3.8021	-37.2918	0.0	25	0.0	0.0		5841	0	0
1702058865970	t	basketballcourt_test_cue_pool_right	0.0	1	0	4.0615	850.608	856.1600000000001	1.0	3.9282	854.208	862.4000000000001	1.0	-0.2366	-0.0389	0.9708	-1.2815	3.8052	-37.3031	0.0	25	0.0	0.0		5841	0	0
1702058865978	t	basketballcourt_test_cue_pool_right	0.0	1	0	4.0593	850.176	856.1600000000001	1.0	3.8903	851.76	863.04	1.0	-0.2345	-0.0378	0.9714	-1.3437	3.7943	-37.3055	0.0	25	0.0	0.0		5841	0	0
1702058865986	t	basketballcourt_test_cue_pool_right	0.0	1	0	4.0575	849.7439999999999	856.1600000000001	1.0	3.9119	852.192	862.72	1.0	-0.2353	-0.0369	0.9712	-1.4432	3.7951	-37.3127	0.0	25	0.0	0.0		5841	0	0
1702058865994	t	basketballcourt_test_cue_pool_right	0.0	1	0	4.0329	849.7439999999999	856.64	1.0	3.9457	851.4720000000001	863.3599999999999	1.0	-0.2341	-0.0394	0.9714	-1.3806	3.7951	-37.3077	0.0	25	0.0	0.0		5841	0	0
1702058866002	t	basketballcourt_test_cue_pool_right	0.0	1	0	4.0261	849.7439999999999	857.2800000000001	1.0	3.9128	852.192	862.72	1.0	-0.2355	-0.0394	0.9711	-1.2642	3.7942	-37.3013	0.0	25	0.0	0.0		5841	0	0
1702058866011	t	basketballcourt_test_cue_pool_right	0.0	1	0	4.0173	849.7439999999999	857.2800000000001	1.0	3.9162	851.4720000000001	863.04	1.0	-0.2339	-0.0421	0.9713	-0.5575	3.7909	-37.2595	0.0	25	0.0	0.0		5841	0	0
1702058866019	t	basketballcourt_test_cue_pool_right	0.0	1	0	4.0263	849.7439999999999	857.2800000000001	1.0	3.9219	852.192	862.72	1.0	-0.2353	-0.0432	0.9709	-0.4884	3.7976	-37.2548	0.0	25	0.0	0.0		5841	0	0
1702058866027	t	basketballcourt_test_cue_pool_right	0.0	1	0	4.0339	849.312	857.2800000000001	1.0	3.9309	852.4799999999999	862.2400000000001	1.0	-0.2353	-0.0426	0.971	-0.475	3.7991	-37.2539	0.0	25	0.0	0.0		5841	0	0
1702058866036	t	basketballcourt_test_cue_pool_right	0.0	1	0	4.0418	849.312	857.1199999999999	1.0	3.923	852.192	861.76	1.0	-0.2353	-0.0421	0.971	-0.4985	3.8013	-37.2551	0.0	25	0.0	0.0		5841	0	0
1702058866044	t	basketballcourt_test_cue_pool_right	0.0	1	0	4.0383	849.024	857.1199999999999	1.0	3.9176	852.4799999999999	861.28	1.0	-0.2353	-0.0418	0.971	-0.5282	3.8037	-37.2568	0.0	25	0.0	0.0		5841	0	0
1702058866053	t	basketballcourt_test_cue_pool_right	0.0	1	0	4.0386	848.88	857.1199999999999	1.0	3.9226	852.4799999999999	861.5999999999999	1.0	-0.2356	-0.0425	0.9709	-0.5912	3.8063	-37.2603	0.0	25	0.0	0.0		5841	0	0
1702058866061	t	basketballcourt_test_cue_pool_right	0.0	1	0	4.0105	848.4479999999999	856.64	1.0	3.9341	852.4799999999999	860.6400000000001	1.0	-0.2355	-0.0427	0.9709	-0.6537	3.8207	-37.2615	0.0	25	0.0	0.0		5841	0	0
1702058866069	t	basketballcourt_test_cue_pool_right	0.0	1	0	3.9947	833.472	858.56	1.0	3.9307	842.976	863.52	1.0	-0.2208	-0.0369	0.9746	-2.2404	3.7662	-37.3247	0.0	25	0.0	0.0		5841	0	0
1702058866078	t	basketballcourt_test_cue_pool_right	0.0	1	0	3.8743	805.104	872.32	1.0	4.0333	816.768	874.8799999999999	1.0	-0.1666	-0.0657	0.9838	-2.9533	3.7004	-37.4201	0.0	25	0.0	0.0		5841	0	0
1702058866086	t	basketballcourt_test_cue_pool_right	0.0	1	0	3.955	774.0	884.6399999999999	1.0	3.6858	774.864	889.28	1.0	-0.0948	-0.09	0.9914	-19.1858	3.8203	-38.2341	0.0	25	0.0	0.0		5841	0	0
1702058866094	t	basketballcourt_test_cue_pool_right	0.0	1	0	3.8324	752.256	895.04	1.0	3.827	745.3439999999999	901.12	1.0	-0.0469	-0.1038	0.9935	-21.4914	3.7422	-38.4362	0.0	25	0.0	0.0		5841	0	0
1702058866103	t	basketballcourt_test_cue_pool_right	0.0	1	0	3.8921	731.952	912.1600000000001	1.0	3.8443	720.144	920.64	1.0	-0.0107	-0.1386	0.9903	-29.2683	3.7678	-39.0842	0.0	25	0.0	0.0		5841	0	0
1702058866112	t	basketballcourt_test_cue_pool_right	0.0	1	0	3.9057	713.376	924.48	1.0	3.8028	696.096	927.8399999999999	1.0	0.0305	-0.136	0.9902	-29.7877	3.6559	-39.1727	0.0	25	0.0	0.0		5841	0	0
1702058866120	t	basketballcourt_test_cue_pool_right	0.0	1	0	3.6591	695.664	934.72	1.0	3.8072	668.1600000000001	949.1199999999999	1.0	0.0959	-0.1861	0.9778	-29.5392	3.4711	-38.9563	0.0	25	0.0	0.0		5841	0	0
1702058866128	t	basketballcourt_test_cue_pool_right	0.0	1	0	3.7268	685.152	940.48	1.0	3.9006	658.08	952.6400000000001	1.0	0.1116	-0.1935	0.9747	-29.3926	3.4511	-38.9591	0.0	25	0.0	0.0		5841	0	0
1702058866136	t	basketballcourt_test_cue_pool_right	0.0	1	0	3.6578	684.7199999999999	940.8	1.0	3.9001	655.7760000000001	953.12	1.0	0.1197	-0.1975	0.9729	-29.3635	3.4585	-38.9518	0.0	25	0.0	0.0		5841	0	0
1702058866145	t	basketballcourt_test_cue_pool_right	0.0	1	0	3.7005	682.272	939.3599999999999	1.0	3.8946	661.104	950.8800000000001	1.0	0.1115	-0.195	0.9744	-29.4047	3.4815	-38.9421	0.0	25	0.0	0.0		5841	0	0
1702058866153	t	basketballcourt_test_cue_pool_right	0.0	1	0	3.7246	682.4159999999999	939.5200000000001	1.0	3.8153	664.5600000000001	950.4	1.0	0.1077	-0.1975	0.9744	-29.4161	3.4948	-38.9181	0.0	25	0.0	0.0		5841	0	0
1702058866161	t	basketballcourt_test_cue_pool_right	0.0	1	0	3.6272	686.736	938.5600000000001	1.0	3.8282	668.304	949.92	1.0	0.1006	-0.2015	0.9743	-29.4413	3.5172	-38.9102	0.0	25	0.0	0.0		5841	0	0
1702058866170	t	basketballcourt_test_cue_pool_right	0.0	1	0	3.8055	685.872	934.24	1.0	3.736	672.768	947.6800000000001	1.0	0.0896	-0.1988	0.9759	-29.0795	3.5361	-38.8853	0.0	25	0.0	0.0		5841	0	0
1702058866178	t	basketballcourt_test_cue_pool_right	0.0	1	0	3.7423	688.3199999999999	934.0799999999999	1.0	3.7573	675.648	944.0	1.0	0.0852	-0.1892	0.9782	-28.1851	3.5356	-38.8301	0.0	25	0.0	0.0		5841	0	0
1702058866186	t	basketballcourt_test_cue_pool_right	0.0	1	0	3.7481	687.024	931.5200000000001	1.0	3.7016	679.248	939.3599999999999	1.0	0.0776	-0.1768	0.9812	-22.5519	3.4468	-38.4826	0.0	25	0.0	0.0		5841	0	0
1702058866195	t	basketballcourt_test_cue_pool_right	0.0	1	0	3.7376	691.92	931.84	1.0	3.6946	680.832	938.72	1.0	0.0678	-0.185	0.9804	4.4474	3.0454	-37.0247	0.0	25	0.0	0.0		5841	0	0
1702058866203	t	basketballcourt_test_cue_pool_right	0.0	1	0	3.7438	693.792	928.96	1.0	3.8306	684.864	938.4000000000001	1.0	0.0603	-0.1792	0.982	6.3576	3.0277	-36.9571	0.0	25	0.0	0.0		5841	0	0
1702058866211	t	basketballcourt_test_cue_pool_right	0.0	1	0	3.6536	691.776	926.8800000000001	1.0	3.8205	686.448	937.28	1.0	0.0675	-0.1726	0.9827	6.169	3.0354	-36.9918	0.0	25	0.0	0.0		5841	0	0
1702058866220	t	basketballcourt_test_cue_pool_right	0.0	1	0	3.7061	696.096	929.9200000000001	1.0	3.8466	687.6	936.16	1.0	0.0575	-0.1805	0.9819	12.9263	2.9575	-36.6963	0.0	25	0.0	0.0		5841	0	0
1702058866228	t	basketballcourt_test_cue_pool_right	0.0	1	0	3.8035	698.544	929.7599999999999	1.0	3.7284	692.0640000000001	936.0	1.0	0.0465	-0.1875	0.9812	22.5923	2.8199	-36.135	0.0	25	0.0	0.0		5841	0	0
1702058866236	t	basketballcourt_test_cue_pool_right	0.0	1	0	3.739	695.808	926.4	1.0	3.8173	694.0799999999999	932.3199999999999	1.0	0.0587	-0.1794	0.982	25.0531	2.8071	-36.037	0.0	25	0.0	0.0		5841	0	0
1702058866245	t	basketballcourt_test_cue_pool_right	0.0	1	0	3.7865	699.9839999999999	926.4	1.0	3.8639	696.672	932.64	1.0	0.0458	-0.181	0.9824	25.4609	2.8156	-36.0412	0.0	25	0.0	0.0		5841	0	0
1702058866253	t	basketballcourt_test_cue_pool_right	0.0	1	0	3.7935	700.416	925.6	1.0	3.8312	697.68	932.8	1.0	0.0492	-0.1804	0.9824	25.4225	2.82	-36.025	0.0	25	0.0	0.0		5841	0	0
1702058866261	t	basketballcourt_test_cue_pool_right	0.0	1	0	3.7849	701.28	924.0	1.0	3.8592	704.16	933.76	1.0	0.0499	-0.1765	0.983	26.0178	2.8262	-36.0295	0.0	25	0.0	0.0		5841	0	0
1702058866269	t	basketballcourt_test_cue_pool_right	0.0	1	0	3.8277	707.3280000000001	926.4	1.0	3.9245	702.0	932.64	1.0	0.0289	-0.1827	0.9827	27.7348	2.7876	-35.9242	0.0	25	0.0	0.0		5841	0	0
1702058866278	t	basketballcourt_test_cue_pool_right	0.0	1	0	3.8821	705.024	924.8	1.0	3.8842	705.888	931.6800000000001	1.0	0.0428	-0.1822	0.9823	29.1002	2.8099	-35.9103	0.0	25	0.0	0.0		5841	0	0
1702058866286	t	basketballcourt_test_cue_pool_right	0.0	1	0	3.9201	706.176	924.8	1.0	3.8619	703.8720000000001	930.4	1.0	0.0406	-0.1858	0.9817	30.2688	2.8018	-35.8238	0.0	25	0.0	0.0		5841	0	0
1702058866295	t	basketballcourt_test_cue_pool_right	0.0	1	0	3.8487	709.6320000000001	922.24	1.0	3.8362	709.056	930.08	1.0	0.0262	-0.1785	0.9836	30.7137	2.7997	-35.7989	0.0	25	0.0	0.0		5841	0	0
1702058866303	t	basketballcourt_test_cue_pool_right	0.0	1	0	3.842	709.92	920.48	1.0	3.8365	709.056	928.6400000000001	1.0	0.0263	-0.1746	0.9843	29.2562	2.8418	-35.9012	0.0	25	0.0	0.0		5841	0	0
1702058866311	t	basketballcourt_test_cue_pool_right	0.0	1	0	3.8997	712.3679999999999	919.52	1.0	3.8579	709.488	927.2	1.0	0.0179	-0.1735	0.9847	26.6796	2.8947	-36.0334	0.0	25	0.0	0.0		5841	0	0
1702058866320	t	basketballcourt_test_cue_pool_right	0.0	1	0	3.8928	713.808	919.52	1.0	3.8373	712.944	926.24	1.0	0.014	-0.1712	0.9851	25.3948	2.9135	-36.1223	0.0	25	0.0	0.0		5841	0	0
1702058866328	t	basketballcourt_test_cue_pool_right	0.0	1	0	3.9084	719.712	925.76	1.0	3.8949	716.832	935.52	1.0	0.0202	-0.1737	0.9846	22.339	2.8414	-36.2157	0.0	25	0.0	0.0		5841	0	0
1702058866336	t	basketballcourt_test_cue_pool_right	0.0	1	0	3.9742	737.28	947.6800000000001	1.0	3.8955	727.056	954.08	1.0	-0.0172	-0.2168	0.976	24.926	2.6342	-36.0505	0.0	25	0.0	0.0		5841	0	0
1702058866344	t	basketballcourt_test_cue_pool_right	0.0	1	0	3.8706	749.8080000000001	960.96	1.0	4.1116	742.7520000000001	970.4000000000001	1.0	-0.0379	-0.2182	0.9752	26.2812	2.4049	-36.0447	0.0	25	0.0	0.0		5841	0	0
1702058866353	t	basketballcourt_test_cue_pool_right	0.0	1	0	3.9208	760.464	977.6	1.0	3.9194	750.528	985.44	1.0	-0.0623	-0.2568	0.9644	25.3284	2.337	-36.1106	0.0	25	0.0	0.0		5841	0	0
1702058866361	t	basketballcourt_test_cue_pool_right	0.0	1	0	3.9939	759.5999999999999	977.6	1.0	4.0459	751.248	984.3199999999999	1.0	-0.0611	-0.2619	0.9631	20.8059	2.4361	-36.339	0.0	25	0.0	0.0		5841	0	0
1702058866370	t	basketballcourt_test_cue_pool_right	0.0	1	0	4.0595	755.856	975.36	1.0	3.9713	752.976	981.9200000000001	1.0	-0.0518	-0.257	0.965	13.6182	2.5661	-36.7113	0.0	25	0.0	0.0		5841	0	0
1702058866378	t	basketballcourt_test_cue_pool_right	0.0	1	0	3.8654	756.144	972.32	1.0	4.0683	753.12	978.5600000000001	1.0	-0.0508	-0.2495	0.967	6.4288	2.6985	-37.0832	0.0	25	0.0	0.0		5841	0	0
1702058866386	t	basketballcourt_test_cue_pool_right	0.0	1	0	3.8744	756.432	972.0000000000001	1.0	4.0534	754.5600000000001	978.2400000000001	1.0	-0.0532	-0.254	0.9657	-0.755	2.8414	-37.4492	0.0	25	0.0	0.0		5841	0	0
1702058866394	t	basketballcourt_test_cue_pool_right	0.0	1	0	3.8166	754.992	969.12	1.0	3.9642	753.12	974.24	1.0	-0.0484	-0.2465	0.9679	-1.2608	2.8687	-37.4703	0.0	25	0.0	0.0		5841	0	0
1702058866403	t	basketballcourt_test_cue_pool_right	0.0	1	0	3.8356	754.416	966.08	1.0	4.027	750.8159999999999	973.28	1.0	-0.0424	-0.2426	0.9692	-1.036	2.8782	-37.4539	0.0	25	0.0	0.0		5841	0	0
1702058866411	t	basketballcourt_test_cue_pool_right	0.0	1	0	3.6673	755.424	965.1199999999999	1.0	3.9563	752.4	973.44	1.0	-0.05	-0.2439	0.9685	1.2064	2.8539	-37.3367	0.0	25	0.0	0.0		5841	0	0
1702058866419	t	basketballcourt_test_cue_pool_right	0.0	1	0	3.8604	754.5600000000001	964.64	1.0	4.023	752.8320000000001	974.24	1.0	-0.0504	-0.2457	0.968	1.2789	2.8616	-37.3313	0.0	25	0.0	0.0		5841	0	0
1702058866428	t	basketballcourt_test_cue_pool_right	0.0	1	0	3.7352	754.992	963.52	1.0	4.0348	751.968	974.24	1.0	-0.0506	-0.2462	0.9679	1.5536	2.8689	-37.3151	0.0	25	0.0	0.0		5841	0	0
1702058866436	t	basketballcourt_test_cue_pool_right	0.0	1	0	3.9451	753.8399999999999	961.92	1.0	4.0284	753.264	972.48	1.0	-0.0527	-0.2418	0.9689	1.4414	2.8784	-37.323	0.0	25	0.0	0.0		5841	0	0
1702058866444	t	basketballcourt_test_cue_pool_right	0.0	1	0	3.8804	754.416	960.3199999999999	1.0	4.0205	751.968	971.84	1.0	-0.0522	-0.2394	0.9695	1.2224	2.8902	-37.3364	0.0	25	0.0	0.0		5841	0	0
1702058866453	t	basketballcourt_test_cue_pool_right	0.0	1	0	3.9853	756.576	961.5999999999999	1.0	4.013	751.8240000000001	971.1999999999999	1.0	-0.0582	-0.2422	0.9685	0.9391	2.9024	-37.3481	0.0	25	0.0	0.0		5841	0	0
1702058866461	t	basketballcourt_test_cue_pool_right	0.0	1	0	3.9052	753.264	960.4799999999999	1.0	4.0259	754.848	967.52	1.0	-0.0585	-0.2372	0.9697	0.7561	2.9207	-37.3584	0.0	25	0.0	0.0		5841	0	0
1702058866469	t	basketballcourt_test_cue_pool_right	0.0	1	0	3.894	754.416	957.9200000000001	1.0	4.0175	751.6800000000001	967.84	1.0	-0.055	-0.2339	0.9707	0.5057	2.9278	-37.373	0.0	25	0.0	0.0		5841	0	0
1702058866478	t	basketballcourt_test_cue_pool_right	0.0	1	0	3.8997	753.6959999999999	958.4	1.0	4.0407	750.9599999999999	968.4799999999999	1.0	-0.0522	-0.2361	0.9703	0.4514	2.9298	-37.3756	0.0	25	0.0	0.0		5841	0	0
1702058866486	t	basketballcourt_test_cue_pool_right	0.0	1	0	3.9054	752.976	958.8800000000001	1.0	4.0641	750.384	968.96	1.0	-0.0496	-0.2383	0.9699	0.5132	2.9301	-37.3723	0.0	25	0.0	0.0		5841	0	0
1702058866494	t	basketballcourt_test_cue_pool_right	0.0	1	0	3.9448	752.544	958.56	1.0	3.9812	753.8399999999999	964.64	1.0	-0.0572	-0.2327	0.9709	0.8387	2.9405	-37.3573	0.0	25	0.0	0.0		5841	0	0
1702058866503	t	basketballcourt_test_cue_pool_right	0.0	1	0	3.9274	753.8399999999999	958.24	1.0	4.1123	754.992	959.68	1.0	-0.0621	-0.2248	0.9724	1.3742	2.9385	-37.3316	0.0	25	0.0	0.0		5841	0	0
1702058866510	t	basketballcourt_test_cue_pool_right	0.0	1	0	3.9155	753.552	958.56	1.0	4.0886	751.392	963.52	1.0	-0.0548	-0.2328	0.971	1.4839	2.9394	-37.3241	0.0	25	0.0	0.0		5841	0	0
1702058866519	t	basketballcourt_test_cue_pool_right	0.0	1	0	3.9269	753.408	958.24	1.0	4.0724	754.992	959.68	1.0	-0.0622	-0.2264	0.972	2.0821	2.9328	-37.294	0.0	25	0.0	0.0		5841	0	0
1702058866527	t	basketballcourt_test_cue_pool_right	0.0	1	0	3.9287	753.12	958.24	1.0	4.0847	752.256	963.04	1.0	-0.0564	-0.2324	0.971	1.9967	2.9355	-37.2982	0.0	25	0.0	0.0		5841	0	0
1702058866535	t	basketballcourt_test_cue_pool_right	0.0	1	0	3.93	752.976	958.24	1.0	4.071	752.6880000000001	960.8000000000001	1.0	-0.0573	-0.2285	0.9718	2.4626	2.9277	-37.2758	0.0	25	0.0	0.0		5841	0	0
1702058866544	t	basketballcourt_test_cue_pool_right	0.0	1	0	3.9309	752.544	958.24	1.0	4.0787	752.256	961.76	1.0	-0.0555	-0.2302	0.9716	2.2068	2.9319	-37.2897	0.0	25	0.0	0.0		5841	0	0
1702058866552	t	basketballcourt_test_cue_pool_right	0.0	1	0	3.932	752.112	958.08	1.0	4.0882	752.6880000000001	960.8000000000001	1.0	-0.0558	-0.2283	0.972	2.2748	2.9311	-37.2871	0.0	25	0.0	0.0		5841	0	0
1702058866560	t	basketballcourt_test_cue_pool_right	0.0	1	0	3.9328	752.112	958.24	1.0	4.0941	752.256	961.76	1.0	-0.055	-0.2298	0.9717	2.0065	2.9338	-37.3018	0.0	25	0.0	0.0		5841	0	0
1702058866569	t	basketballcourt_test_cue_pool_right	0.0	1	0	3.9319	752.256	958.08	1.0	4.0869	751.6800000000001	962.88	1.0	-0.0542	-0.2312	0.9714	1.7822	2.9358	-37.3143	0.0	25	0.0	0.0		5841	0	0
1702058866578	t	basketballcourt_test_cue_pool_right	0.0	1	0	3.9328	752.112	957.76	1.0	4.0783	751.1039999999999	961.76	1.0	-0.0531	-0.2287	0.972	2.1812	2.9296	-37.2948	0.0	25	0.0	0.0		5841	0	0
1702058866585	t	basketballcourt_test_cue_pool_right	0.0	1	0	3.969	751.968	958.4	1.0	3.963	746.64	962.0799999999999	1.0	-0.0474	-0.2289	0.9723	2.2036	2.9224	-37.3005	0.0	25	0.0	0.0		5841	0	0
1702058866594	t	basketballcourt_test_cue_pool_right	0.0	1	0	4.0095	749.9520000000001	957.1199999999999	1.0	4.021	751.248	963.52	1.0	-0.0527	-0.2289	0.972	1.9046	2.9296	-37.3208	0.0	25	0.0	0.0		5841	0	0
1702058866603	t	basketballcourt_test_cue_pool_right	0.0	1	0	3.9036	745.7760000000001	958.7199999999999	1.0	4.0323	751.6800000000001	963.04	1.0	-0.0447	-0.2309	0.972	-0.9282	2.9736	-37.4639	0.0	25	0.0	0.0		5841	0	0
1702058866610	t	basketballcourt_test_cue_pool_right	0.0	1	0	3.965	751.248	956.48	1.0	4.0465	749.8080000000001	961.5999999999999	1.0	-0.0551	-0.2317	0.9712	-0.7825	3.0058	-37.4464	0.0	25	0.0	0.0		5841	0	0
1702058866619	t	basketballcourt_test_cue_pool_right	0.0	1	0	3.8751	744.768	936.32	1.0	4.0324	744.192	944.0	1.0	-0.0364	-0.211	0.9768	-0.4531	3.2039	-37.3738	0.0	25	0.0	0.0		5841	0	0
1702058866627	t	basketballcourt_test_cue_pool_right	0.0	1	0	4.1018	749.52	905.7600000000001	1.0	3.8676	733.9680000000001	914.72	1.0	-0.0289	-0.1716	0.9847	-3.7366	3.5953	-37.6112	0.0	25	0.0	0.0		5841	0	0
1702058866638	t	basketballcourt_test_cue_pool_right	0.0	1	0	4.1866	754.128	873.76	1.0	3.9263	727.776	874.7199999999999	1.0	-0.0238	-0.1036	0.9943	-5.272	3.9223	-37.6748	0.0	25	0.0	0.0		5841	0	0
1702058866644	t	basketballcourt_test_cue_pool_right	0.0	1	0	4.2453	757.296	845.92	1.0	4.0806	725.3280000000001	844.3199999999999	1.0	-0.0291	-0.0474	0.9984	3.3472	3.8324	-36.5638	0.0	25	0.0	0.0		5841	0	0
1702058866652	t	basketballcourt_test_cue_pool_right	0.0	1	0	3.9095	753.6959999999999	821.4399999999999	1.0	3.912	728.2080000000001	822.72	1.0	-0.0339	-0.0061	0.9994	21.4613	3.7534	-35.7234	0.0	25	0.0	0.0		5841	0	0
1702058866661	t	basketballcourt_test_cue_pool_right	0.0	1	0	4.0525	753.264	816.0	1.0	4.1317	736.4159999999999	814.72	1.0	-0.0398	0.024	0.9989	7.7037	3.7767	-35.7372	0.0	25	0.0	0.0		5841	0	0
1702058866669	t	basketballcourt_test_cue_pool_right	0.0	1	0	4.0754	750.528	818.8800000000001	1.0	4.0565	735.552	816.0	1.0	-0.0278	0.0283	0.9992	-13.6068	4.1904	-37.1668	0.0	25	0.0	0.0		5841	0	0
1702058866678	t	basketballcourt_test_cue_pool_right	0.0	1	0	4.0852	750.672	821.9200000000001	1.0	4.1567	739.8720000000001	820.32	1.0	-0.0377	0.0191	0.9991	-11.0123	4.0784	-36.877	0.0	25	0.0	0.0		5841	0	0
1702058866686	t	basketballcourt_test_cue_pool_right	0.0	1	0	3.9867	747.9359999999999	820.96	1.0	4.1378	739.7280000000001	820.8000000000001	1.0	-0.0325	0.024	0.9992	-21.36	4.2113	-37.3302	0.0	25	0.0	0.0		5841	0	0
1702058866694	t	basketballcourt_test_cue_pool_right	0.0	1	0	4.0036	748.944	822.56	1.0	4.0053	738.72	823.04	1.0	-0.0279	0.0167	0.9995	-28.1161	4.3333	-37.7302	0.0	25	0.0	0.0		5841	0	0
1702058866703	t	basketballcourt_test_cue_pool_right	0.0	1	0	3.9976	747.216	822.88	1.0	4.0581	738.432	823.5200000000001	1.0	-0.0235	0.0164	0.9996	-29.8137	4.3915	-37.936	0.0	25	0.0	0.0		5841	0	0
1702058866711	t	basketballcourt_test_cue_pool_right	0.0	1	0	3.9724	746.9280000000001	822.72	1.0	4.0326	739.7280000000001	821.9200000000001	1.0	-0.0262	0.0227	0.9994	-30.3438	4.4444	-38.1407	0.0	25	0.0	0.0		5841	0	0
1702058866719	t	basketballcourt_test_cue_pool_right	0.0	1	0	3.9713	748.0799999999999	823.84	1.0	4.0357	739.4399999999999	823.1999999999999	1.0	-0.0232	0.0191	0.9995	-28.9341	4.4445	-38.1731	0.0	25	0.0	0.0		5841	0	0
1702058866728	t	basketballcourt_test_cue_pool_right	0.0	1	0	4.018	749.232	823.1999999999999	1.0	4.0507	739.8720000000001	824.0	1.0	-0.0273	0.0172	0.9995	-18.3387	4.237	-37.5475	0.0	25	0.0	0.0		5841	0	0
1702058866736	t	basketballcourt_test_cue_pool_right	0.0	1	0	3.9696	748.0799999999999	824.16	1.0	4.0485	742.1759999999999	822.4	1.0	-0.0336	0.0117	0.9994	26.6469	3.3197	-34.6422	0.0	25	0.0	0.0		5841	0	0
1702058866745	t	basketballcourt_test_cue_pool_right	0.0	1	0	4.0178	749.232	823.3599999999999	1.0	4.0686	741.888	822.56	1.0	-0.038	0.0148	0.9992	28.187	3.2879	-34.5455	0.0	25	0.0	0.0		5841	0	0
1702058866753	t	basketballcourt_test_cue_pool_right	0.0	1	0	3.9816	748.0799999999999	823.5200000000001	1.0	4.0775	743.76	821.28	1.0	-0.0337	0.0138	0.9993	29.7509	3.254	-34.434	0.0	25	0.0	0.0		5841	0	0
1702058866761	t	basketballcourt_test_cue_pool_right	0.0	1	0	4.0337	747.216	824.0	1.0	4.0447	743.184	823.84	1.0	-0.0299	0.0075	0.9995	29.4264	3.2542	-34.3542	0.0	25	0.0	0.0		5841	0	0
1702058866769	t	basketballcourt_test_cue_pool_right	0.0	1	0	4.0154	749.52	825.1200000000001	1.0	3.9747	744.336	824.16	1.0	-0.037	0.0031	0.9993	26.36	3.3074	-34.5044	0.0	25	0.0	0.0		5841	0	0
1702058866777	t	basketballcourt_test_cue_pool_right	0.0	1	0	4.0259	750.384	823.6800000000001	1.0	4.1387	744.624	822.4	1.0	-0.0391	0.01	0.9992	22.9324	3.3702	-34.7053	0.0	25	0.0	0.0		5841	0	0
1702058866786	t	basketballcourt_test_cue_pool_right	0.0	1	0	4.0354	749.52	822.88	1.0	4.1068	743.04	823.5200000000001	1.0	-0.0349	0.0116	0.9993	24.9925	3.3262	-34.5607	0.0	25	0.0	0.0		5841	0	0
1702058866795	t	basketballcourt_test_cue_pool_right	0.0	1	0	4.0278	749.52	822.56	1.0	4.0543	745.7760000000001	823.5200000000001	1.0	-0.0357	0.012	0.9993	29.1675	3.2469	-34.3016	0.0	25	0.0	0.0		5841	0	0
1702058866803	t	basketballcourt_test_cue_pool_right	0.0	1	0	4.0193	749.52	822.88	1.0	4.0848	745.7760000000001	822.24	1.0	-0.0351	0.0103	0.9993	30.3127	3.224	-34.224	0.0	25	0.0	0.0		5841	0	0
1702058866811	t	basketballcourt_test_cue_pool_right	0.0	1	0	4.0038	749.52	822.72	1.0	4.0565	745.7760000000001	822.88	1.0	-0.0346	0.0106	0.9993	30.5446	3.219	-34.2048	0.0	25	0.0	0.0		5841	0	0
1702058866819	t	basketballcourt_test_cue_pool_right	0.0	1	0	4.0203	749.52	822.56	1.0	4.0798	745.9200000000001	822.88	1.0	-0.0344	0.0111	0.9993	30.3851	3.2212	-34.2085	0.0	25	0.0	0.0		5841	0	0
1702058866828	t	basketballcourt_test_cue_pool_right	0.0	1	0	3.9739	749.8080000000001	823.3599999999999	1.0	4.0618	746.064	822.88	1.0	-0.034	0.0115	0.9993	29.9724	3.1921	-34.1615	0.0	25	0.0	0.0		5841	0	0
1702058866836	t	basketballcourt_test_cue_pool_right	0.0	1	0	3.9934	749.9520000000001	824.8	1.0	4.0376	744.48	823.84	1.0	-0.0334	0.0082	0.9994	26.4028	3.2376	-34.3165	0.0	25	0.0	0.0		5841	0	0
1702058866844	t	basketballcourt_test_cue_pool_right	0.0	1	0	4.047	752.976	829.12	1.0	3.9652	742.4639999999999	828.48	1.0	-0.0263	0.0227	0.9994	-13.749	3.903	-36.78	0.0	25	0.0	0.0		5841	0	0
1702058866853	t	basketballcourt_test_cue_pool_right	0.0	1	0	4.0338	758.7360000000001	850.7199999999999	1.0	3.9923	742.7520000000001	849.92	1.0	-0.0195	-0.0156	0.9997	-28.8584	4.2327	-38.4953	0.0	25	0.0	0.0		5841	0	0
1702058866861	t	basketballcourt_test_cue_pool_right	0.0	1	0	4.1591	763.776	879.36	1.0	4.0124	743.9039999999999	877.28	1.0	-0.0372	-0.0674	0.997	-29.2564	4.0719	-38.7271	0.0	25	0.0	0.0		5841	0	0
1702058866869	t	basketballcourt_test_cue_pool_right	0.0	1	0	4.1304	767.5200000000001	908.96	1.0	4.0679	743.328	907.3600000000001	1.0	-0.0434	-0.122	0.9916	-29.7489	3.8883	-38.9669	0.0	25	0.0	0.0		5841	0	0
1702058866877	t	basketballcourt_test_cue_pool_right	0.0	1	0	3.9441	765.6479999999999	929.7599999999999	1.0	4.0971	737.712	930.08	1.0	-0.0334	-0.156	0.9872	-28.6006	3.52	-38.4825	0.0	25	0.0	0.0		5841	0	0
1702058866886	t	basketballcourt_test_cue_pool_right	0.0	1	0	4.0804	766.512	949.44	1.0	4.1596	733.68	954.24	1.0	-0.0276	-0.2104	0.9772	-25.2138	3.268	-38.1454	0.0	25	0.0	0.0		5841	0	0
1702058866894	t	basketballcourt_test_cue_pool_right	0.0	1	0	4.0837	764.064	950.4	1.0	4.1652	741.6	954.08	1.0	-0.052	-0.2141	0.9754	-15.0307	3.1026	-37.5667	0.0	25	0.0	0.0		5841	0	0
1702058866902	t	basketballcourt_test_cue_pool_right	0.0	1	0	4.11	761.328	950.8800000000001	1.0	4.122	747.072	949.6	1.0	-0.0616	-0.2105	0.9756	4.6296	2.7646	-36.4882	0.0	25	0.0	0.0		5841	0	0
1702058866911	t	basketballcourt_test_cue_pool_right	0.0	1	0	4.0984	760.608	948.8	1.0	4.0761	746.7839999999999	950.7199999999999	1.0	-0.0617	-0.2108	0.9756	12.6009	2.6338	-36.0596	0.0	25	0.0	0.0		5841	0	0
1702058866919	t	basketballcourt_test_cue_pool_right	0.0	1	0	4.077	760.176	947.04	1.0	3.9157	743.616	948.1600000000001	1.0	-0.0596	-0.2057	0.9768	15.4078	2.5943	-35.917	0.0	25	0.0	0.0		5841	0	0
1702058866927	t	basketballcourt_test_cue_pool_right	0.0	1	0	4.0874	759.312	945.92	1.0	4.0083	751.248	947.84	1.0	-0.0653	-0.2015	0.9773	-16.2906	3.1672	-37.6506	0.0	25	0.0	0.0		5841	0	0
1702058866936	t	basketballcourt_test_cue_pool_right	0.0	1	0	4.0849	759.8879999999999	948.0	1.0	4.0404	751.5360000000001	948.8	1.0	-0.0643	-0.2071	0.9762	-16.7417	3.1807	-37.6709	0.0	25	0.0	0.0		5841	0	0
1702058866944	t	basketballcourt_test_cue_pool_right	0.0	1	0	4.1226	758.304	944.8000000000001	1.0	4.004	751.248	945.12	1.0	-0.0602	-0.1955	0.9788	-19.6361	3.2414	-37.8349	0.0	25	0.0	0.0		5841	0	0
1702058866952	t	basketballcourt_test_cue_pool_right	0.0	1	0	4.0715	758.88	946.88	1.0	3.9716	750.384	944.3199999999999	1.0	-0.0618	-0.2037	0.9771	2.5572	2.8533	-36.6239	0.0	25	0.0	0.0		5841	0	0
1702058866961	t	basketballcourt_test_cue_pool_right	0.0	1	0	4.0882	758.7360000000001	946.72	1.0	4.0374	750.096	943.36	1.0	-0.0599	-0.2033	0.9773	2.4282	2.8638	-36.6304	0.0	25	0.0	0.0		5841	0	0
1702058866969	t	basketballcourt_test_cue_pool_right	0.0	1	0	4.1233	759.312	946.5600000000001	1.0	3.9829	748.944	943.0400000000001	1.0	-0.0588	-0.2025	0.9775	1.8686	2.8749	-36.6623	0.0	25	0.0	0.0		5841	0	0
1702058866977	t	basketballcourt_test_cue_pool_right	0.0	1	0	4.1054	759.312	946.4000000000001	1.0	4.0129	751.6800000000001	941.6	1.0	-0.0624	-0.2004	0.9777	1.6772	2.8829	-36.6734	0.0	25	0.0	0.0		5841	0	0
1702058866986	t	basketballcourt_test_cue_pool_right	0.0	1	0	4.1318	759.024	946.08	1.0	3.9872	751.392	941.92	1.0	-0.0614	-0.2007	0.9777	1.7241	2.8834	-36.6704	0.0	25	0.0	0.0		5841	0	0
1702058866994	t	basketballcourt_test_cue_pool_right	0.0	1	0	4.1154	758.7360000000001	945.76	1.0	3.9616	751.1039999999999	942.24	1.0	-0.0601	-0.201	0.9777	1.2976	2.8923	-36.6932	0.0	25	0.0	0.0		5841	0	0
1702058867002	t	basketballcourt_test_cue_pool_right	0.0	1	0	4.0967	757.44	942.7199999999999	1.0	3.9599	751.392	941.92	1.0	-0.0575	-0.1954	0.979	-0.5494	2.9332	-36.8072	0.0	25	0.0	0.0		5841	0	0
1702058867011	t	basketballcourt_test_cue_pool_right	0.0	1	0	4.1063	759.456	943.0400000000001	1.0	3.9303	754.5600000000001	941.1199999999999	1.0	-0.0683	-0.1956	0.9783	-1.1047	2.9502	-36.8358	0.0	25	0.0	0.0		5841	0	0
1702058867019	t	basketballcourt_test_cue_pool_right	0.0	1	0	4.106	759.312	943.2	1.0	4.043	754.272	941.76	1.0	-0.0666	-0.1981	0.9779	-1.4706	2.9641	-36.8562	0.0	25	0.0	0.0		5841	0	0
1702058867027	t	basketballcourt_test_cue_pool_right	0.0	1	0	4.066	758.7360000000001	943.52	1.0	3.9873	754.5600000000001	939.84	1.0	-0.0659	-0.196	0.9784	-1.8552	2.9745	-36.8774	0.0	25	0.0	0.0		5841	0	0
1702058867036	t	basketballcourt_test_cue_pool_right	0.0	1	0	4.0564	758.16	943.68	1.0	3.9385	750.8159999999999	941.92	1.0	-0.0562	-0.2026	0.9776	-1.9013	2.9841	-36.8754	0.0	25	0.0	0.0		5841	0	0
1702058867044	t	basketballcourt_test_cue_pool_right	0.0	1	0	3.9614	759.5999999999999	939.3599999999999	1.0	3.9391	749.376	938.24	1.0	-0.0549	-0.1929	0.9797	-2.2312	3.0161	-36.9111	0.0	25	0.0	0.0		5841	0	0
1702058867052	t	basketballcourt_test_cue_pool_right	0.0	1	0	4.0439	756.288	941.92	1.0	4.0562	752.544	939.3599999999999	1.0	-0.0555	-0.202	0.9778	-1.8624	3.0209	-36.8823	0.0	25	0.0	0.0		5841	0	0
1702058867061	t	basketballcourt_test_cue_pool_right	0.0	1	0	4.0537	758.5920000000001	933.6	1.0	4.1356	754.848	937.7599999999999	1.0	-0.064	-0.1872	0.9802	-3.6266	3.0732	-37.0106	0.0	25	0.0	0.0		5841	0	0
1702058867069	t	basketballcourt_test_cue_pool_right	0.0	1	0	4.0538	757.296	937.7599999999999	1.0	4.1029	753.408	936.0	1.0	-0.058	-0.1914	0.9798	-3.9987	3.0802	-37.0129	0.0	25	0.0	0.0		5841	0	0
1702058867077	t	basketballcourt_test_cue_pool_right	0.0	1	0	4.0715	757.0079999999999	937.4399999999999	1.0	4.1185	754.992	935.8399999999999	1.0	-0.0607	-0.192	0.9795	-3.8526	3.0842	-37.0048	0.0	25	0.0	0.0		5841	0	0
1702058867086	t	basketballcourt_test_cue_pool_right	0.0	1	0	4.0534	756.7199999999999	937.12	1.0	4.1864	753.8399999999999	936.16	1.0	-0.057	-0.1932	0.9795	-3.8031	3.0886	-37.0017	0.0	25	0.0	0.0		5841	0	0
1702058867094	t	basketballcourt_test_cue_pool_right	0.0	1	0	4.0575	757.0079999999999	936.48	1.0	4.1148	752.256	935.52	1.0	-0.054	-0.19	0.9803	-3.195	3.073	-36.975	0.0	25	0.0	0.0		5841	0	0
1702058867102	t	basketballcourt_test_cue_pool_right	0.0	1	0	4.0606	757.152	937.12	1.0	4.0794	753.552	936.16	1.0	-0.0578	-0.1941	0.9793	-2.5604	3.0699	-36.9378	0.0	25	0.0	0.0		5841	0	0
1702058867110	t	basketballcourt_test_cue_pool_right	0.0	1	0	4.0576	757.296	936.48	1.0	4.1329	753.6959999999999	935.52	1.0	-0.0581	-0.1925	0.9796	-1.6482	3.0566	-36.8903	0.0	25	0.0	0.0		5841	0	0
1702058867119	t	basketballcourt_test_cue_pool_right	0.0	1	0	4.0544	757.296	935.68	1.0	4.1539	753.552	935.2	1.0	-0.0577	-0.191	0.9799	-1.1999	3.0512	-36.8673	0.0	25	0.0	0.0		5841	0	0
1702058867127	t	basketballcourt_test_cue_pool_right	0.0	1	0	3.9819	755.5680000000001	936.16	1.0	4.0471	753.408	934.0799999999999	1.0	-0.0566	-0.1829	0.9815	-1.3709	3.0305	-36.907	0.0	25	0.0	0.0		5841	0	0
1702058867135	t	basketballcourt_test_cue_pool_right	0.0	1	0	4.1402	752.112	946.24	1.0	4.0798	749.52	948.0	1.0	-0.0602	-0.2042	0.9771	-1.1771	2.922	-36.8949	0.0	25	0.0	0.0		5841	0	0
1702058867144	t	basketballcourt_test_cue_pool_right	0.0	1	0	4.0176	747.792	952.3199999999999	1.0	3.9402	730.3679999999999	955.04	1.0	-0.0304	-0.2159	0.9759	1.5087	2.8154	-36.7658	0.0	25	0.0	0.0		5841	0	0
1702058867153	t	basketballcourt_test_cue_pool_right	0.0	1	0	4.0816	745.6320000000001	951.0400000000001	1.0	4.1665	726.624	955.6800000000001	1.0	-0.0293	-0.2127	0.9767	4.0537	2.7688	-36.6455	0.0	25	0.0	0.0		5841	0	0
1702058867161	t	basketballcourt_test_cue_pool_right	0.0	1	0	4.0813	742.1759999999999	954.4000000000001	1.0	4.1543	729.648	956.1600000000001	1.0	-0.027	-0.2219	0.9747	4.9697	2.7596	-36.5898	0.0	25	0.0	0.0		5841	0	0
1702058867169	t	basketballcourt_test_cue_pool_right	0.0	1	0	4.0735	740.736	954.08	1.0	4.1971	731.2320000000001	955.1999999999999	1.0	-0.0255	-0.2214	0.9748	5.3491	2.7599	-36.5713	0.0	25	0.0	0.0		5841	0	0
1702058867177	t	basketballcourt_test_cue_pool_right	0.0	1	0	4.103	741.456	953.92	1.0	4.1537	731.2320000000001	956.1600000000001	1.0	-0.0266	-0.2234	0.9744	5.5431	2.7603	-36.5603	0.0	25	0.0	0.0		5841	0	0
1702058867186	t	basketballcourt_test_cue_pool_right	0.0	1	0	4.1129	743.472	948.48	1.0	4.0635	730.9440000000001	955.6800000000001	1.0	-0.0311	-0.2134	0.9765	5.056	2.7823	-36.6008	0.0	25	0.0	0.0		5841	0	0
1702058867194	t	basketballcourt_test_cue_pool_right	0.0	1	0	4.0468	741.456	952.0	1.0	4.033	731.2320000000001	955.1999999999999	1.0	-0.0251	-0.2215	0.9748	4.1895	2.8016	-36.6347	0.0	25	0.0	0.0		5841	0	0
1702058867202	t	basketballcourt_test_cue_pool_right	0.0	1	0	4.1495	740.8799999999999	953.4399999999999	1.0	4.0027	731.376	954.5600000000001	1.0	-0.0237	-0.2242	0.9742	3.6464	2.8146	-36.6601	0.0	25	0.0	0.0		5841	0	0
1702058867211	t	basketballcourt_test_cue_pool_right	0.0	1	0	4.0358	743.472	948.32	1.0	3.9972	732.96	953.92	1.0	-0.0282	-0.2143	0.9763	-1.1119	2.9009	-36.9222	0.0	25	0.0	0.0		5841	0	0
1702058867219	t	basketballcourt_test_cue_pool_right	0.0	1	0	4.0776	743.04	950.4	1.0	4.051	740.16	950.8800000000001	1.0	-0.0412	-0.2119	0.9764	-0.9056	2.8998	-36.916	0.0	25	0.0	0.0		5841	0	0
1702058867227	t	basketballcourt_test_cue_pool_right	0.0	1	0	4.1205	742.8960000000001	951.2	1.0	3.9717	740.8799999999999	951.68	1.0	-0.0435	-0.2157	0.9755	2.4247	2.8452	-36.7392	0.0	25	0.0	0.0		5841	0	0
1702058867236	t	basketballcourt_test_cue_pool_right	0.0	1	0	4.11	742.7520000000001	951.36	1.0	4.1513	736.8480000000001	956.48	1.0	-0.035	-0.2251	0.9737	2.4222	2.8487	-36.7332	0.0	25	0.0	0.0		5841	0	0
1702058867244	t	basketballcourt_test_cue_pool_right	0.0	1	0	4.0996	742.6080000000001	951.36	1.0	3.8985	738.288	952.3199999999999	1.0	-0.038	-0.219	0.975	2.2815	2.8537	-36.7447	0.0	25	0.0	0.0		5841	0	0
1702058867253	t	basketballcourt_test_cue_pool_right	0.0	1	0	4.0902	742.7520000000001	951.36	1.0	3.9355	737.568	951.52	1.0	-0.037	-0.2176	0.9753	1.9224	2.8613	-36.764	0.0	25	0.0	0.0		5841	0	0
1702058867261	t	basketballcourt_test_cue_pool_right	0.0	1	0	4.0998	742.8960000000001	951.2	1.0	3.9509	736.9920000000001	952.3199999999999	1.0	-0.0361	-0.2189	0.9751	1.6315	2.8672	-36.7795	0.0	25	0.0	0.0		5841	0	0
1702058867269	t	basketballcourt_test_cue_pool_right	0.0	1	0	4.1101	742.7520000000001	951.36	1.0	3.9621	737.568	951.52	1.0	-0.037	-0.2176	0.9753	1.3715	2.8719	-36.794	0.0	25	0.0	0.0		5841	0	0
1702058867277	t	basketballcourt_test_cue_pool_right	0.0	1	0	4.1204	742.6080000000001	951.2	1.0	3.9724	736.9920000000001	951.2	1.0	-0.0354	-0.2168	0.9756	0.8947	2.8802	-36.8197	0.0	25	0.0	0.0		5841	0	0
1702058867285	t	basketballcourt_test_cue_pool_right	0.0	1	0	4.1282	742.4639999999999	950.56	1.0	3.9939	737.424	951.8399999999999	1.0	-0.036	-0.2167	0.9756	0.7208	2.8844	-36.8302	0.0	25	0.0	0.0		5841	0	0
1702058867294	t	basketballcourt_test_cue_pool_right	0.0	1	0	4.1209	742.3199999999999	950.08	1.0	3.9725	737.712	951.2	1.0	-0.0367	-0.2153	0.9759	0.6191	2.8874	-36.837	0.0	25	0.0	0.0		5841	0	0
1702058867302	t	basketballcourt_test_cue_pool_right	0.0	1	0	4.1282	742.1759999999999	950.4	1.0	3.9881	737.712	950.8800000000001	1.0	-0.0369	-0.2155	0.9758	0.5259	2.8903	-36.8422	0.0	25	0.0	0.0		5841	0	0
1702058867310	t	basketballcourt_test_cue_pool_right	0.0	1	0	4.1209	742.1759999999999	950.08	1.0	4.0039	737.856	950.7199999999999	1.0	-0.0371	-0.2146	0.976	0.6243	2.8899	-36.8374	0.0	25	0.0	0.0		5841	0	0
1702058867319	t	basketballcourt_test_cue_pool_right	0.0	1	0	4.1196	742.1759999999999	949.92	1.0	3.994	737.9999999999999	950.7199999999999	1.0	-0.0376	-0.2144	0.976	0.0426	2.9005	-36.868	0.0	25	0.0	0.0		5841	0	0
1702058867327	t	basketballcourt_test_cue_pool_right	0.0	1	0	4.1181	742.1759999999999	949.92	1.0	3.9842	738.288	950.56	1.0	-0.0383	-0.2143	0.976	0.0005	2.9023	-36.8706	0.0	25	0.0	0.0		5841	0	0
1702058867336	t	basketballcourt_test_cue_pool_right	0.0	1	0	4.1208	741.888	949.92	1.0	3.994	738.432	950.56	1.0	-0.0385	-0.2147	0.9759	-0.0633	2.9058	-36.8758	0.0	25	0.0	0.0		5841	0	0
1702058867344	t	basketballcourt_test_cue_pool_right	0.0	1	0	4.1178	741.888	949.6	1.0	3.9844	738.576	950.56	1.0	-0.039	-0.2148	0.9759	-0.1589	2.9104	-36.8836	0.0	25	0.0	0.0		5841	0	0
1702058867352	t	basketballcourt_test_cue_pool_right	0.0	1	0	4.1179	741.888	948.9599999999999	1.0	3.9944	738.864	950.56	1.0	-0.0398	-0.214	0.976	-0.3176	2.9161	-36.8941	0.0	25	0.0	0.0		5841	0	0
1702058867361	t	basketballcourt_test_cue_pool_right	0.0	1	0	4.1175	740.304	948.48	1.0	4.0045	739.1519999999999	950.56	1.0	-0.0372	-0.214	0.9761	-0.4755	2.9225	-36.9022	0.0	25	0.0	0.0		5841	0	0
1702058867369	t	basketballcourt_test_cue_pool_right	0.0	1	0	4.1355	740.304	948.1600000000001	1.0	4.0047	739.7280000000001	950.56	1.0	-0.0384	-0.2142	0.976	-0.6109	2.9289	-36.9105	0.0	25	0.0	0.0		5841	0	0
1702058867377	t	basketballcourt_test_cue_pool_right	0.0	1	0	4.1347	739.7280000000001	948.32	1.0	4.0158	740.16	950.56	1.0	-0.0381	-0.2148	0.9759	-0.7239	2.9332	-36.9171	0.0	25	0.0	0.0		5841	0	0
1702058867385	t	basketballcourt_test_cue_pool_right	0.0	1	0	4.119	739.7280000000001	948.1600000000001	1.0	4.0178	740.16	950.56	1.0	-0.038	-0.215	0.9759	-0.7063	2.9351	-36.9168	0.0	25	0.0	0.0		5841	0	0
1702058867394	t	basketballcourt_test_cue_pool_right	0.0	1	0	4.1193	739.7280000000001	947.84	1.0	4.0178	740.16	950.56	1.0	-0.038	-0.2152	0.9758	-0.6152	2.9384	-36.9126	0.0	25	0.0	0.0		5841	0	0
1702058867402	t	basketballcourt_test_cue_pool_right	0.0	1	0	4.1197	740.304	947.04	1.0	3.9805	740.8799999999999	948.48	1.0	-0.0396	-0.2128	0.9763	-0.7291	2.9533	-36.9172	0.0	25	0.0	0.0		5841	0	0
1702058867410	t	basketballcourt_test_cue_pool_right	0.0	1	0	4.1841	741.744	948.0	1.0	3.9703	741.6	949.6	1.0	-0.0416	-0.2207	0.9744	-0.8544	2.9799	-36.9407	0.0	25	0.0	0.0		5841	0	0
1702058867419	t	basketballcourt_test_cue_pool_right	0.0	1	0	4.2362	742.1759999999999	950.24	1.0	3.995	742.7520000000001	948.32	1.0	-0.0442	-0.2224	0.974	-1.2283	2.9896	-36.9577	0.0	25	0.0	0.0		5841	0	0
1702058867427	t	basketballcourt_test_cue_pool_right	0.0	1	0	4.3318	746.64	941.6	1.0	3.9836	742.6080000000001	946.88	1.0	-0.0521	-0.2058	0.9772	-2.8552	3.0247	-37.0604	0.0	25	0.0	0.0		5841	0	0
1702058867436	t	basketballcourt_test_cue_pool_right	0.0	1	0	4.149	740.448	940.8	1.0	3.937	742.1759999999999	944.6400000000001	1.0	-0.0373	-0.2049	0.9781	-4.2545	3.0692	-37.1316	0.0	25	0.0	0.0		5841	0	0
1702058867444	t	basketballcourt_test_cue_pool_right	0.0	1	0	4.0148	741.6	926.4	1.0	4.2129	741.312	931.3599999999999	1.0	-0.0284	-0.1886	0.9816	-4.2433	3.2227	-37.115	0.0	25	0.0	0.0		5841	0	0
1702058867453	t	basketballcourt_test_cue_pool_right	0.0	1	0	4.1768	751.8240000000001	902.3999999999999	1.0	4.0221	737.856	908.8	1.0	-0.0435	-0.1636	0.9855	16.4895	3.2356	-36.2541	0.0	25	0.0	0.0		5841	0	0
1702058867461	t	basketballcourt_test_cue_pool_right	0.0	1	0	4.2342	756.0	872.9599999999999	1.0	4.1519	739.584	873.9200000000001	1.0	-0.0402	-0.1095	0.9932	22.4878	3.4108	-35.9539	0.0	25	0.0	0.0		5841	0	0
1702058867469	t	basketballcourt_test_cue_pool_right	0.0	1	0	4.3183	762.048	846.08	1.0	4.0761	737.424	845.12	1.0	-0.0536	-0.0535	0.9971	23.3238	3.5375	-35.6498	0.0	25	0.0	0.0		5841	0	0
1702058867478	t	basketballcourt_test_cue_pool_right	0.0	1	0	4.2177	763.776	822.4	1.0	4.2498	740.736	821.5999999999999	1.0	-0.0522	-0.0107	0.9986	26.3515	3.6819	-35.443	0.0	25	0.0	0.0		5841	0	0
1702058867486	t	basketballcourt_test_cue_pool_right	0.0	1	0	4.2923	763.632	812.32	1.0	4.2578	748.0799999999999	804.96	1.0	-0.0568	0.0339	0.9978	3.1151	3.9404	-36.005	0.0	25	0.0	0.0		5841	0	0
1702058867494	t	basketballcourt_test_cue_pool_right	0.0	1	0	4.2467	762.048	810.72	1.0	4.2577	748.368	809.1200000000001	1.0	-0.056	0.0398	0.9976	-26.6985	4.5375	-37.963	0.0	25	0.0	0.0		5841	0	0
1702058867502	t	basketballcourt_test_cue_pool_right	0.0	1	0	4.1807	759.024	815.3600000000001	1.0	4.3561	749.232	811.9999999999999	1.0	-0.0515	0.0386	0.9979	-30.4012	4.5557	-38.138	0.0	25	0.0	0.0		5841	0	0
1702058867511	t	basketballcourt_test_cue_pool_right	0.0	1	0	4.2413	757.44	816.64	1.0	4.2464	751.968	814.88	1.0	-0.0602	0.0341	0.9976	-30.4649	4.5402	-38.1994	0.0	25	0.0	0.0		5841	0	0
1702058867519	t	basketballcourt_test_cue_pool_right	0.0	1	0	4.1419	755.136	816.8	1.0	4.2017	751.968	814.88	1.0	-0.0577	0.0392	0.9976	-30.4795	4.5096	-38.1746	0.0	25	0.0	0.0		5841	0	0
1702058867527	t	basketballcourt_test_cue_pool_right	0.0	1	0	4.1726	755.5680000000001	818.2399999999999	1.0	4.1379	747.504	814.08	1.0	-0.0367	0.045	0.9983	-30.4928	4.471	-38.0899	0.0	25	0.0	0.0		5841	0	0
1702058867535	t	basketballcourt_test_cue_pool_right	0.0	1	0	4.2106	757.0079999999999	819.2	1.0	4.2919	751.8240000000001	816.0	1.0	-0.0515	0.0417	0.9978	-30.504	4.456	-38.0744	0.0	25	0.0	0.0		5841	0	0
1702058867544	t	basketballcourt_test_cue_pool_right	0.0	1	0	4.225	754.416	818.72	1.0	4.1552	752.4	816.16	1.0	-0.049	0.0385	0.998	-30.5262	4.5064	-38.2396	0.0	25	0.0	0.0		5841	0	0
1702058867552	t	basketballcourt_test_cue_pool_right	0.0	1	0	4.0872	755.5680000000001	820.48	1.0	4.2502	751.248	818.8800000000001	1.0	-0.0467	0.0312	0.9984	-30.4886	4.4466	-38.0626	0.0	25	0.0	0.0		5841	0	0
1702058867560	t	basketballcourt_test_cue_pool_right	0.0	1	0	4.1132	754.848	820.48	1.0	4.2351	752.544	819.0400000000001	1.0	-0.0494	0.0292	0.9984	-27.1413	4.4096	-37.9458	0.0	25	0.0	0.0		5841	0	0
1702058867569	t	basketballcourt_test_cue_pool_right	0.0	1	0	4.1392	755.5680000000001	820.32	1.0	4.2282	751.248	818.8800000000001	1.0	-0.0455	0.0291	0.9985	-18.7951	4.2032	-37.2927	0.0	25	0.0	0.0		5841	0	0
1702058867577	t	basketballcourt_test_cue_pool_right	0.0	1	0	4.1935	755.5680000000001	820.1599999999999	1.0	4.1928	750.672	818.5600000000001	1.0	-0.0463	0.0241	0.9986	7.3827	3.6532	-35.5231	0.0	25	0.0	0.0		5841	0	0
1702058867585	t	basketballcourt_test_cue_pool_right	0.0	1	0	4.247	755.5680000000001	820.32	1.0	4.2064	751.248	818.2399999999999	1.0	-0.0476	0.0243	0.9986	8.9834	3.6204	-35.4207	0.0	25	0.0	0.0		5841	0	0
1702058867594	t	basketballcourt_test_cue_pool_right	0.0	1	0	4.2506	755.856	820.32	1.0	4.2099	752.4	818.2399999999999	1.0	-0.0497	0.0246	0.9985	7.3674	3.661	-35.555	0.0	25	0.0	0.0		5841	0	0
1702058867602	t	basketballcourt_test_cue_pool_right	0.0	1	0	4.2545	755.5680000000001	820.32	1.0	4.2131	752.6880000000001	818.2399999999999	1.0	-0.0493	0.0248	0.9985	7.5617	3.6635	-35.5664	0.0	25	0.0	0.0		5841	0	0
1702058867610	t	basketballcourt_test_cue_pool_right	0.0	1	0	4.252	755.856	820.1599999999999	1.0	4.2176	753.12	818.0799999999999	1.0	-0.0506	0.0238	0.9984	10.0979	3.621	-35.4174	0.0	25	0.0	0.0		5841	0	0
1702058867619	t	basketballcourt_test_cue_pool_right	0.0	1	0	4.2538	755.5680000000001	820.1599999999999	1.0	4.2083	753.552	817.92	1.0	-0.0505	0.0224	0.9985	12.8088	3.5733	-35.2519	0.0	25	0.0	0.0		5841	0	0
1702058867627	t	basketballcourt_test_cue_pool_right	0.0	1	0	4.2514	755.5680000000001	819.9999999999999	1.0	4.2118	753.6959999999999	817.76	1.0	-0.05	0.0222	0.9985	16.9394	3.4902	-34.9973	0.0	25	0.0	0.0		5841	0	0
1702058867635	t	basketballcourt_test_cue_pool_right	0.0	1	0	4.2497	755.7120000000001	818.5600000000001	1.0	4.2152	753.552	817.92	1.0	-0.0513	0.0234	0.9984	22.137	3.4061	-34.7033	0.0	25	0.0	0.0		5841	0	0
1702058867644	t	basketballcourt_test_cue_pool_right	0.0	1	0	4.2742	756.8639999999999	819.68	1.0	4.2109	753.408	818.2399999999999	1.0	-0.0558	0.0186	0.9983	23.953	3.3517	-34.5028	0.0	25	0.0	0.0		5841	0	0
1702058867652	t	basketballcourt_test_cue_pool_right	0.0	1	0	4.1565	752.544	819.0400000000001	1.0	4.2913	756.7199999999999	817.76	1.0	-0.0451	0.0162	0.9988	9.6711	3.782	-35.8313	0.0	25	0.0	0.0		5841	0	0
1702058867660	t	basketballcourt_test_cue_pool_right	0.0	1	0	4.1941	754.5600000000001	816.64	1.0	4.2601	757.5840000000001	816.0	1.0	-0.0519	0.03	0.9982	-28.1374	4.5488	-38.2642	0.0	25	0.0	0.0		5841	0	0
1702058867669	t	basketballcourt_test_cue_pool_right	0.0	1	0	4.1439	750.096	816.8	1.0	4.3161	756.144	813.28	1.0	-0.0378	0.0328	0.9987	-30.6305	4.5922	-38.265	0.0	25	0.0	0.0		5841	0	0
1702058867677	t	basketballcourt_test_cue_pool_right	0.0	1	0	4.1392	749.376	815.1999999999999	1.0	4.301	762.6239999999999	810.0799999999999	1.0	-0.0589	0.0319	0.9977	-30.6683	4.7935	-38.7786	0.0	25	0.0	0.0		5841	0	0
1702058867685	t	basketballcourt_test_cue_pool_right	0.0	1	0	4.1097	749.088	816.64	1.0	3.9556	753.12	813.5999999999999	1.0	-0.0178	-0.0198	0.9996	-30.6803	5.0937	-39.3033	0.0	25	0.0	0.0		5841	0	0
1702058867693	t	basketballcourt_test_cue_pool_right	0.0	1	0	-1.0	745.9200000000001	817.6	0.8282	-1.0	756.144	815.5200000000001	0.8307	-1.0	-1.0	-1.0	-1.0	-1.0	-1.0	0.0	25	0.0	0.0		5841	0	0
1702058867703	t	basketballcourt_test_cue_pool_right	0.0	1	0	-1.0	751.392	811.52	0.8282	-1.0	759.312	850.7199999999999	0.8307	-1.0	-1.0	-1.0	-1.0	-1.0	-1.0	0.0	25	0.0	0.0		5841	0	0
1702058867710	t	basketballcourt_test_cue_pool_right	0.0	1	0	-1.0	750.384	852.8000000000001	0.5697	-1.0	728.928	908.0	0.5796	-1.0	-1.0	-1.0	-1.0	-1.0	-1.0	0.0	25	0.0	0.0		5841	0	0
1702058867718	t	basketballcourt_test_cue_pool_right	0.0	1	0	-1.0	753.9839999999999	859.68	0.5715	-1.0	721.296	928.96	0.5813	-1.0	-1.0	-1.0	-1.0	-1.0	-1.0	0.0	25	0.0	0.0		5841	0	0
1702058867727	t	basketballcourt_test_cue_pool_right	0.0	1	0	-1.0	756.7199999999999	873.76	0.371	-1.0	736.7040000000001	942.8800000000001	0.3231	-1.0	-1.0	-1.0	-1.0	-1.0	-1.0	0.0	25	0.0	0.0		5841	0	0
1702058867736	t	basketballcourt_test_cue_pool_right	0.0	1	0	-1.0	768.096	857.1199999999999	0.371	-1.0	746.7839999999999	910.5600000000001	0.3231	-1.0	-1.0	-1.0	-1.0	-1.0	-1.0	0.0	25	0.0	0.0		5841	0	0
1702058867744	t	basketballcourt_test_cue_pool_right	0.0	1	0	-1.0	767.5200000000001	868.16	0.2978	-1.0	749.9520000000001	900.8	0.2999	-1.0	-1.0	-1.0	-1.0	-1.0	-1.0	0.0	25	0.0	0.0		5841	0	0
1702058867753	t	basketballcourt_test_cue_pool_right	0.0	1	0	-1.0	774.4319999999999	868.8000000000001	0.2978	-1.0	750.528	892.16	0.2999	-1.0	-1.0	-1.0	-1.0	-1.0	-1.0	0.0	25	0.0	0.0		5841	0	0
1702058867761	t	basketballcourt_test_cue_pool_right	0.0	1	0	-1.0	773.856	878.2400000000001	0.4483	-1.0	753.8399999999999	896.96	0.4634	-1.0	-1.0	-1.0	-1.0	-1.0	-1.0	0.0	25	0.0	0.0		5841	0	0
1702058867770	t	basketballcourt_test_cue_pool_right	0.0	1	0	4.3645	775.008	885.28	0.4483	3.6764	756.0	903.2	0.4634	-0.0728	-0.1671	0.9832	11.4148	3.8141	-37.3845	0.0	25	0.0	0.0		5841	0	0
1702058867778	t	basketballcourt_test_cue_pool_right	0.0	1	0	4.2784	778.1759999999999	897.4399999999999	0.6021	4.2519	770.2560000000001	900.8	0.6053	-0.101	-0.1676	0.9807	3.5488	3.7018	-37.3632	0.0	25	0.0	0.0		5841	0	0
1702058867785	t	basketballcourt_test_cue_pool_right	0.0	1	0	4.1413	775.728	908.4799999999999	0.6021	4.1701	775.152	912.48	0.6053	-0.1059	-0.1877	0.9765	3.624	3.4551	-36.833	0.0	25	0.0	0.0		5841	0	0
1702058867794	t	basketballcourt_test_cue_pool_right	0.0	1	0	4.0793	772.272	909.76	0.7436	4.2575	763.92	911.2	0.6881	-0.0763	-0.1867	0.9794	1.4134	3.459	-36.8724	0.0	25	0.0	0.0		5841	0	0
1702058867802	t	basketballcourt_test_cue_pool_right	0.0	1	0	4.1655	773.2800000000001	910.5600000000001	0.7436	4.0957	767.088	907.5200000000001	0.6881	-0.0835	-0.1772	0.9806	-4.0466	3.5315	-37.1345	0.0	25	0.0	0.0		5841	0	0
1702058867811	t	basketballcourt_test_cue_pool_right	0.0	1	0	4.2194	771.696	911.9999999999999	0.8422	4.2913	771.4079999999999	912.8	0.7217	-0.0878	-0.1964	0.9766	30.7071	2.9225	-35.2047	0.0	25	0.0	0.0		5841	0	0
1702058867819	t	basketballcourt_test_cue_pool_right	0.0	1	0	4.2494	772.848	911.36	0.8422	4.349	769.824	909.44	0.7217	-0.0852	-0.1722	0.9814	-30.6644	3.9723	-38.514	0.0	25	0.0	0.0		5841	0	0
1702058867827	t	basketballcourt_test_cue_pool_right	0.0	1	0	4.2163	773.712	908.16	0.8868	4.3425	769.392	910.72	0.7708	-0.0802	-0.1683	0.9825	-30.7009	3.9523	-38.5924	0.0	25	0.0	0.0		5841	0	0
1702058867836	t	basketballcourt_test_cue_pool_right	0.0	1	0	4.1726	773.712	909.2800000000001	0.8868	4.2435	769.824	908.96	0.7708	-0.0806	-0.1607	0.9837	-30.7038	3.9458	-38.5882	0.0	25	0.0	0.0		5841	0	0
1702058867844	t	basketballcourt_test_cue_pool_right	0.0	1	0	4.2092	771.2639999999999	911.36	0.9175	4.3054	770.688	912.48	0.7918	-0.0832	-0.1732	0.9814	-30.5837	3.9326	-38.5424	0.0	25	0.0	0.0		5841	0	0
1702058867852	t	basketballcourt_test_cue_pool_right	0.0	1	0	4.1624	771.984	909.2800000000001	0.918	4.3097	773.568	910.72	0.793	-0.095	-0.1683	0.9812	-30.2869	3.9351	-38.5291	0.0	25	0.0	0.0		5841	0	0
1702058867860	t	basketballcourt_test_cue_pool_right	0.0	1	0	4.2316	771.696	909.44	0.9299	4.2842	775.584	910.72	0.828	-0.0982	-0.1711	0.9803	-13.1303	3.6401	-37.5956	0.0	25	0.0	0.0		5841	0	0
1702058867869	t	basketballcourt_test_cue_pool_right	0.0	1	0	4.1038	770.688	910.0799999999999	0.9299	4.3212	774.144	911.9999999999999	0.828	-0.092	-0.1789	0.9796	-6.0756	3.5335	-37.2236	0.0	25	0.0	0.0		5841	0	0
1702058867877	t	basketballcourt_test_cue_pool_right	0.0	1	0	4.1074	770.2560000000001	910.5600000000001	0.9206	4.2934	774.2879999999999	908.96	0.8269	-0.0913	-0.175	0.9803	-4.0064	3.4948	-37.0803	0.0	25	0.0	0.0		5841	0	0
1702058867885	t	basketballcourt_test_cue_pool_right	0.0	1	0	4.1523	770.544	909.1200000000001	0.9206	4.2604	774.2879999999999	909.44	0.8269	-0.0925	-0.1788	0.9795	-3.1825	3.5024	-37.028	0.0	25	0.0	0.0		5841	0	0
1702058867893	t	basketballcourt_test_cue_pool_right	0.0	1	0	4.0474	768.672	910.72	0.9016	4.1534	775.4399999999999	913.5999999999999	0.787	-0.0913	-0.196	0.9763	-5.1756	3.56	-37.1155	0.0	25	0.0	0.0		5841	0	0
1702058867902	t	basketballcourt_test_cue_pool_right	0.0	1	0	4.2642	767.808	903.2	0.9016	3.766	778.4639999999999	921.9200000000001	0.787	-0.0995	-0.2272	0.9687	-11.2586	3.7815	-37.5267	0.0	25	0.0	0.0		5841	0	0
1702058867909	t	basketballcourt_test_cue_pool_right	0.0	1	0	-1.0	769.68	898.24	0.7376	-1.0	780.1919999999999	930.24	0.6949	-1.0	-1.0	-1.0	-1.0	-1.0	-1.0	0.0	25	0.0	0.0		5841	0	0
1702058867917	t	basketballcourt_test_cue_pool_right	0.0	1	0	-1.0	777.1679999999999	950.56	0.7376	-1.0	798.9119999999999	1013.9200000000001	0.6949	-1.0	-1.0	-1.0	-1.0	-1.0	-1.0	0.0	25	0.0	0.0		5841	0	0
1702058867925	t	basketballcourt_test_cue_pool_right	0.0	1	0	-1.0	886.7520000000001	988.32	0.4073	-1.0	785.0880000000001	997.6000000000001	0.4269	-1.0	-1.0	-1.0	-1.0	-1.0	-1.0	0.0	25	0.0	0.0		5841	0	0
1702058867933	t	basketballcourt_test_cue_pool_right	0.0	1	0	-1.0	884.016	967.84	0.4073	-1.0	-1440.0	-1600.0	0.4269	-1.0	-1.0	-1.0	-1.0	-1.0	-1.0	0.0	25	0.0	0.0		5841	0	0
1702058867941	t	basketballcourt_test_cue_pool_right	0.0	1	0	-1.0	735.408	1003.68	0.0	-1.0	-1440.0	-1600.0	0.1185	-1.0	-1.0	-1.0	-1.0	-1.0	-1.0	0.0	25	0.0	0.0		5841	0	0
1702058867950	t	basketballcourt_test_cue_pool_right	0.0	1	0	-1.0	787.2479999999999	998.24	0.0	-1.0	718.272	1015.3600000000001	0.1185	-1.0	-1.0	-1.0	-1.0	-1.0	-1.0	0.0	25	0.0	0.0		5841	0	0
1702058867959	t	basketballcourt_test_cue_pool_right	0.0	1	0	-1.0	745.0559999999999	961.28	0.0	-1.0	713.664	998.56	0.1218	-1.0	-1.0	-1.0	-1.0	-1.0	-1.0	0.0	25	0.0	0.0		5841	0	0
1702058867968	t	basketballcourt_test_cue_pool_right	0.0	1	0	-1.0	748.944	960.6400000000001	0.0	-1.0	735.984	987.8399999999999	0.1218	-1.0	-1.0	-1.0	-1.0	-1.0	-1.0	0.0	25	0.0	0.0		5841	0	0
1702058867976	t	basketballcourt_test_cue_pool_right	0.0	1	0	-1.0	750.24	935.8399999999999	0.0735	-1.0	731.2320000000001	967.52	0.2532	-1.0	-1.0	-1.0	-1.0	-1.0	-1.0	0.0	25	0.0	0.0		5841	0	0
1702058867985	t	basketballcourt_test_cue_pool_right	0.0	1	0	-1.0	756.7199999999999	932.64	0.0735	-1.0	744.192	965.1199999999999	0.2532	-1.0	-1.0	-1.0	-1.0	-1.0	-1.0	0.0	25	0.0	0.0		5841	0	0
1702058867994	t	basketballcourt_test_cue_pool_right	0.0	1	0	-1.0	751.248	925.92	0.2869	-1.0	746.64	949.6	0.3924	-1.0	-1.0	-1.0	-1.0	-1.0	-1.0	0.0	25	0.0	0.0		5841	0	0
1702058868002	t	basketballcourt_test_cue_pool_right	0.0	1	0	-1.0	746.352	930.24	0.2869	-1.0	747.648	936.8000000000001	0.3924	-1.0	-1.0	-1.0	-1.0	-1.0	-1.0	0.0	25	0.0	0.0		5841	0	0
1702058868011	t	basketballcourt_test_cue_pool_right	0.0	1	0	4.0564	745.1999999999999	923.5200000000001	0.472	3.9881	751.248	944.3199999999999	0.5303	-0.0563	-0.265	0.9626	-30.3162	3.8095	-38.5023	0.0	25	0.0	0.0		5841	0	0
1702058868019	t	basketballcourt_test_cue_pool_right	0.0	1	0	3.9536	743.472	924.9599999999999	0.472	4.1322	749.232	940.9599999999999	0.5303	-0.041	-0.2491	0.9676	-30.2218	3.7915	-38.5045	0.0	25	0.0	0.0		5841	0	0
1702058868027	t	basketballcourt_test_cue_pool_right	0.0	1	0	4.0187	743.184	928.8000000000001	0.558	4.0011	752.8320000000001	945.76	0.6221	-0.0573	-0.2588	0.9642	-29.5588	3.7495	-38.4768	0.0	25	0.0	0.0		5841	0	0
1702058868036	t	basketballcourt_test_cue_pool_right	0.0	1	0	3.8969	740.16	925.92	0.558	4.0794	753.408	944.96	0.6221	-0.0573	-0.2545	0.9653	-29.35	3.7412	-38.4641	0.0	25	0.0	0.0		5841	0	0
1702058868044	t	basketballcourt_test_cue_pool_right	0.0	1	0	3.8442	741.1680000000001	926.72	0.6637	4.0883	755.28	940.32	0.6939	-0.0621	-0.2294	0.9713	-29.341	3.7031	-38.4763	0.0	25	0.0	0.0		5841	0	0
1702058868053	t	basketballcourt_test_cue_pool_right	0.0	1	0	3.9746	741.456	929.12	0.6637	4.0943	751.968	941.92	0.6939	-0.0422	-0.2256	0.9733	4.1358	3.1467	-36.6392	0.0	25	0.0	0.0		5841	0	0
1702058868061	t	basketballcourt_test_cue_pool_right	0.0	1	0	3.824	745.488	929.5999999999999	0.763	4.2375	751.8240000000001	935.68	0.7329	-0.049	-0.2128	0.9758	1.6073	3.1725	-36.7877	0.0	25	0.0	0.0		5841	0	0
1702058868069	t	basketballcourt_test_cue_pool_right	0.0	1	0	4.0146	741.888	930.88	0.763	4.1946	751.248	937.12	0.7329	-0.0373	-0.2164	0.9756	0.8108	3.1757	-36.8146	0.0	25	0.0	0.0		5841	0	0
1702058868077	t	basketballcourt_test_cue_pool_right	0.0	1	0	3.9318	738.72	927.52	0.8058	4.3204	753.552	932.64	0.7667	-0.0362	-0.2018	0.9787	1.154	3.1709	-36.808	0.0	25	0.0	0.0		5841	0	0
1702058868085	t	basketballcourt_test_cue_pool_right	0.0	1	0	3.9941	737.9999999999999	929.12	0.8058	4.205	753.408	935.52	0.7667	-0.0349	-0.209	0.9773	1.1228	3.1665	-36.8084	0.0	25	0.0	0.0		5841	0	0
1702058868093	t	basketballcourt_test_cue_pool_right	0.0	1	0	4.0011	739.1519999999999	930.4	0.8324	4.2022	752.8320000000001	938.24	0.783	-0.0358	-0.2152	0.9759	1.0431	3.1636	-36.8091	0.0	25	0.0	0.0		5841	0	0
1702058868102	t	basketballcourt_test_cue_pool_right	0.0	1	0	4.0439	741.888	930.4	0.8324	4.1806	752.8320000000001	939.6800000000001	0.783	-0.0421	-0.2153	0.9756	0.9485	3.1573	-36.8225	0.0	25	0.0	0.0		5841	0	0
1702058868110	t	basketballcourt_test_cue_pool_right	0.0	1	0	4.0414	741.744	930.88	0.8472	4.1761	753.6959999999999	939.6800000000001	0.8065	-0.0435	-0.2139	0.9759	-0.1041	3.1659	-36.8879	0.0	25	0.0	0.0		5841	0	0
1702058868118	t	basketballcourt_test_cue_pool_right	0.0	1	0	4.0203	737.856	930.5600000000001	0.8481	4.1391	752.544	940.32	0.8076	-0.0328	-0.2125	0.9766	0.1305	3.1507	-36.8751	0.0	25	0.0	0.0		5841	0	0
1702058868127	t	basketballcourt_test_cue_pool_right	0.0	1	0	4.1394	743.184	930.08	0.8582	4.1859	752.8320000000001	938.24	0.8195	-0.0444	-0.2068	0.9774	0.594	3.1405	-36.8526	0.0	25	0.0	0.0		5841	0	0
1702058868135	t	basketballcourt_test_cue_pool_right	0.0	1	0	4.1191	741.888	932.16	0.8582	4.1407	749.376	937.9200000000001	0.8195	-0.034	-0.2108	0.9769	-0.06	3.1526	-36.8856	0.0	25	0.0	0.0		5841	0	0
1702058868143	t	basketballcourt_test_cue_pool_right	0.0	1	0	3.9292	739.8720000000001	933.44	0.8878	4.1391	752.4	937.28	0.8294	-0.0359	-0.2116	0.9767	0.7225	3.1364	-36.8441	0.0	25	0.0	0.0		5841	0	0
1702058868152	t	basketballcourt_test_cue_pool_right	0.0	1	0	4.1534	741.744	933.44	0.8878	4.1773	752.256	940.32	0.8294	-0.0406	-0.2164	0.9754	0.8808	3.1334	-36.8339	0.0	25	0.0	0.0		5841	0	0
1702058868160	t	basketballcourt_test_cue_pool_right	0.0	1	0	3.9678	742.3199999999999	938.4000000000001	0.8819	4.1503	751.6800000000001	936.48	0.8508	-0.0407	-0.2193	0.9748	-0.4956	3.1592	-36.9042	0.0	25	0.0	0.0		5841	0	0
1702058868168	t	basketballcourt_test_cue_pool_right	0.0	1	0	4.0728	743.472	931.04	0.8819	4.0867	751.8240000000001	939.84	0.8508	-0.0456	-0.2119	0.9762	-0.4788	3.1589	-36.9131	0.0	25	0.0	0.0		5841	0	0
1702058868177	t	basketballcourt_test_cue_pool_right	0.0	1	0	4.0639	740.448	932.0	0.9062	4.1048	751.5360000000001	940.32	0.8639	-0.0394	-0.2141	0.976	-0.5403	3.1588	-36.9165	0.0	25	0.0	0.0		5841	0	0
1702058868185	t	basketballcourt_test_cue_pool_right	0.0	1	0	4.0567	743.472	932.9599999999999	0.9062	4.1357	750.672	937.5999999999999	0.8639	-0.0441	-0.211	0.9765	-0.4928	3.1579	-36.9142	0.0	25	0.0	0.0		5841	0	0
1702058868193	t	basketballcourt_test_cue_pool_right	0.0	1	0	4.0636	740.736	932.64	0.9034	4.0083	751.1039999999999	944.48	0.8828	-0.0396	-0.2228	0.9741	-0.408	3.1545	-36.9076	0.0	25	0.0	0.0		5841	0	0
1702058868202	t	basketballcourt_test_cue_pool_right	0.0	1	0	4.0713	740.592	932.3199999999999	0.9034	3.9969	751.8240000000001	943.68	0.8828	-0.0398	-0.2202	0.9746	-0.2955	3.1504	-36.9013	0.0	25	0.0	0.0		5841	0	0
1702058868210	t	basketballcourt_test_cue_pool_right	0.0	1	0	4.0816	740.736	932.64	0.9346	4.1485	750.528	940.64	0.8803	-0.0375	-0.2133	0.9763	-0.2251	3.1422	-36.9023	0.0	25	0.0	0.0		5841	0	0
1702058868218	t	basketballcourt_test_cue_pool_right	0.0	1	0	4.0714	741.0239999999999	932.3199999999999	0.9346	4.0853	750.8159999999999	943.8399999999999	0.8803	-0.0388	-0.2178	0.9752	-0.335	3.1403	-36.9085	0.0	25	0.0	0.0		5841	0	0
1702058868227	t	basketballcourt_test_cue_pool_right	0.0	1	0	4.0637	741.0239999999999	932.64	0.9309	4.1666	751.1039999999999	941.44	0.8688	-0.0389	-0.2138	0.9761	-0.4333	3.1407	-36.9146	0.0	25	0.0	0.0		5841	0	0
1702058868235	t	basketballcourt_test_cue_pool_right	0.0	1	0	4.0562	741.0239999999999	932.9599999999999	0.9309	4.2392	751.392	941.76	0.8688	-0.0394	-0.215	0.9758	-0.7209	3.146	-36.9312	0.0	25	0.0	0.0		5841	0	0
1702058868243	t	basketballcourt_test_cue_pool_right	0.0	1	0	4.0637	741.0239999999999	932.64	0.9379	4.175	751.392	942.24	0.8794	-0.0397	-0.2153	0.9757	-0.6408	3.145	-36.9275	0.0	25	0.0	0.0		5841	0	0
1702058868252	t	basketballcourt_test_cue_pool_right	0.0	1	0	4.1954	740.8799999999999	935.8399999999999	0.9384	4.1093	751.8240000000001	940.32	0.8801	-0.0433	-0.2178	0.975	-0.6353	3.1501	-36.9306	0.0	25	0.0	0.0		5841	0	0
1702058868260	t	basketballcourt_test_cue_pool_right	0.0	1	0	4.0482	737.712	932.3199999999999	0.9414	4.1976	750.9599999999999	941.92	0.8864	-0.0366	-0.2144	0.9761	-0.6333	3.1485	-36.938	0.0	25	0.0	0.0		5841	0	0
1702058868269	t	basketballcourt_test_cue_pool_right	0.0	1	0	4.0167	742.3199999999999	936.0	0.9414	4.2081	751.248	942.24	0.8864	-0.047	-0.2213	0.9741	-0.8431	3.1532	-36.9485	0.0	25	0.0	0.0		5841	0	0
1702058868277	t	basketballcourt_test_cue_pool_right	0.0	1	0	3.9931	741.0239999999999	932.9599999999999	0.9498	4.2112	749.9520000000001	941.6	0.8854	-0.0405	-0.2157	0.9756	-0.938	3.1575	-36.9525	0.0	25	0.0	0.0		5841	0	0
1702058868285	t	basketballcourt_test_cue_pool_right	0.0	1	0	4.0943	741.1680000000001	932.64	0.9498	4.1864	749.8080000000001	939.5200000000001	0.8854	-0.0411	-0.2114	0.9765	-0.6039	3.1529	-36.9388	0.0	25	0.0	0.0		5841	200	MYKEYWORD 200
