Recording timestamp	type	Scene Name	scene_num	order	djv_reported	PupilDiam_Left	Gaze2d_Left.x	Gaze2d_Left.y	left_eye_openness	PupilDiam_Right	Gaze2d_Right.x	Gaze2d_Right.y	right_eye_openness	gaze_direction_x	gaze_direction_y	gaze_direction_z	gaze_origin_x	gaze_origin_y	gaze_origin_z	gaze_convergence_distance	participant	study_status	scene_familiarity	recall_status	Identifier	Event value	Event message
1701894941614	t	playground_test_cue_junkyard_left	0.0	0	0	6.2166	768.3839999999999	637.28	1.0	6.2934	750.528	670.4	1.0	0.0361	-0.0995	0.9944	-22.9392	5.5612	-30.0321	0.0	14	0.0	0.0		3339	100	MYKEYWORD 100
1701894941622	t	playground_test_cue_junkyard_left	0.0	0	0	6.1773	769.968	634.88	1.0	6.3509	749.8080000000001	672.16	1.0	0.0363	-0.107	0.9936	-21.5309	5.5908	-30.0686	0.0	14	0.0	0.0		3339	0	0
1701894941630	t	playground_test_cue_junkyard_left	0.0	0	0	6.2564	768.96	636.16	1.0	6.3059	747.9359999999999	670.56	1.0	0.0416	-0.1033	0.9938	-15.558	5.7012	-30.3299	0.0	14	0.0	0.0		3339	0	0
1701894941639	t	playground_test_cue_junkyard_left	0.0	0	0	6.1482	764.928	633.28	1.0	6.3911	747.072	673.9200000000001	1.0	0.0495	-0.1029	0.9935	-7.4553	5.7792	-30.4825	0.0	14	0.0	0.0		3339	0	0
1701894941647	t	playground_test_cue_junkyard_left	0.0	0	0	6.1366	765.072	632.64	1.0	6.3236	746.352	670.56	1.0	0.0438	-0.0895	0.995	1.8924	5.921	-30.8137	0.0	14	0.0	0.0		3339	0	0
1701894941656	t	playground_test_cue_junkyard_left	0.0	0	0	6.1798	764.4960000000001	632.48	1.0	6.3837	745.0559999999999	666.72	1.0	0.0455	-0.0769	0.996	7.925	5.938	-30.7826	0.0	14	0.0	0.0		3339	0	0
1701894941664	t	playground_test_cue_junkyard_left	0.0	0	0	6.1901	764.64	632.3199999999999	1.0	6.3389	746.496	665.6	1.0	0.0383	-0.0773	0.9963	9.69	5.9796	-30.8649	0.0	14	0.0	0.0		3339	0	0
1701894941673	t	playground_test_cue_junkyard_left	0.0	0	0	6.2221	762.336	630.88	1.0	6.3059	745.7760000000001	664.0	1.0	0.0446	-0.0644	0.9969	21.889	6.104	-31.1457	0.0	14	0.0	0.0		3339	0	0
1701894941681	t	playground_test_cue_junkyard_left	0.0	0	0	6.2219	763.056	629.76	1.0	6.364	745.0559999999999	667.36	1.0	0.0396	-0.0574	0.9976	29.5369	6.2096	-31.4142	0.0	14	0.0	0.0		3339	0	0
1701894941689	t	playground_test_cue_junkyard_left	0.0	0	0	6.2201	763.056	629.76	1.0	6.2846	744.336	663.52	1.0	0.039	-0.0576	0.9976	30.6542	6.2278	-31.4444	0.0	14	0.0	0.0		3339	0	0
1701894941698	t	playground_test_cue_junkyard_left	0.0	0	0	6.1303	760.032	629.76	1.0	6.3293	745.1999999999999	660.64	1.0	0.0501	-0.0591	0.997	30.8044	6.2576	-31.5376	0.0	14	0.0	0.0		3339	0	0
1701894941706	t	playground_test_cue_junkyard_left	0.0	0	0	6.1339	760.608	630.88	1.0	6.2381	746.64	661.12	1.0	0.0467	-0.0647	0.9968	30.8309	6.2554	-31.5113	0.0	14	0.0	0.0		3339	0	0
1701894941714	t	playground_test_cue_junkyard_left	0.0	0	0	6.1794	761.904	631.68	1.0	6.3653	744.9119999999999	660.48	1.0	0.0393	-0.0699	0.9968	30.8315	6.2613	-31.5144	0.0	14	0.0	0.0		3339	0	0
1701894941723	t	playground_test_cue_junkyard_left	0.0	0	0	6.2	760.896	628.8000000000001	1.0	6.368	744.624	658.5600000000001	1.0	0.0435	-0.0583	0.9973	30.8147	6.2642	-31.5129	0.0	14	0.0	0.0		3339	0	0
1701894941731	t	playground_test_cue_junkyard_left	0.0	0	0	6.198	760.752	628.3199999999999	1.0	6.3376	745.3439999999999	659.84	1.0	0.044	-0.0571	0.9974	30.4272	6.2674	-31.5241	0.0	14	0.0	0.0		3339	0	0
1701894941739	t	playground_test_cue_junkyard_left	0.0	0	0	6.191	760.896	626.5600000000001	1.0	6.3179	744.9119999999999	657.9200000000001	1.0	0.0414	-0.0541	0.9977	27.5466	6.2766	-31.5587	0.0	14	0.0	0.0		3339	0	0
1701894941747	t	playground_test_cue_junkyard_left	0.0	0	0	6.1992	761.328	628.16	1.0	6.3897	741.456	660.96	1.0	0.0466	-0.0704	0.9964	11.0783	6.0371	-30.8719	0.0	14	0.0	0.0		3339	0	0
1701894941756	t	playground_test_cue_junkyard_left	0.0	0	0	6.2218	761.4720000000001	625.28	1.0	6.3355	742.1759999999999	657.12	1.0	0.0543	-0.0674	0.9962	-19.5615	5.5959	-29.6696	0.0	14	0.0	0.0		3339	0	0
1701894941764	t	playground_test_cue_junkyard_left	0.0	0	0	6.172	759.024	627.2	1.0	6.3655	741.456	657.28	1.0	0.0579	-0.073	0.9956	-24.4618	5.5819	-29.6663	0.0	14	0.0	0.0		3339	0	0
1701894941772	t	playground_test_cue_junkyard_left	0.0	0	0	6.2608	759.456	625.28	1.0	6.3541	741.312	656.96	1.0	0.0574	-0.071	0.9958	-23.4944	5.6016	-29.7206	0.0	14	0.0	0.0		3339	0	0
1701894941781	t	playground_test_cue_junkyard_left	0.0	0	0	6.2612	759.7439999999999	625.6	1.0	6.3534	741.312	657.28	1.0	0.0561	-0.0722	0.9958	-19.8173	5.6633	-29.8864	0.0	14	0.0	0.0		3339	0	0
1701894941789	t	playground_test_cue_junkyard_left	0.0	0	0	6.2576	759.456	625.28	1.0	6.356	741.312	657.4399999999999	1.0	0.0531	-0.0712	0.996	-11.0898	5.8102	-30.2836	0.0	14	0.0	0.0		3339	0	0
1701894941797	t	playground_test_cue_junkyard_left	0.0	0	0	6.244	758.88	624.64	1.0	6.3627	741.312	657.28	1.0	0.0527	-0.0694	0.9962	-7.1651	5.8698	-30.4343	0.0	14	0.0	0.0		3339	0	0
1701894941806	t	playground_test_cue_junkyard_left	0.0	0	0	6.2525	759.456	624.48	1.0	6.3652	741.0239999999999	656.96	1.0	0.0491	-0.0661	0.9966	4.3237	6.0489	-30.9018	0.0	14	0.0	0.0		3339	0	0
1701894941814	t	playground_test_cue_junkyard_left	0.0	0	0	6.241	759.024	624.8000000000001	1.0	6.3665	740.736	657.28	1.0	0.0462	-0.0657	0.9968	17.2057	6.2609	-31.4673	0.0	14	0.0	0.0		3339	0	0
1701894941822	t	playground_test_cue_junkyard_left	0.0	0	0	6.2321	759.456	624.48	1.0	6.3877	740.736	657.4399999999999	1.0	0.0434	-0.0627	0.9971	22.8363	6.3437	-31.6832	0.0	14	0.0	0.0		3339	0	0
1701894941831	t	playground_test_cue_junkyard_left	0.0	0	0	6.2298	759.024	624.8000000000001	1.0	6.3714	740.736	657.28	1.0	0.0505	-0.0651	0.9966	4.4717	6.0398	-30.9036	0.0	14	0.0	0.0		3339	0	0
1701894941839	t	playground_test_cue_junkyard_left	0.0	0	0	6.2325	759.456	624.96	1.0	6.3864	740.736	656.96	1.0	0.0519	-0.064	0.9966	-2.1741	5.9266	-30.621	0.0	14	0.0	0.0		3339	0	0
1701894941847	t	playground_test_cue_junkyard_left	0.0	0	0	6.1854	758.304	624.16	1.0	6.4575	741.0239999999999	658.72	1.0	0.0561	-0.0606	0.9966	0.0585	5.9422	-30.718	0.0	14	0.0	0.0		3339	0	0
1701894941855	t	playground_test_cue_junkyard_left	0.0	0	0	6.3233	759.456	626.5600000000001	1.0	6.3435	743.472	659.1999999999999	1.0	0.0549	-0.0698	0.996	-31.5499	5.3812	-29.2098	0.0	14	0.0	0.0		3339	0	0
1701894941864	t	playground_test_cue_junkyard_left	0.0	0	0	6.396	760.464	623.0400000000001	1.0	6.43	742.6080000000001	660.64	1.0	0.0622	-0.0702	0.9956	-31.5722	5.4028	-29.3928	0.0	14	0.0	0.0		3339	0	0
1701894941872	t	playground_test_cue_junkyard_left	0.0	0	0	6.3429	761.328	627.0400000000001	1.0	6.5136	740.592	658.5600000000001	1.0	0.0762	-0.0604	0.9953	-31.5838	5.4247	-29.4834	0.0	14	0.0	0.0		3339	0	0
1701894941881	t	playground_test_cue_junkyard_left	0.0	0	0	6.1297	760.464	624.48	1.0	6.4726	740.592	656.64	1.0	0.0793	-0.0513	0.9955	-31.5977	5.4239	-29.493	0.0	14	0.0	0.0		3339	0	0
1701894941889	t	playground_test_cue_junkyard_left	0.0	0	0	6.2846	760.32	624.96	1.0	6.3503	742.0319999999999	657.5999999999999	1.0	0.0735	-0.0564	0.9957	-31.6082	5.4138	-29.4497	0.0	14	0.0	0.0		3339	0	0
1701894941897	t	playground_test_cue_junkyard_left	0.0	0	0	6.3176	762.6239999999999	626.24	1.0	6.3933	742.4639999999999	661.5999999999999	1.0	0.0726	-0.0732	0.9947	-31.6125	5.3903	-29.3635	0.0	14	0.0	0.0		3339	0	0
1701894941906	t	playground_test_cue_junkyard_left	0.0	0	0	6.193	760.896	626.4	1.0	6.3871	737.9999999999999	660.32	1.0	0.0947	-0.0666	0.9933	-31.6111	5.3569	-29.2494	0.0	14	0.0	0.0		3339	0	0
1701894941914	t	playground_test_cue_junkyard_left	0.0	0	0	6.1712	760.32	626.88	1.0	6.4087	739.8720000000001	658.88	1.0	0.0845	-0.059	0.9947	-31.6077	5.3492	-29.2233	0.0	14	0.0	0.0		3339	0	0
1701894941922	t	playground_test_cue_junkyard_left	0.0	0	0	6.1938	757.872	623.52	1.0	6.4309	739.2959999999999	657.28	1.0	0.0867	-0.0518	0.9949	-31.6043	5.3424	-29.1972	0.0	14	0.0	0.0		3339	0	0
1701894941931	t	playground_test_cue_junkyard_left	0.0	0	0	6.226	758.016	622.88	1.0	6.4963	740.448	653.76	1.0	0.0703	-0.041	0.9967	-31.5616	5.2918	-28.9143	0.0	14	0.0	0.0		3339	0	0
1701894941939	t	playground_test_cue_junkyard_left	0.0	0	0	6.3004	759.168	624.64	1.0	6.4899	738.864	655.04	1.0	0.0788	-0.0506	0.9956	-31.5639	5.3549	-29.1023	0.0	14	0.0	0.0		3339	0	0
1701894941947	t	playground_test_cue_junkyard_left	0.0	0	0	6.2397	756.576	623.68	1.0	6.4732	737.28	655.68	1.0	0.0846	-0.0568	0.9948	-31.5551	5.3653	-29.0893	0.0	14	0.0	0.0		3339	0	0
1701894941956	t	playground_test_cue_junkyard_left	0.0	0	0	6.2787	757.0079999999999	623.68	1.0	6.3908	736.7040000000001	653.76	1.0	0.0836	-0.053	0.9951	-31.5419	5.3812	-29.082	0.0	14	0.0	0.0		3339	0	0
1701894941964	t	playground_test_cue_junkyard_left	0.0	0	0	6.224	756.0	624.0	1.0	6.5314	736.4159999999999	649.28	1.0	0.0761	-0.0273	0.9967	-31.5037	5.2428	-28.6089	0.0	14	0.0	0.0		3339	0	0
1701894941972	t	playground_test_cue_junkyard_left	0.0	0	0	6.1296	752.544	620.48	1.0	6.54	736.4159999999999	651.1999999999999	1.0	0.0775	-0.0473	0.9959	-31.4831	5.4147	-29.1084	0.0	14	0.0	0.0		3339	0	0
1701894941981	t	playground_test_cue_junkyard_left	0.0	0	0	6.1675	753.9839999999999	621.76	1.0	6.4495	734.688	650.5600000000001	1.0	0.0818	-0.0471	0.9955	-29.821	5.4669	-29.2532	0.0	14	0.0	0.0		3339	0	0
1701894941989	t	playground_test_cue_junkyard_left	0.0	0	0	6.3236	755.7120000000001	619.36	1.0	6.5108	732.2399999999999	649.28	1.0	0.0898	-0.0409	0.9951	-28.3137	5.4961	-29.3386	0.0	14	0.0	0.0		3339	0	0
1701894941997	t	playground_test_cue_junkyard_left	0.0	0	0	6.2888	753.552	619.2	1.0	6.5592	731.664	648.0	1.0	0.0892	-0.0343	0.9954	-25.971	5.522	-29.4133	0.0	14	0.0	0.0		3339	0	0
1701894942006	t	playground_test_cue_junkyard_left	0.0	0	0	6.2471	752.544	619.52	1.0	6.5329	732.3840000000001	648.48	1.0	0.0857	-0.0351	0.9957	-27.9141	5.4726	-29.2804	0.0	14	0.0	0.0		3339	0	0
1701894942014	t	playground_test_cue_junkyard_left	0.0	0	0	6.195	751.392	621.76	1.0	6.5208	732.816	648.96	1.0	0.0834	-0.0348	0.9959	-29.4276	5.4287	-29.172	0.0	14	0.0	0.0		3339	0	0
1701894942022	t	playground_test_cue_junkyard_left	0.0	0	0	6.3074	752.544	620.48	1.0	6.4351	730.512	650.08	1.0	0.0876	-0.0384	0.9954	-25.1441	5.488	-29.347	0.0	14	0.0	0.0		3339	0	0
1701894942031	t	playground_test_cue_junkyard_left	0.0	0	0	6.291	752.112	620.64	1.0	6.5791	730.08	648.8000000000001	1.0	0.0529	-0.0287	0.9982	16.3503	6.097	-31.0584	0.0	14	0.0	0.0		3339	0	0
1701894942039	t	playground_test_cue_junkyard_left	0.0	0	0	6.1772	749.664	619.84	1.0	6.5628	730.8	648.8000000000001	1.0	0.0518	-0.0305	0.9982	29.0555	6.413	-32.0117	0.0	14	0.0	0.0		3339	0	0
1701894942047	t	playground_test_cue_junkyard_left	0.0	0	0	6.211	750.24	620.48	1.0	6.4943	726.3359999999999	649.28	1.0	0.0483	-0.0371	0.9981	28.4266	6.4447	-32.0943	0.0	14	0.0	0.0		3339	0	0
1701894942056	t	playground_test_cue_junkyard_left	0.0	0	0	6.2459	750.24	617.44	1.0	6.5493	727.3439999999999	647.68	1.0	0.0461	-0.0303	0.9985	28.2365	6.5336	-32.3772	0.0	14	0.0	0.0		3339	0	0
1701894942064	t	playground_test_cue_junkyard_left	0.0	0	0	6.2414	750.24	617.92	1.0	6.5715	729.792	648.32	1.0	0.0485	-0.0359	0.9982	29.0984	6.5039	-32.1699	0.0	14	0.0	0.0		3339	0	0
1701894942072	t	playground_test_cue_junkyard_left	0.0	0	0	6.2484	749.232	616.64	1.0	6.5192	732.2399999999999	647.52	1.0	0.0576	-0.0343	0.9977	26.3353	6.4221	-31.8236	0.0	14	0.0	0.0		3339	0	0
1701894942081	t	playground_test_cue_junkyard_left	0.0	0	0	6.232	749.8080000000001	615.36	1.0	6.6019	728.784	645.76	1.0	0.0632	-0.0296	0.9976	18.6352	6.2399	-31.2301	0.0	14	0.0	0.0		3339	0	0
1701894942089	t	playground_test_cue_junkyard_left	0.0	0	0	6.335	751.392	616.0	1.0	6.543	732.3840000000001	648.48	1.0	0.0831	-0.0529	0.9951	-31.22	5.4516	-28.9579	0.0	14	0.0	0.0		3339	0	0
1701894942097	t	playground_test_cue_junkyard_left	0.0	0	0	6.2128	748.6560000000001	615.36	1.0	6.5962	729.504	645.4399999999999	1.0	0.0983	-0.0431	0.9942	-31.2827	5.49	-29.0562	0.0	14	0.0	0.0		3339	0	0
1701894942106	t	playground_test_cue_junkyard_left	0.0	0	0	6.2051	749.9520000000001	615.52	1.0	6.621	729.3599999999999	644.48	1.0	0.0908	-0.035	0.9952	-31.3766	5.3997	-28.7562	0.0	14	0.0	0.0		3339	0	0
1701894942114	t	playground_test_cue_junkyard_left	0.0	0	0	6.1832	749.664	612.8	1.0	6.6453	729.648	645.12	1.0	0.0903	-0.0421	0.995	-31.3982	5.4258	-28.7885	0.0	14	0.0	0.0		3339	0	0
1701894942122	t	playground_test_cue_junkyard_left	0.0	0	0	6.239	749.8080000000001	612.4799999999999	1.0	6.5799	731.376	643.36	1.0	0.0829	-0.0379	0.9958	-31.3995	5.4425	-28.7931	0.0	14	0.0	0.0		3339	0	0
1701894942132	t	playground_test_cue_junkyard_left	0.0	0	0	6.2376	749.376	612.64	1.0	6.5677	732.672	639.04	1.0	0.078	-0.0209	0.9967	-31.3964	5.4454	-28.7759	0.0	14	0.0	0.0		3339	0	0
1701894942139	t	playground_test_cue_junkyard_left	0.0	0	0	6.3207	751.6800000000001	611.68	1.0	6.5562	730.512	641.12	1.0	0.0881	-0.0344	0.9955	-31.429	5.5641	-29.1862	0.0	14	0.0	0.0		3339	0	0
1701894942147	t	playground_test_cue_junkyard_left	0.0	0	0	6.4088	752.256	611.0400000000001	1.0	6.5774	731.808	640.16	1.0	0.0836	-0.0268	0.9961	-31.4389	5.4596	-28.8205	0.0	14	0.0	0.0		3339	0	0
1701894942156	t	playground_test_cue_junkyard_left	0.0	0	0	6.4115	752.976	610.4	1.0	6.5431	732.672	640.96	1.0	0.0778	-0.035	0.9963	-31.4318	5.6045	-29.332	0.0	14	0.0	0.0		3339	0	0
1701894942164	t	playground_test_cue_junkyard_left	0.0	0	0	6.3783	752.6880000000001	613.44	1.0	6.5472	733.3919999999999	639.68	1.0	0.0789	-0.0233	0.9966	-31.452	5.4576	-28.8367	0.0	14	0.0	0.0		3339	0	0
1701894942172	t	playground_test_cue_junkyard_left	0.0	0	0	6.417	755.856	611.36	1.0	6.5408	736.2719999999999	641.4399999999999	1.0	0.0668	-0.0296	0.9973	-31.4622	5.448	-28.8175	0.0	14	0.0	0.0		3339	0	0
1701894942180	t	playground_test_cue_junkyard_left	0.0	0	0	6.4738	760.32	614.4	1.0	6.6353	738.1439999999999	643.2	1.0	0.0799	-0.0265	0.9964	-31.5523	5.2743	-28.2862	0.0	14	0.0	0.0		3339	0	0
1701894942189	t	playground_test_cue_junkyard_left	0.0	0	0	6.3987	769.536	615.68	1.0	6.5977	750.8159999999999	642.5600000000001	1.0	0.044	-0.0354	0.9984	-31.6624	5.5497	-29.2084	0.0	14	0.0	0.0		3339	0	0
1701894942197	t	playground_test_cue_junkyard_left	0.0	0	0	6.4454	776.1600000000001	609.92	1.0	6.5529	753.8399999999999	642.4000000000001	1.0	0.0246	-0.0277	0.9993	-31.6491	5.3779	-28.6404	0.0	14	0.0	0.0		3339	0	0
1701894942205	t	playground_test_cue_junkyard_left	0.0	0	0	6.4444	777.3119999999999	608.16	1.0	6.5871	754.848	640.64	1.0	0.0182	-0.0199	0.9996	-31.4754	5.4183	-28.787	0.0	14	0.0	0.0		3339	0	0
1701894942214	t	playground_test_cue_junkyard_left	0.0	0	0	6.4566	778.032	610.24	1.0	6.5582	754.5600000000001	639.68	1.0	0.0228	-0.0096	0.9997	0.8396	5.6603	-29.1294	0.0	14	0.0	0.0		3339	0	0
1701894942222	t	playground_test_cue_junkyard_left	0.0	0	0	6.4275	778.4639999999999	608.48	1.0	6.5104	753.6959999999999	640.48	1.0	0.0228	-0.0187	0.9996	-15.6213	5.5531	-28.9306	0.0	14	0.0	0.0		3339	0	0
1701894942230	t	playground_test_cue_junkyard_left	0.0	0	0	6.4402	778.8960000000001	610.24	1.0	6.564	755.424	639.36	1.0	0.0201	-0.0168	0.9996	-8.9181	5.6145	-29.0324	0.0	14	0.0	0.0		3339	0	0
1701894942239	t	playground_test_cue_junkyard_left	0.0	0	0	6.52	780.0479999999999	606.08	1.0	6.5489	756.432	639.52	1.0	0.0165	-0.0276	0.9995	-23.1557	5.5428	-28.8575	0.0	14	0.0	0.0		3339	0	0
1701894942247	t	playground_test_cue_junkyard_left	0.0	0	0	6.4944	777.456	604.0	1.0	6.4099	757.728	643.52	1.0	0.0165	-0.0356	0.9992	-13.8684	5.5921	-28.8393	0.0	14	0.0	0.0		3339	0	0
1701894942255	t	playground_test_cue_junkyard_left	0.0	0	0	6.4753	777.888	600.64	1.0	6.6022	755.856	636.48	1.0	0.0205	-0.0173	0.9996	-19.8571	5.545	-28.6729	0.0	14	0.0	0.0		3339	0	0
1701894942264	t	playground_test_cue_junkyard_left	0.0	0	0	6.559	778.4639999999999	607.2	1.0	6.556	756.7199999999999	636.64	1.0	0.0126	-0.0288	0.9995	-28.7776	5.499	-28.6025	0.0	14	0.0	0.0		3339	0	0
1701894942272	t	playground_test_cue_junkyard_left	0.0	0	0	6.5058	778.1759999999999	606.4	1.0	6.5483	757.0079999999999	636.8000000000001	1.0	0.01	-0.0316	0.9994	-31.3398	5.4873	-28.5806	0.0	14	0.0	0.0		3339	0	0
1701894942280	t	playground_test_cue_junkyard_left	0.0	0	0	6.5324	777.3119999999999	603.84	1.0	6.5656	757.152	636.64	1.0	0.01	-0.0308	0.9995	-31.3587	5.4893	-28.5877	0.0	14	0.0	0.0		3339	0	0
1701894942289	t	playground_test_cue_junkyard_left	0.0	0	0	6.599	779.0400000000001	604.96	1.0	6.5834	757.0079999999999	636.48	1.0	0.0106	-0.0309	0.9995	-31.3829	5.4908	-28.5798	0.0	14	0.0	0.0		3339	0	0
1701894942297	t	playground_test_cue_junkyard_left	0.0	0	0	6.5406	779.472	602.7199999999999	1.0	6.6941	756.288	632.48	1.0	0.0204	-0.0172	0.9996	-31.0022	5.4415	-28.2943	0.0	14	0.0	0.0		3339	0	0
1701894942305	t	playground_test_cue_junkyard_left	0.0	0	0	6.5639	779.904	602.08	1.0	6.5575	756.432	631.8399999999999	1.0	0.0346	-0.025	0.9991	-12.4079	5.801	-29.1623	0.0	14	0.0	0.0		3339	0	0
1701894942314	t	playground_test_cue_junkyard_left	0.0	0	0	6.4024	778.752	602.88	1.0	6.609	757.296	629.92	1.0	0.0317	-0.0179	0.9993	8.4435	5.7884	-28.7156	0.0	14	0.0	0.0		3339	0	0
1701894942322	t	playground_test_cue_junkyard_left	0.0	0	0	6.1475	778.752	605.2800000000001	1.0	6.4934	755.856	629.6	1.0	0.015	-0.0481	0.9987	-31.649	5.8141	-29.1357	0.0	14	0.0	0.0		3339	0	0
1701894942330	t	playground_test_cue_junkyard_left	0.0	0	0	-1.0	771.696	600.8	1.0	6.2178	751.1039999999999	621.6	0.9665	0.0197	-0.0261	0.9995	-31.5732	6.064	-29.9597	0.0	14	0.0	0.0		3339	0	0
1701894942339	t	playground_test_cue_junkyard_left	0.0	0	0	-1.0	770.4000000000001	620.8000000000001	1.0	-1.0	740.16	617.44	0.9665	-1.0	-1.0	-1.0	-1.0	-1.0	-1.0	0.0	14	0.0	0.0		3339	0	0
1701894942347	t	playground_test_cue_junkyard_left	0.0	0	0	-1.0	759.5999999999999	650.72	0.7187	-1.0	747.36	620.8000000000001	0.7428	-1.0	-1.0	-1.0	-1.0	-1.0	-1.0	0.0	14	0.0	0.0		3339	0	0
1701894942355	t	playground_test_cue_junkyard_left	0.0	0	0	-1.0	777.024	636.32	0.7187	-1.0	746.64	624.16	0.7428	-1.0	-1.0	-1.0	-1.0	-1.0	-1.0	0.0	14	0.0	0.0		3339	0	0
1701894942363	t	playground_test_cue_junkyard_left	0.0	0	0	-1.0	771.84	639.04	0.368	-1.0	745.3439999999999	618.72	0.5315	-1.0	-1.0	-1.0	-1.0	-1.0	-1.0	0.0	14	0.0	0.0		3339	0	0
1701894942372	t	playground_test_cue_junkyard_left	0.0	0	0	-1.0	756.7199999999999	640.0	0.368	-1.0	739.8720000000001	612.8	0.5315	-1.0	-1.0	-1.0	-1.0	-1.0	-1.0	0.0	14	0.0	0.0		3339	0	0
1701894942380	t	playground_test_cue_junkyard_left	0.0	0	0	-1.0	757.296	628.8000000000001	0.3721	-1.0	743.04	607.6800000000001	0.5371	-1.0	-1.0	-1.0	-1.0	-1.0	-1.0	0.0	14	0.0	0.0		3339	0	0
1701894942389	t	playground_test_cue_junkyard_left	0.0	0	0	-1.0	760.032	611.52	0.3721	-1.0	741.6	605.12	0.5371	-1.0	-1.0	-1.0	-1.0	-1.0	-1.0	0.0	14	0.0	0.0		3339	0	0
1701894942398	t	playground_test_cue_junkyard_left	0.0	0	0	-1.0	760.896	612.4799999999999	0.5336	-1.0	738.1439999999999	613.12	0.6498	-1.0	-1.0	-1.0	-1.0	-1.0	-1.0	0.0	14	0.0	0.0		3339	0	0
1701894942405	t	playground_test_cue_junkyard_left	0.0	0	0	-1.0	764.208	610.0799999999999	0.5336	-1.0	744.624	612.4799999999999	0.6498	-1.0	-1.0	-1.0	-1.0	-1.0	-1.0	0.0	14	0.0	0.0		3339	0	0
1701894942413	t	playground_test_cue_junkyard_left	0.0	0	0	-1.0	762.4799999999999	615.36	0.6635	-1.0	741.456	613.76	0.7648	-1.0	-1.0	-1.0	-1.0	-1.0	-1.0	0.0	14	0.0	0.0		3339	0	0
1701894942422	t	playground_test_cue_junkyard_left	0.0	0	0	-1.0	759.312	604.8	0.6635	-1.0	743.184	619.52	0.7648	-1.0	-1.0	-1.0	-1.0	-1.0	-1.0	0.0	14	0.0	0.0		3339	0	0
1701894942430	t	playground_test_cue_junkyard_left	0.0	0	0	6.1007	760.896	602.88	0.7902	6.5384	741.744	629.28	0.8772	0.0629	-0.0609	0.9962	-31.5517	5.9568	-29.4959	0.0	14	0.0	0.0		3339	0	0
1701894942440	t	playground_test_cue_junkyard_left	0.0	0	0	6.1435	757.5840000000001	602.56	0.7902	6.5716	742.1759999999999	622.56	0.8772	0.0731	-0.0367	0.9966	-31.5985	6.0495	-29.7796	0.0	14	0.0	0.0		3339	0	0
1701894942447	t	playground_test_cue_junkyard_left	0.0	0	0	6.2121	762.336	600.8	0.8736	6.6808	740.448	630.5600000000001	0.9367	0.0475	-0.0409	0.998	29.2973	6.699	-31.6256	0.0	14	0.0	0.0		3339	0	0
1701894942456	t	playground_test_cue_junkyard_left	0.0	0	0	6.1338	759.456	606.88	0.8736	6.6741	742.0319999999999	628.48	0.9367	0.0594	-0.0534	0.9968	15.3466	6.4664	-31.0437	0.0	14	0.0	0.0		3339	0	0
1701894942464	t	playground_test_cue_junkyard_left	0.0	0	0	6.18	759.312	605.2800000000001	0.9386	6.6477	738.432	636.0	0.9521	0.083	-0.0602	0.9947	-17.3536	6.013	-29.8931	0.0	14	0.0	0.0		3339	0	0
1701894942472	t	playground_test_cue_junkyard_left	0.0	0	0	6.1624	758.5920000000001	607.6800000000001	0.9386	6.6737	737.856	634.4	0.9521	0.085	-0.0394	0.9956	-31.441	5.6364	-28.899	0.0	14	0.0	0.0		3339	0	0
1701894942481	t	playground_test_cue_junkyard_left	0.0	0	0	6.2795	760.896	608.64	0.9637	6.702	738.576	636.8000000000001	0.9898	0.0796	-0.0428	0.9959	-31.5525	5.6124	-28.9203	0.0	14	0.0	0.0		3339	0	0
1701894942489	t	playground_test_cue_junkyard_left	0.0	0	0	6.3511	758.5920000000001	604.48	0.9637	6.6915	739.2959999999999	638.0799999999999	0.9898	0.0751	-0.0424	0.9963	-31.5154	5.597	-28.9629	0.0	14	0.0	0.0		3339	0	0
1701894942497	t	playground_test_cue_junkyard_left	0.0	0	0	6.1285	757.296	605.44	0.9739	6.685	740.8799999999999	641.6	1.0	0.0757	-0.061	0.9953	-31.5842	5.6901	-29.295	0.0	14	0.0	0.0		3339	0	0
1701894942506	t	playground_test_cue_junkyard_left	0.0	0	0	6.1879	758.88	603.6800000000001	0.9739	6.6193	738.864	640.48	1.0	0.0856	-0.0551	0.9948	-31.5867	5.6674	-29.2195	0.0	14	0.0	0.0		3339	0	0
1701894942514	t	playground_test_cue_junkyard_left	0.0	0	0	6.1722	760.464	604.0	1.0	6.6471	739.2959999999999	640.8000000000001	1.0	0.0838	-0.0573	0.9948	-31.5882	5.6624	-29.184	0.0	14	0.0	0.0		3339	0	0
1701894942522	t	playground_test_cue_junkyard_left	0.0	0	0	6.1893	761.04	603.6800000000001	1.0	6.6927	740.16	639.8399999999999	1.0	0.081	-0.0572	0.9951	-31.5914	5.6563	-29.086	0.0	14	0.0	0.0		3339	0	0
1701894942530	t	playground_test_cue_junkyard_left	0.0	0	0	6.2623	760.032	603.52	1.0	6.6475	741.456	639.52	1.0	0.0734	-0.0589	0.9956	-31.5908	5.6584	-29.0507	0.0	14	0.0	0.0		3339	0	0
1701894942538	t	playground_test_cue_junkyard_left	0.0	0	0	6.4693	761.76	604.3199999999999	1.0	6.7153	739.2959999999999	639.2	1.0	0.0842	-0.0579	0.9948	-31.5871	5.6638	-29.0551	0.0	14	0.0	0.0		3339	0	0
1701894942547	t	playground_test_cue_junkyard_left	0.0	0	0	6.435	760.176	603.36	1.0	6.6895	739.2959999999999	639.04	1.0	0.0834	-0.0581	0.9948	-31.5845	5.6696	-29.0729	0.0	14	0.0	0.0		3339	0	0
1701894942555	t	playground_test_cue_junkyard_left	0.0	0	0	6.3674	760.608	603.52	1.0	6.6632	739.2959999999999	639.04	1.0	0.0825	-0.0583	0.9949	-31.582	5.6753	-29.0906	0.0	14	0.0	0.0		3339	0	0
1701894942563	t	playground_test_cue_junkyard_left	0.0	0	0	6.3452	757.728	605.44	1.0	6.6307	737.9999999999999	641.28	1.0	0.0836	-0.0666	0.9943	-31.5607	5.7088	-29.2555	0.0	14	0.0	0.0		3339	0	0
1701894942572	t	playground_test_cue_junkyard_left	0.0	0	0	6.376	761.184	607.0400000000001	1.0	6.6371	739.008	639.2	1.0	0.0779	-0.0566	0.9953	-31.5582	5.714	-29.2877	0.0	14	0.0	0.0		3339	0	0
1701894942580	t	playground_test_cue_junkyard_left	0.0	0	0	6.3592	758.5920000000001	606.88	1.0	6.63	736.56	640.16	1.0	0.0883	-0.0596	0.9943	-31.5493	5.7119	-29.3035	0.0	14	0.0	0.0		3339	0	0
1701894942588	t	playground_test_cue_junkyard_left	0.0	0	0	6.3581	758.4479999999999	608.16	1.0	6.5719	738.288	640.96	1.0	0.0762	-0.0609	0.9952	-31.5387	5.7025	-29.3057	0.0	14	0.0	0.0		3339	0	0
1701894942597	t	playground_test_cue_junkyard_left	0.0	0	0	6.4014	758.88	608.16	1.0	6.575	741.6	644.48	1.0	0.0577	-0.0738	0.9956	-31.5307	5.689	-29.2988	0.0	14	0.0	0.0		3339	0	0
1701894942605	t	playground_test_cue_junkyard_left	0.0	0	0	6.4099	756.432	608.96	1.0	6.6304	737.568	641.28	1.0	0.0766	-0.0559	0.9955	-31.5241	5.6503	-29.2017	0.0	14	0.0	0.0		3339	0	0
1701894942613	t	playground_test_cue_junkyard_left	0.0	0	0	6.4411	758.4479999999999	610.24	1.0	6.5808	739.2959999999999	643.04	1.0	0.0682	-0.06	0.9959	-31.5257	5.6022	-29.0615	0.0	14	0.0	0.0		3339	0	0
1701894942622	t	playground_test_cue_junkyard_left	0.0	0	0	6.2719	755.28	609.76	1.0	6.5919	737.28	642.72	1.0	0.0774	-0.0566	0.9954	-31.497	5.5569	-28.9095	0.0	14	0.0	0.0		3339	0	0
1701894942630	t	playground_test_cue_junkyard_left	0.0	0	0	6.3334	757.44	609.12	1.0	6.5995	737.1360000000001	640.16	1.0	0.0779	-0.0441	0.996	-31.4284	5.5281	-28.8033	0.0	14	0.0	0.0		3339	0	0
1701894942639	t	playground_test_cue_junkyard_left	0.0	0	0	6.3287	757.44	608.48	1.0	6.6735	737.9999999999999	637.92	1.0	0.0667	-0.0262	0.9974	-28.5662	5.4206	-28.4345	0.0	14	0.0	0.0		3339	0	0
1701894942647	t	playground_test_cue_junkyard_left	0.0	0	0	6.3848	755.5680000000001	606.56	1.0	6.6642	736.9920000000001	640.96	1.0	0.0738	-0.0455	0.9962	-19.2623	5.6895	-29.1558	0.0	14	0.0	0.0		3339	0	0
1701894942655	t	playground_test_cue_junkyard_left	0.0	0	0	6.3509	754.992	607.52	1.0	6.6764	735.696	641.92	1.0	0.0745	-0.0487	0.996	-12.1636	5.8196	-29.5182	0.0	14	0.0	0.0		3339	0	0
1701894942664	t	playground_test_cue_junkyard_left	0.0	0	0	6.3791	754.5600000000001	606.56	1.0	6.5841	735.84	638.24	1.0	0.0664	-0.0313	0.9973	-2.1555	5.9388	-29.85	0.0	14	0.0	0.0		3339	0	0
1701894942672	t	playground_test_cue_junkyard_left	0.0	0	0	6.381	754.5600000000001	607.52	1.0	6.6775	738.72	648.8000000000001	1.0	0.0619	-0.0717	0.9955	-18.7302	5.7171	-29.3044	0.0	14	0.0	0.0		3339	0	0
1701894942680	t	playground_test_cue_junkyard_left	0.0	0	0	6.3829	754.5600000000001	608.64	1.0	6.6162	735.552	644.0	1.0	0.0631	-0.0515	0.9967	7.3452	6.1669	-30.4645	0.0	14	0.0	0.0		3339	0	0
1701894942689	t	playground_test_cue_junkyard_left	0.0	0	0	6.385	754.5600000000001	607.52	1.0	6.6147	735.696	641.76	1.0	0.0683	-0.0456	0.9966	-11.774	5.8323	-29.6051	0.0	14	0.0	0.0		3339	0	0
1701894942697	t	playground_test_cue_junkyard_left	0.0	0	0	6.3833	754.416	607.84	1.0	6.6019	736.2719999999999	644.48	1.0	0.0558	-0.0466	0.9973	28.0719	6.5328	-31.4	0.0	14	0.0	0.0		3339	0	0
1701894942705	t	playground_test_cue_junkyard_left	0.0	0	0	6.3496	755.136	611.2	1.0	6.6158	736.4159999999999	643.68	1.0	0.0486	-0.058	0.9971	26.1838	6.5195	-31.4339	0.0	14	0.0	0.0		3339	0	0
1701894942714	t	playground_test_cue_junkyard_left	0.0	0	0	6.3769	755.5680000000001	612.64	1.0	6.6049	736.2719999999999	643.04	1.0	0.0474	-0.0604	0.997	20.6334	6.431	-31.2501	0.0	14	0.0	0.0		3339	0	0
1701894942722	t	playground_test_cue_junkyard_left	0.0	0	0	6.3653	755.5680000000001	612.8	1.0	6.6052	735.408	643.68	1.0	0.0623	-0.0565	0.9964	-8.1358	5.9046	-29.8607	0.0	14	0.0	0.0		3339	0	0
1701894942730	t	playground_test_cue_junkyard_left	0.0	0	0	6.3222	754.7040000000001	612.0	1.0	6.6022	736.2719999999999	644.48	1.0	0.0652	-0.057	0.9962	-18.4204	5.7123	-29.338	0.0	14	0.0	0.0		3339	0	0
1701894942739	t	playground_test_cue_junkyard_left	0.0	0	0	6.503	758.016	612.64	1.0	6.5857	735.984	646.08	1.0	0.0745	-0.0571	0.9956	-31.3105	5.4469	-28.6875	0.0	14	0.0	0.0		3339	0	0
1701894942747	t	playground_test_cue_junkyard_left	0.0	0	0	6.4524	758.304	612.64	1.0	6.5004	736.1279999999999	641.4399999999999	1.0	0.0711	-0.0296	0.997	-31.48	5.3488	-28.4113	0.0	14	0.0	0.0		3339	0	0
1701894942755	t	playground_test_cue_junkyard_left	0.0	0	0	6.4585	758.016	613.92	1.0	6.5959	735.2640000000001	646.08	1.0	0.0843	-0.0509	0.9951	-31.5118	5.4206	-28.6848	0.0	14	0.0	0.0		3339	0	0
1701894942764	t	playground_test_cue_junkyard_left	0.0	0	0	6.49	758.304	612.64	1.0	6.4975	737.1360000000001	645.92	1.0	0.0762	-0.0503	0.9958	-31.519	5.423	-28.7031	0.0	14	0.0	0.0		3339	0	0
1701894942772	t	playground_test_cue_junkyard_left	0.0	0	0	6.3169	756.432	614.4	1.0	6.6095	737.856	646.5600000000001	1.0	0.077	-0.0533	0.9956	-31.5334	5.4109	-28.6514	0.0	14	0.0	0.0		3339	0	0
1701894942780	t	playground_test_cue_junkyard_left	0.0	0	0	6.3974	759.8879999999999	614.24	1.0	6.5778	737.856	643.36	1.0	0.0719	-0.0345	0.9968	-31.516	5.3469	-28.4559	0.0	14	0.0	0.0		3339	0	0
1701894942789	t	playground_test_cue_junkyard_left	0.0	0	0	6.4098	759.7439999999999	612.16	1.0	6.5815	737.28	647.04	1.0	0.0829	-0.0608	0.9947	-31.5476	5.4639	-28.7747	0.0	14	0.0	0.0		3339	0	0
1701894942797	t	playground_test_cue_junkyard_left	0.0	0	0	6.4867	762.4799999999999	609.6	1.0	6.4818	741.1680000000001	642.4000000000001	1.0	0.0648	-0.0455	0.9969	-31.5558	5.5248	-28.9363	0.0	14	0.0	0.0		3339	0	0
1701894942805	t	playground_test_cue_junkyard_left	0.0	0	0	6.4515	761.76	610.72	1.0	6.5261	740.0160000000001	644.32	1.0	0.0734	-0.0563	0.9957	-31.5638	5.531	-28.9339	0.0	14	0.0	0.0		3339	0	0
1701894942814	t	playground_test_cue_junkyard_left	0.0	0	0	6.4831	761.328	610.4	1.0	6.5824	743.76	644.32	1.0	0.0546	-0.0602	0.9967	-29.2388	5.6445	-29.2618	0.0	14	0.0	0.0		3339	0	0
1701894942822	t	playground_test_cue_junkyard_left	0.0	0	0	6.3942	759.168	609.76	1.0	6.5958	737.856	646.08	1.0	0.0821	-0.0584	0.9949	-31.5536	5.4611	-28.7403	0.0	14	0.0	0.0		3339	0	0
1701894942830	t	playground_test_cue_junkyard_left	0.0	0	0	6.5065	759.7439999999999	610.24	1.0	6.5278	737.856	645.76	1.0	0.0762	-0.0552	0.9956	-31.5304	5.4484	-28.7214	0.0	14	0.0	0.0		3339	0	0
1701894942838	t	playground_test_cue_junkyard_left	0.0	0	0	6.3907	758.88	612.3199999999999	1.0	6.602	737.712	646.08	1.0	0.0816	-0.0572	0.995	-31.5509	5.4561	-28.7337	0.0	14	0.0	0.0		3339	0	0
1701894942847	t	playground_test_cue_junkyard_left	0.0	0	0	6.3423	759.024	611.0400000000001	1.0	6.5697	739.4399999999999	644.64	1.0	0.0758	-0.0535	0.9957	-31.5608	5.497	-28.8567	0.0	14	0.0	0.0		3339	0	0
1701894942855	t	playground_test_cue_junkyard_left	0.0	0	0	6.4729	761.184	612.8	1.0	6.5323	741.888	640.64	1.0	0.0659	-0.0403	0.997	-31.5718	5.5183	-28.8732	0.0	14	0.0	0.0		3339	0	0
1701894942863	t	playground_test_cue_junkyard_left	0.0	0	0	6.4813	762.4799999999999	610.88	1.0	6.5719	741.0239999999999	642.88	1.0	0.0712	-0.052	0.9961	-31.5754	5.5262	-28.8725	0.0	14	0.0	0.0		3339	0	0
1701894942872	t	playground_test_cue_junkyard_left	0.0	0	0	6.5245	765.936	611.36	1.0	6.6778	737.9999999999999	644.16	1.0	0.0912	-0.0618	0.9939	-31.5918	5.5468	-28.8856	0.0	14	0.0	0.0		3339	0	0
1701894942880	t	playground_test_cue_junkyard_left	0.0	0	0	6.47	763.344	611.36	1.0	6.5932	743.616	643.68	1.0	0.0621	-0.0649	0.996	-31.5892	5.6441	-29.1959	0.0	14	0.0	0.0		3339	0	0
1701894942888	t	playground_test_cue_junkyard_left	0.0	0	0	6.4365	763.632	610.56	1.0	6.6007	742.1759999999999	645.12	1.0	0.0746	-0.0694	0.9948	-31.6091	5.6086	-29.087	0.0	14	0.0	0.0		3339	0	0
1701894942897	t	playground_test_cue_junkyard_left	0.0	0	0	6.4064	766.224	611.52	1.0	6.5981	743.616	645.76	1.0	0.072	-0.0698	0.9949	-31.6292	5.5906	-29.0575	0.0	14	0.0	0.0		3339	0	0
1701894942905	t	playground_test_cue_junkyard_left	0.0	0	0	6.4429	767.5200000000001	611.36	1.0	6.5818	745.1999999999999	643.52	1.0	0.0623	-0.0643	0.996	-31.5091	5.728	-29.5365	0.0	14	0.0	0.0		3339	0	0
1701894942913	t	playground_test_cue_junkyard_left	0.0	0	0	6.4531	766.224	608.8	1.0	6.6001	745.3439999999999	642.5600000000001	1.0	0.0629	-0.0591	0.9963	-30.8475	5.7539	-29.6449	0.0	14	0.0	0.0		3339	0	0
1701894942922	t	playground_test_cue_junkyard_left	0.0	0	0	6.4226	766.512	609.12	1.0	6.5508	744.48	645.6	1.0	0.0485	-0.0444	0.9978	16.9121	6.1704	-30.3391	0.0	14	0.0	0.0		3339	0	0
1701894942930	t	playground_test_cue_junkyard_left	0.0	0	0	6.4064	766.224	609.12	1.0	6.5407	744.192	641.6	1.0	0.0449	-0.0371	0.9983	29.698	6.2801	-30.5146	0.0	14	0.0	0.0		3339	0	0
1701894942938	t	playground_test_cue_junkyard_left	0.0	0	0	6.345	766.368	608.96	1.0	6.5575	744.624	642.24	1.0	0.0472	-0.0399	0.9981	29.4514	6.2538	-30.344	0.0	14	0.0	0.0		3339	0	0
1701894942947	t	playground_test_cue_junkyard_left	0.0	0	0	6.3937	767.5200000000001	607.0400000000001	1.0	6.5291	744.9119999999999	641.6	1.0	0.0529	-0.0421	0.9977	-4.8175	6.054	-30.3556	0.0	14	0.0	0.0		3339	0	0
1701894942955	t	playground_test_cue_junkyard_left	0.0	0	0	6.3115	765.936	606.24	1.0	6.5583	745.3439999999999	641.6	1.0	0.0694	-0.0485	0.9964	-31.5207	5.6646	-29.4048	0.0	14	0.0	0.0		3339	0	0
1701894942963	t	playground_test_cue_junkyard_left	0.0	0	0	6.338	764.208	607.36	1.0	6.6407	744.768	642.24	1.0	0.0733	-0.0552	0.9958	-31.6485	5.6725	-29.3776	0.0	14	0.0	0.0		3339	0	0
1701894942971	t	playground_test_cue_junkyard_left	0.0	0	0	6.3325	765.36	605.92	1.0	6.6191	742.6080000000001	643.52	1.0	0.0827	-0.0631	0.9946	-31.6483	5.6797	-29.3668	0.0	14	0.0	0.0		3339	0	0
1701894942980	t	playground_test_cue_junkyard_left	0.0	0	0	6.3767	764.64	605.2800000000001	1.0	6.5332	745.9200000000001	640.8000000000001	1.0	0.059	-0.0577	0.9966	-31.6218	5.7498	-29.5427	0.0	14	0.0	0.0		3339	0	0
1701894942988	t	playground_test_cue_junkyard_left	0.0	0	0	6.3524	764.4960000000001	605.6	1.0	6.562	745.0559999999999	641.12	1.0	0.0661	-0.0561	0.9962	-31.6326	5.7027	-29.4043	0.0	14	0.0	0.0		3339	0	0
1701894942996	t	playground_test_cue_junkyard_left	0.0	0	0	6.3221	766.224	608.8	1.0	6.5927	744.192	641.4399999999999	1.0	0.0728	-0.0541	0.9959	-31.6411	5.6556	-29.2659	0.0	14	0.0	0.0		3339	0	0
1701894943005	t	playground_test_cue_junkyard_left	0.0	0	0	6.3747	764.64	608.48	1.0	6.5872	744.336	642.72	1.0	0.0713	-0.0593	0.9957	-31.6317	5.6473	-29.2429	0.0	14	0.0	0.0		3339	0	0
1701894943013	t	playground_test_cue_junkyard_left	0.0	0	0	6.3279	765.36	609.76	1.0	6.4846	745.6320000000001	645.6	1.0	0.0587	-0.07	0.9958	-31.5114	5.6738	-29.3835	0.0	14	0.0	0.0		3339	0	0
1701894943021	t	playground_test_cue_junkyard_left	0.0	0	0	6.2758	765.216	606.88	1.0	6.4883	745.7760000000001	644.0	1.0	0.0562	-0.0598	0.9966	-29.7377	5.689	-29.442	0.0	14	0.0	0.0		3339	0	0
1701894943030	t	playground_test_cue_junkyard_left	0.0	0	0	6.2822	765.216	609.12	1.0	6.5385	743.9039999999999	645.6	1.0	0.0681	-0.06	0.9959	-29.5724	5.6098	-29.2281	0.0	14	0.0	0.0		3339	0	0
1701894943039	t	playground_test_cue_junkyard_left	0.0	0	0	6.277	765.216	610.0799999999999	1.0	6.5381	743.472	646.4000000000001	1.0	0.0687	-0.063	0.9956	-27.9385	5.636	-29.2954	0.0	14	0.0	0.0		3339	0	0
1701894943047	t	playground_test_cue_junkyard_left	0.0	0	0	6.2736	765.216	609.6	1.0	6.4344	744.624	649.12	1.0	0.0538	-0.0723	0.9959	-21.0998	5.8184	-29.8433	0.0	14	0.0	0.0		3339	0	0
1701894943055	t	playground_test_cue_junkyard_left	0.0	0	0	6.2689	765.216	610.0799999999999	1.0	6.4026	745.6320000000001	646.24	1.0	0.0403	-0.0608	0.9973	2.7451	6.1875	-30.6709	0.0	14	0.0	0.0		3339	0	0
1701894943063	t	playground_test_cue_junkyard_left	0.0	0	0	6.213	764.928	609.76	1.0	6.4895	745.9200000000001	645.4399999999999	1.0	0.0351	-0.0562	0.9978	17.0382	6.4268	-31.2697	0.0	14	0.0	0.0		3339	0	0
1701894943072	t	playground_test_cue_junkyard_left	0.0	0	0	6.1871	765.5039999999999	610.4	1.0	6.4257	746.496	645.92	1.0	0.0482	-0.0682	0.9965	-31.5434	5.6023	-29.1481	0.0	14	0.0	0.0		3339	0	0
1701894943080	t	playground_test_cue_junkyard_left	0.0	0	0	6.1396	765.6479999999999	610.24	1.0	6.3916	745.1999999999999	647.04	1.0	0.0533	-0.072	0.996	-31.5884	5.6677	-29.4402	0.0	14	0.0	0.0		3339	0	0
1701894943088	t	playground_test_cue_junkyard_left	0.0	0	0	6.143	766.656	607.2	1.0	6.2019	748.0799999999999	647.8399999999999	1.0	0.0395	-0.0725	0.9966	-31.598	5.5716	-29.1092	0.0	14	0.0	0.0		3339	0	0
1701894943097	t	playground_test_cue_junkyard_left	0.0	0	0	6.1137	767.5200000000001	608.96	1.0	6.3551	747.648	649.6	1.0	0.0438	-0.0789	0.9959	-31.6022	5.5614	-29.0856	0.0	14	0.0	0.0		3339	0	0
1701894943105	t	playground_test_cue_junkyard_left	0.0	0	0	6.0437	768.24	607.6800000000001	1.0	6.19	747.216	650.08	1.0	0.0466	-0.0813	0.9956	-31.6085	5.5625	-29.0925	0.0	14	0.0	0.0		3339	0	0
1701894943113	t	playground_test_cue_junkyard_left	0.0	0	0	6.0204	768.816	606.72	1.0	6.0539	750.096	646.88	1.0	0.0338	-0.0688	0.9971	-31.6186	5.5866	-29.1615	0.0	14	0.0	0.0		3339	0	0
1701894943122	t	playground_test_cue_junkyard_left	0.0	0	0	6.0088	770.688	607.36	1.0	6.1132	749.376	649.4399999999999	1.0	0.0398	-0.0811	0.9959	-31.6268	5.6064	-29.2243	0.0	14	0.0	0.0		3339	0	0
1701894943130	t	playground_test_cue_junkyard_left	0.0	0	0	5.9457	770.4000000000001	607.36	1.0	6.0174	751.5360000000001	648.32	1.0	0.0286	-0.0798	0.9964	-31.6285	5.6162	-29.2067	0.0	14	0.0	0.0		3339	0	0
1701894943139	t	playground_test_cue_junkyard_left	0.0	0	0	5.8556	770.2560000000001	606.08	1.0	5.9456	750.528	647.52	1.0	0.0352	-0.0781	0.9963	-31.6321	5.6313	-29.2458	0.0	14	0.0	0.0		3339	0	0
1701894943147	t	playground_test_cue_junkyard_left	0.0	0	0	5.848	770.4000000000001	607.52	1.0	5.8809	750.9599999999999	647.8399999999999	1.0	0.0393	-0.0727	0.9966	-17.2017	5.7543	-29.3393	0.0	14	0.0	0.0		3339	0	0
1701894943155	t	playground_test_cue_junkyard_left	0.0	0	0	5.8201	771.2639999999999	606.56	1.0	5.9228	753.12	649.4399999999999	1.0	0.0348	-0.0634	0.9974	0.6602	5.851	-29.2435	0.0	14	0.0	0.0		3339	0	0
1701894943164	t	playground_test_cue_junkyard_left	0.0	0	0	5.8057	771.2639999999999	608.0	1.0	5.8138	752.6880000000001	645.6	1.0	0.0395	-0.0575	0.9976	5.4411	5.9041	-29.3169	0.0	14	0.0	0.0		3339	0	0
1701894943172	t	playground_test_cue_junkyard_left	0.0	0	0	5.7207	771.12	609.2800000000001	1.0	5.7061	750.672	644.32	1.0	0.0491	-0.0575	0.9971	15.5447	6.0182	-29.4929	0.0	14	0.0	0.0		3339	0	0
1701894943180	t	playground_test_cue_junkyard_left	0.0	0	0	5.7798	771.984	609.2800000000001	1.0	5.6985	750.672	644.32	1.0	0.0471	-0.0562	0.9973	18.5328	6.0561	-29.5786	0.0	14	0.0	0.0		3339	0	0
1701894943189	t	playground_test_cue_junkyard_left	0.0	0	0	5.6917	772.848	611.52	1.0	5.7942	751.968	646.4000000000001	1.0	0.0435	-0.0628	0.9971	21.2607	6.0806	-29.6452	0.0	14	0.0	0.0		3339	0	0
1701894943197	t	playground_test_cue_junkyard_left	0.0	0	0	5.6738	771.12	610.0799999999999	1.0	5.8173	750.528	648.8000000000001	1.0	0.0516	-0.0574	0.997	20.7986	6.0713	-29.6527	0.0	14	0.0	0.0		3339	0	0
1701894943205	t	playground_test_cue_junkyard_left	0.0	0	0	5.6802	772.704	608.16	1.0	5.6829	751.248	651.04	1.0	0.0423	-0.0521	0.9977	18.577	6.044	-29.6366	0.0	14	0.0	0.0		3339	0	0
1701894943214	t	playground_test_cue_junkyard_left	0.0	0	0	5.7168	772.4159999999999	608.96	1.0	5.509	754.272	647.36	1.0	0.0354	-0.0536	0.9979	11.2918	5.972	-29.566	0.0	14	0.0	0.0		3339	0	0
1701894943222	t	playground_test_cue_junkyard_left	0.0	0	0	5.595	772.128	611.84	1.0	5.6019	748.944	651.68	1.0	0.0468	-0.0672	0.9966	7.8819	5.9359	-29.553	0.0	14	0.0	0.0		3339	0	0
1701894943230	t	playground_test_cue_junkyard_left	0.0	0	0	5.6109	773.2800000000001	611.0400000000001	1.0	5.6037	750.9599999999999	651.8399999999999	1.0	0.0383	-0.063	0.9973	11.6581	5.9598	-29.5452	0.0	14	0.0	0.0		3339	0	0
1701894943239	t	playground_test_cue_junkyard_left	0.0	0	0	5.48	762.6239999999999	609.92	1.0	5.5678	741.1680000000001	649.76	1.0	0.0533	-0.0815	0.9952	-29.8118	5.6487	-29.395	0.0	14	0.0	0.0		3339	0	0
1701894943247	t	playground_test_cue_junkyard_left	0.0	0	0	5.4797	747.648	607.2	1.0	5.5862	720.0	645.6	1.0	0.1002	-0.0709	0.9924	-31.2891	5.5962	-29.1081	0.0	14	0.0	0.0		3339	0	0
1701894943255	t	playground_test_cue_junkyard_left	0.0	0	0	5.5519	723.888	598.24	1.0	5.7014	692.208	637.6	1.0	0.1541	-0.0613	0.9861	-30.945	5.6759	-28.996	0.0	14	0.0	0.0		3339	0	0
1701894943264	t	playground_test_cue_junkyard_left	0.0	0	0	5.4676	699.84	582.72	1.0	5.6539	664.848	620.96	1.0	0.1968	-0.0221	0.9802	-30.5699	5.8377	-29.0847	0.0	14	0.0	0.0		3339	0	0
1701894943272	t	playground_test_cue_junkyard_left	0.0	0	0	5.5535	677.952	575.1999999999999	1.0	5.7603	639.216	611.2	1.0	0.2423	-0.0117	0.9701	-30.2395	5.9959	-29.1671	0.0	14	0.0	0.0		3339	0	0
1701894943280	t	playground_test_cue_junkyard_left	0.0	0	0	5.5914	658.944	561.28	1.0	5.7236	615.024	600.3199999999999	1.0	0.293	0.0112	0.9561	-29.9678	6.1261	-29.2815	0.0	14	0.0	0.0		3339	0	0
1701894943289	t	playground_test_cue_junkyard_left	0.0	0	0	5.7113	644.4	559.04	1.0	5.6325	600.336	590.4	1.0	0.3162	0.0439	0.9477	-29.771	6.1901	-29.3577	0.0	14	0.0	0.0		3339	0	0
1701894943297	t	playground_test_cue_junkyard_left	0.0	0	0	5.6296	643.3919999999999	558.4	1.0	5.6105	603.936	588.48	1.0	0.3013	0.0485	0.9523	-29.7442	6.1982	-29.3446	0.0	14	0.0	0.0		3339	0	0
1701894943307	t	playground_test_cue_junkyard_left	0.0	0	0	5.5706	642.6719999999999	560.32	1.0	5.5888	606.528	592.3199999999999	1.0	0.3015	0.0328	0.9529	-29.2027	6.1962	-29.3361	0.0	14	0.0	0.0		3339	0	0
1701894943314	t	playground_test_cue_junkyard_left	0.0	0	0	5.6017	644.112	560.1600000000001	1.0	5.6792	607.536	592.3199999999999	1.0	0.3019	0.0346	0.9527	-11.7614	6.3983	-29.7271	0.0	14	0.0	0.0		3339	0	0
1701894943322	t	playground_test_cue_junkyard_left	0.0	0	0	5.5323	642.528	559.68	1.0	5.6123	608.4	592.3199999999999	1.0	0.3026	0.0352	0.9525	8.3521	6.6404	-30.1857	0.0	14	0.0	0.0		3339	0	0
1701894943330	t	playground_test_cue_junkyard_left	0.0	0	0	5.5534	644.4	561.4399999999999	1.0	5.5665	608.4	593.12	1.0	0.3003	0.0296	0.9534	5.2294	6.5997	-30.1054	0.0	14	0.0	0.0		3339	0	0
1701894943338	t	playground_test_cue_junkyard_left	0.0	0	0	5.5337	644.112	562.08	1.0	5.5397	609.84	597.44	1.0	0.3011	0.0184	0.9534	-0.7613	6.5264	-29.9582	0.0	14	0.0	0.0		3339	0	0
1701894943347	t	playground_test_cue_junkyard_left	0.0	0	0	5.4752	645.264	562.4	1.0	5.5998	612.144	596.0	1.0	0.2953	0.021	0.9552	0.3758	6.5397	-29.9797	0.0	14	0.0	0.0		3339	0	0
1701894943355	t	playground_test_cue_junkyard_left	0.0	0	0	5.4553	646.1279999999999	561.5999999999999	1.0	5.6419	613.584	597.92	1.0	0.2948	0.0153	0.9554	2.4046	6.5773	-30.0165	0.0	14	0.0	0.0		3339	0	0
1701894943363	t	playground_test_cue_junkyard_left	0.0	0	0	5.4971	648.288	560.1600000000001	1.0	5.6152	613.7280000000001	595.2	1.0	0.2938	0.0236	0.9556	3.1692	6.5899	-30.0355	0.0	14	0.0	0.0		3339	0	0
1701894943372	t	playground_test_cue_junkyard_left	0.0	0	0	5.4665	648.288	561.76	1.0	5.6239	617.472	597.2800000000001	1.0	0.2929	0.0144	0.956	2.9892	6.5917	-30.0193	0.0	14	0.0	0.0		3339	0	0
1701894943380	t	playground_test_cue_junkyard_left	0.0	0	0	5.4335	650.16	561.9200000000001	1.0	5.6547	620.064	596.8	1.0	0.2888	0.0154	0.9572	2.5199	6.5825	-30.0033	0.0	14	0.0	0.0		3339	0	0
1701894943388	t	playground_test_cue_junkyard_left	0.0	0	0	5.4145	651.024	559.84	1.0	5.6362	621.936	596.16	1.0	0.2867	0.0226	0.9577	2.8317	6.5801	-30.0079	0.0	14	0.0	0.0		3339	0	0
1701894943397	t	playground_test_cue_junkyard_left	0.0	0	0	5.3766	654.048	563.04	1.0	5.5022	624.672	597.12	1.0	0.2763	0.0135	0.961	3.2083	6.577	-29.9884	0.0	14	0.0	0.0		3339	0	0
1701894943405	t	playground_test_cue_junkyard_left	0.0	0	0	5.3534	655.4879999999999	561.28	1.0	5.5463	628.1279999999999	594.56	1.0	0.2695	0.0207	0.9628	3.5545	6.5899	-29.9956	0.0	14	0.0	0.0		3339	0	0
1701894943413	t	playground_test_cue_junkyard_left	0.0	0	0	5.3325	657.216	561.76	1.0	5.5835	631.0079999999999	596.3199999999999	1.0	0.2651	0.0155	0.9641	4.8663	6.6012	-29.9947	0.0	14	0.0	0.0		3339	0	0
1701894943422	t	playground_test_cue_junkyard_left	0.0	0	0	5.3591	660.96	564.48	1.0	5.5326	632.16	600.0	1.0	0.262	0.001	0.9651	5.0154	6.6057	-29.9956	0.0	14	0.0	0.0		3339	0	0
1701894943430	t	playground_test_cue_junkyard_left	0.0	0	0	5.3181	662.544	561.4399999999999	1.0	5.5504	633.8879999999999	600.48	1.0	0.2581	0.0079	0.9661	6.4526	6.6188	-30.0048	0.0	14	0.0	0.0		3339	0	0
1701894943438	t	playground_test_cue_junkyard_left	0.0	0	0	5.2456	665.2800000000001	560.1600000000001	1.0	5.5072	635.184	600.8	1.0	0.2558	0.0073	0.9667	5.535	6.6231	-30.0035	0.0	14	0.0	0.0		3339	0	0
1701894943447	t	playground_test_cue_junkyard_left	0.0	0	0	5.266	667.1519999999999	560.96	1.0	5.4431	639.072	599.04	1.0	0.2495	0.0083	0.9683	7.916	6.6424	-29.9981	0.0	14	0.0	0.0		3339	0	0
1701894943455	t	playground_test_cue_junkyard_left	0.0	0	0	5.2636	667.5840000000001	560.0	1.0	5.4881	639.648	603.84	1.0	0.2497	0.0134	0.9682	24.9179	6.8607	-30.388	0.0	14	0.0	0.0		3339	0	0
1701894943463	t	playground_test_cue_junkyard_left	0.0	0	0	5.2241	669.744	561.5999999999999	1.0	5.4861	639.36	602.7199999999999	1.0	0.2439	0.011	0.9697	31.0225	6.9467	-30.567	0.0	14	0.0	0.0		3339	0	0
1701894943472	t	playground_test_cue_junkyard_left	0.0	0	0	5.2303	672.048	563.36	1.0	5.5075	641.088	604.8	1.0	0.2352	0.0027	0.9719	31.721	6.9567	-30.5709	0.0	14	0.0	0.0		3339	0	0
1701894943480	t	playground_test_cue_junkyard_left	0.0	0	0	5.2132	671.904	561.9200000000001	1.0	5.4875	640.944	604.16	1.0	0.2421	0.0078	0.9702	31.7986	6.9629	-30.5741	0.0	14	0.0	0.0		3339	0	0
1701894943488	t	playground_test_cue_junkyard_left	0.0	0	0	5.2386	675.36	562.88	1.0	5.4964	644.832	608.8	1.0	0.2276	0.0006	0.9738	31.7995	6.9707	-30.555	0.0	14	0.0	0.0		3339	0	0
1701894943497	t	playground_test_cue_junkyard_left	0.0	0	0	5.2104	676.224	565.12	1.0	5.3942	648.432	607.0400000000001	1.0	0.2256	-0.0084	0.9742	31.784	6.9675	-30.5484	0.0	14	0.0	0.0		3339	0	0
1701894943508	t	playground_test_cue_junkyard_left	0.0	0	0	5.253	676.512	564.96	1.0	5.4547	646.2719999999999	607.36	1.0	0.2227	-0.007	0.9749	31.7184	6.9639	-30.5526	0.0	14	0.0	0.0		3339	0	0
1701894943513	t	playground_test_cue_junkyard_left	0.0	0	0	5.2642	667.872	567.52	1.0	5.4641	635.904	614.24	1.0	0.242	-0.0069	0.9702	31.7835	6.9294	-30.5898	0.0	14	0.0	0.0		3339	0	0
1701894943522	t	playground_test_cue_junkyard_left	0.0	0	0	5.2948	650.736	575.52	1.0	5.4258	611.28	621.28	1.0	0.2804	-0.0236	0.9596	31.881	6.8768	-30.6474	0.0	14	0.0	0.0		3339	0	0
1701894943530	t	playground_test_cue_junkyard_left	0.0	0	0	5.3276	624.96	580.9599999999999	1.0	5.4732	581.184	629.28	1.0	0.348	-0.0304	0.937	32.1396	6.8492	-30.7644	0.0	14	0.0	0.0		3339	0	0
1701894943538	t	playground_test_cue_junkyard_left	0.0	0	0	5.3276	604.0799999999999	587.5200000000001	1.0	5.4195	556.1279999999999	631.36	1.0	0.3876	-0.0383	0.921	32.4995	6.8031	-30.8791	0.0	14	0.0	0.0		3339	0	0
1701894943547	t	playground_test_cue_junkyard_left	0.0	0	0	5.2334	583.488	596.16	1.0	5.4117	534.816	641.4399999999999	1.0	0.4286	-0.0505	0.9021	32.7285	6.7403	-30.9988	0.0	14	0.0	0.0		3339	0	0
1701894943555	t	playground_test_cue_junkyard_left	0.0	0	0	5.3418	566.208	605.6	1.0	5.4067	514.2239999999999	649.6	1.0	0.4604	-0.0729	0.8847	32.852	6.7029	-31.1094	0.0	14	0.0	0.0		3339	0	0
1701894943563	t	playground_test_cue_junkyard_left	0.0	0	0	5.2893	549.504	612.4799999999999	1.0	5.3455	495.072	656.64	1.0	0.4947	-0.0889	0.8645	31.3374	6.6578	-31.1735	0.0	14	0.0	0.0		3339	0	0
1701894943571	t	playground_test_cue_junkyard_left	0.0	0	0	5.2864	535.68	617.92	1.0	5.3849	482.11199999999997	659.84	1.0	0.5178	-0.0982	0.8498	17.7885	6.4064	-30.9049	0.0	14	0.0	0.0		3339	0	0
1701894943580	t	playground_test_cue_junkyard_left	0.0	0	0	5.32	527.472	619.2	1.0	5.3369	474.048	662.4	1.0	0.53	-0.1004	0.842	15.5371	6.3654	-30.9005	0.0	14	0.0	0.0		3339	0	0
1701894943588	t	playground_test_cue_junkyard_left	0.0	0	0	5.3146	528.192	623.68	1.0	5.3559	480.528	663.52	1.0	0.515	-0.1216	0.8485	-17.3749	5.8429	-29.9436	0.0	14	0.0	0.0		3339	0	0
1701894943597	t	playground_test_cue_junkyard_left	0.0	0	0	5.3548	532.5120000000001	621.76	1.0	5.3663	484.128	663.68	1.0	0.5168	-0.1201	0.8476	-15.3534	5.8721	-29.9813	0.0	14	0.0	0.0		3339	0	0
1701894943605	t	playground_test_cue_junkyard_left	0.0	0	0	5.3142	534.096	621.76	1.0	5.4619	485.568	661.5999999999999	1.0	0.5182	-0.1127	0.8478	-13.1333	5.9068	-30.0368	0.0	14	0.0	0.0		3339	200	MYKEYWORD 200
