Recording timestamp	type	Scene Name	scene_num	order	djv_reported	PupilDiam_Left	Gaze2d_Left.x	Gaze2d_Left.y	left_eye_openness	PupilDiam_Right	Gaze2d_Right.x	Gaze2d_Right.y	right_eye_openness	gaze_direction_x	gaze_direction_y	gaze_direction_z	gaze_origin_x	gaze_origin_y	gaze_origin_z	gaze_convergence_distance	participant	study_status	scene_familiarity	recall_status	Identifier	Event value	Event message
1701894050766	t	street_test_cue_beach_left	0.0	4	0	4.1778	743.472	676.64	0.8321	4.4775	704.88	679.6800000000001	0.9057	0.0195	-0.1203	0.9925	28.8085	5.8332	-32.1433	0.0	14	0.0	0.0		3667	100	MYKEYWORD 100
1701894050774	t	street_test_cue_beach_left	0.0	4	0	4.1823	743.328	676.64	0.8324	4.4775	704.88	679.6800000000001	0.9102	0.0215	-0.1214	0.9924	22.8675	5.793	-31.9289	0.0	14	0.0	0.0		3667	0	0
1701894050783	t	street_test_cue_beach_left	0.0	4	0	4.186	742.8960000000001	677.12	0.8324	4.4776	705.024	679.6800000000001	0.9102	0.0254	-0.1299	0.9912	8.6356	5.7162	-31.4174	0.0	14	0.0	0.0		3667	0	0
1701894050791	t	street_test_cue_beach_left	0.0	4	0	4.1934	742.7520000000001	677.44	0.8434	4.4775	705.024	679.6800000000001	0.9158	0.0267	-0.1337	0.9907	1.5615	5.678	-31.163	0.0	14	0.0	0.0		3667	0	0
1701894050799	t	street_test_cue_beach_left	0.0	4	0	4.1936	742.7520000000001	677.12	0.8434	4.4793	705.024	679.6800000000001	0.9158	0.0266	-0.1339	0.9906	-0.1351	5.6688	-31.102	0.0	14	0.0	0.0		3667	0	0
1701894050808	t	street_test_cue_beach_left	0.0	4	0	4.1965	742.0319999999999	677.12	0.8327	4.5155	705.024	679.84	0.9145	0.0277	-0.135	0.9904	0.9908	5.6743	-31.1173	0.0	14	0.0	0.0		3667	0	0
1701894050816	t	street_test_cue_beach_left	0.0	4	0	4.2445	742.0319999999999	677.12	0.8327	4.5176	705.024	679.84	0.9145	0.0264	-0.1317	0.9909	3.7448	5.677	-31.2015	0.0	14	0.0	0.0		3667	0	0
1701894050824	t	street_test_cue_beach_left	0.0	4	0	4.2517	741.888	677.12	0.8409	4.5245	705.024	679.84	0.9127	0.0257	-0.1275	0.9915	6.7946	5.6775	-31.2957	0.0	14	0.0	0.0		3667	0	0
1701894050833	t	street_test_cue_beach_left	0.0	4	0	4.2531	741.888	677.12	0.8409	4.5294	705.024	679.84	0.9127	0.0253	-0.1268	0.9916	9.4032	5.6838	-31.3519	0.0	14	0.0	0.0		3667	0	0
1701894050841	t	street_test_cue_beach_left	0.0	4	0	4.2688	741.744	677.12	0.8451	4.5462	705.024	679.84	0.9247	0.0256	-0.1252	0.9918	10.559	5.6837	-31.3855	0.0	14	0.0	0.0		3667	0	0
1701894050849	t	street_test_cue_beach_left	0.0	4	0	4.2766	741.456	677.12	0.8451	4.5536	705.024	679.52	0.9247	0.0259	-0.1243	0.9919	10.4718	5.677	-31.3645	0.0	14	0.0	0.0		3667	0	0
1701894050858	t	street_test_cue_beach_left	0.0	4	0	4.2789	741.312	676.64	0.86	4.5659	705.024	679.52	0.9296	0.0267	-0.124	0.9919	7.4551	5.6503	-31.2174	0.0	14	0.0	0.0		3667	0	0
1701894050868	t	street_test_cue_beach_left	0.0	4	0	4.2807	741.1680000000001	677.12	0.8593	4.5713	705.024	679.52	0.9242	0.0283	-0.1269	0.9915	3.88	5.6291	-31.0827	0.0	14	0.0	0.0		3667	0	0
1701894050874	t	street_test_cue_beach_left	0.0	4	0	4.2884	741.0239999999999	677.12	0.8593	4.5758	705.024	679.6800000000001	0.9242	0.0297	-0.1288	0.9912	-0.1155	5.6033	-30.9278	0.0	14	0.0	0.0		3667	0	0
1701894050883	t	street_test_cue_beach_left	0.0	4	0	4.3237	740.8799999999999	677.12	0.8593	4.5792	704.736	679.52	0.9242	0.031	-0.1303	0.991	-4.7897	5.5763	-30.7565	0.0	14	0.0	0.0		3667	0	0
1701894050891	t	street_test_cue_beach_left	0.0	4	0	4.3233	740.8799999999999	677.12	0.856	4.5832	704.592	679.52	0.9238	0.0316	-0.1311	0.9908	-6.917	5.5635	-30.6757	0.0	14	0.0	0.0		3667	0	0
1701894050899	t	street_test_cue_beach_left	0.0	4	0	4.3471	740.736	677.28	0.856	4.5835	704.592	679.52	0.9238	0.0317	-0.1309	0.9909	-6.3971	5.5658	-30.6947	0.0	14	0.0	0.0		3667	0	0
1701894050908	t	street_test_cue_beach_left	0.0	4	0	4.3509	740.736	677.12	0.8551	4.6126	704.16	679.52	0.9321	0.0324	-0.1294	0.991	-4.0482	5.5775	-30.7783	0.0	14	0.0	0.0		3667	0	0
1701894050916	t	street_test_cue_beach_left	0.0	4	0	4.3595	740.736	676.9599999999999	0.8551	4.6261	704.016	679.52	0.9321	0.0322	-0.1278	0.9913	-1.7001	5.5902	-30.8644	0.0	14	0.0	0.0		3667	0	0
1701894050924	t	street_test_cue_beach_left	0.0	4	0	4.3802	741.1680000000001	679.1999999999999	0.8574	4.6543	703.296	681.76	0.9269	0.0347	-0.1221	0.9919	9.0934	5.5083	-30.8647	0.0	14	0.0	0.0		3667	0	0
1701894050932	t	street_test_cue_beach_left	0.0	4	0	4.3845	751.248	695.84	0.8574	4.7223	710.064	695.6800000000001	0.9269	0.0322	-0.1696	0.985	-11.7167	5.3622	-30.3934	0.0	14	0.0	0.0		3667	0	0
1701894050941	t	street_test_cue_beach_left	0.0	4	0	4.2853	759.168	702.4	0.8573	4.6816	721.152	706.56	0.9296	0.0089	-0.1854	0.9826	-13.5466	5.2919	-30.5178	0.0	14	0.0	0.0		3667	0	0
1701894050949	t	street_test_cue_beach_left	0.0	4	0	4.3417	780.1919999999999	714.88	0.8573	4.6366	733.9680000000001	719.36	0.9296	-0.0255	-0.2096	0.9774	-13.5098	5.1748	-30.54	0.0	14	0.0	0.0		3667	0	0
1701894050957	t	street_test_cue_beach_left	0.0	4	0	4.3935	784.2239999999999	721.76	0.8756	4.6336	737.568	729.6	0.9085	-0.0319	-0.2338	0.9718	-20.2554	5.0376	-30.242	0.0	14	0.0	0.0		3667	0	0
1701894050967	t	street_test_cue_beach_left	0.0	4	0	4.4827	783.504	723.36	0.8725	4.6368	738.288	733.76	0.904	-0.0326	-0.2413	0.9699	-15.9055	5.0499	-30.4146	0.0	14	0.0	0.0		3667	0	0
1701894050974	t	street_test_cue_beach_left	0.0	4	0	4.2834	781.056	723.84	0.8725	4.6641	737.1360000000001	732.3199999999999	0.904	-0.0282	-0.2298	0.9728	-6.434	5.0929	-30.7108	0.0	14	0.0	0.0		3667	0	0
1701894050982	t	street_test_cue_beach_left	0.0	4	0	4.3764	779.472	726.24	0.8725	4.6017	738.576	733.28	0.904	-0.0307	-0.2277	0.9733	3.3595	5.1409	-31.0467	0.0	14	0.0	0.0		3667	0	0
1701894050991	t	street_test_cue_beach_left	0.0	4	0	4.3788	780.336	724.64	0.8835	4.6213	739.584	733.28	0.9057	-0.0354	-0.2171	0.9755	9.8294	5.1578	-31.2222	0.0	14	0.0	0.0		3667	0	0
1701894050999	t	street_test_cue_beach_left	0.0	4	0	4.375	780.0479999999999	724.64	0.8835	4.7266	739.4399999999999	732.8000000000001	0.9057	-0.0341	-0.2129	0.9765	12.8592	5.1617	-31.2974	0.0	14	0.0	0.0		3667	0	0
1701894051007	t	street_test_cue_beach_left	0.0	4	0	4.3736	777.744	725.12	0.8825	4.7689	740.304	732.8000000000001	0.9042	-0.0297	-0.2335	0.9719	-15.4931	5.0217	-30.4131	0.0	14	0.0	0.0		3667	0	0
1701894051015	t	street_test_cue_beach_left	0.0	4	0	4.3732	778.4639999999999	724.8000000000001	0.8825	4.6877	737.9999999999999	733.6	0.9042	-0.0226	-0.2365	0.9713	-15.8709	5.0172	-30.3871	0.0	14	0.0	0.0		3667	0	0
1701894051024	t	street_test_cue_beach_left	0.0	4	0	4.3615	778.4639999999999	724.64	0.8988	4.6302	738.72	732.64	0.921	-0.0244	-0.2354	0.9716	-18.2738	5.0082	-30.3178	0.0	14	0.0	0.0		3667	0	0
1701894051032	t	street_test_cue_beach_left	0.0	4	0	4.3507	778.4639999999999	724.8000000000001	0.8988	4.6184	738.288	733.6	0.921	-0.0232	-0.235	0.9717	-13.767	5.0269	-30.4498	0.0	14	0.0	0.0		3667	0	0
1701894051041	t	street_test_cue_beach_left	0.0	4	0	4.3378	778.752	725.92	0.9058	4.5954	738.864	732.8000000000001	0.9319	-0.0243	-0.2369	0.9712	-17.4272	5.0049	-30.312	0.0	14	0.0	0.0		3667	0	0
1701894051049	t	street_test_cue_beach_left	0.0	4	0	4.3593	779.0400000000001	724.8000000000001	0.9058	4.6181	738.288	733.6	0.9319	-0.0205	-0.243	0.9698	-22.9658	4.9802	-30.1432	0.0	14	0.0	0.0		3667	0	0
1701894051057	t	street_test_cue_beach_left	0.0	4	0	4.369	778.752	724.8000000000001	0.9094	4.5951	738.864	732.96	0.9369	-0.0212	-0.2439	0.9696	-27.3478	4.9659	-30.0326	0.0	14	0.0	0.0		3667	0	0
1701894051066	t	street_test_cue_beach_left	0.0	4	0	4.3611	778.4639999999999	724.8000000000001	0.9094	4.6186	739.4399999999999	733.6	0.9369	-0.0228	-0.2477	0.9686	-28.9504	4.9611	-29.9926	0.0	14	0.0	0.0		3667	0	0
1701894051074	t	street_test_cue_beach_left	0.0	4	0	4.3703	778.4639999999999	725.12	0.9512	4.5956	739.584	732.96	0.9382	-0.0236	-0.2454	0.9691	-29.3398	4.9598	-29.9831	0.0	14	0.0	0.0		3667	0	0
1701894051082	t	street_test_cue_beach_left	0.0	4	0	4.378	778.4639999999999	724.8000000000001	0.9512	4.6191	739.8720000000001	732.3199999999999	0.9382	-0.0242	-0.2427	0.9698	-29.2744	4.9599	-29.9846	0.0	14	0.0	0.0		3667	0	0
1701894051091	t	street_test_cue_beach_left	0.0	4	0	4.3796	778.1759999999999	725.12	0.9228	4.5958	740.0160000000001	732.3199999999999	0.934	-0.0245	-0.2423	0.9699	-28.6012	4.9619	-30.0003	0.0	14	0.0	0.0		3667	0	0
1701894051099	t	street_test_cue_beach_left	0.0	4	0	4.3791	777.888	724.8000000000001	0.9228	4.5722	740.16	732.3199999999999	0.934	-0.0249	-0.241	0.9702	-26.7325	4.9674	-30.0439	0.0	14	0.0	0.0		3667	0	0
1701894051107	t	street_test_cue_beach_left	0.0	4	0	4.3786	777.888	724.8000000000001	0.9162	4.5847	740.0160000000001	732.3199999999999	0.9339	-0.0256	-0.237	0.9712	-20.739	4.9853	-30.1847	0.0	14	0.0	0.0		3667	0	0
1701894051116	t	street_test_cue_beach_left	0.0	4	0	4.3788	777.744	724.8000000000001	0.9162	4.5721	739.8720000000001	732.3199999999999	0.9339	-0.0268	-0.2308	0.9726	-11.2625	5.0131	-30.4062	0.0	14	0.0	0.0		3667	0	0
1701894051124	t	street_test_cue_beach_left	0.0	4	0	4.3791	777.456	724.8000000000001	0.9125	4.5698	740.0160000000001	732.3199999999999	0.9351	-0.0276	-0.2274	0.9734	-6.0409	5.0288	-30.5271	0.0	14	0.0	0.0		3667	0	0
1701894051133	t	street_test_cue_beach_left	0.0	4	0	4.3794	777.1679999999999	724.8000000000001	0.9125	4.5711	740.16	732.3199999999999	0.9351	-0.0278	-0.2265	0.9736	-4.4537	5.0338	-30.5627	0.0	14	0.0	0.0		3667	0	0
1701894051141	t	street_test_cue_beach_left	0.0	4	0	4.372	777.1679999999999	724.8000000000001	0.9123	4.5679	740.304	732.16	0.9408	-0.029	-0.2255	0.9738	-3.1808	5.0377	-30.59	0.0	14	0.0	0.0		3667	0	0
1701894051149	t	street_test_cue_beach_left	0.0	4	0	4.3796	776.736	724.8000000000001	0.9123	4.568	740.592	732.3199999999999	0.9408	-0.0293	-0.2258	0.9737	-2.221	5.0425	-30.6086	0.0	14	0.0	0.0		3667	0	0
1701894051157	t	street_test_cue_beach_left	0.0	4	0	4.3804	776.3040000000001	724.8000000000001	0.9198	4.5584	740.736	732.16	0.9426	-0.0292	-0.2252	0.9739	-1.745	5.0435	-30.6195	0.0	14	0.0	0.0		3667	0	0
1701894051166	t	street_test_cue_beach_left	0.0	4	0	4.3806	776.0160000000001	724.8000000000001	0.9198	4.5585	740.592	732.16	0.9426	-0.0283	-0.2257	0.9738	-1.6916	5.0456	-30.6181	0.0	14	0.0	0.0		3667	0	0
1701894051174	t	street_test_cue_beach_left	0.0	4	0	4.3802	775.872	724.8000000000001	0.9037	4.5562	740.736	732.16	0.9307	-0.0291	-0.2262	0.9736	-1.7059	5.0473	-30.6165	0.0	14	0.0	0.0		3667	0	0
1701894051182	t	street_test_cue_beach_left	0.0	4	0	4.373	775.872	725.44	0.9037	4.5419	740.736	732.16	0.9307	-0.0295	-0.2272	0.9734	-1.7179	5.0481	-30.6162	0.0	14	0.0	0.0		3667	0	0
1701894051191	t	street_test_cue_beach_left	0.0	4	0	4.3739	775.584	724.96	0.9087	4.5417	740.592	731.8399999999999	0.9335	-0.0285	-0.2266	0.9736	-1.7873	5.0487	-30.6072	0.0	14	0.0	0.0		3667	0	0
1701894051199	t	street_test_cue_beach_left	0.0	4	0	4.3692	775.584	724.8000000000001	0.9087	4.5369	740.592	731.8399999999999	0.9335	-0.0285	-0.2267	0.9735	-1.8747	5.05	-30.6042	0.0	14	0.0	0.0		3667	0	0
1701894051207	t	street_test_cue_beach_left	0.0	4	0	4.3696	775.584	724.96	0.9123	4.537	740.592	731.8399999999999	0.9274	-0.0285	-0.227	0.9735	-1.8623	5.0501	-30.6039	0.0	14	0.0	0.0		3667	0	0
1701894051216	t	street_test_cue_beach_left	0.0	4	0	4.3697	775.584	724.96	0.9123	4.5369	740.592	731.8399999999999	0.9274	-0.0284	-0.2273	0.9734	-2.068	5.0492	-30.596	0.0	14	0.0	0.0		3667	0	0
1701894051224	t	street_test_cue_beach_left	0.0	4	0	4.3695	775.584	725.12	0.9306	4.5368	740.304	731.8399999999999	0.9241	-0.0278	-0.2277	0.9733	-2.1462	5.0491	-30.5929	0.0	14	0.0	0.0		3667	0	0
1701894051232	t	street_test_cue_beach_left	0.0	4	0	4.3685	775.584	725.12	0.9306	4.5297	740.304	731.8399999999999	0.9241	-0.028	-0.2278	0.9733	-2.0817	5.0499	-30.5937	0.0	14	0.0	0.0		3667	0	0
1701894051241	t	street_test_cue_beach_left	0.0	4	0	4.3683	775.872	725.12	0.9118	4.5298	740.304	731.68	0.9214	-0.0287	-0.2276	0.9733	-1.7707	5.0516	-30.6003	0.0	14	0.0	0.0		3667	0	0
1701894051249	t	street_test_cue_beach_left	0.0	4	0	4.3667	776.0160000000001	725.12	0.9118	4.5298	740.304	731.68	0.9214	-0.0289	-0.2274	0.9734	-1.5751	5.052	-30.6045	0.0	14	0.0	0.0		3667	0	0
1701894051257	t	street_test_cue_beach_left	0.0	4	0	4.3614	775.584	724.96	0.915	4.5241	740.304	731.68	0.9164	-0.0278	-0.2272	0.9734	-1.3699	5.0524	-30.6075	0.0	14	0.0	0.0		3667	0	0
1701894051266	t	street_test_cue_beach_left	0.0	4	0	4.3454	775.872	724.96	0.915	4.5098	740.304	731.68	0.9164	-0.0282	-0.2269	0.9735	-1.0068	5.0533	-30.6155	0.0	14	0.0	0.0		3667	0	0
1701894051273	t	street_test_cue_beach_left	0.0	4	0	4.3412	775.872	724.96	0.9054	4.5091	740.304	731.52	0.9149	-0.0279	-0.2263	0.9736	-0.8613	5.0532	-30.6184	0.0	14	0.0	0.0		3667	0	0
1701894051282	t	street_test_cue_beach_left	0.0	4	0	4.3411	776.0160000000001	724.96	0.9054	4.4912	740.304	731.36	0.9149	-0.0277	-0.2261	0.9737	-0.7806	5.0523	-30.6174	0.0	14	0.0	0.0		3667	0	0
1701894051290	t	street_test_cue_beach_left	0.0	4	0	4.3369	776.0160000000001	725.12	0.8956	4.4912	740.448	730.88	0.9137	-0.028	-0.2251	0.9739	-0.7463	5.0517	-30.6177	0.0	14	0.0	0.0		3667	0	0
1701894051299	t	street_test_cue_beach_left	0.0	4	0	4.337	776.0160000000001	724.96	0.8956	4.5092	740.448	730.88	0.9137	-0.0278	-0.2251	0.9739	-0.6957	5.0531	-30.618	0.0	14	0.0	0.0		3667	0	0
1701894051307	t	street_test_cue_beach_left	0.0	4	0	4.3374	776.0160000000001	724.8000000000001	0.9043	4.5097	740.304	730.88	0.9173	-0.0273	-0.2255	0.9739	-0.9448	5.0533	-30.605	0.0	14	0.0	0.0		3667	0	0
1701894051315	t	street_test_cue_beach_left	0.0	4	0	4.3321	776.0160000000001	724.8000000000001	0.9043	4.5091	740.448	730.88	0.9173	-0.0276	-0.2255	0.9738	-1.1636	5.052	-30.5966	0.0	14	0.0	0.0		3667	0	0
1701894051323	t	street_test_cue_beach_left	0.0	4	0	4.3272	776.3040000000001	725.12	0.9024	4.4896	740.304	730.88	0.9158	-0.0276	-0.2264	0.9736	-1.5067	5.0508	-30.5884	0.0	14	0.0	0.0		3667	0	0
1701894051332	t	street_test_cue_beach_left	0.0	4	0	4.3275	776.3040000000001	724.8000000000001	0.9024	4.478	740.304	730.88	0.9158	-0.0274	-0.2258	0.9738	-1.7758	5.0489	-30.5813	0.0	14	0.0	0.0		3667	0	0
1701894051340	t	street_test_cue_beach_left	0.0	4	0	4.3275	776.3040000000001	724.8000000000001	0.9102	4.4779	740.448	730.88	0.9112	-0.0278	-0.2259	0.9737	-1.8798	5.0487	-30.579	0.0	14	0.0	0.0		3667	0	0
1701894051348	t	street_test_cue_beach_left	0.0	4	0	4.3276	776.0160000000001	724.8000000000001	0.9102	4.4731	740.448	730.88	0.9112	-0.0274	-0.2258	0.9738	-1.769	5.0488	-30.5814	0.0	14	0.0	0.0		3667	0	0
1701894051357	t	street_test_cue_beach_left	0.0	4	0	4.3275	776.0160000000001	724.8000000000001	0.9041	4.473	740.448	731.04	0.9194	-0.0273	-0.2258	0.9738	-1.5171	5.0493	-30.5869	0.0	14	0.0	0.0		3667	0	0
1701894051365	t	street_test_cue_beach_left	0.0	4	0	4.336	775.872	724.64	0.9041	4.4669	740.448	731.04	0.9194	-0.0269	-0.2253	0.9739	-1.2734	5.0494	-30.5923	0.0	14	0.0	0.0		3667	0	0
1701894051373	t	street_test_cue_beach_left	0.0	4	0	4.3423	775.872	724.8000000000001	0.9038	4.4726	740.448	731.36	0.9164	-0.027	-0.226	0.9737	-0.8969	5.0499	-30.6009	0.0	14	0.0	0.0		3667	0	0
1701894051382	t	street_test_cue_beach_left	0.0	4	0	4.3425	775.872	724.64	0.9038	4.4885	740.448	731.36	0.9164	-0.027	-0.2249	0.974	-0.4487	5.0496	-30.6138	0.0	14	0.0	0.0		3667	0	0
1701894051390	t	street_test_cue_beach_left	0.0	4	0	4.3427	775.4399999999999	724.64	0.9003	4.4893	740.448	731.36	0.9249	-0.0263	-0.2243	0.9742	-0.4664	5.0468	-30.6143	0.0	14	0.0	0.0		3667	0	0
1701894051398	t	street_test_cue_beach_left	0.0	4	0	4.3447	775.4399999999999	724.64	0.9003	4.4883	740.448	731.52	0.9249	-0.0265	-0.2236	0.9743	-0.4297	5.0436	-30.6175	0.0	14	0.0	0.0		3667	0	0
1701894051407	t	street_test_cue_beach_left	0.0	4	0	4.3553	775.4399999999999	724.64	0.9046	4.4996	740.304	731.68	0.9248	-0.0261	-0.2237	0.9743	-0.2977	5.0436	-30.6221	0.0	14	0.0	0.0		3667	0	0
1701894051415	t	street_test_cue_beach_left	0.0	4	0	4.3552	775.4399999999999	724.64	0.9046	4.4996	740.304	731.68	0.9248	-0.0262	-0.2237	0.9743	-0.3345	5.0435	-30.6214	0.0	14	0.0	0.0		3667	0	0
1701894051423	t	street_test_cue_beach_left	0.0	4	0	4.3554	775.152	724.64	0.9079	4.4997	740.16	731.68	0.9269	-0.0249	-0.2234	0.9744	0.0461	5.0439	-30.6297	0.0	14	0.0	0.0		3667	0	0
1701894051432	t	street_test_cue_beach_left	0.0	4	0	4.3553	775.152	724.64	0.9079	4.4996	740.304	731.68	0.9269	-0.025	-0.2231	0.9745	0.0961	5.0428	-30.6308	0.0	14	0.0	0.0		3667	0	0
1701894051440	t	street_test_cue_beach_left	0.0	4	0	4.3556	775.152	724.48	0.9084	4.4997	740.304	731.68	0.9121	-0.025	-0.2228	0.9745	0.1315	5.0429	-30.6315	0.0	14	0.0	0.0		3667	0	0
1701894051448	t	street_test_cue_beach_left	0.0	4	0	4.3554	775.152	724.48	0.9084	4.5024	740.448	731.68	0.9121	-0.0254	-0.2227	0.9745	0.0446	5.0422	-30.6297	0.0	14	0.0	0.0		3667	0	0
1701894051457	t	street_test_cue_beach_left	0.0	4	0	4.3563	775.152	724.3199999999999	0.9023	4.5088	740.592	731.68	0.9276	-0.0256	-0.2221	0.9747	0.0459	5.0411	-30.6298	0.0	14	0.0	0.0		3667	0	0
1701894051467	t	street_test_cue_beach_left	0.0	4	0	4.3566	775.152	724.3199999999999	0.8942	4.5087	740.448	731.52	0.9306	-0.0252	-0.2218	0.9748	0.0258	5.041	-30.6283	0.0	14	0.0	0.0		3667	0	0
1701894051473	t	street_test_cue_beach_left	0.0	4	0	4.3556	775.152	724.48	0.8942	4.5089	740.592	731.36	0.9306	-0.0257	-0.2218	0.9747	0.1212	5.0415	-30.6289	0.0	14	0.0	0.0		3667	0	0
1701894051482	t	street_test_cue_beach_left	0.0	4	0	4.3657	774.864	724.96	0.8942	4.5576	742.6080000000001	729.92	0.9306	-0.0287	-0.2228	0.9744	0.1188	5.0563	-30.6316	0.0	14	0.0	0.0		3667	0	0
1701894051490	t	street_test_cue_beach_left	0.0	4	0	4.3654	773.568	726.0799999999999	0.898	4.5805	737.712	732.96	0.9273	-0.0159	-0.2314	0.9727	0.2468	5.0539	-30.6267	0.0	14	0.0	0.0		3667	0	0
1701894051498	t	street_test_cue_beach_left	0.0	4	0	4.2769	775.584	724.64	0.898	4.5103	738.1439999999999	730.24	0.9273	-0.0302	-0.2269	0.9734	-1.2947	5.0722	-30.6194	0.0	14	0.0	0.0		3667	0	0
1701894051507	t	street_test_cue_beach_left	0.0	4	0	4.31	771.4079999999999	723.2	0.8897	4.4327	732.3840000000001	724.3199999999999	0.9246	-0.0154	-0.2225	0.9748	-5.5922	5.1114	-30.5556	0.0	14	0.0	0.0		3667	0	0
1701894051515	t	street_test_cue_beach_left	0.0	4	0	4.379	770.1120000000001	721.44	0.8897	4.5234	730.9440000000001	724.0	0.9246	-0.0115	-0.222	0.975	-10.0336	5.1041	-30.4488	0.0	14	0.0	0.0		3667	0	0
1701894051523	t	street_test_cue_beach_left	0.0	4	0	4.3369	769.104	721.44	0.8846	4.4334	730.08	724.16	0.9132	-0.0085	-0.222	0.975	-13.5686	5.0836	-30.3577	0.0	14	0.0	0.0		3667	0	0
1701894051532	t	street_test_cue_beach_left	0.0	4	0	4.3368	769.392	722.56	0.8846	4.5675	732.672	725.44	0.9132	-0.0158	-0.2274	0.9737	-14.5613	5.08	-30.3266	0.0	14	0.0	0.0		3667	0	0
1701894051540	t	street_test_cue_beach_left	0.0	4	0	4.3512	768.96	721.6	0.8928	4.466	731.52	724.96	0.9329	-0.0109	-0.2246	0.9744	-14.6621	5.0777	-30.3277	0.0	14	0.0	0.0		3667	0	0
1701894051548	t	street_test_cue_beach_left	0.0	4	0	4.3473	768.5279999999999	722.56	0.8928	4.4861	731.52	725.12	0.9329	-0.0105	-0.2258	0.9741	-13.1287	5.0827	-30.3615	0.0	14	0.0	0.0		3667	0	0
1701894051557	t	street_test_cue_beach_left	0.0	4	0	4.357	768.24	722.0799999999999	0.8966	4.5065	731.52	724.96	0.9301	-0.0102	-0.2235	0.9747	-10.0991	5.0916	-30.4317	0.0	14	0.0	0.0		3667	0	0
1701894051566	t	street_test_cue_beach_left	0.0	4	0	4.3484	767.952	721.92	0.8966	4.4859	731.664	724.64	0.9301	-0.0104	-0.2213	0.9752	-6.4825	5.1016	-30.5146	0.0	14	0.0	0.0		3667	0	0
1701894051573	t	street_test_cue_beach_left	0.0	4	0	4.358	767.808	721.76	0.8953	4.5066	731.952	724.96	0.9413	-0.0107	-0.2204	0.9753	-4.0556	5.106	-30.5646	0.0	14	0.0	0.0		3667	0	0
1701894051582	t	street_test_cue_beach_left	0.0	4	0	4.349	767.808	721.76	0.8953	4.5184	731.664	724.96	0.9413	-0.0101	-0.2205	0.9753	-3.6445	5.1077	-30.5729	0.0	14	0.0	0.0		3667	0	0
1701894051590	t	street_test_cue_beach_left	0.0	4	0	4.3482	767.664	721.92	0.8947	4.5065	731.952	724.96	0.9323	-0.0103	-0.2206	0.9753	-3.6697	5.1076	-30.5724	0.0	14	0.0	0.0		3667	0	0
1701894051598	t	street_test_cue_beach_left	0.0	4	0	4.3467	767.808	721.92	0.8947	4.5185	731.664	724.64	0.9323	-0.0103	-0.22	0.9754	-3.3796	5.1082	-30.5791	0.0	14	0.0	0.0		3667	0	0
1701894051607	t	street_test_cue_beach_left	0.0	4	0	4.3429	767.664	722.24	0.9022	4.5066	731.952	724.96	0.9344	-0.0105	-0.2208	0.9753	-2.7358	5.1089	-30.5927	0.0	14	0.0	0.0		3667	0	0
1701894051615	t	street_test_cue_beach_left	0.0	4	0	4.3396	767.5200000000001	721.92	0.9022	4.5185	731.808	724.96	0.9344	-0.0098	-0.2202	0.9754	-2.6492	5.1083	-30.5934	0.0	14	0.0	0.0		3667	0	0
1701894051623	t	street_test_cue_beach_left	0.0	4	0	4.3339	767.3760000000001	722.24	0.903	4.5301	731.952	724.96	0.9397	-0.0101	-0.2204	0.9754	-2.0079	5.11	-30.608	0.0	14	0.0	0.0		3667	0	0
1701894051632	t	street_test_cue_beach_left	0.0	4	0	4.328	767.3760000000001	722.56	0.903	4.5314	732.2399999999999	724.96	0.9397	-0.0112	-0.2207	0.9753	-1.3561	5.1116	-30.6226	0.0	14	0.0	0.0		3667	0	0
1701894051640	t	street_test_cue_beach_left	0.0	4	0	4.3263	767.3760000000001	722.56	0.9082	4.5326	731.952	725.12	0.9398	-0.0104	-0.2207	0.9753	-0.8747	5.1124	-30.6336	0.0	14	0.0	0.0		3667	0	0
1701894051649	t	street_test_cue_beach_left	0.0	4	0	4.3251	767.3760000000001	722.56	0.9082	4.5312	731.808	725.12	0.9398	-0.0101	-0.2207	0.9753	-0.5879	5.1128	-30.6402	0.0	14	0.0	0.0		3667	0	0
1701894051657	t	street_test_cue_beach_left	0.0	4	0	4.3199	767.3760000000001	722.72	0.916	4.53	731.664	725.12	0.9363	-0.01	-0.2206	0.9753	-0.5403	5.112	-30.6402	0.0	14	0.0	0.0		3667	0	0
1701894051665	t	street_test_cue_beach_left	0.0	4	0	4.3199	767.3760000000001	722.72	0.916	4.5299	731.664	725.12	0.9363	-0.0107	-0.2206	0.9753	-0.5176	5.1115	-30.6393	0.0	14	0.0	0.0		3667	0	0
1701894051674	t	street_test_cue_beach_left	0.0	4	0	4.32	767.3760000000001	722.72	0.9011	4.5299	731.664	725.12	0.9401	-0.0107	-0.2204	0.9753	-0.552	5.1108	-30.6358	0.0	14	0.0	0.0		3667	0	0
1701894051682	t	street_test_cue_beach_left	0.0	4	0	4.3202	767.2320000000001	722.72	0.9011	4.5236	731.664	725.12	0.9401	-0.0108	-0.2204	0.9753	-0.7249	5.1094	-30.6297	0.0	14	0.0	0.0		3667	0	0
1701894051690	t	street_test_cue_beach_left	0.0	4	0	4.3209	766.8	722.72	0.9063	4.53	731.2320000000001	725.12	0.9472	-0.0089	-0.2198	0.9755	-1.0404	5.1035	-30.6186	0.0	14	0.0	0.0		3667	0	0
1701894051699	t	street_test_cue_beach_left	0.0	4	0	4.3006	766.8	722.72	0.9063	4.5296	730.9440000000001	725.12	0.9472	-0.0083	-0.22	0.9755	-1.3062	5.1026	-30.6127	0.0	14	0.0	0.0		3667	0	0
1701894051707	t	street_test_cue_beach_left	0.0	4	0	4.3013	766.8	722.72	0.9024	4.5332	730.9440000000001	725.12	0.9396	-0.009	-0.2207	0.9753	-1.9443	5.1007	-30.5862	0.0	14	0.0	0.0		3667	0	0
1701894051715	t	street_test_cue_beach_left	0.0	4	0	4.293	767.088	723.0400000000001	0.9024	4.5333	730.8	725.12	0.9396	-0.0096	-0.2218	0.9751	-2.7192	5.0986	-30.5643	0.0	14	0.0	0.0		3667	0	0
1701894051724	t	street_test_cue_beach_left	0.0	4	0	4.2932	766.8	723.2	0.9214	4.5465	730.8	725.12	0.9457	-0.0091	-0.2224	0.9749	-3.2545	5.0982	-30.5515	0.0	14	0.0	0.0		3667	0	0
1701894051733	t	street_test_cue_beach_left	0.0	4	0	4.293	766.8	723.2	0.9214	4.5588	730.8	724.96	0.9457	-0.0092	-0.2225	0.9749	-3.7884	5.0977	-30.5398	0.0	14	0.0	0.0		3667	0	0
1701894051740	t	street_test_cue_beach_left	0.0	4	0	4.2932	766.8	723.2	0.9074	4.5468	730.8	724.64	0.9456	-0.0092	-0.2225	0.9749	-3.8404	5.1	-30.5387	0.0	14	0.0	0.0		3667	0	0
1701894051749	t	street_test_cue_beach_left	0.0	4	0	4.304	766.944	723.2	0.9074	4.5467	730.8	724.3199999999999	0.9456	-0.0098	-0.2219	0.975	-3.4646	5.1007	-30.5464	0.0	14	0.0	0.0		3667	0	0
1701894051757	t	street_test_cue_beach_left	0.0	4	0	4.3138	767.088	723.2	0.9074	4.5468	730.8	724.3199999999999	0.951	-0.0106	-0.2219	0.975	-2.8564	5.1037	-30.5572	0.0	14	0.0	0.0		3667	0	0
1701894051765	t	street_test_cue_beach_left	0.0	4	0	4.4099	764.4960000000001	720.8000000000001	0.9074	4.6877	728.0640000000001	727.36	0.951	-0.0059	-0.2204	0.9754	-3.3341	5.0929	-30.5791	0.0	14	0.0	0.0		3667	0	0
1701894051774	t	street_test_cue_beach_left	0.0	4	0	4.3449	754.7040000000001	723.2	0.9162	4.572	713.808	724.0	0.9452	0.0316	-0.2161	0.9758	-3.9805	5.0826	-30.5597	0.0	14	0.0	0.0		3667	0	0
1701894051782	t	street_test_cue_beach_left	0.0	4	0	4.3486	746.64	723.68	0.9162	4.5795	706.3199999999999	728.16	0.9452	0.0329	-0.2289	0.9729	-5.2426	5.0872	-30.5338	0.0	14	0.0	0.0		3667	0	0
1701894051790	t	street_test_cue_beach_left	0.0	4	0	4.4164	735.1199999999999	724.96	0.8996	4.6372	691.776	729.44	0.9302	0.0605	-0.2283	0.9717	-7.2053	5.0571	-30.5119	0.0	14	0.0	0.0		3667	0	0
1701894051798	t	street_test_cue_beach_left	0.0	4	0	4.4335	730.8	725.12	0.8996	4.581	687.312	729.92	0.9302	0.069	-0.2282	0.9711	-8.3907	5.0416	-30.482	0.0	14	0.0	0.0		3667	0	0
1701894051807	t	street_test_cue_beach_left	0.0	4	0	4.2707	736.9920000000001	729.28	0.9137	4.7132	687.888	728.96	0.9195	0.0581	-0.231	0.9712	-8.1131	5.0395	-30.4844	0.0	14	0.0	0.0		3667	0	0
1701894051815	t	street_test_cue_beach_left	0.0	4	0	4.3222	734.4	729.28	0.9137	4.6961	689.472	728.6400000000001	0.9195	0.0594	-0.2294	0.9715	-6.741	5.0415	-30.5207	0.0	14	0.0	0.0		3667	0	0
1701894051824	t	street_test_cue_beach_left	0.0	4	0	4.3565	732.096	729.28	0.9093	4.6455	690.48	729.44	0.9281	0.0608	-0.23	0.9713	-5.4643	5.0417	-30.5523	0.0	14	0.0	0.0		3667	0	0
1701894051832	t	street_test_cue_beach_left	0.0	4	0	4.3649	731.952	728.96	0.9093	4.6261	689.328	728.96	0.9281	0.0631	-0.2286	0.9715	-3.3616	5.05	-30.6021	0.0	14	0.0	0.0		3667	0	0
1701894051840	t	street_test_cue_beach_left	0.0	4	0	4.3562	732.096	729.28	0.9215	4.6454	689.328	728.8000000000001	0.9396	0.0604	-0.2278	0.9718	2.3493	5.0669	-30.7363	0.0	14	0.0	0.0		3667	0	0
1701894051849	t	street_test_cue_beach_left	0.0	4	0	4.3508	732.3840000000001	728.96	0.9215	4.6263	689.328	728.6400000000001	0.9396	0.0602	-0.2279	0.9718	-0.2502	5.0615	-30.676	0.0	14	0.0	0.0		3667	0	0
1701894051857	t	street_test_cue_beach_left	0.0	4	0	4.3462	732.096	728.8000000000001	0.9149	4.6068	689.328	728.6400000000001	0.9428	0.0603	-0.2274	0.9719	-0.2845	5.0628	-30.6756	0.0	14	0.0	0.0		3667	0	0
1701894051865	t	street_test_cue_beach_left	0.0	4	0	4.351	732.096	728.8000000000001	0.9149	4.6261	689.76	728.6400000000001	0.9428	0.0598	-0.2279	0.9718	-0.505	5.0622	-30.6711	0.0	14	0.0	0.0		3667	0	0
1701894051873	t	street_test_cue_beach_left	0.0	4	0	4.356	731.952	728.8000000000001	0.9185	4.6076	689.328	728.8000000000001	0.9373	0.0606	-0.2281	0.9717	-0.4351	5.063	-30.6735	0.0	14	0.0	0.0		3667	0	0
1701894051881	t	street_test_cue_beach_left	0.0	4	0	4.3514	731.952	728.6400000000001	0.9185	4.6199	689.328	728.96	0.9373	0.0606	-0.2279	0.9718	-0.0452	5.0641	-30.6838	0.0	14	0.0	0.0		3667	0	0
1701894051890	t	street_test_cue_beach_left	0.0	4	0	4.3562	731.952	728.48	0.9211	4.6323	689.328	729.12	0.9449	0.0606	-0.2277	0.9718	0.2912	5.0646	-30.6927	0.0	14	0.0	0.0		3667	0	0
1701894051899	t	street_test_cue_beach_left	0.0	4	0	4.3578	731.808	728.6400000000001	0.9211	4.6385	689.1840000000001	729.28	0.9449	0.0611	-0.2282	0.9717	0.2837	5.0646	-30.6932	0.0	14	0.0	0.0		3667	0	0
1701894051906	t	street_test_cue_beach_left	0.0	4	0	4.3597	731.952	728.8000000000001	0.9233	4.632	689.328	729.44	0.9498	0.0606	-0.2288	0.9716	0.2123	5.0645	-30.6922	0.0	14	0.0	0.0		3667	0	0
1701894051915	t	street_test_cue_beach_left	0.0	4	0	4.3577	731.952	728.8000000000001	0.9233	4.6253	689.328	729.28	0.9498	0.0603	-0.2287	0.9716	0.1497	5.0643	-30.6919	0.0	14	0.0	0.0		3667	0	0
1701894051923	t	street_test_cue_beach_left	0.0	4	0	4.36	731.952	728.96	0.9181	4.632	689.328	729.44	0.9475	0.0601	-0.2292	0.9715	0.2262	5.0645	-30.6949	0.0	14	0.0	0.0		3667	0	0
1701894051932	t	street_test_cue_beach_left	0.0	4	0	4.3593	731.808	728.8000000000001	0.9181	4.6251	689.472	729.44	0.9475	0.0585	-0.2286	0.9718	0.6369	5.0657	-30.7053	0.0	14	0.0	0.0		3667	0	0
1701894051940	t	street_test_cue_beach_left	0.0	4	0	4.3552	731.664	728.8000000000001	0.9283	4.6318	689.472	729.44	0.9432	0.0586	-0.2285	0.9718	0.6762	5.0659	-30.7072	0.0	14	0.0	0.0		3667	0	0
1701894051948	t	street_test_cue_beach_left	0.0	4	0	4.3458	731.52	728.6400000000001	0.9283	4.6179	689.328	730.0799999999999	0.9432	0.0591	-0.2294	0.9715	0.7546	5.0653	-30.711	0.0	14	0.0	0.0		3667	0	0
1701894051957	t	street_test_cue_beach_left	0.0	4	0	4.3456	731.52	728.6400000000001	0.922	4.6175	689.328	730.5600000000001	0.9457	0.0592	-0.2299	0.9714	0.8772	5.0644	-30.7161	0.0	14	0.0	0.0		3667	0	0
1701894051965	t	street_test_cue_beach_left	0.0	4	0	4.3595	731.376	728.6400000000001	0.922	4.6174	689.328	730.5600000000001	0.9457	0.0598	-0.2296	0.9714	1.0517	5.0641	-30.7227	0.0	14	0.0	0.0		3667	0	0
1701894051974	t	street_test_cue_beach_left	0.0	4	0	4.3596	731.376	728.96	0.9228	4.6173	689.328	730.5600000000001	0.9376	0.0598	-0.2301	0.9713	1.2551	5.0648	-30.7296	0.0	14	0.0	0.0		3667	0	0
1701894051982	t	street_test_cue_beach_left	0.0	4	0	4.3633	731.2320000000001	728.96	0.9228	4.6171	689.328	730.5600000000001	0.9376	0.06	-0.2301	0.9713	1.3647	5.0652	-30.7323	0.0	14	0.0	0.0		3667	0	0
1701894051991	t	street_test_cue_beach_left	0.0	4	0	4.3595	731.0880000000001	729.12	0.9319	4.6168	689.1840000000001	730.5600000000001	0.9489	0.0601	-0.2301	0.9713	1.482	5.0656	-30.7374	0.0	14	0.0	0.0		3667	0	0
1701894051999	t	street_test_cue_beach_left	0.0	4	0	4.3629	731.0880000000001	729.28	0.9319	4.6302	689.1840000000001	730.5600000000001	0.9489	0.0595	-0.2303	0.9713	1.6243	5.0663	-30.7444	0.0	14	0.0	0.0		3667	0	0
1701894052007	t	street_test_cue_beach_left	0.0	4	0	4.3628	730.9440000000001	729.44	0.9221	4.6169	689.1840000000001	730.5600000000001	0.9505	0.0592	-0.2305	0.9713	1.7034	5.066	-30.7477	0.0	14	0.0	0.0		3667	0	0
1701894052016	t	street_test_cue_beach_left	0.0	4	0	4.3497	731.0880000000001	729.44	0.9221	4.6162	689.1840000000001	730.4	0.9505	0.0588	-0.2301	0.9714	1.7218	5.0656	-30.7484	0.0	14	0.0	0.0		3667	0	0
1701894052024	t	street_test_cue_beach_left	0.0	4	0	4.3431	730.9440000000001	729.28	0.9177	4.6066	689.1840000000001	730.4	0.9432	0.0588	-0.2295	0.9715	1.7575	5.0654	-30.7505	0.0	14	0.0	0.0		3667	0	0
1701894052032	t	street_test_cue_beach_left	0.0	4	0	4.3423	730.656	729.28	0.9177	4.6065	688.896	730.4	0.9432	0.0599	-0.229	0.9716	1.7242	5.0638	-30.7502	0.0	14	0.0	0.0		3667	0	0
1701894052040	t	street_test_cue_beach_left	0.0	4	0	4.343	730.08	729.28	0.9197	4.6065	688.896	730.4	0.9513	0.061	-0.2289	0.9715	1.5919	5.063	-30.7482	0.0	14	0.0	0.0		3667	0	0
1701894052048	t	street_test_cue_beach_left	0.0	4	0	4.3429	730.08	729.28	0.9197	4.5907	688.896	730.4	0.9513	0.0602	-0.229	0.9715	1.3873	5.0627	-30.7441	0.0	14	0.0	0.0		3667	0	0
1701894052057	t	street_test_cue_beach_left	0.0	4	0	4.3426	730.08	729.44	0.9256	4.6064	688.896	730.4	0.957	0.0602	-0.2298	0.9714	1.1549	5.0635	-30.741	0.0	14	0.0	0.0		3667	0	0
1701894052066	t	street_test_cue_beach_left	0.0	4	0	4.3357	729.936	729.28	0.9256	4.6063	688.896	730.4	0.957	0.0606	-0.2297	0.9714	0.922	5.0636	-30.736	0.0	14	0.0	0.0		3667	0	0
1701894052073	t	street_test_cue_beach_left	0.0	4	0	4.3356	729.936	729.28	0.9252	4.6061	688.752	730.4	0.9625	0.0614	-0.2302	0.9712	-0.0708	5.0628	-30.7156	0.0	14	0.0	0.0		3667	0	0
1701894052082	t	street_test_cue_beach_left	0.0	4	0	4.3285	730.08	729.44	0.9252	4.6124	688.896	730.4	0.9625	0.0607	-0.2305	0.9712	-0.0455	5.0631	-30.7177	0.0	14	0.0	0.0		3667	0	0
1701894052090	t	street_test_cue_beach_left	0.0	4	0	4.323	729.936	729.44	0.9211	4.6061	688.896	729.92	0.9537	0.061	-0.2298	0.9713	0.1126	5.0642	-30.7228	0.0	14	0.0	0.0		3667	0	0
1701894052098	t	street_test_cue_beach_left	0.0	4	0	4.3165	729.792	729.44	0.9211	4.6089	688.896	730.4	0.9537	0.0613	-0.2304	0.9712	0.1459	5.0644	-30.7253	0.0	14	0.0	0.0		3667	0	0
1701894052107	t	street_test_cue_beach_left	0.0	4	0	4.3146	729.936	729.28	0.9235	4.6123	688.896	730.4	0.9584	0.0612	-0.23	0.9713	-0.1344	5.0639	-30.7206	0.0	14	0.0	0.0		3667	0	0
1701894052115	t	street_test_cue_beach_left	0.0	4	0	4.3144	729.936	729.28	0.9235	4.6122	688.896	730.24	0.9584	0.0614	-0.23	0.9712	-0.1994	5.0643	-30.7199	0.0	14	0.0	0.0		3667	0	0
1701894052123	t	street_test_cue_beach_left	0.0	4	0	4.3145	729.792	729.28	0.9271	4.6087	688.896	730.24	0.9567	0.0617	-0.2304	0.9711	-0.141	5.0667	-30.7223	0.0	14	0.0	0.0		3667	0	0
1701894052132	t	street_test_cue_beach_left	0.0	4	0	4.3146	729.936	729.28	0.9271	4.6085	688.896	729.92	0.9567	0.0618	-0.2301	0.9712	-0.0776	5.0685	-30.7244	0.0	14	0.0	0.0		3667	0	0
1701894052140	t	street_test_cue_beach_left	0.0	4	0	4.3092	729.936	729.28	0.9195	4.6052	688.896	730.24	0.9547	0.0619	-0.2305	0.9711	0.0681	5.0693	-30.7279	0.0	14	0.0	0.0		3667	0	0
1701894052148	t	street_test_cue_beach_left	0.0	4	0	4.3391	730.08	730.24	0.9195	4.5653	690.768	730.88	0.9547	0.0648	-0.2311	0.9708	-0.0118	5.0596	-30.7378	0.0	14	0.0	0.0		3667	0	0
1701894052156	t	street_test_cue_beach_left	0.0	4	0	4.3916	740.0160000000001	729.12	0.9375	4.5917	703.296	728.96	0.9625	0.0457	-0.2294	0.9722	-0.1926	5.0782	-30.7256	0.0	14	0.0	0.0		3667	0	0
1701894052165	t	street_test_cue_beach_left	0.0	4	0	4.3141	762.336	727.52	0.9375	4.5955	722.736	723.52	0.9625	0.004	-0.223	0.9748	-1.6321	5.1188	-30.7212	0.0	14	0.0	0.0		3667	0	0
1701894052173	t	street_test_cue_beach_left	0.0	4	0	4.3638	785.9519999999999	717.76	0.9114	4.5273	749.664	719.68	0.9447	-0.038	-0.2095	0.9771	-4.9245	5.1516	-30.5761	0.0	14	0.0	0.0		3667	0	0
1701894052182	t	street_test_cue_beach_left	0.0	4	0	4.3761	819.3599999999999	712.16	0.9114	4.6772	779.472	717.44	0.9447	-0.1079	-0.2232	0.9688	-27.2088	5.1917	-30.1277	0.0	14	0.0	0.0		3667	0	0
1701894052190	t	street_test_cue_beach_left	0.0	4	0	4.3452	844.848	707.6800000000001	0.9054	4.7519	804.24	715.0400000000001	0.9153	-0.1472	-0.2194	0.9644	-28.0605	5.248	-30.1999	0.0	14	0.0	0.0		3667	0	0
1701894052198	t	street_test_cue_beach_left	0.0	4	0	4.3953	884.7359999999999	698.56	0.9054	4.78	835.3439999999999	703.84	0.9153	-0.2092	-0.1857	0.9601	-26.0381	5.355	-30.3595	0.0	14	0.0	0.0		3667	0	0
1701894052207	t	street_test_cue_beach_left	0.0	4	0	4.5621	910.656	693.76	0.9643	4.8242	865.008	701.12	0.8689	-0.2618	-0.177	0.9487	-19.2978	5.4356	-30.587	0.0	14	0.0	0.0		3667	0	0
1701894052215	t	street_test_cue_beach_left	0.0	4	0	4.53	946.512	686.08	0.9643	4.8055	891.504	697.92	0.8689	-0.311	-0.1587	0.9371	-10.7202	5.5195	-30.866	0.0	14	0.0	0.0		3667	0	0
1701894052223	t	street_test_cue_beach_left	0.0	4	0	4.7587	974.448	680.9599999999999	0.9829	4.7569	914.1120000000001	699.04	0.8656	-0.3531	-0.1568	0.9223	-15.4849	5.5416	-30.9036	0.0	14	0.0	0.0		3667	0	0
1701894052232	t	street_test_cue_beach_left	0.0	4	0	4.6642	997.056	678.4	0.9829	4.8122	936.432	693.12	0.8656	-0.3838	-0.1227	0.9152	15.8695	5.6885	-31.5611	0.0	14	0.0	0.0		3667	0	0
1701894052240	t	street_test_cue_beach_left	0.0	4	0	4.6223	1003.9680000000001	680.8	0.9651	4.9584	947.808	695.04	0.7806	-0.3883	-0.1306	0.9122	15.4664	5.6908	-31.5998	0.0	14	0.0	0.0		3667	0	0
1701894052249	t	street_test_cue_beach_left	0.0	4	0	4.6704	999.792	681.76	0.9651	4.8931	948.5279999999999	695.04	0.7806	-0.3919	-0.1372	0.9097	-17.7015	5.553	-31.0678	0.0	14	0.0	0.0		3667	0	0
1701894052257	t	street_test_cue_beach_left	0.0	4	0	4.5648	998.3520000000001	684.48	0.9785	4.8789	947.952	694.88	0.7705	-0.3921	-0.1386	0.9094	-15.0429	5.558	-31.1024	0.0	14	0.0	0.0		3667	0	0
1701894052265	t	street_test_cue_beach_left	0.0	4	0	4.5837	992.736	683.36	0.9785	4.8869	944.784	694.88	0.7705	-0.3653	-0.1302	0.9217	20.3162	5.6573	-31.6282	0.0	14	0.0	0.0		3667	0	0
1701894052274	t	street_test_cue_beach_left	0.0	4	0	4.6239	987.408	684.8	1.0	4.8832	939.8879999999999	691.2	0.8149	-0.3594	-0.1347	0.9234	19.2199	5.6542	-31.5923	0.0	14	0.0	0.0		3667	0	0
1701894052282	t	street_test_cue_beach_left	0.0	4	0	4.6423	979.776	681.9200000000001	1.0	4.8378	934.128	690.88	0.8149	-0.3508	-0.1325	0.927	13.7358	5.6582	-31.4607	0.0	14	0.0	0.0		3667	0	0
1701894052290	t	street_test_cue_beach_left	0.0	4	0	4.5735	975.024	678.88	1.0	4.9212	928.368	691.6800000000001	0.8365	-0.3409	-0.1339	0.9305	7.5773	5.6665	-31.338	0.0	14	0.0	0.0		3667	0	0
1701894052299	t	street_test_cue_beach_left	0.0	4	0	4.7472	970.2719999999999	677.12	1.0	4.8987	923.04	690.7199999999999	0.8365	-0.3534	-0.123	0.9273	3.157	5.6185	-31.2318	0.0	14	0.0	0.0		3667	0	0
1701894052307	t	street_test_cue_beach_left	0.0	4	0	4.6029	958.608	678.08	1.0	4.8637	915.696	691.6800000000001	0.8633	-0.3316	-0.139	0.9331	-7.0375	5.604	-31.0219	0.0	14	0.0	0.0		3667	0	0
1701894052315	t	street_test_cue_beach_left	0.0	4	0	4.5838	953.712	674.56	1.0	4.8716	910.08	691.2	0.8633	-0.3221	-0.1299	0.9377	4.4718	5.6559	-31.1875	0.0	14	0.0	0.0		3667	0	0
1701894052324	t	street_test_cue_beach_left	0.0	4	0	4.6822	947.2320000000001	677.28	1.0	4.8914	905.04	690.7199999999999	0.8627	-0.3123	-0.1368	0.9401	5.6057	5.6572	-31.1777	0.0	14	0.0	0.0		3667	0	0
1701894052332	t	street_test_cue_beach_left	0.0	4	0	4.557	943.776	678.24	1.0	4.9018	900.288	690.7199999999999	0.8627	-0.3045	-0.1392	0.9423	4.9762	5.6476	-31.1506	0.0	14	0.0	0.0		3667	0	0
1701894052340	t	street_test_cue_beach_left	0.0	4	0	4.5111	937.44	677.28	1.0	4.833	895.104	690.7199999999999	0.8663	-0.2993	-0.1361	0.9444	5.8817	5.6449	-31.1446	0.0	14	0.0	0.0		3667	0	0
1701894052349	t	street_test_cue_beach_left	0.0	4	0	4.3568	929.376	678.24	1.0	4.8238	887.328	690.24	0.8663	-0.2811	-0.1382	0.9497	6.4476	5.6371	-31.1252	0.0	14	0.0	0.0		3667	0	0
1701894052357	t	street_test_cue_beach_left	0.0	4	0	4.5378	921.0239999999999	679.36	1.0	4.8644	881.28	691.04	0.8954	-0.265	-0.1434	0.9535	7.8043	5.6403	-31.1279	0.0	14	0.0	0.0		3667	0	0
1701894052365	t	street_test_cue_beach_left	0.0	4	0	4.5184	912.96	682.56	1.0	4.8686	875.376	689.6	0.8954	-0.2499	-0.1508	0.9565	8.4839	5.6363	-31.1114	0.0	14	0.0	0.0		3667	0	0
1701894052373	t	street_test_cue_beach_left	0.0	4	0	4.3432	906.3359999999999	678.56	1.0	4.863	870.624	690.24	0.908	-0.2399	-0.1424	0.9603	7.2357	5.6196	-31.0245	0.0	14	0.0	0.0		3667	0	0
1701894052381	t	street_test_cue_beach_left	0.0	4	0	4.2285	897.6959999999999	681.44	1.0	4.8632	866.0160000000001	689.12	0.908	-0.2306	-0.1495	0.9615	-6.5513	5.564	-30.756	0.0	14	0.0	0.0		3667	0	0
1701894052390	t	street_test_cue_beach_left	0.0	4	0	4.4259	891.7919999999999	682.24	1.0	4.8573	860.544	690.24	0.9488	-0.2312	-0.162	0.9593	-17.8416	5.5398	-30.5047	0.0	14	0.0	0.0		3667	0	0
1701894052399	t	street_test_cue_beach_left	0.0	4	0	4.4053	889.776	674.56	1.0	4.8484	855.5039999999999	691.84	0.9488	-0.224	-0.1627	0.9609	-31.56	5.4695	-30.3086	0.0	14	0.0	0.0		3667	0	0
1701894052407	t	street_test_cue_beach_left	0.0	4	0	4.4774	887.04	679.52	1.0	4.8249	849.8879999999999	691.2	0.916	-0.2161	-0.1647	0.9624	-32.4605	5.4779	-30.281	0.0	14	0.0	0.0		3667	0	0
1701894052415	t	street_test_cue_beach_left	0.0	4	0	4.4828	885.456	676.9599999999999	1.0	4.8268	848.304	688.32	0.916	-0.2136	-0.159	0.9639	-32.5709	5.503	-30.2708	0.0	14	0.0	0.0		3667	0	0
1701894052424	t	street_test_cue_beach_left	0.0	4	0	4.4037	896.832	671.6800000000001	1.0	4.8991	857.2320000000001	678.4	0.9197	-0.2375	-0.1383	0.9615	-32.6491	5.6038	-30.2903	0.0	14	0.0	0.0		3667	0	0
1701894052432	t	street_test_cue_beach_left	0.0	4	0	4.3042	912.816	659.1999999999999	1.0	4.865	873.36	666.08	0.9197	-0.2817	-0.1157	0.9525	-32.7743	5.7518	-30.3334	0.0	14	0.0	0.0		3667	0	0
1701894052440	t	street_test_cue_beach_left	0.0	4	0	4.5871	934.416	648.1600000000001	1.0	4.8776	889.776	653.76	0.8987	-0.316	-0.0871	0.9447	-32.9426	5.8764	-30.405	0.0	14	0.0	0.0		3667	0	0
1701894052448	t	street_test_cue_beach_left	0.0	4	0	4.6689	949.968	638.88	1.0	4.7785	896.5440000000001	648.96	0.8987	-0.3347	-0.0813	0.9388	-32.9848	5.949	-30.433	0.0	14	0.0	0.0		3667	0	0
1701894052457	t	street_test_cue_beach_left	0.0	4	0	4.5137	941.4720000000001	641.28	0.9636	4.8891	891.216	649.6	0.8618	-0.311	-0.0867	0.9464	-32.9702	5.949	-30.4034	0.0	14	0.0	0.0		3667	0	0
1701894052465	t	street_test_cue_beach_left	0.0	4	0	3.6736	923.616	631.04	0.9636	4.8892	886.7520000000001	651.52	0.8618	-0.2984	-0.0905	0.9501	-32.9318	5.9229	-30.3862	0.0	14	0.0	0.0		3667	0	0
1701894052473	t	street_test_cue_beach_left	0.0	4	0	3.7575	927.9359999999999	647.04	0.9821	4.9023	882.72	650.72	0.8674	-0.2881	-0.0931	0.9531	-32.9156	5.9388	-30.3612	0.0	14	0.0	0.0		3667	0	0
1701894052482	t	street_test_cue_beach_left	0.0	4	0	4.5454	925.1999999999999	637.76	0.9821	4.889	878.4	651.68	0.8674	-0.2742	-0.1037	0.9561	-32.7799	5.9551	-30.3253	0.0	14	0.0	0.0		3667	0	0
1701894052490	t	street_test_cue_beach_left	0.0	4	0	4.5003	918.1439999999999	635.2	0.9839	4.8506	873.792	649.76	0.8835	-0.2684	-0.0993	0.9581	-32.0891	5.9664	-30.3153	0.0	14	0.0	0.0		3667	0	0
1701894052498	t	street_test_cue_beach_left	0.0	4	0	4.2305	908.496	643.36	0.9839	4.934	866.736	650.5600000000001	0.8835	-0.2517	-0.105	0.9621	-26.7998	5.9744	-30.3434	0.0	14	0.0	0.0		3667	0	0
1701894052507	t	street_test_cue_beach_left	0.0	4	0	4.4911	898.416	641.28	0.98	4.8954	858.3839999999999	650.72	0.9062	-0.2365	-0.1037	0.9661	-28.7336	5.95	-30.2754	0.0	14	0.0	0.0		3667	0	0
1701894052515	t	street_test_cue_beach_left	0.0	4	0	4.3769	891.36	642.4000000000001	0.98	4.8857	852.192	654.72	0.9062	-0.2257	-0.1147	0.9674	-32.2412	5.9105	-30.223	0.0	14	0.0	0.0		3667	0	0
1701894052523	t	street_test_cue_beach_left	0.0	4	0	4.4479	885.168	644.0	0.9667	4.821	844.992	655.52	0.8976	-0.2124	-0.1093	0.9711	-32.5085	5.8642	-30.208	0.0	14	0.0	0.0		3667	0	0
1701894052532	t	street_test_cue_beach_left	0.0	4	0	4.3783	876.816	650.4	0.9667	4.8083	840.528	660.8	0.8976	-0.2082	-0.1198	0.9707	-32.4509	5.8125	-30.1959	0.0	14	0.0	0.0		3667	0	0
1701894052540	t	street_test_cue_beach_left	0.0	4	0	4.3043	865.872	645.4399999999999	0.9632	4.8116	835.9200000000001	661.76	0.8939	-0.1998	-0.1185	0.9726	-32.3939	5.7843	-30.1845	0.0	14	0.0	0.0		3667	0	0
1701894052548	t	street_test_cue_beach_left	0.0	4	0	4.2809	863.424	644.8000000000001	0.9632	4.6609	831.6	663.52	0.8939	-0.1847	-0.1191	0.9755	-32.3726	5.7468	-30.1749	0.0	14	0.0	0.0		3667	0	0
1701894052557	t	street_test_cue_beach_left	0.0	4	0	4.3974	863.424	648.1600000000001	0.9587	4.7749	825.696	668.48	0.9044	-0.1665	-0.1293	0.9775	-32.3278	5.6959	-30.1624	0.0	14	0.0	0.0		3667	0	0
1701894052565	t	street_test_cue_beach_left	0.0	4	0	4.4208	857.2320000000001	651.1999999999999	0.9587	4.7236	821.952	667.36	0.9044	-0.1582	-0.1222	0.9798	-32.288	5.6821	-30.1574	0.0	14	0.0	0.0		3667	0	0
1701894052574	t	street_test_cue_beach_left	0.0	4	0	4.2796	848.5920000000001	651.36	0.9476	4.7188	817.92	668.8	0.9128	-0.1493	-0.1316	0.98	-32.2441	5.6901	-30.1391	0.0	14	0.0	0.0		3667	0	0
1701894052582	t	street_test_cue_beach_left	0.0	4	0	4.3704	846.8639999999999	653.4399999999999	0.9476	4.6104	813.5999999999999	664.1600000000001	0.9128	-0.1382	-0.1161	0.9836	-32.2063	5.7002	-30.1206	0.0	14	0.0	0.0		3667	0	0
1701894052590	t	street_test_cue_beach_left	0.0	4	0	4.3046	837.36	653.28	0.9413	4.6376	807.984	663.1999999999999	0.9157	-0.127	-0.1106	0.9857	-32.1276	5.687	-30.0963	0.0	14	0.0	0.0		3667	0	0
1701894052599	t	street_test_cue_beach_left	0.0	4	0	4.3963	836.064	655.36	0.9413	4.6493	804.384	664.1600000000001	0.9157	-0.1197	-0.1202	0.9855	-32.0351	5.7232	-30.1533	0.0	14	0.0	0.0		3667	0	0
1701894052607	t	street_test_cue_beach_left	0.0	4	0	4.3109	833.9039999999999	655.52	0.8969	4.6922	800.208	664.8	0.9024	-0.1124	-0.1263	0.9856	-32.0044	5.7181	-30.0722	0.0	14	0.0	0.0		3667	0	0
1701894052615	t	street_test_cue_beach_left	0.0	4	0	4.1158	827.424	662.24	0.8969	4.5002	791.568	665.76	0.9024	-0.0989	-0.1372	0.9856	-31.9282	5.7326	-30.0354	0.0	14	0.0	0.0		3667	0	0
1701894052623	t	street_test_cue_beach_left	0.0	4	0	3.7891	820.512	668.32	0.8245	4.6703	785.376	659.52	0.7853	-0.0659	-0.1209	0.9905	-31.9249	6.0506	-31.1491	0.0	14	0.0	0.0		3667	0	0
1701894052631	t	street_test_cue_beach_left	0.0	4	0	-1.0	876.0960000000001	691.6800000000001	0.8245	-1.0	798.192	682.4	0.7853	-1.0	-1.0	-1.0	-1.0	-1.0	-1.0	0.0	14	0.0	0.0		3667	0	0
1701894052639	t	street_test_cue_beach_left	0.0	4	0	-1.0	935.136	728.8000000000001	0.5181	-1.0	772.9920000000001	714.88	0.5086	-1.0	-1.0	-1.0	-1.0	-1.0	-1.0	0.0	14	0.0	0.0		3667	0	0
1701894052647	t	street_test_cue_beach_left	0.0	4	0	-1.0	899.856	774.08	0.5181	-1.0	811.152	777.76	0.5086	-1.0	-1.0	-1.0	-1.0	-1.0	-1.0	0.0	14	0.0	0.0		3667	0	0
1701894052655	t	street_test_cue_beach_left	0.0	4	0	-1.0	280.8	911.36	0.0201	-1.0	811.152	807.5200000000001	0.1984	-1.0	-1.0	-1.0	-1.0	-1.0	-1.0	0.0	14	0.0	0.0		3667	0	0
1701894052664	t	street_test_cue_beach_left	0.0	4	0	-1.0	285.40799999999996	770.88	0.0201	-1.0	816.3359999999999	773.4399999999999	0.1984	-1.0	-1.0	-1.0	-1.0	-1.0	-1.0	0.0	14	0.0	0.0		3667	0	0
1701894052671	t	street_test_cue_beach_left	0.0	4	0	-1.0	-1440.0	-1600.0	0.0	-1.0	853.488	786.72	0.1087	-1.0	-1.0	-1.0	-1.0	-1.0	-1.0	0.0	14	0.0	0.0		3667	0	0
1701894052680	t	street_test_cue_beach_left	0.0	4	0	-1.0	-1440.0	-1600.0	0.0	-1.0	848.4479999999999	771.3599999999999	0.1087	-1.0	-1.0	-1.0	-1.0	-1.0	-1.0	0.0	14	0.0	0.0		3667	0	0
1701894052689	t	street_test_cue_beach_left	0.0	4	0	-1.0	-1440.0	-1600.0	0.0352	-1.0	901.296	756.32	0.2194	-1.0	-1.0	-1.0	-1.0	-1.0	-1.0	0.0	14	0.0	0.0		3667	0	0
1701894052697	t	street_test_cue_beach_left	0.0	4	0	-1.0	-1440.0	-1600.0	0.0352	-1.0	902.4480000000001	725.12	0.2194	-1.0	-1.0	-1.0	-1.0	-1.0	-1.0	0.0	14	0.0	0.0		3667	0	0
1701894052707	t	street_test_cue_beach_left	0.0	4	0	-1.0	946.8	710.56	0.1096	-1.0	898.416	725.76	0.3201	-1.0	-1.0	-1.0	-1.0	-1.0	-1.0	0.0	14	0.0	0.0		3667	0	0
1701894052715	t	street_test_cue_beach_left	0.0	4	0	-1.0	947.2320000000001	702.7199999999999	0.1096	-1.0	895.104	717.12	0.3201	-1.0	-1.0	-1.0	-1.0	-1.0	-1.0	0.0	14	0.0	0.0		3667	0	0
1701894052724	t	street_test_cue_beach_left	0.0	4	0	-1.0	940.032	697.76	0.262	-1.0	893.088	712.4799999999999	0.427	-1.0	-1.0	-1.0	-1.0	-1.0	-1.0	0.0	14	0.0	0.0		3667	0	0
1701894052731	t	street_test_cue_beach_left	0.0	4	0	-1.0	929.664	704.16	0.262	-1.0	886.464	712.4799999999999	0.427	-1.0	-1.0	-1.0	-1.0	-1.0	-1.0	0.0	14	0.0	0.0		3667	0	0
1701894052740	t	street_test_cue_beach_left	0.0	4	0	-1.0	927.792	701.6	0.4132	-1.0	882.0000000000001	707.2	0.5197	-1.0	-1.0	-1.0	-1.0	-1.0	-1.0	0.0	14	0.0	0.0		3667	0	0
1701894052749	t	street_test_cue_beach_left	0.0	4	0	-1.0	920.16	697.44	0.4132	4.5509	879.696	709.12	0.5197	-0.2727	-0.1948	0.9421	-32.9567	5.352	-30.4896	0.0	14	0.0	0.0		3667	0	0
1701894052757	t	street_test_cue_beach_left	0.0	4	0	-1.0	918.432	698.08	0.5643	4.4118	874.512	716.3199999999999	0.5719	-0.2558	-0.2242	0.9404	-32.9244	5.3378	-30.4586	0.0	14	0.0	0.0		3667	200	MYKEYWORD 200
