Recording timestamp	type	Scene Name	scene_num	order	djv_reported	PupilDiam_Left	Gaze2d_Left.x	Gaze2d_Left.y	left_eye_openness	PupilDiam_Right	Gaze2d_Right.x	Gaze2d_Right.y	right_eye_openness	gaze_direction_x	gaze_direction_y	gaze_direction_z	gaze_origin_x	gaze_origin_y	gaze_origin_z	gaze_convergence_distance	participant	study_status	scene_familiarity	recall_status	Identifier	Event value	Event message
1701717272954	t	cardealership_test_cue_hotel_lobby_right	0.0	0	0	5.8352	495.936	871.52	1.0	5.592	614.448	892.8000000000001	1.0	0.2138	0.1033	0.9714	34.5869	2.4946	-36.8319	0.0	3	0.0	0.0		5316	100	MYKEYWORD 100
1701717272963	t	cardealership_test_cue_hotel_lobby_right	0.0	0	0	5.8951	493.92	871.04	1.0	5.5658	611.712	890.8799999999999	1.0	0.2111	0.0984	0.9725	34.809	2.529	-36.8387	0.0	3	0.0	0.0		5316	0	0
1701717272971	t	cardealership_test_cue_hotel_lobby_right	0.0	0	0	5.8128	491.904	868.3199999999999	1.0	5.622	609.408	888.1600000000001	1.0	0.2096	0.0993	0.9727	34.8233	2.5684	-36.8446	0.0	3	0.0	0.0		5316	0	0
1701717272979	t	cardealership_test_cue_hotel_lobby_right	0.0	0	0	5.776	489.6	865.6	1.0	5.5907	608.112	887.8399999999999	1.0	0.2051	0.1009	0.9735	34.9129	2.6061	-36.8518	0.0	3	0.0	0.0		5316	0	0
1701717272988	t	cardealership_test_cue_hotel_lobby_right	0.0	0	0	5.7636	486.144	865.44	1.0	5.5551	604.944	885.12	1.0	0.2077	0.0933	0.9737	34.8055	2.6402	-36.8456	0.0	3	0.0	0.0		5316	0	0
1701717272996	t	cardealership_test_cue_hotel_lobby_right	0.0	0	0	5.79	483.84000000000003	865.1199999999999	1.0	5.5426	600.192	887.52	1.0	0.2032	0.0917	0.9748	34.9433	2.6561	-36.8528	0.0	3	0.0	0.0		5316	0	0
1701717273004	t	cardealership_test_cue_hotel_lobby_right	0.0	0	0	5.7976	480.67199999999997	866.8799999999999	1.0	5.6796	597.456	888.8	1.0	0.2038	0.0918	0.9747	34.8588	2.624	-36.8568	0.0	3	0.0	0.0		5316	0	0
1701717273013	t	cardealership_test_cue_hotel_lobby_right	0.0	0	0	5.9557	479.376	871.84	1.0	5.6621	598.6080000000001	888.8	1.0	0.1958	0.0858	0.9769	35.0159	2.5746	-36.858	0.0	3	0.0	0.0		5316	0	0
1701717273021	t	cardealership_test_cue_hotel_lobby_right	0.0	0	0	5.8817	479.952	877.12	1.0	5.6835	597.456	891.36	1.0	0.1863	0.0797	0.9792	35.2882	2.5089	-36.8667	0.0	3	0.0	0.0		5316	0	0
1701717273029	t	cardealership_test_cue_hotel_lobby_right	0.0	0	0	5.8446	476.352	885.76	1.0	5.7309	595.008	901.2800000000001	1.0	0.1847	0.0764	0.9798	35.375	2.3804	-36.8848	0.0	3	0.0	0.0		5316	0	0
1701717273038	t	cardealership_test_cue_hotel_lobby_right	0.0	0	0	5.9841	460.224	905.12	1.0	5.7272	572.976	919.0400000000001	1.0	0.2184	0.0544	0.9743	35.4909	2.1748	-36.9304	0.0	3	0.0	0.0		5316	0	0
1701717273046	t	cardealership_test_cue_hotel_lobby_right	0.0	0	0	5.8635	438.62399999999997	930.4	1.0	5.8778	547.056	945.12	1.0	0.2657	0.0121	0.964	35.6448	1.9692	-36.9912	0.0	3	0.0	0.0		5316	0	0
1701717273055	t	cardealership_test_cue_hotel_lobby_right	0.0	0	0	6.0087	417.88800000000003	955.1999999999999	1.0	5.7809	522.288	964.9599999999999	1.0	0.3019	-0.028	0.9529	35.8082	1.7799	-37.0639	0.0	3	0.0	0.0		5316	0	0
1701717273063	t	cardealership_test_cue_hotel_lobby_right	0.0	0	0	6.0468	399.45599999999996	972.48	1.0	5.6367	508.032	981.4399999999999	1.0	0.3426	-0.0548	0.9379	35.9392	1.6589	-37.1412	0.0	3	0.0	0.0		5316	0	0
1701717273071	t	cardealership_test_cue_hotel_lobby_right	0.0	0	0	5.9797	387.936	987.52	1.0	5.7126	500.112	989.28	1.0	0.3711	-0.0876	0.9245	35.9856	1.5919	-37.178	0.0	3	0.0	0.0		5316	0	0
1701717273079	t	cardealership_test_cue_hotel_lobby_right	0.0	0	0	6.0484	387.072	992.3199999999999	1.0	5.6806	505.58400000000006	992.6399999999999	1.0	0.3789	-0.099	0.9201	35.9542	1.5736	-37.1768	0.0	3	0.0	0.0		5316	0	0
1701717273088	t	cardealership_test_cue_hotel_lobby_right	0.0	0	0	5.9132	396.72	991.84	1.0	5.7833	515.952	989.7600000000001	1.0	0.3561	-0.0997	0.9291	35.939	1.5585	-37.1358	0.0	3	0.0	0.0		5316	0	0
1701717273096	t	cardealership_test_cue_hotel_lobby_right	0.0	0	0	5.9963	407.376	990.24	1.0	5.79	526.6080000000001	989.12	1.0	0.3381	-0.0991	0.9359	35.793	1.5623	-37.0894	0.0	3	0.0	0.0		5316	0	0
1701717273105	t	cardealership_test_cue_hotel_lobby_right	0.0	0	0	5.8972	416.88	988.48	1.0	5.707	535.68	992.16	1.0	0.3211	-0.1009	0.9416	33.3999	1.5493	-36.9371	0.0	3	0.0	0.0		5316	0	0
1701717273113	t	cardealership_test_cue_hotel_lobby_right	0.0	0	0	5.8742	424.94399999999996	987.52	1.0	5.767	542.88	989.12	1.0	0.292	-0.1093	0.9501	16.9093	1.4033	-36.1172	0.0	3	0.0	0.0		5316	0	0
1701717273121	t	cardealership_test_cue_hotel_lobby_right	0.0	0	0	5.8724	433.00800000000004	983.52	1.0	5.7383	554.112	991.04	1.0	0.2531	-0.1171	0.9603	-2.1038	1.2325	-35.2334	0.0	3	0.0	0.0		5316	0	0
1701717273130	t	cardealership_test_cue_hotel_lobby_right	0.0	0	0	5.8781	442.224	982.08	1.0	5.7634	560.736	988.32	1.0	0.2525	-0.1033	0.9621	5.9326	1.3446	-35.7554	0.0	3	0.0	0.0		5316	0	0
1701717273138	t	cardealership_test_cue_hotel_lobby_right	0.0	0	0	5.7932	450.432	984.6399999999999	1.0	5.7179	569.952	989.9200000000001	1.0	0.2535	-0.1033	0.9618	16.8068	1.4047	-36.1629	0.0	3	0.0	0.0		5316	0	0
1701717273146	t	cardealership_test_cue_hotel_lobby_right	0.0	0	0	5.8091	457.344	984.3199999999999	1.0	5.6002	580.032	989.12	1.0	0.2417	-0.0984	0.9653	15.2595	1.3414	-36.0002	0.0	3	0.0	0.0		5316	0	0
1701717273155	t	cardealership_test_cue_hotel_lobby_right	0.0	0	0	5.855	466.41600000000005	985.92	1.0	5.6436	584.208	991.04	1.0	0.237	-0.1006	0.9663	20.6179	1.3869	-36.2618	0.0	3	0.0	0.0		5316	0	0
1701717273163	t	cardealership_test_cue_hotel_lobby_right	0.0	0	0	5.8081	474.048	986.88	1.0	5.5869	588.9599999999999	992.8000000000001	1.0	0.2375	-0.0977	0.9665	30.5133	1.4617	-36.6941	0.0	3	0.0	0.0		5316	0	0
1701717273171	t	cardealership_test_cue_hotel_lobby_right	0.0	0	0	5.7071	481.248	989.6000000000001	1.0	5.62	598.6080000000001	995.04	1.0	0.2303	-0.1033	0.9676	33.5625	1.4581	-36.7781	0.0	3	0.0	0.0		5316	0	0
1701717273180	t	cardealership_test_cue_hotel_lobby_right	0.0	0	0	5.6733	488.88000000000005	987.52	1.0	5.6367	604.0799999999999	996.96	1.0	0.2184	-0.0912	0.9716	34.4299	1.4398	-36.8236	0.0	3	0.0	0.0		5316	0	0
1701717273188	t	cardealership_test_cue_hotel_lobby_right	0.0	0	0	5.7088	497.23199999999997	989.6000000000001	1.0	5.5452	611.856	1000.6399999999999	1.0	0.2016	-0.0939	0.9749	34.3682	1.4119	-36.8114	0.0	3	0.0	0.0		5316	0	0
1701717273196	t	cardealership_test_cue_hotel_lobby_right	0.0	0	0	5.6487	501.69599999999997	990.7199999999999	1.0	5.5398	618.336	1000.6399999999999	1.0	0.2034	-0.0952	0.9744	34.6979	1.4005	-36.8189	0.0	3	0.0	0.0		5316	0	0
1701717273205	t	cardealership_test_cue_hotel_lobby_right	0.0	0	0	5.6963	509.03999999999996	993.28	1.0	5.5302	623.376	1002.72	1.0	0.1889	-0.1007	0.9768	34.6499	1.3792	-36.8026	0.0	3	0.0	0.0		5316	0	0
1701717273213	t	cardealership_test_cue_hotel_lobby_right	0.0	0	0	5.7008	513.792	995.2	1.0	5.5701	631.728	1003.68	1.0	0.1849	-0.101	0.9776	34.6158	1.3465	-36.8042	0.0	3	0.0	0.0		5316	0	0
1701717273221	t	cardealership_test_cue_hotel_lobby_right	0.0	0	0	5.763	520.416	998.56	1.0	5.652	636.912	1004.48	1.0	0.1727	-0.1067	0.9792	34.4828	1.3173	-36.7958	0.0	3	0.0	0.0		5316	0	0
1701717273230	t	cardealership_test_cue_hotel_lobby_right	0.0	0	0	5.7949	526.032	1000.6399999999999	1.0	5.4752	640.6560000000001	1009.92	1.0	0.1647	-0.1086	0.9803	34.3711	1.2931	-36.802	0.0	3	0.0	0.0		5316	0	0
1701717273238	t	cardealership_test_cue_hotel_lobby_right	0.0	0	0	5.7144	528.912	1003.9999999999999	1.0	5.4756	648.864	1013.12	1.0	0.1677	-0.1149	0.9791	34.3688	1.2633	-36.7962	0.0	3	0.0	0.0		5316	0	0
1701717273246	t	cardealership_test_cue_hotel_lobby_right	0.0	0	0	5.6474	536.832	1005.28	1.0	5.5149	652.176	1016.3199999999999	1.0	0.1501	-0.1153	0.9819	34.1879	1.2364	-36.79	0.0	3	0.0	0.0		5316	0	0
1701717273254	t	cardealership_test_cue_hotel_lobby_right	0.0	0	0	5.6507	542.736	1006.24	1.0	5.5383	660.384	1017.1200000000001	1.0	0.136	-0.1127	0.9843	34.2953	1.2091	-36.8066	0.0	3	0.0	0.0		5316	0	0
1701717273262	t	cardealership_test_cue_hotel_lobby_right	0.0	0	0	5.7358	543.744	1008.8	1.0	5.5458	664.4159999999999	1017.92	1.0	0.1432	-0.1166	0.9828	34.2804	1.1964	-36.832	0.0	3	0.0	0.0		5316	0	0
1701717273272	t	cardealership_test_cue_hotel_lobby_right	0.0	0	0	5.6474	550.512	1008.16	1.0	5.4796	666.864	1018.72	1.0	0.1263	-0.1137	0.9854	34.2243	1.2159	-36.928	0.0	3	0.0	0.0		5316	0	0
1701717273279	t	cardealership_test_cue_hotel_lobby_right	0.0	0	0	5.64	551.952	1008.96	1.0	5.5511	671.184	1019.2	1.0	0.1262	-0.1137	0.9855	34.014	1.1947	-36.8962	0.0	3	0.0	0.0		5316	0	0
1701717273288	t	cardealership_test_cue_hotel_lobby_right	0.0	0	0	5.5773	554.112	1007.84	1.0	5.4509	672.048	1025.1200000000001	1.0	0.1222	-0.11	0.9864	34.0437	1.1882	-36.8869	0.0	3	0.0	0.0		5316	0	0
1701717273296	t	cardealership_test_cue_hotel_lobby_right	0.0	0	0	5.6359	555.696	1007.6800000000001	1.0	5.4261	673.632	1021.9200000000001	1.0	0.1189	-0.1119	0.9866	33.8837	1.2051	-36.8896	0.0	3	0.0	0.0		5316	0	0
1701717273305	t	cardealership_test_cue_hotel_lobby_right	0.0	0	0	5.6592	555.84	1008.0	1.0	5.5443	674.784	1020.96	1.0	0.1224	-0.1173	0.9855	33.851	1.2316	-36.9081	0.0	3	0.0	0.0		5316	0	0
1701717273313	t	cardealership_test_cue_hotel_lobby_right	0.0	0	0	5.6277	557.712	1008.64	1.0	5.3691	672.624	1026.08	1.0	0.1152	-0.1252	0.9854	32.6527	1.2614	-36.925	0.0	3	0.0	0.0		5316	0	0
1701717273321	t	cardealership_test_cue_hotel_lobby_right	0.0	0	0	5.6179	557.856	1006.24	1.0	5.4281	673.9200000000001	1023.5200000000001	1.0	0.1148	-0.1206	0.986	32.7478	1.2996	-36.9942	0.0	3	0.0	0.0		5316	0	0
1701717273330	t	cardealership_test_cue_hotel_lobby_right	0.0	0	0	5.5391	556.5600000000001	1005.5999999999999	1.0	5.4539	675.504	1025.44	1.0	0.1185	-0.1227	0.9853	31.9312	1.2949	-36.9225	0.0	3	0.0	0.0		5316	0	0
1701717273338	t	cardealership_test_cue_hotel_lobby_right	0.0	0	0	5.6007	556.992	1005.28	1.0	5.4754	675.792	1024.32	1.0	0.1164	-0.1233	0.9855	32.3077	1.2928	-36.8805	0.0	3	0.0	0.0		5316	0	0
1701717273346	t	cardealership_test_cue_hotel_lobby_right	0.0	0	0	5.5722	557.712	1005.5999999999999	1.0	5.4616	675.36	1026.88	1.0	0.1128	-0.126	0.9856	32.7874	1.3025	-36.8899	0.0	3	0.0	0.0		5316	0	0
1701717273355	t	cardealership_test_cue_hotel_lobby_right	0.0	0	0	5.5854	557.1360000000001	1004.64	1.0	5.4726	674.352	1028.3200000000002	1.0	0.1077	-0.1291	0.9858	27.6455	1.2564	-36.6836	0.0	3	0.0	0.0		5316	0	0
1701717273363	t	cardealership_test_cue_hotel_lobby_right	0.0	0	0	5.6228	556.1279999999999	1004.1600000000001	1.0	5.4363	673.0559999999999	1026.72	1.0	0.0949	-0.1407	0.9855	14.4295	1.1452	-36.2048	0.0	3	0.0	0.0		5316	0	0
1701717273371	t	cardealership_test_cue_hotel_lobby_right	0.0	0	0	5.6447	556.416	1004.8	1.0	5.5235	670.608	1028.64	1.0	0.1022	-0.1351	0.9855	24.4087	1.2296	-36.5396	0.0	3	0.0	0.0		5316	0	0
1701717273380	t	cardealership_test_cue_hotel_lobby_right	0.0	0	0	5.5665	554.4	1005.7600000000001	1.0	5.4734	670.752	1028.1599999999999	1.0	0.1134	-0.1315	0.9848	31.2622	1.3034	-36.8261	0.0	3	0.0	0.0		5316	0	0
1701717273388	t	cardealership_test_cue_hotel_lobby_right	0.0	0	0	5.5437	552.816	1006.4	1.0	5.4128	671.0400000000001	1030.0800000000002	1.0	0.1147	-0.1352	0.9841	30.6713	1.2993	-36.7986	0.0	3	0.0	0.0		5316	0	0
1701717273396	t	cardealership_test_cue_hotel_lobby_right	0.0	0	0	5.7018	541.584	1009.76	1.0	5.4913	657.9359999999999	1040.16	1.0	0.1289	-0.1287	0.9833	32.3317	1.2216	-36.8186	0.0	3	0.0	0.0		5316	0	0
1701717273405	t	cardealership_test_cue_hotel_lobby_right	0.0	0	0	5.7112	514.368	1021.28	1.0	5.5152	624.528	1043.84	1.0	0.1917	-0.1391	0.9715	33.0198	1.1176	-36.8902	0.0	3	0.0	0.0		5316	0	0
1701717273413	t	cardealership_test_cue_hotel_lobby_right	0.0	0	0	5.8109	480.09599999999995	1040.16	1.0	5.6519	586.368	1059.04	1.0	0.259	-0.1801	0.9489	32.4465	1.0437	-36.9419	0.0	3	0.0	0.0		5316	0	0
1701717273421	t	cardealership_test_cue_hotel_lobby_right	0.0	0	0	5.7784	444.672	1052.1599999999999	1.0	5.5652	549.7919999999999	1068.64	1.0	0.3142	-0.2057	0.9268	26.8722	0.9402	-36.7903	0.0	3	0.0	0.0		5316	0	0
1701717273429	t	cardealership_test_cue_hotel_lobby_right	0.0	0	0	5.774	406.944	1066.3999999999999	1.0	5.5807	517.536	1073.12	1.0	0.3548	-0.228	0.9067	10.9863	0.7039	-36.2262	0.0	3	0.0	0.0		5316	0	0
1701717273437	t	cardealership_test_cue_hotel_lobby_right	0.0	0	0	5.8682	372.96000000000004	1076.96	1.0	5.6002	485.42400000000004	1076.64	1.0	0.3916	-0.2458	0.8867	-13.7475	0.4374	-35.2068	0.0	3	0.0	0.0		5316	0	0
1701717273446	t	cardealership_test_cue_hotel_lobby_right	0.0	0	0	5.821	343.296	1086.88	1.0	5.6948	462.096	1078.72	1.0	0.4203	-0.2503	0.8721	-22.875	0.3564	-34.8679	0.0	3	0.0	0.0		5316	0	0
1701717273454	t	cardealership_test_cue_hotel_lobby_right	0.0	0	0	5.9691	317.088	1092.0	1.0	5.7151	442.656	1082.72	1.0	0.4406	-0.2606	0.859	-26.4444	0.347	-34.7827	0.0	3	0.0	0.0		5316	0	0
1701717273463	t	cardealership_test_cue_hotel_lobby_right	0.0	0	0	5.9181	307.008	1091.04	1.0	5.6999	439.92	1079.52	1.0	0.4445	-0.2513	0.8598	-26.9852	0.3534	-34.7653	0.0	3	0.0	0.0		5316	0	0
1701717273471	t	cardealership_test_cue_hotel_lobby_right	0.0	0	0	5.9453	311.616	1095.6799999999998	1.0	5.7044	441.79200000000003	1081.76	1.0	0.4443	-0.2597	0.8574	-26.8852	0.3558	-34.7595	0.0	3	0.0	0.0		5316	0	0
1701717273479	t	cardealership_test_cue_hotel_lobby_right	0.0	0	0	5.8919	312.76800000000003	1097.12	1.0	5.7518	442.8	1082.4	1.0	0.4455	-0.2615	0.8562	-26.6309	0.3544	-34.7681	0.0	3	0.0	0.0		5316	0	0
1701717273487	t	cardealership_test_cue_hotel_lobby_right	0.0	0	0	5.9701	312.48	1097.92	1.0	5.7441	445.68	1083.04	1.0	0.437	-0.2641	0.8598	-26.0581	0.3526	-34.7853	0.0	3	0.0	0.0		5316	0	0
1701717273495	t	cardealership_test_cue_hotel_lobby_right	0.0	0	0	5.8964	311.76	1096.96	1.0	5.6712	446.976	1082.08	1.0	0.4337	-0.2616	0.8622	-24.7138	0.366	-34.8476	0.0	3	0.0	0.0		5316	0	0
1701717273504	t	cardealership_test_cue_hotel_lobby_right	0.0	0	0	5.8689	306.43199999999996	1097.12	0.6357	5.6349	448.27200000000005	1080.96	1.0	0.4364	-0.2583	0.8619	-20.6471	0.4046	-35.0463	0.0	3	0.0	0.0		5316	0	0
1701717273512	t	cardealership_test_cue_hotel_lobby_right	0.0	0	0	5.9484	308.592	1098.8799999999999	0.6357	5.6173	449.28	1085.1200000000001	1.0	0.4496	-0.2673	0.8523	-11.1465	0.4855	-35.5054	0.0	3	0.0	0.0		5316	0	0
1701717273521	t	cardealership_test_cue_hotel_lobby_right	0.0	0	0	5.93	309.888	1096.0	1.0	5.5964	449.28	1084.6399999999999	1.0	0.4653	-0.257	0.847	-0.6273	0.573	-36.025	0.0	3	0.0	0.0		5316	0	0
1701717273529	t	cardealership_test_cue_hotel_lobby_right	0.0	0	0	5.8951	308.88	1097.6000000000001	1.0	5.6976	450.432	1083.68	1.0	0.4732	-0.2529	0.8439	3.9079	0.6037	-36.2513	0.0	3	0.0	0.0		5316	0	0
1701717273538	t	cardealership_test_cue_hotel_lobby_right	0.0	0	0	5.8669	307.44	1101.1200000000001	1.0	5.6011	451.584	1087.84	1.0	0.4766	-0.2605	0.8396	7.2	0.6175	-36.4204	0.0	3	0.0	0.0		5316	0	0
1701717273546	t	cardealership_test_cue_hotel_lobby_right	0.0	0	0	5.895	311.472	1099.52	1.0	5.6361	453.16799999999995	1085.44	1.0	0.467	-0.2521	0.8475	5.4333	0.5792	-36.3259	0.0	3	0.0	0.0		5316	0	0
1701717273554	t	cardealership_test_cue_hotel_lobby_right	0.0	0	0	5.8298	306.0	1102.08	1.0	5.6892	452.88	1088.64	1.0	0.4725	-0.2588	0.8425	3.1845	0.5534	-36.2327	0.0	3	0.0	0.0		5316	0	0
1701717273562	t	cardealership_test_cue_hotel_lobby_right	0.0	0	0	5.8215	310.464	1100.32	1.0	5.6425	453.024	1089.6000000000001	1.0	0.4636	-0.2587	0.8474	0.9382	0.5213	-36.112	0.0	3	0.0	0.0		5316	0	0
1701717273571	t	cardealership_test_cue_hotel_lobby_right	0.0	0	0	5.8406	307.152	1104.0	1.0	5.6294	453.024	1088.16	1.0	0.4681	-0.2584	0.845	3.0888	0.5358	-36.2275	0.0	3	0.0	0.0		5316	0	0
1701717273579	t	cardealership_test_cue_hotel_lobby_right	0.0	0	0	5.7283	306.288	1103.36	1.0	5.6216	453.16799999999995	1087.36	1.0	0.4671	-0.254	0.8469	3.0281	0.5238	-36.2292	0.0	3	0.0	0.0		5316	0	0
1701717273587	t	cardealership_test_cue_hotel_lobby_right	0.0	0	0	5.8401	308.88	1101.92	1.0	5.5918	453.16799999999995	1086.88	1.0	0.4567	-0.2504	0.8536	2.7921	0.5097	-36.2125	0.0	3	0.0	0.0		5316	0	0
1701717273596	t	cardealership_test_cue_hotel_lobby_right	0.0	0	0	5.902	307.728	1098.56	1.0	5.6518	452.16	1085.6	1.0	0.4549	-0.2433	0.8566	2.5542	0.5084	-36.2048	0.0	3	0.0	0.0		5316	0	0
1701717273606	t	cardealership_test_cue_hotel_lobby_right	0.0	0	0	5.8476	303.55199999999996	1100.32	1.0	5.7007	450.0	1081.92	1.0	0.4609	-0.2395	0.8545	2.4287	0.5178	-36.2105	0.0	3	0.0	0.0		5316	0	0
1701717273612	t	cardealership_test_cue_hotel_lobby_right	0.0	0	0	5.8409	303.98400000000004	1101.92	1.0	5.5803	451.44	1084.1599999999999	1.0	0.45	-0.2486	0.8577	2.4753	0.5215	-36.2049	0.0	3	0.0	0.0		5316	0	0
1701717273621	t	cardealership_test_cue_hotel_lobby_right	0.0	0	0	5.8299	302.4	1101.92	1.0	5.6897	448.84799999999996	1081.4399999999998	1.0	0.4494	-0.2456	0.8589	2.029	0.5303	-36.1871	0.0	3	0.0	0.0		5316	0	0
1701717273629	t	cardealership_test_cue_hotel_lobby_right	0.0	0	0	5.6812	298.8	1101.76	1.0	5.6064	451.44	1080.32	1.0	0.4445	-0.2463	0.8613	1.5909	0.5367	-36.1658	0.0	3	0.0	0.0		5316	0	0
1701717273638	t	cardealership_test_cue_hotel_lobby_right	0.0	0	0	5.8298	299.952	1101.44	1.0	5.666	451.15200000000004	1081.76	1.0	0.44	-0.2489	0.8628	1.3	0.5345	-36.1467	0.0	3	0.0	0.0		5316	0	0
1701717273646	t	cardealership_test_cue_hotel_lobby_right	0.0	0	0	5.8413	301.392	1096.0	1.0	5.5731	452.16	1077.76	1.0	0.438	-0.235	0.8677	2.3096	0.5435	-36.1924	0.0	3	0.0	0.0		5316	0	0
1701717273654	t	cardealership_test_cue_hotel_lobby_right	0.0	0	0	5.8196	304.848	1096.16	1.0	5.627	453.024	1076.48	1.0	0.4369	-0.2334	0.8687	5.1007	0.5655	-36.321	0.0	3	0.0	0.0		5316	0	0
1701717273662	t	cardealership_test_cue_hotel_lobby_right	0.0	0	0	5.8451	307.152	1096.16	1.0	5.5165	455.328	1079.36	1.0	0.4317	-0.2393	0.8697	5.5942	0.5668	-36.3346	0.0	3	0.0	0.0		5316	0	0
1701717273671	t	cardealership_test_cue_hotel_lobby_right	0.0	0	0	5.8188	311.32800000000003	1095.04	1.0	5.5042	456.768	1080.48	1.0	0.4312	-0.2395	0.8699	3.9451	0.5405	-36.2288	0.0	3	0.0	0.0		5316	0	0
1701717273679	t	cardealership_test_cue_hotel_lobby_right	0.0	0	0	5.897	313.2	1094.08	1.0	5.5974	459.93600000000004	1078.88	1.0	0.4285	-0.2322	0.8732	3.6036	0.5199	-36.2058	0.0	3	0.0	0.0		5316	0	0
1701717273688	t	cardealership_test_cue_hotel_lobby_right	0.0	0	0	5.7505	319.104	1098.4	1.0	5.5036	463.536	1079.36	1.0	0.4194	-0.2395	0.8756	2.8893	0.4966	-36.1492	0.0	3	0.0	0.0		5316	0	0
1701717273696	t	cardealership_test_cue_hotel_lobby_right	0.0	0	0	5.7684	320.4	1093.76	1.0	5.6333	465.55199999999996	1077.28	1.0	0.4208	-0.2271	0.8783	2.315	0.4827	-36.1194	0.0	3	0.0	0.0		5316	0	0
1701717273704	t	cardealership_test_cue_hotel_lobby_right	0.0	0	0	5.77	327.45599999999996	1091.3600000000001	1.0	5.663	471.6	1078.56	1.0	0.403	-0.2264	0.8867	0.9762	0.451	-36.0276	0.0	3	0.0	0.0		5316	0	0
1701717273713	t	cardealership_test_cue_hotel_lobby_right	0.0	0	0	5.7549	329.76	1090.72	1.0	5.553	474.19199999999995	1078.88	1.0	0.3991	-0.2246	0.889	0.1841	0.4301	-35.9825	0.0	3	0.0	0.0		5316	0	0
1701717273721	t	cardealership_test_cue_hotel_lobby_right	0.0	0	0	5.7719	336.096	1092.96	1.0	5.5213	476.64000000000004	1078.72	1.0	0.389	-0.2278	0.8926	-1.4984	0.4052	-35.8863	0.0	3	0.0	0.0		5316	0	0
1701717273729	t	cardealership_test_cue_hotel_lobby_right	0.0	0	0	5.7742	337.104	1091.68	1.0	5.6268	480.528	1077.76	1.0	0.3867	-0.2222	0.8951	-1.4614	0.3932	-35.8826	0.0	3	0.0	0.0		5316	0	0
1701717273738	t	cardealership_test_cue_hotel_lobby_right	0.0	0	0	5.6965	343.872	1091.52	1.0	5.5593	484.56000000000006	1082.4	1.0	0.3715	-0.232	0.899	-4.2798	0.3489	-35.7255	0.0	3	0.0	0.0		5316	0	0
1701717273746	t	cardealership_test_cue_hotel_lobby_right	0.0	0	0	5.7313	345.168	1095.6799999999998	1.0	5.5532	484.272	1078.4	1.0	0.3737	-0.2265	0.8995	-4.2512	0.3431	-35.7294	0.0	3	0.0	0.0		5316	0	0
1701717273754	t	cardealership_test_cue_hotel_lobby_right	0.0	0	0	5.5867	346.32	1098.08	1.0	5.5484	488.736	1080.8	1.0	0.3651	-0.2331	0.9013	-3.8175	0.3332	-35.7458	0.0	3	0.0	0.0		5316	0	0
1701717273763	t	cardealership_test_cue_hotel_lobby_right	0.0	0	0	5.6699	351.648	1088.64	1.0	5.5753	492.048	1080.48	1.0	0.3586	-0.2191	0.9074	-2.5544	0.3273	-35.7996	0.0	3	0.0	0.0		5316	0	0
1701717273771	t	cardealership_test_cue_hotel_lobby_right	0.0	0	0	5.7152	358.128	1090.24	1.0	5.5166	494.208	1081.6000000000001	1.0	0.3451	-0.2244	0.9113	-2.2135	0.3237	-35.8028	0.0	3	0.0	0.0		5316	0	0
1701717273779	t	cardealership_test_cue_hotel_lobby_right	0.0	0	0	5.6471	349.632	1086.4	1.0	5.6648	484.272	1077.1200000000001	1.0	0.3607	-0.2073	0.9093	-0.8926	0.341	-35.8868	0.0	3	0.0	0.0		5316	0	0
1701717273788	t	cardealership_test_cue_hotel_lobby_right	0.0	0	0	5.6834	326.304	1085.28	1.0	5.5454	462.67199999999997	1083.3600000000001	1.0	0.397	-0.2131	0.8927	1.198	0.3869	-36.0627	0.0	3	0.0	0.0		5316	0	0
1701717273796	t	cardealership_test_cue_hotel_lobby_right	0.0	0	0	5.7507	297.216	1085.44	1.0	5.6028	432.0	1072.32	1.0	0.4442	-0.1967	0.8741	3.183	0.5054	-36.2728	0.0	3	0.0	0.0		5316	0	0
1701717273804	t	cardealership_test_cue_hotel_lobby_right	0.0	0	0	5.749	282.528	1075.68	1.0	5.6941	415.296	1055.2	1.0	0.4622	-0.1785	0.8686	-0.6083	0.639	-36.1092	0.0	3	0.0	0.0		5316	0	0
1701717273812	t	cardealership_test_cue_hotel_lobby_right	0.0	0	0	5.8175	272.016	1054.24	1.0	5.6275	411.11999999999995	1035.04	1.0	0.4744	-0.1336	0.8701	-4.3229	0.7446	-35.9401	0.0	3	0.0	0.0		5316	0	0
1701717273821	t	cardealership_test_cue_hotel_lobby_right	0.0	0	0	5.7733	273.312	1041.76	1.0	5.5967	417.88800000000003	1028.8	1.0	0.4576	-0.1158	0.8815	-10.4816	0.7197	-35.6075	0.0	3	0.0	0.0		5316	0	0
1701717273829	t	cardealership_test_cue_hotel_lobby_right	0.0	0	0	5.8097	284.256	1039.2	1.0	5.5419	425.664	1029.6	1.0	0.4466	-0.1199	0.8866	-12.4322	0.6975	-35.4697	0.0	3	0.0	0.0		5316	0	0
1701717273838	t	cardealership_test_cue_hotel_lobby_right	0.0	0	0	5.5244	293.76	1051.68	1.0	5.6114	432.432	1030.0800000000002	1.0	0.4406	-0.1241	0.8891	-10.8468	0.6657	-35.5282	0.0	3	0.0	0.0		5316	0	0
1701717273845	t	cardealership_test_cue_hotel_lobby_right	0.0	0	0	5.7704	301.104	1042.88	1.0	5.6077	438.192	1031.52	1.0	0.4287	-0.1181	0.8957	-8.8047	0.6584	-35.6116	0.0	3	0.0	0.0		5316	0	0
1701717273854	t	cardealership_test_cue_hotel_lobby_right	0.0	0	0	5.7855	306.43199999999996	1042.24	1.0	5.6202	444.96	1030.72	1.0	0.4222	-0.1129	0.8994	-4.6303	0.6741	-35.8	0.0	3	0.0	0.0		5316	0	0
1701717273862	t	cardealership_test_cue_hotel_lobby_right	0.0	0	0	5.7291	310.608	1042.7199999999998	1.0	5.5793	449.856	1032.32	1.0	0.4234	-0.1158	0.8985	-1.7448	0.6864	-35.9252	0.0	3	0.0	0.0		5316	0	0
1701717273870	t	cardealership_test_cue_hotel_lobby_right	0.0	0	0	5.7888	317.088	1039.2	1.0	5.5671	455.47200000000004	1032.16	1.0	0.4161	-0.1092	0.9027	-1.0355	0.6751	-35.9394	0.0	3	0.0	0.0		5316	0	0
1701717273879	t	cardealership_test_cue_hotel_lobby_right	0.0	0	0	5.7204	322.416	1039.04	1.0	5.4953	460.51199999999994	1035.68	1.0	0.4045	-0.1159	0.9072	-3.2605	0.6328	-35.8145	0.0	3	0.0	0.0		5316	0	0
1701717273887	t	cardealership_test_cue_hotel_lobby_right	0.0	0	0	5.633	328.896	1036.96	1.0	5.5073	465.55199999999996	1033.1200000000001	1.0	0.3985	-0.1045	0.9112	-4.5859	0.5953	-35.7416	0.0	3	0.0	0.0		5316	0	0
1701717273896	t	cardealership_test_cue_hotel_lobby_right	0.0	0	0	5.6491	332.20799999999997	1041.76	1.0	5.4882	471.024	1038.56	1.0	0.3944	-0.1182	0.9113	-3.7512	0.5763	-35.7615	0.0	3	0.0	0.0		5316	0	0
1701717273904	t	cardealership_test_cue_hotel_lobby_right	0.0	0	0	5.6819	337.824	1039.52	1.0	5.5102	474.336	1037.28	1.0	0.393	-0.1079	0.9132	-2.0989	0.5676	-35.8341	0.0	3	0.0	0.0		5316	0	0
1701717273912	t	cardealership_test_cue_hotel_lobby_right	0.0	0	0	5.6218	342.432	1042.3999999999999	1.0	5.5457	479.664	1037.28	1.0	0.3865	-0.1102	0.9157	-1.2226	0.5612	-35.8612	0.0	3	0.0	0.0		5316	0	0
1701717273921	t	cardealership_test_cue_hotel_lobby_right	0.0	0	0	5.5782	344.59200000000004	1039.52	1.0	5.531	483.408	1038.0800000000002	1.0	0.3833	-0.1069	0.9174	-1.5787	0.5458	-35.8362	0.0	3	0.0	0.0		5316	0	0
1701717273929	t	cardealership_test_cue_hotel_lobby_right	0.0	0	0	5.5833	349.92	1040.48	1.0	5.405	487.008	1039.36	1.0	0.3763	-0.1093	0.92	-0.7837	0.536	-35.8618	0.0	3	0.0	0.0		5316	0	0
1701717273937	t	cardealership_test_cue_hotel_lobby_right	0.0	0	0	5.6391	353.23199999999997	1039.36	1.0	5.5025	488.592	1037.92	1.0	0.3741	-0.1025	0.9217	-0.2007	0.5317	-35.8863	0.0	3	0.0	0.0		5316	0	0
1701717273946	t	cardealership_test_cue_hotel_lobby_right	0.0	0	0	5.6249	358.128	1038.8799999999999	1.0	5.4315	489.45599999999996	1040.0	1.0	0.3696	-0.1047	0.9233	0.3459	0.5244	-35.903	0.0	3	0.0	0.0		5316	0	0
1701717273954	t	cardealership_test_cue_hotel_lobby_right	0.0	0	0	5.5552	357.84	1040.6399999999999	1.0	5.3908	492.192	1040.16	1.0	0.3702	-0.1054	0.9229	0.973	0.5189	-35.9316	0.0	3	0.0	0.0		5316	0	0
1701717273962	t	cardealership_test_cue_hotel_lobby_right	0.0	0	0	5.5835	360.72	1039.04	1.0	5.4545	493.20000000000005	1038.72	1.0	0.3675	-0.098	0.9248	0.7872	0.5048	-35.9223	0.0	3	0.0	0.0		5316	0	0
1701717273971	t	cardealership_test_cue_hotel_lobby_right	0.0	0	0	5.6653	361.872	1036.64	1.0	5.4523	494.064	1038.24	1.0	0.3689	-0.0936	0.9247	0.5531	0.5044	-35.9059	0.0	3	0.0	0.0		5316	0	0
1701717273982	t	cardealership_test_cue_hotel_lobby_right	0.0	0	0	5.5895	362.304	1034.56	1.0	5.4786	496.368	1039.8400000000001	1.0	0.3677	-0.0939	0.9252	0.6754	0.5035	-35.9084	0.0	3	0.0	0.0		5316	0	0
1701717273988	t	cardealership_test_cue_hotel_lobby_right	0.0	0	0	5.6504	365.328	1036.1599999999999	1.0	5.4315	498.23999999999995	1036.48	1.0	0.3619	-0.0906	0.9278	0.6921	0.5034	-35.9014	0.0	3	0.0	0.0		5316	0	0
1701717273996	t	cardealership_test_cue_hotel_lobby_right	0.0	0	0	5.674	367.05600000000004	1037.92	1.0	5.502	496.512	1036.64	1.0	0.3653	-0.0928	0.9262	1.4346	0.5101	-35.9342	0.0	3	0.0	0.0		5316	0	0
1701717274004	t	cardealership_test_cue_hotel_lobby_right	0.0	0	0	5.6546	367.488	1042.08	1.0	5.4882	498.67199999999997	1039.04	1.0	0.3622	-0.0994	0.9268	2.3039	0.4951	-35.9715	0.0	3	0.0	0.0		5316	0	0
1701717274012	t	cardealership_test_cue_hotel_lobby_right	0.0	0	0	5.5642	368.784	1041.44	1.0	5.4928	501.84	1036.96	1.0	0.3598	-0.0928	0.9284	2.9217	0.4903	-36.0005	0.0	3	0.0	0.0		5316	0	0
1701717274021	t	cardealership_test_cue_hotel_lobby_right	0.0	0	0	5.6075	369.07199999999995	1042.88	1.0	5.5242	501.98400000000004	1036.64	1.0	0.364	-0.0913	0.9269	3.2729	0.4812	-36.0184	0.0	3	0.0	0.0		5316	0	0
1701717274029	t	cardealership_test_cue_hotel_lobby_right	0.0	0	0	5.4917	372.67199999999997	1044.96	1.0	5.4937	503.42400000000004	1035.52	1.0	0.3601	-0.0923	0.9283	3.0699	0.4704	-36.0001	0.0	3	0.0	0.0		5316	0	0
1701717274037	t	cardealership_test_cue_hotel_lobby_right	0.0	0	0	5.4896	373.39199999999994	1044.0	1.0	5.466	505.872	1034.24	1.0	0.3604	-0.0874	0.9287	3.3216	0.4665	-36.0108	0.0	3	0.0	0.0		5316	0	0
1701717274046	t	cardealership_test_cue_hotel_lobby_right	0.0	0	0	5.4612	375.264	1042.3999999999999	1.0	5.4741	505.728	1034.3999999999999	1.0	0.3645	-0.0843	0.9274	3.2863	0.4626	-36.0081	0.0	3	0.0	0.0		5316	0	0
1701717274054	t	cardealership_test_cue_hotel_lobby_right	0.0	0	0	5.5169	377.28000000000003	1042.88	1.0	5.4492	508.896	1035.04	1.0	0.3581	-0.0851	0.9298	3.1732	0.4504	-35.9935	0.0	3	0.0	0.0		5316	0	0
1701717274062	t	cardealership_test_cue_hotel_lobby_right	0.0	0	0	5.6564	374.97600000000006	1043.84	1.0	5.5149	510.192	1034.08	1.0	0.3619	-0.0811	0.9287	4.8954	0.4549	-36.0807	0.0	3	0.0	0.0		5316	0	0
1701717274071	t	cardealership_test_cue_hotel_lobby_right	0.0	0	0	5.5701	377.712	1045.9199999999998	1.0	5.5065	508.176	1033.28	1.0	0.3603	-0.082	0.9292	5.101	0.4454	-36.0864	0.0	3	0.0	0.0		5316	0	0
1701717274079	t	cardealership_test_cue_hotel_lobby_right	0.0	0	0	5.6383	376.41600000000005	1045.76	1.0	5.4958	507.88800000000003	1034.24	1.0	0.3612	-0.0843	0.9287	5.3669	0.4535	-36.0983	0.0	3	0.0	0.0		5316	0	0
1701717274087	t	cardealership_test_cue_hotel_lobby_right	0.0	0	0	5.6319	374.25600000000003	1047.68	1.0	5.544	506.44800000000004	1035.3600000000001	1.0	0.364	-0.0875	0.9273	5.3436	0.4473	-36.1028	0.0	3	0.0	0.0		5316	0	0
1701717274096	t	cardealership_test_cue_hotel_lobby_right	0.0	0	0	5.648	369.36	1044.8	1.0	5.4653	501.264	1031.2	1.0	0.369	-0.0799	0.926	4.7476	0.4715	-36.0849	0.0	3	0.0	0.0		5316	0	0
1701717274104	t	cardealership_test_cue_hotel_lobby_right	0.0	0	0	5.6191	361.72799999999995	1033.92	1.0	5.5254	489.168	1021.4399999999999	1.0	0.3859	-0.0631	0.9203	4.8796	0.5786	-36.1092	0.0	3	0.0	0.0		5316	0	0
1701717274112	t	cardealership_test_cue_hotel_lobby_right	0.0	0	0	5.5136	353.808	1015.1999999999999	1.0	5.5571	474.912	1007.5200000000001	1.0	0.4065	-0.0316	0.9131	2.5433	0.6985	-36.0241	0.0	3	0.0	0.0		5316	0	0
1701717274121	t	cardealership_test_cue_hotel_lobby_right	0.0	0	0	5.5413	346.75199999999995	1002.72	1.0	5.5676	466.41600000000005	988.9599999999999	1.0	0.428	-0.0007	0.9038	8.6379	0.8814	-36.3469	0.0	3	0.0	0.0		5316	0	0
1701717274129	t	cardealership_test_cue_hotel_lobby_right	0.0	0	0	5.666	345.024	983.84	1.0	5.602	463.104	977.6	1.0	0.4291	0.0444	0.9022	9.2362	0.9437	-36.4111	0.0	3	0.0	0.0		5316	0	0
1701717274137	t	cardealership_test_cue_hotel_lobby_right	0.0	0	0	5.791	340.416	984.4799999999999	1.0	5.5598	464.11199999999997	978.2400000000001	1.0	0.4231	0.0423	0.9051	0.1059	0.8618	-35.9674	0.0	3	0.0	0.0		5316	0	0
1701717274146	t	cardealership_test_cue_hotel_lobby_right	0.0	0	0	5.6651	338.4	987.8399999999999	1.0	5.5959	466.84799999999996	979.04	1.0	0.4208	0.0391	0.9063	-2.0345	0.8217	-35.8544	0.0	3	0.0	0.0		5316	0	0
1701717274154	t	cardealership_test_cue_hotel_lobby_right	0.0	0	0	5.5955	338.4	991.2	1.0	5.6429	464.832	982.08	1.0	0.4215	0.0327	0.9062	-2.5461	0.7957	-35.8323	0.0	3	0.0	0.0		5316	0	0
1701717274162	t	cardealership_test_cue_hotel_lobby_right	0.0	0	0	5.6496	337.96799999999996	992.0	1.0	5.605	463.824	982.08	1.0	0.4206	0.0334	0.9066	-2.5519	0.7892	-35.838	0.0	3	0.0	0.0		5316	0	0
1701717274171	t	cardealership_test_cue_hotel_lobby_right	0.0	0	0	5.5557	336.24	991.84	1.0	5.5595	466.84799999999996	983.04	1.0	0.4151	0.0302	0.9092	-2.6548	0.7871	-35.8264	0.0	3	0.0	0.0		5316	0	0
1701717274179	t	cardealership_test_cue_hotel_lobby_right	0.0	0	0	5.6098	336.384	993.12	1.0	5.6382	464.688	981.6	1.0	0.4218	0.0328	0.9061	-1.3456	0.7991	-35.8966	0.0	3	0.0	0.0		5316	0	0
1701717274188	t	cardealership_test_cue_hotel_lobby_right	0.0	0	0	5.669	336.24	993.12	1.0	5.6291	466.84799999999996	984.16	1.0	0.4209	0.0281	0.9067	0.3802	0.8082	-35.9736	0.0	3	0.0	0.0		5316	0	0
1701717274196	t	cardealership_test_cue_hotel_lobby_right	0.0	0	0	5.626	335.52000000000004	993.76	1.0	5.6402	466.41600000000005	981.6	1.0	0.4261	0.0332	0.9041	2.422	0.8244	-36.0803	0.0	3	0.0	0.0		5316	0	0
1701717274204	t	cardealership_test_cue_hotel_lobby_right	0.0	0	0	5.6271	334.8	994.4000000000001	1.0	5.6579	467.136	982.56	1.0	0.4278	0.0299	0.9034	2.9655	0.8295	-36.103	0.0	3	0.0	0.0		5316	0	0
1701717274213	t	cardealership_test_cue_hotel_lobby_right	0.0	0	0	5.6288	335.376	994.0799999999999	1.0	5.5735	467.424	980.32	1.0	0.4291	0.0332	0.9026	3.5739	0.841	-36.1322	0.0	3	0.0	0.0		5316	0	0
1701717274221	t	cardealership_test_cue_hotel_lobby_right	0.0	0	0	5.6467	336.672	990.08	1.0	5.5926	469.152	981.4399999999999	1.0	0.4289	0.0365	0.9026	5.5073	0.8613	-36.2242	0.0	3	0.0	0.0		5316	0	0
1701717274229	t	cardealership_test_cue_hotel_lobby_right	0.0	0	0	5.688	339.696	989.7600000000001	1.0	5.6314	470.448	983.84	1.0	0.4253	0.0311	0.9045	5.8937	0.8688	-36.2274	0.0	3	0.0	0.0		5316	0	0
1701717274238	t	cardealership_test_cue_hotel_lobby_right	0.0	0	0	5.6493	342.288	991.36	1.0	5.5715	470.304	980.8	1.0	0.4239	0.0308	0.9052	5.1025	0.8701	-36.1813	0.0	3	0.0	0.0		5316	0	0
1701717274246	t	cardealership_test_cue_hotel_lobby_right	0.0	0	0	5.6596	342.71999999999997	986.88	1.0	5.6019	474.048	982.24	1.0	0.4187	0.0335	0.9075	3.6103	0.8632	-36.0999	0.0	3	0.0	0.0		5316	0	0
1701717274254	t	cardealership_test_cue_hotel_lobby_right	0.0	0	0	5.6461	341.712	987.8399999999999	1.0	5.615	473.904	982.08	1.0	0.4231	0.0322	0.9055	3.4446	0.8643	-36.0932	0.0	3	0.0	0.0		5316	0	0
1701717274263	t	cardealership_test_cue_hotel_lobby_right	0.0	0	0	5.7018	342.576	986.88	1.0	5.6209	473.904	981.6	1.0	0.4229	0.0347	0.9055	3.0797	0.8624	-36.0731	0.0	3	0.0	0.0		5316	0	0
1701717274271	t	cardealership_test_cue_hotel_lobby_right	0.0	0	0	5.7513	343.44	987.8399999999999	1.0	5.5741	474.48	982.56	1.0	0.4209	0.0309	0.9066	3.2236	0.8631	-36.0768	0.0	3	0.0	0.0		5316	0	0
1701717274281	t	cardealership_test_cue_hotel_lobby_right	0.0	0	0	5.6968	343.15200000000004	988.64	1.0	5.6022	474.624	982.4	1.0	0.4223	0.03	0.9059	3.5798	0.8661	-36.0925	0.0	3	0.0	0.0		5316	0	0
1701717274288	t	cardealership_test_cue_hotel_lobby_right	0.0	0	0	5.6966	343.44	988.48	1.0	5.5742	474.768	982.56	1.0	0.4226	0.0297	0.9058	3.9192	0.8689	-36.1073	0.0	3	0.0	0.0		5316	0	0
1701717274296	t	cardealership_test_cue_hotel_lobby_right	0.0	0	0	5.6695	343.15200000000004	988.9599999999999	1.0	5.6028	474.624	982.4	1.0	0.4237	0.0292	0.9053	3.7803	0.8679	-36.0985	0.0	3	0.0	0.0		5316	0	0
1701717274304	t	cardealership_test_cue_hotel_lobby_right	0.0	0	0	5.6428	342.86400000000003	989.28	1.0	5.5764	474.48	982.24	1.0	0.4257	0.0293	0.9044	5.0075	0.8773	-36.159	0.0	3	0.0	0.0		5316	0	0
1701717274313	t	cardealership_test_cue_hotel_lobby_right	0.0	0	0	5.6446	342.576	988.8	1.0	5.604	474.048	982.4	1.0	0.4273	0.0299	0.9036	5.1449	0.8788	-36.1663	0.0	3	0.0	0.0		5316	0	0
1701717274321	t	cardealership_test_cue_hotel_lobby_right	0.0	0	0	5.6437	342.288	989.28	1.0	5.6308	473.76000000000005	982.56	1.0	0.4273	0.0282	0.9037	3.4759	0.8667	-36.082	0.0	3	0.0	0.0		5316	0	0
1701717274329	t	cardealership_test_cue_hotel_lobby_right	0.0	0	0	5.6712	342.0	988.8	1.0	5.57	470.16	980.64	1.0	0.4323	0.0327	0.9011	3.8089	0.8725	-36.1036	0.0	3	0.0	0.0		5316	0	0
1701717274337	t	cardealership_test_cue_hotel_lobby_right	0.0	0	0	5.6442	341.712	989.28	1.0	5.622	470.448	981.6	1.0	0.4312	0.0303	0.9017	3.4395	0.8673	-36.0827	0.0	3	0.0	0.0		5316	0	0
1701717274346	t	cardealership_test_cue_hotel_lobby_right	0.0	0	0	5.7508	333.936	992.96	1.0	5.64	470.448	982.56	1.0	0.4396	0.0257	0.8978	3.1678	0.8609	-36.0815	0.0	3	0.0	0.0		5316	0	0
1701717274354	t	cardealership_test_cue_hotel_lobby_right	0.0	0	0	5.5942	333.79200000000003	995.52	1.0	5.5994	470.016	982.4	1.0	0.44	0.0214	0.8977	2.8574	0.8561	-36.063	0.0	3	0.0	0.0		5316	0	0
1701717274362	t	cardealership_test_cue_hotel_lobby_right	0.0	0	0	5.5852	333.072	995.8399999999999	1.0	5.6197	469.584	982.24	1.0	0.4407	0.0212	0.8974	2.5487	0.8548	-36.0477	0.0	3	0.0	0.0		5316	0	0
1701717274370	t	cardealership_test_cue_hotel_lobby_right	0.0	0	0	5.6421	330.192	993.92	1.0	5.6306	468.144	982.56	1.0	0.4444	0.0241	0.8955	1.8204	0.8523	-36.0196	0.0	3	0.0	0.0		5316	0	0
1701717274379	t	cardealership_test_cue_hotel_lobby_right	0.0	0	0	5.6555	333.072	994.2399999999999	1.0	5.6214	467.568	981.9200000000001	1.0	0.4384	0.0244	0.8984	1.7749	0.8487	-36.0114	0.0	3	0.0	0.0		5316	0	0
1701717274387	t	cardealership_test_cue_hotel_lobby_right	0.0	0	0	5.586	327.74399999999997	996.0000000000001	1.0	5.6545	465.264	982.4	1.0	0.4485	0.0225	0.8935	1.7451	0.8508	-36.0234	0.0	3	0.0	0.0		5316	0	0
1701717274396	t	cardealership_test_cue_hotel_lobby_right	0.0	0	0	5.6596	330.336	993.92	1.0	5.6781	465.55199999999996	982.7199999999999	1.0	0.4422	0.0255	0.8965	2.0979	0.846	-36.0365	0.0	3	0.0	0.0		5316	0	0
1701717274404	t	cardealership_test_cue_hotel_lobby_right	0.0	0	0	5.7071	328.608	996.48	1.0	5.6439	464.40000000000003	980.9599999999999	1.0	0.4462	0.0273	0.8945	2.653	0.8448	-36.0722	0.0	3	0.0	0.0		5316	0	0
1701717274412	t	cardealership_test_cue_hotel_lobby_right	0.0	0	0	5.7549	329.904	992.16	1.0	5.6755	469.728	984.16	1.0	0.4499	0.029	0.8926	2.9199	0.8413	-36.0749	0.0	3	0.0	0.0		5316	0	0
1701717274420	t	cardealership_test_cue_hotel_lobby_right	0.0	0	0	5.6303	350.352	988.9599999999999	1.0	5.6906	491.616	985.12	1.0	0.4219	0.0222	0.9064	3.4574	0.8566	-36.0284	0.0	3	0.0	0.0		5316	0	0
1701717274429	t	cardealership_test_cue_hotel_lobby_right	0.0	0	0	5.6203	388.8	983.04	1.0	5.5916	528.48	982.7199999999999	1.0	0.3436	0.0286	0.9387	1.6704	0.798	-35.7989	0.0	3	0.0	0.0		5316	0	0
1701717274437	t	cardealership_test_cue_hotel_lobby_right	0.0	0	0	5.7191	420.91200000000003	982.7199999999999	1.0	5.6939	566.4960000000001	981.1199999999999	1.0	0.3306	0.0472	0.9426	34.7127	1.0382	-37.3481	0.0	3	0.0	0.0		5316	0	0
1701717274446	t	cardealership_test_cue_hotel_lobby_right	0.0	0	0	5.5332	451.72799999999995	983.6800000000001	1.0	5.6304	602.0640000000001	981.9200000000001	1.0	0.3076	0.0387	0.9507	33.7174	1.0121	-37.2119	0.0	3	0.0	0.0		5316	0	0
1701717274454	t	cardealership_test_cue_hotel_lobby_right	0.0	0	0	-1.0	486.43199999999996	996.0000000000001	0.6489	5.5453	629.136	984.0	0.989	0.1481	-0.0068	0.9889	-29.3975	0.6908	-34.6662	0.0	3	0.0	0.0		5316	0	0
1701717274463	t	cardealership_test_cue_hotel_lobby_right	0.0	0	0	-1.0	516.24	1011.8399999999999	0.651	4.8407	653.616	1008.64	0.9892	0.105	-0.0957	0.9899	-29.6951	0.7561	-35.0097	0.0	3	0.0	0.0		5316	0	0
1701717274471	t	cardealership_test_cue_hotel_lobby_right	0.0	0	0	-1.0	540.0	1023.6800000000001	0.6086	5.2047	692.0640000000001	1022.72	0.6713	-0.0009	-0.1251	0.9921	-29.9412	0.6901	-35.0835	0.0	3	0.0	0.0		5316	0	0
1701717274479	t	cardealership_test_cue_hotel_lobby_right	0.0	0	0	-1.0	573.984	1044.1599999999999	0.6086	5.1378	715.68	1036.0	0.6713	-0.0589	-0.1596	0.9854	-30.1317	0.6895	-35.2731	0.0	3	0.0	0.0		5316	0	0
1701717274487	t	cardealership_test_cue_hotel_lobby_right	0.0	0	0	-1.0	596.16	1064.0	0.4957	5.3366	726.048	1034.56	0.4707	-0.0714	-0.1367	0.988	-30.2743	0.44	-34.7026	0.0	3	0.0	0.0		5316	0	0
1701717274496	t	cardealership_test_cue_hotel_lobby_right	0.0	0	0	-1.0	609.408	1061.1200000000001	0.4957	5.5154	736.4159999999999	1048.48	0.4707	-0.095	-0.1696	0.9809	-30.3635	0.284	-34.432	0.0	3	0.0	0.0		5316	0	0
1701717274504	t	cardealership_test_cue_hotel_lobby_right	0.0	0	0	-1.0	622.3679999999999	1060.32	0.5231	5.4556	737.28	1054.24	0.4821	-0.0874	-0.1821	0.9794	-30.4156	0.2375	-34.4195	0.0	3	0.0	0.0		5316	0	0
1701717274513	t	cardealership_test_cue_hotel_lobby_right	0.0	0	0	-1.0	626.1120000000001	1065.92	0.5231	5.4072	739.2959999999999	1053.44	0.4821	-0.0988	-0.1777	0.9791	-30.4042	0.2308	-34.4226	0.0	3	0.0	0.0		5316	0	0
1701717274521	t	cardealership_test_cue_hotel_lobby_right	0.0	0	0	5.0475	619.92	1070.08	0.6499	5.4307	735.696	1052.0	0.5804	-0.0034	-0.1915	0.9815	30.6626	0.5718	-36.9686	0.0	3	0.0	0.0		5316	0	0
1701717274530	t	cardealership_test_cue_hotel_lobby_right	0.0	0	0	5.3614	618.048	1056.8	0.6499	5.4662	731.808	1048.0	0.5804	-0.0167	-0.1422	0.9897	22.1089	0.4748	-36.5457	0.0	3	0.0	0.0		5316	0	0
1701717274538	t	cardealership_test_cue_hotel_lobby_right	0.0	0	0	5.1722	612.8639999999999	1056.48	0.7286	5.4709	730.08	1046.72	0.6472	0.0033	-0.1452	0.9894	27.7196	0.5606	-36.8862	0.0	3	0.0	0.0		5316	0	0
1701717274546	t	cardealership_test_cue_hotel_lobby_right	0.0	0	0	5.1618	608.4	1058.08	0.7286	5.4423	723.888	1042.56	0.6472	-0.0338	-0.1469	0.9886	-12.8528	0.3257	-35.0852	0.0	3	0.0	0.0		5316	0	0
1701717274554	t	cardealership_test_cue_hotel_lobby_right	0.0	0	0	5.1404	605.952	1052.96	0.8118	5.506	724.176	1042.24	0.7416	-0.0499	-0.1462	0.988	-20.0653	0.291	-34.7286	0.0	3	0.0	0.0		5316	0	0
1701717274563	t	cardealership_test_cue_hotel_lobby_right	0.0	0	0	5.2747	602.0640000000001	1049.76	0.8118	5.5176	721.728	1043.68	0.7416	-0.0502	-0.1519	0.9871	-23.5561	0.2927	-34.6183	0.0	3	0.0	0.0		5316	0	0
1701717274571	t	cardealership_test_cue_hotel_lobby_right	0.0	0	0	5.3867	604.2239999999999	1050.24	0.8362	5.5081	718.416	1043.04	0.8145	-0.0466	-0.1505	0.9875	-25.4877	0.2695	-34.4984	0.0	3	0.0	0.0		5316	0	0
1701717274579	t	cardealership_test_cue_hotel_lobby_right	0.0	0	0	5.3704	602.0640000000001	1045.9199999999998	0.8362	5.5202	717.408	1044.64	0.8145	-0.0478	-0.1559	0.9866	-26.9266	0.2661	-34.4524	0.0	3	0.0	0.0		5316	0	0
1701717274588	t	cardealership_test_cue_hotel_lobby_right	0.0	0	0	5.4166	597.6	1045.9199999999998	0.8861	5.5101	714.672	1043.84	0.8431	-0.0324	-0.1489	0.9883	-22.122	0.2769	-34.628	0.0	3	0.0	0.0		5316	0	0
1701717274596	t	cardealership_test_cue_hotel_lobby_right	0.0	0	0	5.4291	599.1840000000001	1043.04	0.887	5.539	715.392	1046.4	0.8445	-0.0421	-0.1596	0.9863	-24.9501	0.2646	-34.4894	0.0	3	0.0	0.0		5316	0	0
1701717274604	t	cardealership_test_cue_hotel_lobby_right	0.0	0	0	5.3926	596.736	1040.48	0.9043	5.4476	714.384	1044.0	0.8923	-0.0349	-0.1472	0.9885	-23.2059	0.272	-34.604	0.0	3	0.0	0.0		5316	0	0
1701717274613	t	cardealership_test_cue_hotel_lobby_right	0.0	0	0	5.5293	596.3040000000001	1042.7199999999998	0.9043	5.475	714.096	1045.6	0.8923	-0.0359	-0.1511	0.9879	-23.305	0.259	-34.5899	0.0	3	0.0	0.0		5316	0	0
1701717274621	t	cardealership_test_cue_hotel_lobby_right	0.0	0	0	5.4808	594.0	1044.0	0.9286	5.4765	711.936	1045.76	0.9119	-0.0298	-0.1521	0.9879	-23.5698	0.2256	-34.4801	0.0	3	0.0	0.0		5316	0	0
1701717274629	t	cardealership_test_cue_hotel_lobby_right	0.0	0	0	5.4778	594.864	1041.76	0.9286	5.474	709.776	1048.48	0.9119	-0.0278	-0.1628	0.9863	-26.2471	0.2052	-34.3501	0.0	3	0.0	0.0		5316	0	0
1701717274638	t	cardealership_test_cue_hotel_lobby_right	0.0	0	0	5.4736	592.56	1042.08	0.9483	5.5143	706.6080000000001	1044.96	0.9345	-0.0194	-0.1507	0.9884	-25.6083	0.1609	-34.2218	0.0	3	0.0	0.0		5316	0	0
1701717274646	t	cardealership_test_cue_hotel_lobby_right	0.0	0	0	5.5518	588.9599999999999	1042.56	0.9483	5.448	707.616	1044.96	0.9345	-0.0151	-0.1425	0.9897	-16.9637	0.215	-34.6144	0.0	3	0.0	0.0		5316	0	0
1701717274654	t	cardealership_test_cue_hotel_lobby_right	0.0	0	0	5.4593	589.104	1044.96	0.9671	5.4982	704.736	1043.84	0.9556	0.0123	-0.1265	0.9919	2.0089	0.3	-35.3792	0.0	3	0.0	0.0		5316	0	0
1701717274663	t	cardealership_test_cue_hotel_lobby_right	0.0	0	0	5.5	586.656	1043.52	0.9671	5.4909	702.72	1042.88	0.9556	0.0246	-0.1181	0.9927	5.531	0.3414	-35.6228	0.0	3	0.0	0.0		5316	0	0
1701717274671	t	cardealership_test_cue_hotel_lobby_right	0.0	0	0	5.4716	590.544	1044.8	0.9719	5.419	704.16	1045.6	0.9861	-0.0019	-0.1364	0.9906	-8.93	0.2561	-35.0014	0.0	3	0.0	0.0		5316	0	0
1701717274679	t	cardealership_test_cue_hotel_lobby_right	0.0	0	0	5.4633	589.248	1044.64	0.9719	5.5074	704.88	1045.12	0.9861	-0.0108	-0.1401	0.9901	-16.2964	0.1974	-34.6336	0.0	3	0.0	0.0		5316	0	0
1701717274688	t	cardealership_test_cue_hotel_lobby_right	0.0	0	0	5.4883	588.528	1044.1599999999999	1.0	5.4828	704.016	1042.88	1.0	-0.011	-0.1361	0.9906	-19.2848	0.1234	-34.3073	0.0	3	0.0	0.0		5316	0	0
1701717274696	t	cardealership_test_cue_hotel_lobby_right	0.0	0	0	5.5092	588.528	1043.84	1.0	5.4505	702.8639999999999	1044.0	1.0	-0.011	-0.1436	0.9896	-23.65	0.0849	-34.0669	0.0	3	0.0	0.0		5316	0	0
1701717274704	t	cardealership_test_cue_hotel_lobby_right	0.0	0	0	5.6005	589.68	1043.04	1.0	5.4446	703.4399999999999	1042.88	1.0	-0.0007	-0.1342	0.991	-12.1003	0.1819	-34.6117	0.0	3	0.0	0.0		5316	0	0
1701717274712	t	cardealership_test_cue_hotel_lobby_right	0.0	0	0	5.4636	588.816	1042.3999999999999	1.0	5.4663	702.8639999999999	1043.68	1.0	0.0284	-0.1209	0.9922	11.2897	0.3805	-35.7622	0.0	3	0.0	0.0		5316	0	0
1701717274721	t	cardealership_test_cue_hotel_lobby_right	0.0	0	0	5.5541	588.816	1039.36	1.0	5.4517	703.8720000000001	1042.24	1.0	0.0378	-0.1062	0.9936	21.0708	0.4586	-36.2046	0.0	3	0.0	0.0		5316	0	0
1701717274729	t	cardealership_test_cue_hotel_lobby_right	0.0	0	0	5.5649	586.656	1040.16	1.0	5.4677	703.584	1043.04	1.0	0.0434	-0.114	0.9925	19.7206	0.4951	-36.2236	0.0	3	0.0	0.0		5316	0	0
1701717274737	t	cardealership_test_cue_hotel_lobby_right	0.0	0	0	5.4816	591.12	1039.36	1.0	5.485	704.16	1041.12	1.0	0.0305	-0.1134	0.9931	20.8572	0.535	-36.3248	0.0	3	0.0	0.0		5316	0	0
1701717274746	t	cardealership_test_cue_hotel_lobby_right	0.0	0	0	5.4868	589.104	1040.16	1.0	5.5372	702.432	1040.16	1.0	0.0352	-0.1207	0.9921	17.0387	0.5131	-36.1121	0.0	3	0.0	0.0		5316	0	0
1701717274754	t	cardealership_test_cue_hotel_lobby_right	0.0	0	0	5.553	588.816	1037.12	1.0	5.4819	703.152	1039.68	1.0	0.0205	-0.1274	0.9916	2.6841	0.395	-35.3414	0.0	3	0.0	0.0		5316	0	0
1701717274762	t	cardealership_test_cue_hotel_lobby_right	0.0	0	0	5.5363	587.664	1036.96	1.0	5.5097	702.576	1038.72	1.0	0.0047	-0.1407	0.99	-15.2593	0.2449	-34.415	0.0	3	0.0	0.0		5316	0	0
1701717274771	t	cardealership_test_cue_hotel_lobby_right	0.0	0	0	5.6001	587.664	1036.0	1.0	5.504	702.576	1038.4	1.0	-0.0065	-0.1468	0.9891	-24.9061	0.1785	-33.979	0.0	3	0.0	0.0		5316	0	0
1701717274779	t	cardealership_test_cue_hotel_lobby_right	0.0	0	0	5.6046	588.384	1032.6399999999999	1.0	5.5112	702.288	1038.0800000000002	1.0	-0.0097	-0.1493	0.9887	-28.5241	0.1657	-33.8365	0.0	3	0.0	0.0		5316	0	0
1701717274787	t	cardealership_test_cue_hotel_lobby_right	0.0	0	0	5.5536	587.664	1035.84	1.0	5.5174	702.144	1038.4	1.0	-0.0087	-0.152	0.9883	-28.8436	0.172	-33.8362	0.0	3	0.0	0.0		5316	0	0
1701717274796	t	cardealership_test_cue_hotel_lobby_right	0.0	0	0	5.5637	587.952	1033.44	1.0	5.5073	702.288	1038.56	1.0	-0.0091	-0.152	0.9883	-28.836	0.1862	-33.8847	0.0	3	0.0	0.0		5316	0	0
1701717274804	t	cardealership_test_cue_hotel_lobby_right	0.0	0	0	5.5942	588.9599999999999	1032.16	1.0	5.6133	700.8480000000001	1038.0800000000002	1.0	0.0099	-0.1396	0.9901	-23.809	0.3195	-34.5194	0.0	3	0.0	0.0		5316	0	0
1701717274812	t	cardealership_test_cue_hotel_lobby_right	0.0	0	0	5.66	598.752	1034.88	1.0	5.4758	708.624	1043.04	1.0	0.0063	-0.1369	0.9906	-9.9838	0.2934	-34.8213	0.0	3	0.0	0.0		5316	0	0
1701717274821	t	cardealership_test_cue_hotel_lobby_right	0.0	0	0	5.6039	614.88	1035.68	1.0	5.7017	724.176	1041.28	1.0	-0.003	-0.1118	0.9937	14.6757	0.4731	-35.9152	0.0	3	0.0	0.0		5316	0	0
1701717274829	t	cardealership_test_cue_hotel_lobby_right	0.0	0	0	5.5775	629.28	1034.24	1.0	5.6681	733.536	1039.04	1.0	-0.0389	-0.1176	0.9923	8.6977	0.5574	-35.955	0.0	3	0.0	0.0		5316	0	0
1701717274837	t	cardealership_test_cue_hotel_lobby_right	0.0	0	0	5.6237	634.032	1030.8799999999999	1.0	5.775	738.288	1038.4	1.0	-0.0618	-0.1227	0.9905	-3.195	0.4466	-35.2942	0.0	3	0.0	0.0		5316	0	0
1701717274846	t	cardealership_test_cue_hotel_lobby_right	0.0	0	0	5.6272	630.0	1031.68	1.0	5.743	735.84	1037.44	1.0	-0.0611	-0.1303	0.9896	-12.3021	0.3688	-34.8424	0.0	3	0.0	0.0		5316	0	0
1701717274854	t	cardealership_test_cue_hotel_lobby_right	0.0	0	0	5.5948	624.528	1031.52	1.0	5.7435	731.2320000000001	1037.12	1.0	-0.0511	-0.1328	0.9898	-15.9102	0.3284	-34.6316	0.0	3	0.0	0.0		5316	0	0
1701717274862	t	cardealership_test_cue_hotel_lobby_right	0.0	0	0	5.6355	625.824	1032.6399999999999	1.0	5.7565	729.792	1035.52	1.0	-0.0554	-0.134	0.9894	-20.6481	0.3035	-34.4216	0.0	3	0.0	0.0		5316	0	0
1701717274871	t	cardealership_test_cue_hotel_lobby_right	0.0	0	0	5.5622	623.952	1032.48	1.0	5.6981	733.104	1034.08	1.0	-0.0713	-0.1328	0.9886	-24.0757	0.2919	-34.2893	0.0	3	0.0	0.0		5316	0	0
1701717274880	t	cardealership_test_cue_hotel_lobby_right	0.0	0	0	5.6429	623.808	1031.2	1.0	5.7184	728.3520000000001	1034.56	1.0	-0.0562	-0.1366	0.989	-24.4561	0.29	-34.2425	0.0	3	0.0	0.0		5316	0	0
1701717274887	t	cardealership_test_cue_hotel_lobby_right	0.0	0	0	5.6577	622.3679999999999	1031.04	1.0	5.6946	728.3520000000001	1034.24	1.0	-0.0614	-0.1399	0.9883	-26.2705	0.2897	-34.1533	0.0	3	0.0	0.0		5316	0	0
1701717274896	t	cardealership_test_cue_hotel_lobby_right	0.0	0	0	5.624	622.2239999999999	1030.56	1.0	5.6763	724.896	1033.1200000000001	1.0	-0.0499	-0.1392	0.989	-25.577	0.2934	-34.1362	0.0	3	0.0	0.0		5316	0	0
1701717274904	t	cardealership_test_cue_hotel_lobby_right	0.0	0	0	5.6607	618.768	1029.92	1.0	5.7692	726.768	1029.6	1.0	-0.0605	-0.1309	0.9895	-27.3787	0.2992	-34.0564	0.0	3	0.0	0.0		5316	0	0
1701717274913	t	cardealership_test_cue_hotel_lobby_right	0.0	0	0	5.6143	617.184	1029.12	1.0	5.7407	725.1840000000001	1026.88	1.0	-0.0564	-0.125	0.9906	-27.3562	0.2998	-34.0065	0.0	3	0.0	0.0		5316	0	0
1701717274921	t	cardealership_test_cue_hotel_lobby_right	0.0	0	0	5.6394	615.888	1029.92	1.0	5.8013	722.592	1027.36	1.0	-0.0483	-0.1283	0.9906	-27.7826	0.2858	-33.9201	0.0	3	0.0	0.0		5316	0	0
1701717274929	t	cardealership_test_cue_hotel_lobby_right	0.0	0	0	5.6871	617.472	1026.24	1.0	5.746	721.44	1025.28	1.0	-0.045	-0.1207	0.9917	-26.7776	0.2634	-33.8618	0.0	3	0.0	0.0		5316	0	0
1701717274938	t	cardealership_test_cue_hotel_lobby_right	0.0	0	0	5.6096	615.024	1028.3200000000002	1.0	5.7304	721.728	1026.24	1.0	-0.0442	-0.1244	0.9912	-24.9443	0.2807	-33.9564	0.0	3	0.0	0.0		5316	0	0
1701717274946	t	cardealership_test_cue_hotel_lobby_right	0.0	0	0	5.6828	615.6	1024.9599999999998	1.0	5.7457	721.44	1025.28	1.0	-0.0383	-0.1155	0.9926	-18.9265	0.3108	-34.1954	0.0	3	0.0	0.0		5316	0	0
1701717274954	t	cardealership_test_cue_hotel_lobby_right	0.0	0	0	5.6693	615.024	1025.44	1.0	5.734	721.296	1026.08	1.0	-0.0244	-0.1085	0.9938	-5.0193	0.3929	-34.7949	0.0	3	0.0	0.0		5316	0	0
1701717274963	t	cardealership_test_cue_hotel_lobby_right	0.0	0	0	5.6917	614.448	1025.28	1.0	5.6808	722.4480000000001	1024.32	1.0	-0.0111	-0.0948	0.9954	8.9956	0.4709	-35.3915	0.0	3	0.0	0.0		5316	0	0
1701717274971	t	cardealership_test_cue_hotel_lobby_right	0.0	0	0	5.696	613.8720000000001	1025.44	1.0	5.7824	721.296	1024.0	1.0	-0.0019	-0.0904	0.9959	14.711	0.4966	-35.6261	0.0	3	0.0	0.0		5316	0	0
1701717274979	t	cardealership_test_cue_hotel_lobby_right	0.0	0	0	5.7039	613.7280000000001	1025.6	1.0	5.7025	721.008	1027.84	1.0	-0.0047	-0.0978	0.9952	11.0793	0.4854	-35.5059	0.0	3	0.0	0.0		5316	0	0
1701717274988	t	cardealership_test_cue_hotel_lobby_right	0.0	0	0	5.7077	613.7280000000001	1025.6	1.0	5.6855	718.1279999999999	1029.92	1.0	0.0049	-0.0954	0.9954	16.7855	0.54	-35.8197	0.0	3	0.0	0.0		5316	0	0
1701717274996	t	cardealership_test_cue_hotel_lobby_right	0.0	0	0	5.7089	613.7280000000001	1025.76	1.0	5.7787	719.136	1028.96	1.0	0.0005	-0.0964	0.9953	14.2977	0.5049	-35.6521	0.0	3	0.0	0.0		5316	0	0
1701717275004	t	cardealership_test_cue_hotel_lobby_right	0.0	0	0	5.6755	608.112	1025.1200000000001	1.0	5.6367	719.424	1027.84	1.0	0.0086	-0.0961	0.9953	11.9087	0.5421	-35.7195	0.0	3	0.0	0.0		5316	0	0
1701717275013	t	cardealership_test_cue_hotel_lobby_right	0.0	0	0	5.7031	606.816	1025.76	1.0	5.6885	716.832	1027.84	1.0	0.0232	-0.0911	0.9956	21.0843	0.6311	-36.2128	0.0	3	0.0	0.0		5316	0	0
1701717275021	t	cardealership_test_cue_hotel_lobby_right	0.0	0	0	5.6649	607.68	1024.0	1.0	5.6494	716.688	1029.12	1.0	0.0213	-0.0835	0.9963	24.9695	0.6592	-36.3935	0.0	3	0.0	0.0		5316	0	0
1701717275029	t	cardealership_test_cue_hotel_lobby_right	0.0	0	0	5.6828	606.672	1025.76	1.0	5.752	714.528	1028.8	1.0	0.0249	-0.0876	0.9958	25.9185	0.6716	-36.4602	0.0	3	0.0	0.0		5316	0	0
1701717275038	t	cardealership_test_cue_hotel_lobby_right	0.0	0	0	5.6394	604.8	1027.04	1.0	5.6453	714.816	1030.8799999999999	1.0	0.0253	-0.0969	0.995	20.7143	0.6476	-36.2712	0.0	3	0.0	0.0		5316	0	0
1701717275046	t	cardealership_test_cue_hotel_lobby_right	0.0	0	0	5.644	604.656	1026.88	1.0	5.6913	713.808	1030.72	1.0	0.0201	-0.1018	0.9946	13.5382	0.5981	-35.9555	0.0	3	0.0	0.0		5316	0	0
1701717275054	t	cardealership_test_cue_hotel_lobby_right	0.0	0	0	5.6485	604.656	1026.72	1.0	5.6656	713.232	1030.8799999999999	1.0	0.0116	-0.1107	0.9938	2.3442	0.5244	-35.4685	0.0	3	0.0	0.0		5316	0	0
1701717275063	t	cardealership_test_cue_hotel_lobby_right	0.0	0	0	5.6514	603.648	1026.3999999999999	1.0	5.6791	713.088	1030.72	1.0	0.0093	-0.1145	0.9934	-2.7571	0.4917	-35.247	0.0	3	0.0	0.0		5316	0	0
1701717275071	t	cardealership_test_cue_hotel_lobby_right	0.0	0	0	5.6542	602.784	1026.24	1.0	5.652	711.936	1028.48	1.0	0.0327	-0.0935	0.9951	20.5487	0.6319	-36.2046	0.0	3	0.0	0.0		5316	0	0
1701717275079	t	cardealership_test_cue_hotel_lobby_right	0.0	0	0	5.6288	601.776	1024.16	1.0	5.737	709.776	1025.6	1.0	0.0407	-0.0833	0.9957	28.18	0.7088	-36.587	0.0	3	0.0	0.0		5316	0	0
1701717275088	t	cardealership_test_cue_hotel_lobby_right	0.0	0	0	5.7227	597.888	1024.9599999999998	1.0	5.7141	708.768	1026.56	1.0	0.053	-0.0844	0.995	31.5393	0.7481	-36.7708	0.0	3	0.0	0.0		5316	0	0
1701717275096	t	cardealership_test_cue_hotel_lobby_right	0.0	0	0	5.7035	598.032	1024.32	1.0	5.6991	707.76	1027.36	1.0	0.0501	-0.0822	0.9953	32.9277	0.7528	-36.7998	0.0	3	0.0	0.0		5316	0	0
1701717275104	t	cardealership_test_cue_hotel_lobby_right	0.0	0	0	5.7443	595.5840000000001	1022.88	1.0	5.62	706.032	1027.04	1.0	0.057	-0.0773	0.9954	33.0557	0.7257	-36.7056	0.0	3	0.0	0.0		5316	0	0
1701717275113	t	cardealership_test_cue_hotel_lobby_right	0.0	0	0	5.6589	597.6	1022.72	1.0	5.676	708.624	1025.92	1.0	0.0552	-0.0789	0.9953	32.7908	0.7612	-36.7978	0.0	3	0.0	0.0		5316	0	0
1701717275121	t	cardealership_test_cue_hotel_lobby_right	0.0	0	0	5.7402	611.856	1024.8	1.0	5.7399	719.712	1025.6	1.0	0.0398	-0.0823	0.9958	32.7392	0.7131	-36.6801	0.0	3	0.0	0.0		5316	0	0
1701717275129	t	cardealership_test_cue_hotel_lobby_right	0.0	0	0	5.6963	636.912	1024.0	1.0	5.8267	746.064	1023.04	1.0	-0.0046	-0.0934	0.9956	30.0083	0.9068	-37.0683	0.0	3	0.0	0.0		5316	0	0
1701717275137	t	cardealership_test_cue_hotel_lobby_right	0.0	0	0	5.5007	670.464	1014.08	1.0	5.8396	772.128	1017.2800000000001	1.0	-0.0868	-0.0923	0.9919	11.7035	0.875	-36.2304	0.0	3	0.0	0.0		5316	0	0
1701717275146	t	cardealership_test_cue_hotel_lobby_right	0.0	0	0	5.6384	696.528	1008.64	1.0	5.8497	797.6159999999999	1014.56	1.0	-0.1398	-0.0762	0.9872	8.946	0.8062	-35.9277	0.0	3	0.0	0.0		5316	0	0
1701717275154	t	cardealership_test_cue_hotel_lobby_right	0.0	0	0	5.5772	721.584	1004.96	1.0	5.9125	817.3439999999999	1014.24	1.0	-0.1686	-0.0659	0.9835	18.4449	0.9391	-36.4284	0.0	3	0.0	0.0		5316	0	0
1701717275162	t	cardealership_test_cue_hotel_lobby_right	0.0	0	0	5.6412	739.1519999999999	1004.64	1.0	5.8684	831.744	1016.48	1.0	-0.2052	-0.0618	0.9768	21.7645	0.9184	-36.4081	0.0	3	0.0	0.0		5316	0	0
1701717275171	t	cardealership_test_cue_hotel_lobby_right	0.0	0	0	5.6717	743.328	1004.1600000000001	1.0	5.9088	835.488	1017.6	1.0	-0.2205	-0.0637	0.9733	14.8721	0.8513	-36.1094	0.0	3	0.0	0.0		5316	0	0
1701717275182	t	cardealership_test_cue_hotel_lobby_right	0.0	0	0	5.6777	739.2959999999999	1004.48	1.0	5.8941	834.192	1015.04	1.0	-0.2394	-0.0674	0.9686	-13.4242	0.5647	-34.9243	0.0	3	0.0	0.0		5316	0	0
1701717275187	t	cardealership_test_cue_hotel_lobby_right	0.0	0	0	5.5654	736.9920000000001	1000.16	1.0	5.8299	831.456	1016.8	1.0	-0.2375	-0.0749	0.9685	-18.0103	0.5464	-34.7707	0.0	3	0.0	0.0		5316	0	0
1701717275196	t	cardealership_test_cue_hotel_lobby_right	0.0	0	0	5.5584	735.2640000000001	999.6800000000001	1.0	5.8146	832.7520000000001	1013.28	1.0	-0.253	-0.0732	0.9647	-27.9294	0.482	-34.3769	0.0	3	0.0	0.0		5316	0	0
1701717275204	t	cardealership_test_cue_hotel_lobby_right	0.0	0	0	5.5985	733.3919999999999	998.08	1.0	5.8749	827.9999999999999	1009.44	1.0	-0.2374	-0.0726	0.9687	-29.5387	0.5057	-34.2659	0.0	3	0.0	0.0		5316	0	0
1701717275212	t	cardealership_test_cue_hotel_lobby_right	0.0	0	0	5.5997	729.3599999999999	993.6	1.0	5.8604	825.408	1005.9200000000001	1.0	-0.2307	-0.0709	0.9704	-29.978	0.5482	-34.2354	0.0	3	0.0	0.0		5316	0	0
1701717275221	t	cardealership_test_cue_hotel_lobby_right	0.0	0	0	5.5224	725.1840000000001	992.8000000000001	1.0	5.905	824.2560000000001	1002.0799999999999	1.0	-0.2321	-0.0652	0.9705	-26.985	0.6213	-34.3575	0.0	3	0.0	0.0		5316	0	0
1701717275229	t	cardealership_test_cue_hotel_lobby_right	0.0	0	0	5.4671	721.584	990.8799999999999	1.0	5.8299	821.2320000000001	1000.6399999999999	1.0	-0.2287	-0.0687	0.9711	-28.2497	0.6411	-34.2983	0.0	3	0.0	0.0		5316	0	0
1701717275238	t	cardealership_test_cue_hotel_lobby_right	0.0	0	0	5.6809	717.12	983.04	1.0	5.8829	820.224	996.32	1.0	-0.2286	-0.0569	0.9718	-27.3253	0.6771	-34.3291	0.0	3	0.0	0.0		5316	0	0
1701717275247	t	cardealership_test_cue_hotel_lobby_right	0.0	0	0	5.683	717.12	982.56	1.0	5.7842	816.624	996.0000000000001	1.0	-0.218	-0.0614	0.974	-28.3068	0.6735	-34.2561	0.0	3	0.0	0.0		5316	0	0
1701717275254	t	cardealership_test_cue_hotel_lobby_right	0.0	0	0	5.512	713.952	985.6	1.0	5.8243	814.032	994.0799999999999	1.0	-0.2105	-0.0561	0.976	-28.4612	0.6755	-34.2498	0.0	3	0.0	0.0		5316	0	0
1701717275263	t	cardealership_test_cue_hotel_lobby_right	0.0	0	0	5.6593	710.64	980.9599999999999	1.0	5.8326	811.584	993.6	1.0	-0.2038	-0.054	0.9775	-29.2459	0.6662	-34.2202	0.0	3	0.0	0.0		5316	0	0
1701717275271	t	cardealership_test_cue_hotel_lobby_right	0.0	0	0	5.5508	711.936	981.6	1.0	5.8345	812.736	995.04	1.0	-0.214	-0.0595	0.975	-30.8731	0.6491	-34.1454	0.0	3	0.0	0.0		5316	0	0
1701717275279	t	cardealership_test_cue_hotel_lobby_right	0.0	0	0	5.5576	708.048	981.1199999999999	1.0	5.8303	809.712	992.6399999999999	1.0	-0.2059	-0.0537	0.9771	-31.1803	0.6537	-34.1191	0.0	3	0.0	0.0		5316	0	0
1701717275287	t	cardealership_test_cue_hotel_lobby_right	0.0	0	0	5.608	707.04	980.8	1.0	5.8867	807.408	993.76	1.0	-0.2012	-0.0615	0.9776	-31.0265	0.6678	-34.1085	0.0	3	0.0	0.0		5316	0	0
1701717275296	t	cardealership_test_cue_hotel_lobby_right	0.0	0	0	5.6822	703.008	976.8000000000001	1.0	5.8785	805.5360000000001	990.56	1.0	-0.1994	-0.0551	0.9783	-30.5074	0.6972	-34.1234	0.0	3	0.0	0.0		5316	0	0
1701717275304	t	cardealership_test_cue_hotel_lobby_right	0.0	0	0	5.6293	703.008	977.92	1.0	5.7486	802.8	990.08	1.0	-0.1925	-0.0601	0.9794	-30.3205	0.7182	-34.1143	0.0	3	0.0	0.0		5316	0	0
1701717275312	t	cardealership_test_cue_hotel_lobby_right	0.0	0	0	5.6349	699.12	978.88	1.0	5.8464	798.7679999999999	988.32	1.0	-0.1786	-0.056	0.9823	-30.237	0.7274	-34.1063	0.0	3	0.0	0.0		5316	0	0
1701717275321	t	cardealership_test_cue_hotel_lobby_right	0.0	0	0	5.699	697.248	978.4000000000001	1.0	5.8387	798.336	986.2399999999999	1.0	-0.1796	-0.0487	0.9825	-30.1839	0.7294	-34.1146	0.0	3	0.0	0.0		5316	0	0
1701717275329	t	cardealership_test_cue_hotel_lobby_right	0.0	0	0	5.7077	694.944	977.6	1.0	5.813	796.896	988.64	1.0	-0.1737	-0.0541	0.9833	-28.2723	0.7352	-34.2005	0.0	3	0.0	0.0		5316	0	0
1701717275337	t	cardealership_test_cue_hotel_lobby_right	0.0	0	0	5.6734	693.216	977.76	1.0	5.8094	795.024	987.2	1.0	-0.1639	-0.0426	0.9855	-24.5466	0.7507	-34.3785	0.0	3	0.0	0.0		5316	0	0
1701717275346	t	cardealership_test_cue_hotel_lobby_right	0.0	0	0	5.7175	690.192	977.12	1.0	5.7891	797.6159999999999	992.96	1.0	-0.175	-0.0564	0.9829	-25.5218	0.7144	-34.3318	0.0	3	0.0	0.0		5316	0	0
1701717275354	t	cardealership_test_cue_hotel_lobby_right	0.0	0	0	5.7694	689.76	977.12	1.0	5.8099	795.6	994.0799999999999	1.0	-0.1612	-0.052	0.9855	-20.1478	0.7484	-34.5769	0.0	3	0.0	0.0		5316	0	0
1701717275362	t	cardealership_test_cue_hotel_lobby_right	0.0	0	0	5.7639	689.904	977.6	1.0	5.7859	794.016	994.5600000000001	1.0	-0.1489	-0.0453	0.9878	-12.4477	0.8175	-34.9424	0.0	3	0.0	0.0		5316	0	0
1701717275371	t	cardealership_test_cue_hotel_lobby_right	0.0	0	0	5.7468	688.464	977.92	1.0	5.8387	793.2959999999999	993.92	1.0	-0.146	-0.0424	0.9884	-12.3879	0.8062	-34.926	0.0	3	0.0	0.0		5316	0	0
1701717275379	t	cardealership_test_cue_hotel_lobby_right	0.0	0	0	5.7609	687.024	977.28	1.0	5.8607	792.144	993.44	1.0	-0.1438	-0.0421	0.9887	-12.3401	0.8119	-34.9229	0.0	3	0.0	0.0		5316	0	0
1701717275387	t	cardealership_test_cue_hotel_lobby_right	0.0	0	0	5.7245	679.968	980.1600000000001	1.0	5.847	791.28	991.2	1.0	-0.1346	-0.0414	0.99	-10.7228	0.8408	-34.9937	0.0	3	0.0	0.0		5316	0	0
1701717275396	t	cardealership_test_cue_hotel_lobby_right	0.0	0	0	5.6671	682.128	979.52	1.0	5.7992	786.96	992.16	1.0	-0.1235	-0.0458	0.9913	-8.2919	0.8802	-35.112	0.0	3	0.0	0.0		5316	0	0
1701717275404	t	cardealership_test_cue_hotel_lobby_right	0.0	0	0	5.7965	689.472	978.88	1.0	5.8606	795.6	993.28	1.0	-0.1343	-0.0389	0.9902	-7.4552	0.8692	-35.1916	0.0	3	0.0	0.0		5316	0	0
1701717275412	t	cardealership_test_cue_hotel_lobby_right	0.0	0	0	5.6065	714.096	983.6800000000001	1.0	5.8891	816.624	999.04	1.0	-0.1806	-0.0419	0.9827	-5.2284	0.8569	-35.3772	0.0	3	0.0	0.0		5316	0	0
1701717275421	t	cardealership_test_cue_hotel_lobby_right	0.0	0	0	5.64	746.7839999999999	997.7600000000001	1.0	5.9301	840.096	1004.64	1.0	-0.2346	-0.0586	0.9703	-6.5189	0.7651	-35.247	0.0	3	0.0	0.0		5316	0	0
1701717275429	t	cardealership_test_cue_hotel_lobby_right	0.0	0	0	5.6722	770.4000000000001	998.24	1.0	5.9527	861.5520000000001	1011.9999999999999	1.0	-0.2768	-0.0608	0.959	-8.708	0.7353	-35.3207	0.0	3	0.0	0.0		5316	0	0
1701717275437	t	cardealership_test_cue_hotel_lobby_right	0.0	0	0	5.8102	788.4	1002.5600000000001	1.0	5.9232	878.4	1018.8800000000001	1.0	-0.2867	-0.0594	0.9561	15.565	0.9706	-36.4245	0.0	3	0.0	0.0		5316	0	0
1701717275446	t	cardealership_test_cue_hotel_lobby_right	0.0	0	0	5.813	793.0079999999999	1002.5600000000001	1.0	5.9576	884.448	1018.0799999999999	1.0	-0.291	-0.0561	0.9551	22.874	1.0565	-36.7504	0.0	3	0.0	0.0		5316	0	0
1701717275454	t	cardealership_test_cue_hotel_lobby_right	0.0	0	0	5.8562	787.9680000000001	1001.92	1.0	6.0343	880.2719999999999	1019.68	1.0	-0.2769	-0.0506	0.9595	25.3517	1.0612	-36.8413	0.0	3	0.0	0.0		5316	0	0
1701717275462	t	cardealership_test_cue_hotel_lobby_right	0.0	0	0	5.8184	784.3679999999999	1001.44	1.0	5.9026	879.264	1019.68	1.0	-0.2705	-0.0488	0.9615	25.9934	1.0607	-36.8602	0.0	3	0.0	0.0		5316	0	0
1701717275471	t	cardealership_test_cue_hotel_lobby_right	0.0	0	0	5.8727	782.0640000000001	1001.44	1.0	5.8981	876.384	1019.52	1.0	-0.2679	-0.0502	0.9621	24.8782	1.0499	-36.7987	0.0	3	0.0	0.0		5316	0	0
1701717275479	t	cardealership_test_cue_hotel_lobby_right	0.0	0	0	5.7191	777.456	1000.6399999999999	1.0	5.959	873.792	1016.96	1.0	-0.2622	-0.0558	0.9634	17.7849	0.9906	-36.4779	0.0	3	0.0	0.0		5316	0	0
1701717275488	t	cardealership_test_cue_hotel_lobby_right	0.0	0	0	5.7478	771.984	997.12	1.0	5.9266	871.056	1011.8399999999999	1.0	-0.2683	-0.0591	0.9615	4.2884	0.901	-35.8839	0.0	3	0.0	0.0		5316	0	0
1701717275496	t	cardealership_test_cue_hotel_lobby_right	0.0	0	0	5.6565	767.5200000000001	993.76	1.0	5.8742	865.584	1005.12	1.0	-0.2713	-0.0558	0.9609	-4.3722	0.8593	-35.4951	0.0	3	0.0	0.0		5316	0	0
1701717275504	t	cardealership_test_cue_hotel_lobby_right	0.0	0	0	5.7328	762.336	986.5600000000001	1.0	5.8925	862.848	1000.4799999999999	1.0	-0.2666	-0.0508	0.9625	-1.0574	0.957	-35.579	0.0	3	0.0	0.0		5316	0	0
1701717275513	t	cardealership_test_cue_hotel_lobby_right	0.0	0	0	5.7275	759.456	980.8	1.0	5.8229	858.096	992.16	1.0	-0.2694	-0.0394	0.9622	-2.7603	1.0048	-35.5074	0.0	3	0.0	0.0		5316	0	0
1701717275521	t	cardealership_test_cue_hotel_lobby_right	0.0	0	0	5.7049	752.8320000000001	976.96	1.0	5.8797	852.048	991.04	1.0	-0.2742	-0.0518	0.9603	-17.1024	0.8967	-34.7848	0.0	3	0.0	0.0		5316	0	0
1701717275529	t	cardealership_test_cue_hotel_lobby_right	0.0	0	0	5.7269	748.0799999999999	977.28	1.0	5.9492	846.432	989.7600000000001	1.0	-0.2716	-0.0621	0.9604	-23.9779	0.8852	-34.5065	0.0	3	0.0	0.0		5316	0	0
1701717275538	t	cardealership_test_cue_hotel_lobby_right	0.0	0	0	5.7483	744.624	975.84	1.0	5.8904	842.6880000000001	986.4000000000001	1.0	-0.2706	-0.0588	0.9609	-31.348	0.8401	-34.2015	0.0	3	0.0	0.0		5316	0	0
1701717275546	t	cardealership_test_cue_hotel_lobby_right	0.0	0	0	5.7641	740.304	975.6800000000001	1.0	5.924	842.976	986.88	1.0	-0.2798	-0.0581	0.9583	-31.563	0.8323	-34.1964	0.0	3	0.0	0.0		5316	0	0
1701717275554	t	cardealership_test_cue_hotel_lobby_right	0.0	0	0	5.7374	739.1519999999999	976.3199999999999	1.0	5.913	839.52	985.6	1.0	-0.2695	-0.0521	0.9616	-31.5486	0.819	-34.1897	0.0	3	0.0	0.0		5316	0	0
1701717275563	t	cardealership_test_cue_hotel_lobby_right	0.0	0	0	5.7468	736.4159999999999	975.52	1.0	5.8779	837.504	985.92	1.0	-0.2632	-0.0527	0.9633	-31.5385	0.8114	-34.1836	0.0	3	0.0	0.0		5316	0	0
1701717275571	t	cardealership_test_cue_hotel_lobby_right	0.0	0	0	5.7622	735.2640000000001	973.76	1.0	5.9277	836.064	985.6	1.0	-0.2594	-0.0514	0.9644	-31.5219	0.8084	-34.1809	0.0	3	0.0	0.0		5316	0	0
1701717275579	t	cardealership_test_cue_hotel_lobby_right	0.0	0	0	5.726	732.96	972.8	1.0	5.8766	834.192	984.3199999999999	1.0	-0.2553	-0.0499	0.9656	-31.4476	0.819	-34.1767	0.0	3	0.0	0.0		5316	0	0
1701717275588	t	cardealership_test_cue_hotel_lobby_right	0.0	0	0	5.7242	730.512	970.4000000000001	1.0	5.8761	830.0160000000001	983.84	1.0	-0.2413	-0.0517	0.9691	-31.3325	0.8272	-34.1623	0.0	3	0.0	0.0		5316	0	0
1701717275596	t	cardealership_test_cue_hotel_lobby_right	0.0	0	0	5.6363	728.64	969.6	1.0	5.8469	830.736	982.7199999999999	1.0	-0.2486	-0.0514	0.9672	-31.2374	0.8468	-34.1653	0.0	3	0.0	0.0		5316	0	0
1701717275604	t	cardealership_test_cue_hotel_lobby_right	0.0	0	0	5.6664	726.3359999999999	967.0400000000001	1.0	5.8976	827.424	982.24	1.0	-0.2416	-0.056	0.9688	-31.3901	0.8684	-34.1365	0.0	3	0.0	0.0		5316	0	0
1701717275613	t	cardealership_test_cue_hotel_lobby_right	0.0	0	0	5.7237	723.5999999999999	968.6400000000001	1.0	5.8335	823.536	979.8400000000001	1.0	-0.2336	-0.0521	0.9709	-31.3998	0.8824	-34.1214	0.0	3	0.0	0.0		5316	0	0
1701717275621	t	cardealership_test_cue_hotel_lobby_right	0.0	0	0	5.6475	720.5759999999999	966.8799999999999	1.0	5.8598	822.3840000000001	977.92	1.0	-0.2346	-0.0458	0.971	-31.376	0.8872	-34.1218	0.0	3	0.0	0.0		5316	0	0
1701717275629	t	cardealership_test_cue_hotel_lobby_right	0.0	0	0	5.7242	719.136	968.16	1.0	5.787	820.3679999999999	979.52	1.0	-0.2308	-0.052	0.9716	-31.3234	0.8804	-34.113	0.0	3	0.0	0.0		5316	0	0
1701717275638	t	cardealership_test_cue_hotel_lobby_right	0.0	0	0	5.6867	717.552	967.52	1.0	5.8174	817.632	979.04	1.0	-0.2228	-0.0491	0.9736	-31.2285	0.8741	-34.1098	0.0	3	0.0	0.0		5316	0	0
1701717275646	t	cardealership_test_cue_hotel_lobby_right	0.0	0	0	5.7021	717.696	965.9200000000001	1.0	5.8671	818.496	978.88	1.0	-0.2285	-0.0465	0.9724	-30.8693	0.8737	-34.1298	0.0	3	0.0	0.0		5316	0	0
1701717275654	t	cardealership_test_cue_hotel_lobby_right	0.0	0	0	5.6215	714.816	964.8	1.0	5.8668	817.776	979.1999999999999	1.0	-0.2242	-0.0467	0.9734	-29.4787	0.8839	-34.1849	0.0	3	0.0	0.0		5316	0	0
1701717275663	t	cardealership_test_cue_hotel_lobby_right	0.0	0	0	5.7189	713.808	964.1600000000001	1.0	5.8646	817.056	978.88	1.0	-0.2216	-0.0457	0.974	-29.4469	0.882	-34.1793	0.0	3	0.0	0.0		5316	0	0
1701717275671	t	cardealership_test_cue_hotel_lobby_right	0.0	0	0	5.6783	712.5120000000001	962.0799999999999	1.0	5.8183	814.032	977.76	1.0	-0.2128	-0.0449	0.9761	-29.9288	0.8834	-34.1486	0.0	3	0.0	0.0		5316	0	0
1701717275679	t	cardealership_test_cue_hotel_lobby_right	0.0	0	0	5.6925	711.6479999999999	963.84	1.0	5.8376	812.4480000000001	977.12	1.0	-0.2096	-0.0461	0.9767	-30.6418	0.8892	-34.1134	0.0	3	0.0	0.0		5316	0	0
1701717275687	t	cardealership_test_cue_hotel_lobby_right	0.0	0	0	5.605	709.3439999999999	962.88	1.0	5.9034	810.7199999999999	974.7199999999999	1.0	-0.2062	-0.0396	0.9777	-29.9029	0.9092	-34.1418	0.0	3	0.0	0.0		5316	0	0
1701717275696	t	cardealership_test_cue_hotel_lobby_right	0.0	0	0	5.6346	706.032	963.1999999999999	1.0	5.8807	811.008	976.3199999999999	1.0	-0.2112	-0.0471	0.9763	-28.2588	0.9378	-34.2088	0.0	3	0.0	0.0		5316	0	0
1701717275704	t	cardealership_test_cue_hotel_lobby_right	0.0	0	0	5.6178	705.024	964.64	1.0	5.8476	806.256	974.8799999999999	1.0	-0.1929	-0.0444	0.9802	-25.3014	0.9693	-34.3232	0.0	3	0.0	0.0		5316	0	0
1701717275713	t	cardealership_test_cue_hotel_lobby_right	0.0	0	0	5.5496	703.584	959.52	1.0	5.8064	803.808	970.2400000000001	1.0	-0.191	-0.0356	0.9809	-25.0482	1.0106	-34.3355	0.0	3	0.0	0.0		5316	0	0
1701717275721	t	cardealership_test_cue_hotel_lobby_right	0.0	0	0	5.6811	699.696	949.92	1.0	5.9057	800.064	964.9599999999999	1.0	-0.1846	-0.0245	0.9825	-23.3426	1.0723	-34.3757	0.0	3	0.0	0.0		5316	0	0
1701717275730	t	cardealership_test_cue_hotel_lobby_right	0.0	0	0	5.7585	692.496	940.0	1.0	5.8617	791.8560000000001	956.9599999999999	1.0	-0.1767	-0.0181	0.9841	-27.6376	1.1225	-34.1765	0.0	3	0.0	0.0		5316	0	0
1701717275738	t	cardealership_test_cue_hotel_lobby_right	0.0	0	0	5.8	679.392	927.9999999999999	1.0	5.7975	781.632	944.48	1.0	-0.1649	0.0075	0.9863	-28.9237	1.1887	-34.0869	0.0	3	0.0	0.0		5316	0	0
1701717275746	t	cardealership_test_cue_hotel_lobby_right	0.0	0	0	5.6917	665.2800000000001	915.84	1.0	5.7903	766.08	935.52	1.0	-0.131	0.0196	0.9912	-28.9718	1.2738	-34.0505	0.0	3	0.0	0.0		5316	0	0
1701717275754	t	cardealership_test_cue_hotel_lobby_right	0.0	0	0	5.6488	649.1519999999999	910.2399999999999	1.0	5.784	753.552	923.6800000000001	1.0	-0.1048	0.0479	0.9933	-26.5496	1.3721	-34.158	0.0	3	0.0	0.0		5316	0	0
1701717275762	t	cardealership_test_cue_hotel_lobby_right	0.0	0	0	5.8247	637.92	899.6800000000001	1.0	5.733	734.1120000000001	913.4399999999999	1.0	-0.0014	0.0983	0.9951	30.2663	2.0241	-36.7708	0.0	3	0.0	0.0		5316	0	0
1701717275771	t	cardealership_test_cue_hotel_lobby_right	0.0	0	0	5.7778	627.84	892.4799999999999	1.0	5.731	730.224	909.2800000000001	1.0	0.0221	0.11	0.9937	33.1146	2.2411	-37.3179	0.0	3	0.0	0.0		5316	0	0
1701717275779	t	cardealership_test_cue_hotel_lobby_right	0.0	0	0	5.8366	623.232	889.9200000000001	1.0	5.7003	728.64	906.56	1.0	0.0357	0.1204	0.9921	33.3418	2.1284	-36.9151	0.0	3	0.0	0.0		5316	0	0
1701717275788	t	cardealership_test_cue_hotel_lobby_right	0.0	0	0	5.7766	623.52	890.08	1.0	5.7532	728.3520000000001	905.4399999999999	1.0	0.0312	0.1157	0.9928	33.3616	2.1987	-37.1117	0.0	3	0.0	0.0		5316	0	0
1701717275796	t	cardealership_test_cue_hotel_lobby_right	0.0	0	0	5.874	622.944	890.7199999999999	1.0	5.7118	728.0640000000001	905.5999999999999	1.0	0.0339	0.1193	0.9923	33.3576	2.0443	-36.6386	0.0	3	0.0	0.0		5316	0	0
1701717275804	t	cardealership_test_cue_hotel_lobby_right	0.0	0	0	5.8161	622.3679999999999	892.16	1.0	5.7214	728.496	905.7600000000001	1.0	0.0353	0.1136	0.9929	33.3613	1.9778	-36.4076	0.0	3	0.0	0.0		5316	0	0
1701717275813	t	cardealership_test_cue_hotel_lobby_right	0.0	0	0	5.8524	622.3679999999999	890.24	1.0	5.7452	728.784	905.12	1.0	0.0311	0.1186	0.9924	33.2587	2.0032	-36.4599	0.0	3	0.0	0.0		5316	0	0
1701717275821	t	cardealership_test_cue_hotel_lobby_right	0.0	0	0	5.8107	620.352	890.8799999999999	1.0	5.7357	728.496	905.7600000000001	1.0	0.0303	0.1096	0.9935	28.2759	2.031	-36.4542	0.0	3	0.0	0.0		5316	0	0
1701717275829	t	cardealership_test_cue_hotel_lobby_right	0.0	0	0	5.8306	622.2239999999999	890.56	1.0	5.7509	728.496	905.12	1.0	-0.0296	0.0781	0.9965	-20.7907	1.8431	-35.2044	0.0	3	0.0	0.0		5316	0	0
1701717275837	t	cardealership_test_cue_hotel_lobby_right	0.0	0	0	5.875	620.352	890.24	1.0	5.6565	729.072	905.9200000000001	1.0	-0.0408	0.0642	0.9971	-29.9314	1.7737	-34.784	0.0	3	0.0	0.0		5316	0	0
1701717275846	t	cardealership_test_cue_hotel_lobby_right	0.0	0	0	5.7526	620.2080000000001	893.12	1.0	5.7728	728.3520000000001	903.2	1.0	-0.0363	0.0747	0.9965	-29.4586	1.7574	-34.7205	0.0	3	0.0	0.0		5316	0	0
1701717275854	t	cardealership_test_cue_hotel_lobby_right	0.0	0	0	5.77	619.488	890.4	1.0	5.7607	728.64	903.68	1.0	-0.0136	0.0847	0.9963	-8.7437	1.8626	-35.3289	0.0	3	0.0	0.0		5316	0	0
1701717275862	t	cardealership_test_cue_hotel_lobby_right	0.0	0	0	5.7829	618.48	890.24	1.0	5.753	729.072	904.8	1.0	0.0138	0.0956	0.9953	13.8532	1.9953	-36.0442	0.0	3	0.0	0.0		5316	0	0
1701717275871	t	cardealership_test_cue_hotel_lobby_right	0.0	0	0	5.7953	617.616	890.08	1.0	5.7579	728.64	904.64	1.0	0.0347	0.1048	0.9939	28.7524	2.0808	-36.5056	0.0	3	0.0	0.0		5316	0	0
1701717275879	t	cardealership_test_cue_hotel_lobby_right	0.0	0	0	5.7972	617.616	890.24	1.0	5.7507	729.072	905.28	1.0	0.0334	0.1037	0.994	28.1492	2.0808	-36.4955	0.0	3	0.0	0.0		5316	0	0
1701717275887	t	cardealership_test_cue_hotel_lobby_right	0.0	0	0	5.7906	617.904	893.28	1.0	5.7531	728.64	905.9200000000001	1.0	0.0293	0.0946	0.9951	28.5295	2.0815	-36.5184	0.0	3	0.0	0.0		5316	0	0
1701717275896	t	cardealership_test_cue_hotel_lobby_right	0.0	0	0	5.8095	616.6080000000001	893.12	1.0	5.7598	728.64	905.9200000000001	1.0	0.0299	0.0957	0.9949	26.4688	2.0577	-36.4379	0.0	3	0.0	0.0		5316	0	0
1701717275904	t	cardealership_test_cue_hotel_lobby_right	0.0	0	0	5.7114	614.88	893.44	1.0	5.7529	728.64	905.9200000000001	1.0	0.0218	0.0902	0.9957	15.7879	1.9724	-36.0468	0.0	3	0.0	0.0		5316	0	0
1701717275912	t	cardealership_test_cue_hotel_lobby_right	0.0	0	0	5.8173	615.6	893.76	1.0	5.7591	728.496	906.08	1.0	-0.0052	0.0807	0.9967	-4.4421	1.8454	-35.3841	0.0	3	0.0	0.0		5316	0	0
1701717275921	t	cardealership_test_cue_hotel_lobby_right	0.0	0	0	5.857	615.024	894.72	1.0	5.7206	726.192	913.12	1.0	-0.015	0.0588	0.9982	-18.3047	1.7641	-35.0678	0.0	3	0.0	0.0		5316	0	0
1701717275929	t	cardealership_test_cue_hotel_lobby_right	0.0	0	0	5.8191	614.16	894.5600000000001	1.0	5.6773	725.76	912.48	1.0	-0.0221	0.0577	0.9981	-25.051	1.7204	-34.8874	0.0	3	0.0	0.0		5316	0	0
1701717275937	t	cardealership_test_cue_hotel_lobby_right	0.0	0	0	5.765	613.296	893.76	1.0	5.7316	725.1840000000001	912.1600000000001	1.0	-0.0263	0.0545	0.9982	-26.8925	1.7511	-34.9184	0.0	3	0.0	0.0		5316	0	0
1701717275946	t	cardealership_test_cue_hotel_lobby_right	0.0	0	0	5.7073	610.416	884.0	1.0	5.7289	722.016	901.6	1.0	-0.0269	0.0748	0.9968	-25.8887	1.8633	-34.9889	0.0	3	0.0	0.0		5316	200	MYKEYWORD 200
