Recording timestamp	type	Scene Name	scene_num	order	djv_reported	PupilDiam_Left	Gaze2d_Left.x	Gaze2d_Left.y	left_eye_openness	PupilDiam_Right	Gaze2d_Right.x	Gaze2d_Right.y	right_eye_openness	gaze_direction_x	gaze_direction_y	gaze_direction_z	gaze_origin_x	gaze_origin_y	gaze_origin_z	gaze_convergence_distance	participant	study_status	scene_familiarity	recall_status	Identifier	Event value	Event message
1701979931735	t	subwaycar_test_cue_workshop_right	0.0	0	0	6.3531	734.4	781.44	0.8913	5.9369	771.2639999999999	909.2800000000001	0.8306	-0.099	0.1135	0.9886	-25.6118	1.8645	-34.6999	0.0	19	0.0	0.0		3311	100	MYKEYWORD 100
1701979931743	t	subwaycar_test_cue_workshop_right	0.0	0	0	6.3343	733.9680000000001	781.12	0.8913	5.8989	770.2560000000001	907.6800000000001	0.8306	-0.0951	0.123	0.9878	-10.9837	2.1962	-34.4787	0.0	19	0.0	0.0		3311	0	0
1701979931751	t	subwaycar_test_cue_workshop_right	0.0	0	0	6.4116	733.9680000000001	784.16	0.9037	5.9886	769.68	908.16	0.8559	-0.093	0.1201	0.9884	-9.1181	2.2382	-34.468	0.0	19	0.0	0.0		3311	0	0
1701979931760	t	subwaycar_test_cue_workshop_right	0.0	0	0	6.3788	733.536	783.1999999999999	0.9037	5.9539	769.248	910.2399999999999	0.8559	-0.0922	0.118	0.9887	-7.3333	2.2661	-34.4262	0.0	19	0.0	0.0		3311	0	0
1701979931768	t	subwaycar_test_cue_workshop_right	0.0	0	0	6.3682	733.68	783.36	0.9299	5.8829	770.1120000000001	908.4799999999999	0.8857	-0.0959	0.1234	0.9877	-3.2546	2.3559	-34.363	0.0	19	0.0	0.0		3311	0	0
1701979931776	t	subwaycar_test_cue_workshop_right	0.0	0	0	6.3749	733.68	783.1999999999999	0.9299	5.8659	769.824	910.72	0.8857	-0.094	0.1192	0.9884	-1.0906	2.4141	-34.3634	0.0	19	0.0	0.0		3311	0	0
1701979931785	t	subwaycar_test_cue_workshop_right	0.0	0	0	6.3768	733.536	783.36	0.9455	5.924	768.96	909.44	0.9184	-0.0926	0.1232	0.988	1.2185	2.4618	-34.3179	0.0	19	0.0	0.0		3311	0	0
1701979931793	t	subwaycar_test_cue_workshop_right	0.0	0	0	6.3746	733.68	783.36	0.9455	5.9064	769.68	910.2399999999999	0.9184	-0.0949	0.1219	0.988	1.6943	2.4664	-34.2968	0.0	19	0.0	0.0		3311	0	0
1701979931801	t	subwaycar_test_cue_workshop_right	0.0	0	0	6.3651	733.68	783.6800000000001	0.9573	5.9503	770.2560000000001	911.0400000000001	0.9138	-0.0959	0.1207	0.988	2.1587	2.4765	-34.2902	0.0	19	0.0	0.0		3311	0	0
1701979931810	t	subwaycar_test_cue_workshop_right	0.0	0	0	6.3734	733.68	783.84	0.9573	5.9925	769.68	911.68	0.9138	-0.0946	0.1193	0.9883	2.2784	2.4801	-34.292	0.0	19	0.0	0.0		3311	0	0
1701979931818	t	subwaycar_test_cue_workshop_right	0.0	0	0	6.3744	733.536	784.16	0.956	5.9485	770.2560000000001	911.36	0.9398	-0.0954	0.1189	0.9883	2.025	2.4758	-34.299	0.0	19	0.0	0.0		3311	0	0
1701979931826	t	subwaycar_test_cue_workshop_right	0.0	0	0	6.3747	733.536	784.48	0.956	5.9015	769.68	911.68	0.9398	-0.0939	0.1174	0.9886	2.1597	2.4805	-34.3007	0.0	19	0.0	0.0		3311	0	0
1701979931835	t	subwaycar_test_cue_workshop_right	0.0	0	0	6.3768	733.3919999999999	784.8	0.9642	5.9021	770.2560000000001	911.8399999999999	0.929	-0.0946	0.1165	0.9887	1.4007	2.4621	-34.3131	0.0	19	0.0	0.0		3311	0	0
1701979931843	t	subwaycar_test_cue_workshop_right	0.0	0	0	6.4318	733.68	787.04	0.9642	5.9012	769.68	911.8399999999999	0.929	-0.0936	0.1138	0.9891	-0.7209	2.4119	-34.379	0.0	19	0.0	0.0		3311	0	0
1701979931851	t	subwaycar_test_cue_workshop_right	0.0	0	0	6.4298	732.096	785.28	0.9697	5.9005	769.248	911.8399999999999	0.9369	-0.0894	0.1173	0.9891	-2.1295	2.3719	-34.3803	0.0	19	0.0	0.0		3311	0	0
1701979931860	t	subwaycar_test_cue_workshop_right	0.0	0	0	6.4093	732.816	785.12	0.9697	5.9007	769.68	911.8399999999999	0.9369	-0.0918	0.1167	0.9889	-5.342	2.299	-34.4292	0.0	19	0.0	0.0		3311	0	0
1701979931868	t	subwaycar_test_cue_workshop_right	0.0	0	0	6.4294	732.528	785.28	0.9637	5.9021	769.968	911.8399999999999	0.9498	-0.0925	0.116	0.9889	-6.729	2.2657	-34.4454	0.0	19	0.0	0.0		3311	0	0
1701979931876	t	subwaycar_test_cue_workshop_right	0.0	0	0	6.4251	732.2399999999999	785.6	0.9637	5.9016	769.68	911.8399999999999	0.9498	-0.0914	0.1153	0.9891	-6.9449	2.2609	-34.4484	0.0	19	0.0	0.0		3311	0	0
1701979931884	t	subwaycar_test_cue_workshop_right	0.0	0	0	6.4218	732.528	785.9200000000001	0.9647	5.918	769.392	912.1600000000001	0.9297	-0.091	0.1146	0.9892	-6.4129	2.273	-34.4401	0.0	19	0.0	0.0		3311	0	0
1701979931893	t	subwaycar_test_cue_workshop_right	0.0	0	0	6.4034	732.816	785.9200000000001	0.9647	5.9003	769.104	912.32	0.9297	-0.0908	0.1142	0.9893	-5.0298	2.3051	-34.4194	0.0	19	0.0	0.0		3311	0	0
1701979931901	t	subwaycar_test_cue_workshop_right	0.0	0	0	6.4216	732.528	785.9200000000001	0.9583	5.9172	768.96	912.1600000000001	0.9437	-0.09	0.1152	0.9892	-3.3023	2.3452	-34.4	0.0	19	0.0	0.0		3311	0	0
1701979931909	t	subwaycar_test_cue_workshop_right	0.0	0	0	6.4337	731.952	786.4	0.9583	5.9339	768.816	912.1600000000001	0.9437	-0.09	0.1131	0.9895	-2.2531	2.3741	-34.3723	0.0	19	0.0	0.0		3311	0	0
1701979931918	t	subwaycar_test_cue_workshop_right	0.0	0	0	6.4444	732.096	786.08	0.9761	5.9377	768.672	912.1600000000001	0.9327	-0.0903	0.1139	0.9894	-1.1673	2.401	-34.3638	0.0	19	0.0	0.0		3311	0	0
1701979931926	t	subwaycar_test_cue_workshop_right	0.0	0	0	6.4443	731.952	785.44	0.9761	5.9371	768.24	912.1600000000001	0.9327	-0.0893	0.1151	0.9893	-1.6528	2.3857	-34.3572	0.0	19	0.0	0.0		3311	0	0
1701979931935	t	subwaycar_test_cue_workshop_right	0.0	0	0	6.4426	731.808	785.12	0.9729	5.9377	768.24	912.1600000000001	0.9286	-0.0893	0.1153	0.9893	-3.0862	2.3482	-34.3616	0.0	19	0.0	0.0		3311	0	0
1701979931943	t	subwaycar_test_cue_workshop_right	0.0	0	0	6.4165	731.952	784.9599999999999	0.9729	5.939	767.664	912.1600000000001	0.9286	-0.0882	0.1147	0.9895	-3.7464	2.3333	-34.3666	0.0	19	0.0	0.0		3311	0	0
1701979931951	t	subwaycar_test_cue_workshop_right	0.0	0	0	6.4442	730.656	784.64	0.9704	6.0527	765.936	915.04	0.9339	-0.0867	0.1126	0.9899	1.4374	2.4368	-34.247	0.0	19	0.0	0.0		3311	0	0
1701979931959	t	subwaycar_test_cue_workshop_right	0.0	0	0	6.3904	724.176	791.36	0.9704	6.0074	755.5680000000001	915.5200000000001	0.9339	-0.0689	0.1009	0.9925	-20.3621	1.8848	-34.4895	0.0	19	0.0	0.0		3311	0	0
1701979931968	t	subwaycar_test_cue_workshop_right	0.0	0	0	6.2276	709.2	800.6399999999999	0.9593	6.0276	735.2640000000001	927.68	0.9292	-0.0287	0.0672	0.9973	-18.5661	1.881	-34.5264	0.0	19	0.0	0.0		3311	0	0
1701979931976	t	subwaycar_test_cue_workshop_right	0.0	0	0	6.255	690.624	811.8399999999999	0.9593	5.971	713.952	932.9599999999999	0.9292	0.0156	0.0562	0.9983	-30.8511	1.4404	-34.4102	0.0	19	0.0	0.0		3311	0	0
1701979931985	t	subwaycar_test_cue_workshop_right	0.0	0	0	6.2394	677.952	819.68	0.9415	5.8837	698.976	939.5200000000001	0.964	0.0378	0.0467	0.9982	-32.4598	1.3115	-34.3997	0.0	19	0.0	0.0		3311	0	0
1701979931993	t	subwaycar_test_cue_workshop_right	0.0	0	0	6.3088	668.304	829.28	0.9415	6.0346	684.0	947.84	0.964	0.0717	0.0309	0.9969	-32.3944	1.3644	-34.8288	0.0	19	0.0	0.0		3311	0	0
1701979932001	t	subwaycar_test_cue_workshop_right	0.0	0	0	6.1784	656.928	837.9200000000001	0.9409	6.0311	673.344	959.52	0.9557	0.0912	-0.0067	0.9958	-32.279	1.1999	-34.3892	0.0	19	0.0	0.0		3311	0	0
1701979932010	t	subwaycar_test_cue_workshop_right	0.0	0	0	6.135	649.728	844.0	0.9409	5.9777	668.016	966.7199999999999	0.9557	0.0994	-0.0237	0.9948	-32.2197	1.3035	-34.914	0.0	19	0.0	0.0		3311	0	0
1701979932018	t	subwaycar_test_cue_workshop_right	0.0	0	0	6.1254	652.464	842.24	0.9117	6.0574	669.312	963.52	0.948	0.1025	-0.0093	0.9947	-32.2525	1.2037	-34.5914	0.0	19	0.0	0.0		3311	0	0
1701979932026	t	subwaycar_test_cue_workshop_right	0.0	0	0	6.1309	649.584	842.8800000000001	0.9117	6.095	670.464	965.1199999999999	0.948	0.1027	-0.0106	0.9946	-32.2737	1.1439	-34.4658	0.0	19	0.0	0.0		3311	0	0
1701979932034	t	subwaycar_test_cue_workshop_right	0.0	0	0	6.1001	648.72	843.8399999999999	0.9122	5.9626	671.616	968.3199999999999	0.9429	0.1004	-0.0209	0.9947	-32.289	1.091	-34.3252	0.0	19	0.0	0.0		3311	0	0
1701979932043	t	subwaycar_test_cue_workshop_right	0.0	0	0	6.066	648.144	844.6400000000001	0.9122	5.9853	673.776	967.6800000000001	0.9429	0.0926	-0.0178	0.9955	-32.296	1.0742	-34.28	0.0	19	0.0	0.0		3311	0	0
1701979932051	t	subwaycar_test_cue_workshop_right	0.0	0	0	6.0802	648.72	845.28	0.9141	5.9983	672.192	968.16	0.9545	0.0998	-0.0195	0.9948	-32.298	1.0735	-34.2746	0.0	19	0.0	0.0		3311	0	0
1701979932059	t	subwaycar_test_cue_workshop_right	0.0	0	0	6.0913	648.72	844.8000000000001	0.9141	6.0163	672.48	966.24	0.9545	0.1016	-0.0123	0.9948	-32.3112	1.0901	-34.3248	0.0	19	0.0	0.0		3311	0	0
1701979932068	t	subwaycar_test_cue_workshop_right	0.0	0	0	6.0932	648.72	845.28	0.9218	6.0447	671.328	968.8000000000001	0.9503	0.1093	-0.0213	0.9938	-32.3222	1.0984	-34.3641	0.0	19	0.0	0.0		3311	0	0
1701979932077	t	subwaycar_test_cue_workshop_right	0.0	0	0	6.0969	648.432	845.28	0.9218	6.0373	672.048	966.08	0.9503	0.108	-0.0099	0.9941	-32.0153	1.1303	-34.4577	0.0	19	0.0	0.0		3311	0	0
1701979932084	t	subwaycar_test_cue_workshop_right	0.0	0	0	6.0961	648.144	845.28	0.9225	5.9666	674.784	969.6	0.9779	0.0948	-0.0201	0.9953	-17.6974	1.6187	-34.8638	0.0	19	0.0	0.0		3311	0	0
1701979932093	t	subwaycar_test_cue_workshop_right	0.0	0	0	6.0964	648.0	845.76	0.9225	6.0185	673.632	970.5600000000001	0.9779	0.0986	-0.0205	0.9949	-11.468	1.831	-35.0498	0.0	19	0.0	0.0		3311	0	0
1701979932101	t	subwaycar_test_cue_workshop_right	0.0	0	0	6.0966	648.0	846.24	0.9254	6.0089	672.624	970.0799999999999	0.9718	0.0951	-0.0166	0.9953	10.1989	2.5837	-35.6816	0.0	19	0.0	0.0		3311	0	0
1701979932109	t	subwaycar_test_cue_workshop_right	0.0	0	0	6.1059	648.0	846.4000000000001	0.9254	5.9959	673.0559999999999	970.5600000000001	0.9718	0.0926	-0.0177	0.9955	16.3037	2.8021	-35.8623	0.0	19	0.0	0.0		3311	0	0
1701979932118	t	subwaycar_test_cue_workshop_right	0.0	0	0	6.1152	647.856	846.5600000000001	0.9339	6.0053	672.336	971.68	0.9688	0.0933	-0.0202	0.9954	15.9164	2.7934	-35.8546	0.0	19	0.0	0.0		3311	0	0
1701979932126	t	subwaycar_test_cue_workshop_right	0.0	0	0	6.1269	647.856	846.5600000000001	0.9339	5.9965	672.768	970.5600000000001	0.9688	0.0948	-0.0187	0.9953	9.1422	2.5598	-35.6878	0.0	19	0.0	0.0		3311	0	0
1701979932134	t	subwaycar_test_cue_workshop_right	0.0	0	0	6.1108	647.712	846.72	0.9415	5.9995	672.912	970.4000000000001	0.9749	0.0978	-0.0184	0.995	-1.1598	2.1955	-35.3984	0.0	19	0.0	0.0		3311	0	0
1701979932143	t	subwaycar_test_cue_workshop_right	0.0	0	0	6.122	647.568	846.72	0.9415	5.9994	672.768	970.5600000000001	0.9749	0.1012	-0.0184	0.9947	-10.1886	1.8739	-35.1331	0.0	19	0.0	0.0		3311	0	0
1701979932151	t	subwaycar_test_cue_workshop_right	0.0	0	0	6.1166	647.424	846.72	0.9569	6.0015	672.912	970.4000000000001	0.9922	0.1033	-0.0188	0.9945	-17.4889	1.6127	-34.9048	0.0	19	0.0	0.0		3311	0	0
1701979932159	t	subwaycar_test_cue_workshop_right	0.0	0	0	6.1142	646.5600000000001	847.6800000000001	0.9569	6.0011	673.0559999999999	970.5600000000001	0.9922	0.1043	-0.0195	0.9943	-20.6601	1.4954	-34.7945	0.0	19	0.0	0.0		3311	0	0
1701979932168	t	subwaycar_test_cue_workshop_right	0.0	0	0	6.125	646.2719999999999	848.1600000000001	0.9452	5.9985	672.912	970.5600000000001	0.9714	0.1058	-0.0204	0.9942	-23.2848	1.4001	-34.7029	0.0	19	0.0	0.0		3311	0	0
1701979932176	t	subwaycar_test_cue_workshop_right	0.0	0	0	6.1249	645.984	848.1600000000001	0.9452	5.9965	672.768	970.72	0.9714	0.1068	-0.021	0.994	-24.5566	1.3502	-34.6447	0.0	19	0.0	0.0		3311	0	0
1701979932184	t	subwaycar_test_cue_workshop_right	0.0	0	0	6.1221	645.984	848.1600000000001	0.9482	5.9991	672.912	970.72	0.9816	0.1064	-0.0217	0.9941	-25.0294	1.3339	-34.6263	0.0	19	0.0	0.0		3311	0	0
1701979932193	t	subwaycar_test_cue_workshop_right	0.0	0	0	6.1146	645.984	848.1600000000001	0.9482	6.0021	673.0559999999999	970.72	0.9816	0.1059	-0.0218	0.9941	-25.762	1.3098	-34.6048	0.0	19	0.0	0.0		3311	0	0
1701979932201	t	subwaycar_test_cue_workshop_right	0.0	0	0	6.0967	645.696	848.1600000000001	0.9501	5.9998	673.0559999999999	970.5600000000001	0.995	0.1057	-0.0214	0.9942	-25.8928	1.3036	-34.5968	0.0	19	0.0	0.0		3311	0	0
1701979932209	t	subwaycar_test_cue_workshop_right	0.0	0	0	6.0976	645.552	848.1600000000001	0.9501	6.0034	673.2	970.5600000000001	0.995	0.1049	-0.0208	0.9943	-24.2576	1.3629	-34.6553	0.0	19	0.0	0.0		3311	0	0
1701979932218	t	subwaycar_test_cue_workshop_right	0.0	0	0	6.0983	645.264	848.1600000000001	0.9538	6.0033	673.0559999999999	970.72	0.9825	0.1051	-0.0207	0.9942	-23.1347	1.4012	-34.6965	0.0	19	0.0	0.0		3311	0	0
1701979932226	t	subwaycar_test_cue_workshop_right	0.0	0	0	6.0973	645.12	848.1600000000001	0.9538	6.0047	673.2	970.88	0.9825	0.1045	-0.0215	0.9943	-21.3606	1.4673	-34.7588	0.0	19	0.0	0.0		3311	0	0
1701979932234	t	subwaycar_test_cue_workshop_right	0.0	0	0	6.0973	645.12	848.1600000000001	0.9556	6.0068	673.2	970.72	0.9839	0.1038	-0.0225	0.9943	-17.9579	1.5947	-34.8619	0.0	19	0.0	0.0		3311	0	0
1701979932243	t	subwaycar_test_cue_workshop_right	0.0	0	0	6.0764	644.976	847.84	0.9556	6.0065	673.2	970.72	0.9839	0.1025	-0.0217	0.9945	-11.5919	1.8313	-35.1047	0.0	19	0.0	0.0		3311	0	0
1701979932251	t	subwaycar_test_cue_workshop_right	0.0	0	0	6.0757	644.976	847.84	0.9499	6.0065	673.2	970.88	0.9937	0.1003	-0.0217	0.9947	-5.4323	2.0627	-35.3464	0.0	19	0.0	0.0		3311	0	0
1701979932259	t	subwaycar_test_cue_workshop_right	0.0	0	0	6.097	644.976	847.84	0.9499	6.0071	673.488	971.04	0.9937	0.0964	-0.0217	0.9951	2.1941	2.3489	-35.6363	0.0	19	0.0	0.0		3311	0	0
1701979932268	t	subwaycar_test_cue_workshop_right	0.0	0	0	6.097	644.976	847.84	0.9659	6.0264	673.776	971.04	0.9982	0.0956	-0.0214	0.9952	4.1719	2.4225	-35.7139	0.0	19	0.0	0.0		3311	0	0
1701979932276	t	subwaycar_test_cue_workshop_right	0.0	0	0	6.0974	644.976	847.84	0.9659	6.0062	673.776	971.68	0.9982	0.0964	-0.0223	0.9951	3.3287	2.3913	-35.6858	0.0	19	0.0	0.0		3311	0	0
1701979932284	t	subwaycar_test_cue_workshop_right	0.0	0	0	6.1003	644.976	847.84	1.0	6.0259	673.776	971.68	1.0	0.0973	-0.0223	0.995	2.1893	2.349	-35.6445	0.0	19	0.0	0.0		3311	0	0
1701979932293	t	subwaycar_test_cue_workshop_right	0.0	0	0	6.0966	644.976	847.84	1.0	6.0258	674.0640000000001	971.84	1.0	0.0969	-0.0225	0.995	2.0127	2.3421	-35.6375	0.0	19	0.0	0.0		3311	0	0
1701979932301	t	subwaycar_test_cue_workshop_right	0.0	0	0	6.0691	644.976	848.0	1.0	6.0328	674.64	971.68	1.0	0.0963	-0.0236	0.9951	1.9262	2.344	-35.6383	0.0	19	0.0	0.0		3311	0	0
1701979932309	t	subwaycar_test_cue_workshop_right	0.0	0	0	6.0692	645.12	848.0	1.0	6.0392	675.072	971.68	1.0	0.0963	-0.0236	0.9951	0.0916	2.274	-35.5659	0.0	19	0.0	0.0		3311	0	0
1701979932318	t	subwaycar_test_cue_workshop_right	0.0	0	0	6.0653	644.976	848.8	0.96	6.0387	675.072	972.0000000000001	0.9918	0.0965	-0.0242	0.995	0.2215	2.27	-35.5607	0.0	19	0.0	0.0		3311	0	0
1701979932326	t	subwaycar_test_cue_workshop_right	0.0	0	0	6.0653	645.12	849.6	0.96	6.0386	675.504	972.0000000000001	0.9918	0.0953	-0.0257	0.9951	0.1681	2.2674	-35.5586	0.0	19	0.0	0.0		3311	0	0
1701979932335	t	subwaycar_test_cue_workshop_right	0.0	0	0	6.0645	645.12	849.92	1.0	6.0356	675.504	972.9599999999999	1.0	0.0953	-0.0276	0.9951	0.2003	2.2686	-35.5669	0.0	19	0.0	0.0		3311	0	0
1701979932344	t	subwaycar_test_cue_workshop_right	0.0	0	0	6.0589	645.12	849.92	1.0	6.0321	676.368	972.0000000000001	1.0	0.0943	-0.0245	0.9952	-2.7578	2.1695	-35.5164	0.0	19	0.0	0.0		3311	0	0
1701979932351	t	subwaycar_test_cue_workshop_right	0.0	0	0	6.0585	645.12	849.92	0.9557	6.0296	676.368	972.9599999999999	0.9961	0.0961	-0.027	0.995	-7.5196	1.9872	-35.3209	0.0	19	0.0	0.0		3311	0	0
1701979932360	t	subwaycar_test_cue_workshop_right	0.0	0	0	6.0909	645.696	849.44	0.9557	6.0298	676.512	972.9599999999999	0.9961	0.0966	-0.0265	0.995	-9.2213	1.9187	-35.2333	0.0	19	0.0	0.0		3311	0	0
1701979932368	t	subwaycar_test_cue_workshop_right	0.0	0	0	6.0546	647.1360000000001	849.6	0.9658	6.032	676.8	972.1600000000001	0.9998	0.094	-0.0244	0.9953	-9.4012	1.9084	-35.2191	0.0	19	0.0	0.0		3311	0	0
1701979932376	t	subwaycar_test_cue_workshop_right	0.0	0	0	6.0691	646.992	851.68	0.9658	6.0381	676.9440000000001	972.0000000000001	0.9998	0.0963	-0.0261	0.995	-13.058	1.7537	-35.0163	0.0	19	0.0	0.0		3311	0	0
1701979932385	t	subwaycar_test_cue_workshop_right	0.0	0	0	6.0834	646.704	850.56	1.0	6.0319	676.9440000000001	972.1600000000001	1.0	0.098	-0.0252	0.9949	-17.6193	1.5828	-34.8437	0.0	19	0.0	0.0		3311	0	0
1701979932393	t	subwaycar_test_cue_workshop_right	0.0	0	0	6.0744	645.984	849.76	1.0	6.0311	677.232	972.48	1.0	0.0991	-0.0251	0.9948	-21.6993	1.4305	-34.6975	0.0	19	0.0	0.0		3311	0	0
1701979932402	t	subwaycar_test_cue_workshop_right	0.0	0	0	6.0595	646.704	850.56	0.9666	6.0307	677.376	972.48	0.9951	0.0993	-0.0243	0.9948	-25.4872	1.2901	-34.577	0.0	19	0.0	0.0		3311	0	0
1701979932410	t	subwaycar_test_cue_workshop_right	0.0	0	0	6.059	646.704	850.08	0.9666	6.0289	677.232	972.9599999999999	0.9951	0.1004	-0.0268	0.9946	-27.5664	1.2169	-34.5023	0.0	19	0.0	0.0		3311	0	0
1701979932418	t	subwaycar_test_cue_workshop_right	0.0	0	0	6.0582	646.704	849.6	1.0	6.0278	677.376	973.1199999999999	1.0	0.1002	-0.0261	0.9946	-28.3165	1.1928	-34.4996	0.0	19	0.0	0.0		3311	0	0
1701979932426	t	subwaycar_test_cue_workshop_right	0.0	0	0	6.0553	646.704	849.6	1.0	6.0098	677.376	973.1199999999999	1.0	0.0959	-0.0243	0.9951	-13.9805	1.7959	-35.2817	0.0	19	0.0	0.0		3311	0	0
1701979932435	t	subwaycar_test_cue_workshop_right	0.0	0	0	6.0587	646.704	849.6	1.0	5.9781	678.24	973.1199999999999	1.0	0.085	-0.0248	0.9961	23.7073	3.1297	-36.3973	0.0	19	0.0	0.0		3311	0	0
1701979932443	t	subwaycar_test_cue_workshop_right	0.0	0	0	6.0591	646.704	849.6	1.0	5.9962	678.384	972.9599999999999	1.0	0.0841	-0.0251	0.9961	28.7183	3.2979	-36.508	0.0	19	0.0	0.0		3311	0	0
1701979932451	t	subwaycar_test_cue_workshop_right	0.0	0	0	6.0591	646.704	849.6	0.9425	5.9906	678.528	973.1199999999999	0.9931	0.0837	-0.0254	0.9962	30.7447	3.3725	-36.5742	0.0	19	0.0	0.0		3311	0	0
1701979932460	t	subwaycar_test_cue_workshop_right	0.0	0	0	6.0616	646.848	849.6	0.9425	5.9848	678.672	972.9599999999999	0.9931	0.083	-0.0254	0.9962	30.7787	3.3722	-36.5687	0.0	19	0.0	0.0		3311	0	0
1701979932468	t	subwaycar_test_cue_workshop_right	0.0	0	0	6.0599	646.704	849.6	0.9293	5.9846	678.672	972.9599999999999	0.9685	0.0837	-0.0254	0.9962	30.7371	3.3694	-36.561	0.0	19	0.0	0.0		3311	0	0
1701979932476	t	subwaycar_test_cue_workshop_right	0.0	0	0	6.0638	646.848	848.0	0.9293	5.9068	678.384	974.56	0.9685	0.083	-0.0226	0.9963	29.8116	3.3068	-36.3905	0.0	19	0.0	0.0		3311	0	0
1701979932485	t	subwaycar_test_cue_workshop_right	0.0	0	0	6.0849	645.984	848.48	0.9095	6.0854	677.52	968.4799999999999	0.9523	0.0839	-0.0244	0.9962	29.4344	3.3361	-36.4966	0.0	19	0.0	0.0		3311	0	0
1701979932493	t	subwaycar_test_cue_workshop_right	0.0	0	0	6.082	644.2560000000001	845.5999999999999	0.9095	6.0946	678.384	965.76	0.9523	0.0849	-0.0163	0.9962	28.9963	3.3308	-36.4811	0.0	19	0.0	0.0		3311	0	0
1701979932501	t	subwaycar_test_cue_workshop_right	0.0	0	0	6.0038	645.408	848.0	0.8548	6.1387	679.248	965.6	0.9165	0.0792	-0.0312	0.9964	28.6879	3.3201	-36.3676	0.0	19	0.0	0.0		3311	0	0
1701979932510	t	subwaycar_test_cue_workshop_right	0.0	0	0	6.0009	646.5600000000001	842.4	0.8548	6.0696	677.52	960.3199999999999	0.9165	0.071	-0.0255	0.9971	21.3203	3.381	-37.0312	0.0	19	0.0	0.0		3311	0	0
1701979932517	t	subwaycar_test_cue_workshop_right	0.0	0	0	5.9076	645.84	841.92	0.7358	5.7672	674.352	964.9599999999999	0.7936	0.1051	-0.0437	0.9935	4.2216	2.5429	-35.3646	0.0	19	0.0	0.0		3311	0	0
1701979932526	t	subwaycar_test_cue_workshop_right	0.0	0	0	5.0736	647.712	866.8799999999999	0.7358	5.3931	658.224	973.76	0.7936	0.1091	-0.1854	0.9766	30.3495	3.6224	-35.8437	0.0	19	0.0	0.0		3311	0	0
1701979932533	t	subwaycar_test_cue_workshop_right	0.0	0	0	-1.0	719.136	906.24	0.5477	-1.0	676.224	956.8	0.5193	-1.0	-1.0	-1.0	-1.0	-1.0	-1.0	0.0	19	0.0	0.0		3311	0	0
1701979932540	t	subwaycar_test_cue_workshop_right	0.0	0	0	-1.0	-1440.0	-1600.0	0.5477	-1.0	630.288	961.4399999999999	0.5193	-1.0	-1.0	-1.0	-1.0	-1.0	-1.0	0.0	19	0.0	0.0		3311	0	0
1701979932548	t	subwaycar_test_cue_workshop_right	0.0	0	0	-1.0	-1440.0	-1600.0	0.2211	-1.0	-1440.0	-1600.0	0.1465	-1.0	-1.0	-1.0	-1.0	-1.0	-1.0	0.0	19	0.0	0.0		3311	0	0
1701979932557	t	subwaycar_test_cue_workshop_right	0.0	0	0	-1.0	1044.288	1041.6000000000001	0.2211	-1.0	-1440.0	-1600.0	0.1465	-1.0	-1.0	-1.0	-1.0	-1.0	-1.0	0.0	19	0.0	0.0		3311	0	0
1701979932565	t	subwaycar_test_cue_workshop_right	0.0	0	0	-1.0	1137.888	1084.8000000000002	0.0319	-1.0	-1440.0	-1600.0	0.0	-1.0	-1.0	-1.0	-1.0	-1.0	-1.0	0.0	19	0.0	0.0		3311	0	0
1701979932573	t	subwaycar_test_cue_workshop_right	0.0	0	0	-1.0	-1440.0	-1600.0	0.0319	-1.0	-1440.0	-1600.0	0.0	-1.0	-1.0	-1.0	-1.0	-1.0	-1.0	0.0	19	0.0	0.0		3311	0	0
1701979932581	t	subwaycar_test_cue_workshop_right	0.0	0	0	-1.0	-1440.0	-1600.0	0.0	-1.0	-1440.0	-1600.0	0.0	-1.0	-1.0	-1.0	-1.0	-1.0	-1.0	0.0	19	0.0	0.0		3311	0	0
1701979932589	t	subwaycar_test_cue_workshop_right	0.0	0	0	-1.0	-1440.0	-1600.0	0.0	-1.0	-1440.0	-1600.0	0.0	-1.0	-1.0	-1.0	-1.0	-1.0	-1.0	0.0	19	0.0	0.0		3311	0	0
1701979932598	t	subwaycar_test_cue_workshop_right	0.0	0	0	-1.0	-1440.0	-1600.0	0.0	-1.0	213.264	1171.52	0.0	-1.0	-1.0	-1.0	-1.0	-1.0	-1.0	0.0	19	0.0	0.0		3311	0	0
1701979932606	t	subwaycar_test_cue_workshop_right	0.0	0	0	-1.0	-1440.0	-1600.0	0.0	-1.0	159.264	1173.6000000000001	0.0	-1.0	-1.0	-1.0	-1.0	-1.0	-1.0	0.0	19	0.0	0.0		3311	0	0
1701979932614	t	subwaycar_test_cue_workshop_right	0.0	0	0	-1.0	-1440.0	-1600.0	0.0	-1.0	-1440.0	-1600.0	0.0	-1.0	-1.0	-1.0	-1.0	-1.0	-1.0	0.0	19	0.0	0.0		3311	0	0
1701979932623	t	subwaycar_test_cue_workshop_right	0.0	0	0	-1.0	898.704	954.24	0.0	-1.0	-1440.0	-1600.0	0.0	-1.0	-1.0	-1.0	-1.0	-1.0	-1.0	0.0	19	0.0	0.0		3311	0	0
1701979932632	t	subwaycar_test_cue_workshop_right	0.0	0	0	-1.0	911.952	933.6	0.0	-1.0	-1440.0	-1600.0	0.0	-1.0	-1.0	-1.0	-1.0	-1.0	-1.0	0.0	19	0.0	0.0		3311	0	0
1701979932640	t	subwaycar_test_cue_workshop_right	0.0	0	0	-1.0	836.064	881.4399999999999	0.0	-1.0	-1440.0	-1600.0	0.0	-1.0	-1.0	-1.0	-1.0	-1.0	-1.0	0.0	19	0.0	0.0		3311	0	0
1701979932650	t	subwaycar_test_cue_workshop_right	0.0	0	0	-1.0	826.2719999999999	889.9200000000001	0.0044	-1.0	699.552	1029.44	0.0	-1.0	-1.0	-1.0	-1.0	-1.0	-1.0	0.0	19	0.0	0.0		3311	0	0
1701979932658	t	subwaycar_test_cue_workshop_right	0.0	0	0	-1.0	783.792	845.28	0.0044	-1.0	758.7360000000001	996.64	0.0	-1.0	-1.0	-1.0	-1.0	-1.0	-1.0	0.0	19	0.0	0.0		3311	0	0
1701979932667	t	subwaycar_test_cue_workshop_right	0.0	0	0	-1.0	769.968	837.12	0.1247	-1.0	765.5039999999999	995.36	0.144	-1.0	-1.0	-1.0	-1.0	-1.0	-1.0	0.0	19	0.0	0.0		3311	0	0
1701979932675	t	subwaycar_test_cue_workshop_right	0.0	0	0	-1.0	770.2560000000001	860.16	0.1247	-1.0	764.4960000000001	982.24	0.144	-1.0	-1.0	-1.0	-1.0	-1.0	-1.0	0.0	19	0.0	0.0		3311	0	0
1701979932684	t	subwaycar_test_cue_workshop_right	0.0	0	0	-1.0	748.2239999999999	851.8399999999999	0.2453	-1.0	762.912	1002.0799999999999	0.2899	-1.0	-1.0	-1.0	-1.0	-1.0	-1.0	0.0	19	0.0	0.0		3311	0	0
1701979932692	t	subwaycar_test_cue_workshop_right	0.0	0	0	-1.0	747.072	844.3199999999999	0.2453	-1.0	765.216	993.6	0.2899	-1.0	-1.0	-1.0	-1.0	-1.0	-1.0	0.0	19	0.0	0.0		3311	0	0
1701979932701	t	subwaycar_test_cue_workshop_right	0.0	0	0	-1.0	746.7839999999999	836.8000000000001	0.3172	-1.0	756.8639999999999	969.6	0.4049	-1.0	-1.0	-1.0	-1.0	-1.0	-1.0	0.0	19	0.0	0.0		3311	0	0
1701979932710	t	subwaycar_test_cue_workshop_right	0.0	0	0	6.2	741.1680000000001	843.0400000000001	0.3172	5.8156	761.6160000000001	978.2400000000001	0.4049	-0.1095	-0.0517	0.9926	33.8423	3.3371	-35.1211	0.0	19	0.0	0.0		3311	0	0
1701979932718	t	subwaycar_test_cue_workshop_right	0.0	0	0	5.859	743.328	855.04	0.4391	6.0018	759.7439999999999	969.76	0.4838	-0.119	-0.096	0.9882	33.8529	3.324	-35.1135	0.0	19	0.0	0.0		3311	0	0
1701979932726	t	subwaycar_test_cue_workshop_right	0.0	0	0	6.0824	739.8720000000001	858.56	0.4391	6.1224	760.896	968.96	0.4838	-0.1065	-0.0996	0.9893	33.8515	3.2461	-34.9737	0.0	19	0.0	0.0		3311	0	0
1701979932734	t	subwaycar_test_cue_workshop_right	0.0	0	0	6.2471	735.984	849.2800000000001	0.5584	5.9485	759.312	983.04	0.5504	-0.0717	-0.0881	0.9935	-33.2241	1.3226	-34.9005	0.0	19	0.0	0.0		3311	0	0
1701979932742	t	subwaycar_test_cue_workshop_right	0.0	0	0	6.2899	735.408	847.04	0.5584	5.971	758.4479999999999	989.28	0.5504	-0.0682	-0.1095	0.9916	-33.2244	1.2748	-34.7764	0.0	19	0.0	0.0		3311	0	0
1701979932751	t	subwaycar_test_cue_workshop_right	0.0	0	0	6.3383	733.8240000000001	844.16	0.6523	5.9623	762.048	982.4	0.5918	-0.0834	-0.0791	0.9934	-33.2268	1.2827	-34.8619	0.0	19	0.0	0.0		3311	0	0
1701979932759	t	subwaycar_test_cue_workshop_right	0.0	0	0	6.3827	733.536	844.96	0.6523	6.06	761.904	984.3199999999999	0.5918	-0.0809	-0.083	0.9933	-33.2317	1.2381	-34.7535	0.0	19	0.0	0.0		3311	0	0
1701979932767	t	subwaycar_test_cue_workshop_right	0.0	0	0	6.3871	733.3919999999999	847.6800000000001	0.7214	6.0701	762.048	979.1999999999999	0.6544	-0.0803	-0.0615	0.9949	-33.2358	1.2443	-34.8	0.0	19	0.0	0.0		3311	0	0
1701979932776	t	subwaycar_test_cue_workshop_right	0.0	0	0	6.4013	733.536	848.32	0.7214	6.006	761.904	979.52	0.6544	-0.0808	-0.0618	0.9948	-33.2343	1.2349	-34.7918	0.0	19	0.0	0.0		3311	0	0
1701979932784	t	subwaycar_test_cue_workshop_right	0.0	0	0	6.4301	733.8240000000001	846.88	0.7638	6.0819	762.6239999999999	982.24	0.6986	-0.0842	-0.0673	0.9942	-28.4305	1.3369	-34.7091	0.0	19	0.0	0.0		3311	0	0
1701979932792	t	subwaycar_test_cue_workshop_right	0.0	0	0	6.3761	732.672	846.72	0.7638	6.123	762.192	981.9200000000001	0.6986	-0.0816	-0.0636	0.9946	-26.8262	1.3823	-34.7358	0.0	19	0.0	0.0		3311	0	0
1701979932801	t	subwaycar_test_cue_workshop_right	0.0	0	0	6.3742	731.952	850.4	0.7919	6.149	760.896	983.04	0.7115	-0.0756	-0.0656	0.995	-25.8682	1.3859	-34.701	0.0	19	0.0	0.0		3311	0	0
1701979932809	t	subwaycar_test_cue_workshop_right	0.0	0	0	6.345	733.8240000000001	854.24	0.7919	6.1312	763.344	984.16	0.7115	-0.0853	-0.0695	0.9939	-28.4101	1.2983	-34.6687	0.0	19	0.0	0.0		3311	0	0
1701979932817	t	subwaycar_test_cue_workshop_right	0.0	0	0	6.3851	731.664	848.8	0.8146	6.1019	762.4799999999999	982.4	0.7421	-0.0814	-0.062	0.9947	-28.4791	1.2887	-34.6461	0.0	19	0.0	0.0		3311	0	0
1701979932826	t	subwaycar_test_cue_workshop_right	0.0	0	0	6.3679	730.08	851.68	0.8146	6.042	761.184	982.08	0.7421	-0.0733	-0.0594	0.9955	-26.9781	1.3521	-34.7608	0.0	19	0.0	0.0		3311	0	0
1701979932834	t	subwaycar_test_cue_workshop_right	0.0	0	0	6.4311	732.3840000000001	847.3599999999999	0.8207	6.1765	761.6160000000001	983.36	0.7546	-0.0794	-0.063	0.9948	-31.2537	1.0803	-34.2527	0.0	19	0.0	0.0		3311	0	0
1701979932842	t	subwaycar_test_cue_workshop_right	0.0	0	0	6.4004	731.664	849.6	0.8207	6.1677	763.92	984.0	0.7546	-0.0893	-0.0653	0.9939	-31.9221	1.0812	-34.3259	0.0	19	0.0	0.0		3311	0	0
1701979932851	t	subwaycar_test_cue_workshop_right	0.0	0	0	6.3264	730.8	852.6400000000001	0.8365	6.152	763.344	984.16	0.789	-0.0871	-0.0639	0.9941	-27.0052	1.221	-34.3508	0.0	19	0.0	0.0		3311	0	0
1701979932859	t	subwaycar_test_cue_workshop_right	0.0	0	0	6.4434	731.0880000000001	848.1600000000001	0.8365	6.1567	762.912	984.3199999999999	0.789	-0.0866	-0.0599	0.9944	-24.7027	1.2548	-34.2692	0.0	19	0.0	0.0		3311	0	0
1701979932867	t	subwaycar_test_cue_workshop_right	0.0	0	0	6.4128	729.648	850.56	0.8455	6.0809	763.2	984.6399999999999	0.8019	-0.0877	-0.0648	0.994	-30.9632	1.1108	-34.3803	0.0	19	0.0	0.0		3311	0	0
1701979932876	t	subwaycar_test_cue_workshop_right	0.0	0	0	6.4011	731.376	850.8800000000001	0.8455	6.064	761.328	983.84	0.8019	-0.0812	-0.0618	0.9948	-32.0127	1.066	-34.3465	0.0	19	0.0	0.0		3311	0	0
1701979932884	t	subwaycar_test_cue_workshop_right	0.0	0	0	6.3514	732.2399999999999	851.68	0.8463	6.1291	761.328	986.2399999999999	0.8074	-0.0809	-0.0692	0.9943	-32.3773	1.052	-34.3585	0.0	19	0.0	0.0		3311	0	0
1701979932892	t	subwaycar_test_cue_workshop_right	0.0	0	0	6.4034	732.816	850.08	0.8463	6.1433	761.76	985.6	0.8074	-0.086	-0.0657	0.9941	-31.6735	1.0481	-34.2845	0.0	19	0.0	0.0		3311	0	0
1701979932901	t	subwaycar_test_cue_workshop_right	0.0	0	0	6.4218	729.648	852.4800000000001	0.8553	6.0788	760.608	985.92	0.8178	-0.0824	-0.0657	0.9944	-29.456	1.0876	-34.2288	0.0	19	0.0	0.0		3311	0	0
1701979932909	t	subwaycar_test_cue_workshop_right	0.0	0	0	6.3589	730.3679999999999	852.16	0.8553	6.0569	760.896	984.96	0.8178	-0.0862	-0.0602	0.9944	-25.8165	1.1658	-34.1514	0.0	19	0.0	0.0		3311	0	0
1701979932917	t	subwaycar_test_cue_workshop_right	0.0	0	0	6.3968	730.08	850.7199999999999	0.8619	6.0532	761.04	983.52	0.8215	-0.0862	-0.0529	0.9949	-24.1436	1.2303	-34.2246	0.0	19	0.0	0.0		3311	0	0
1701979932926	t	subwaycar_test_cue_workshop_right	0.0	0	0	6.3711	729.504	852.4800000000001	0.8619	6.05	760.608	985.12	0.8215	-0.084	-0.0585	0.9947	-23.2705	1.2753	-34.3024	0.0	19	0.0	0.0		3311	0	0
1701979932934	t	subwaycar_test_cue_workshop_right	0.0	0	0	6.3483	730.08	854.24	0.8806	6.0039	761.4720000000001	982.8799999999999	0.8367	-0.086	-0.0464	0.9952	-4.4096	1.7751	-34.2484	0.0	19	0.0	0.0		3311	0	0
1701979932943	t	subwaycar_test_cue_workshop_right	0.0	0	0	6.2593	731.376	853.12	0.8806	6.0271	759.024	984.8000000000001	0.8367	-0.0814	-0.049	0.9955	-1.2087	1.8424	-34.1515	0.0	19	0.0	0.0		3311	0	0
1701979932951	t	subwaycar_test_cue_workshop_right	0.0	0	0	6.2132	731.0880000000001	852.8000000000001	0.8774	5.979	759.168	981.1199999999999	0.8439	-0.0811	-0.0429	0.9958	-2.4822	1.8176	-34.1707	0.0	19	0.0	0.0		3311	0	0
1701979932959	t	subwaycar_test_cue_workshop_right	0.0	0	0	6.2166	730.224	852.3199999999999	0.8774	5.9739	760.032	982.24	0.8439	-0.082	-0.0451	0.9956	-5.2468	1.7509	-34.207	0.0	19	0.0	0.0		3311	0	0
1701979932968	t	subwaycar_test_cue_workshop_right	0.0	0	0	6.2198	731.2320000000001	852.16	0.8807	5.9884	759.456	982.56	0.8623	-0.0822	-0.0486	0.9954	-11.371	1.5791	-34.1823	0.0	19	0.0	0.0		3311	0	0
1701979932976	t	subwaycar_test_cue_workshop_right	0.0	0	0	6.1966	730.224	851.2	0.8807	5.9721	759.312	982.7199999999999	0.8623	-0.0802	-0.0468	0.9957	-9.7999	1.6281	-34.2089	0.0	19	0.0	0.0		3311	0	0
1701979932985	t	subwaycar_test_cue_workshop_right	0.0	0	0	6.0974	733.2479999999999	850.8800000000001	0.8955	5.9385	759.312	982.4	0.8741	-0.0848	-0.045	0.9954	-6.921	1.7157	-34.2395	0.0	19	0.0	0.0		3311	0	0
1701979932993	t	subwaycar_test_cue_workshop_right	0.0	0	0	6.1279	733.2479999999999	850.56	0.8955	5.9056	759.312	982.7199999999999	0.8741	-0.0848	-0.0441	0.9954	-6.3842	1.7261	-34.2302	0.0	19	0.0	0.0		3311	0	0
1701979933001	t	subwaycar_test_cue_workshop_right	0.0	0	0	6.0827	730.512	851.36	0.8943	5.8978	755.424	983.52	0.874	-0.075	-0.0413	0.9963	-2.8196	1.7847	-34.1766	0.0	19	0.0	0.0		3311	0	0
1701979933009	t	subwaycar_test_cue_workshop_right	0.0	0	0	5.8753	717.84	858.7199999999999	0.8943	5.6971	738.288	985.76	0.874	-0.0369	-0.0467	0.9982	2.9747	1.9255	-34.3278	0.0	19	0.0	0.0		3311	0	0
1701979933018	t	subwaycar_test_cue_workshop_right	0.0	0	0	5.9341	700.272	866.4	0.8866	5.676	716.4	997.9200000000001	0.8872	-0.0004	-0.0566	0.9984	25.511	2.4784	-34.388	0.0	19	0.0	0.0		3311	0	0
1701979933026	t	subwaycar_test_cue_workshop_right	0.0	0	0	5.8591	679.536	871.3599999999999	0.8866	5.5934	691.1999999999999	1002.72	0.8872	0.0425	-0.0719	0.9965	16.0374	2.4044	-35.2225	0.0	19	0.0	0.0		3311	0	0
1701979933035	t	subwaycar_test_cue_workshop_right	0.0	0	0	5.6978	656.352	881.9200000000001	0.8839	5.5817	667.872	1006.56	0.9152	0.0949	-0.101	0.9903	-32.2113	0.9314	-34.8441	0.0	19	0.0	0.0		3311	0	0
1701979933043	t	subwaycar_test_cue_workshop_right	0.0	0	0	5.8345	635.472	888.8	0.8839	5.6397	643.5360000000001	1010.88	0.9152	0.1438	-0.1054	0.984	-31.9608	0.979	-35.1708	0.0	19	0.0	0.0		3311	0	0
1701979933051	t	subwaycar_test_cue_workshop_right	0.0	0	0	5.8779	614.88	890.24	0.8412	5.5698	625.968	1017.6	0.8994	0.1806	-0.125	0.9756	-31.7923	0.9409	-35.1303	0.0	19	0.0	0.0		3311	0	0
1701979933059	t	subwaycar_test_cue_workshop_right	0.0	0	0	5.8285	605.376	891.84	0.8412	5.574	614.16	1018.0799999999999	0.8994	0.2064	-0.1164	0.9715	-31.6771	0.768	-34.7054	0.0	19	0.0	0.0		3311	0	0
1701979933068	t	subwaycar_test_cue_workshop_right	0.0	0	0	5.8061	603.648	892.16	0.8174	5.5623	616.6080000000001	1019.0400000000001	0.8731	0.1961	-0.1197	0.9732	-31.6765	0.7581	-34.6788	0.0	19	0.0	0.0		3311	0	0
1701979933076	t	subwaycar_test_cue_workshop_right	0.0	0	0	5.8377	601.488	892.6399999999999	0.8174	5.4641	617.904	1019.68	0.8731	0.1942	-0.1234	0.9732	-31.6949	0.7602	-34.6823	0.0	19	0.0	0.0		3311	0	0
1701979933084	t	subwaycar_test_cue_workshop_right	0.0	0	0	5.6769	604.8	892.96	0.8302	5.4498	619.3439999999999	1018.72	0.8552	0.1914	-0.1184	0.9743	-31.7119	0.7726	-34.7431	0.0	19	0.0	0.0		3311	0	0
1701979933092	t	subwaycar_test_cue_workshop_right	0.0	0	0	5.6747	602.928	893.28	0.8302	5.4889	615.7439999999999	1019.0400000000001	0.8552	0.2069	-0.118	0.9712	-31.7107	0.7549	-34.6947	0.0	19	0.0	0.0		3311	0	0
1701979933100	t	subwaycar_test_cue_workshop_right	0.0	0	0	5.6047	602.64	892.0	0.8292	5.4711	617.184	1018.72	0.8841	0.2002	-0.1177	0.9727	-31.708	0.7618	-34.7116	0.0	19	0.0	0.0		3311	0	0
1701979933109	t	subwaycar_test_cue_workshop_right	0.0	0	0	5.5078	603.216	892.0	0.8292	5.4541	617.472	1018.4	0.8841	0.198	-0.1172	0.9732	-31.7081	0.7686	-34.7286	0.0	19	0.0	0.0		3311	0	0
1701979933117	t	subwaycar_test_cue_workshop_right	0.0	0	0	5.5242	602.208	892.8000000000001	0.8407	5.4324	616.896	1018.2399999999999	0.8892	0.1982	-0.0905	0.976	32.3867	2.5441	-35.0741	0.0	19	0.0	0.0		3311	0	0
1701979933125	t	subwaycar_test_cue_workshop_right	0.0	0	0	5.5416	601.056	892.8000000000001	0.8407	5.4109	616.176	1018.2399999999999	0.8892	0.202	-0.0948	0.9748	20.8103	2.225	-35.0219	0.0	19	0.0	0.0		3311	0	0
1701979933134	t	subwaycar_test_cue_workshop_right	0.0	0	0	5.5362	601.488	893.12	0.8496	5.4068	615.888	1017.2800000000001	0.8903	0.2012	-0.1001	0.9744	6.8734	1.8431	-34.9574	0.0	19	0.0	0.0		3311	0	0
1701979933142	t	subwaycar_test_cue_workshop_right	0.0	0	0	5.4637	603.36	890.8799999999999	0.8496	5.4025	615.7439999999999	1016.3199999999999	0.8903	0.1968	-0.093	0.976	7.5057	1.857	-34.9624	0.0	19	0.0	0.0		3311	0	0
1701979933150	t	subwaycar_test_cue_workshop_right	0.0	0	0	5.4541	599.04	892.4799999999999	0.8585	5.3935	615.888	1015.84	0.9014	0.2066	-0.0948	0.9738	6.7306	1.8347	-34.966	0.0	19	0.0	0.0		3311	0	0
1701979933159	t	subwaycar_test_cue_workshop_right	0.0	0	0	5.4208	600.048	893.6	0.8585	5.3845	616.176	1015.3600000000001	0.9014	0.2034	-0.0965	0.9743	5.6535	1.8023	-34.9598	0.0	19	0.0	0.0		3311	0	0
1701979933167	t	subwaycar_test_cue_workshop_right	0.0	0	0	5.42	600.48	892.96	0.8713	5.3712	616.032	1015.04	0.913	0.2026	-0.0946	0.9747	6.2999	1.821	-34.9683	0.0	19	0.0	0.0		3311	0	0
1701979933175	t	subwaycar_test_cue_workshop_right	0.0	0	0	5.421	600.048	893.6	0.8713	5.3567	616.176	1015.3600000000001	0.913	0.2032	-0.0967	0.9744	4.9692	1.7866	-34.968	0.0	19	0.0	0.0		3311	0	0
1701979933184	t	subwaycar_test_cue_workshop_right	0.0	0	0	5.4191	600.192	893.92	0.8677	5.3442	616.032	1015.04	0.9145	0.2028	-0.0969	0.9744	4.6178	1.781	-34.98	0.0	19	0.0	0.0		3311	0	0
1701979933192	t	subwaycar_test_cue_workshop_right	0.0	0	0	5.4197	600.48	894.2399999999999	0.8677	5.3312	616.176	1015.3600000000001	0.9145	0.2021	-0.0977	0.9745	6.1165	1.8248	-34.9989	0.0	19	0.0	0.0		3311	0	0
1701979933200	t	subwaycar_test_cue_workshop_right	0.0	0	0	5.4188	600.624	893.92	0.8824	5.3065	616.4639999999999	1015.04	0.9286	0.201	-0.0963	0.9748	7.6188	1.8657	-35.0054	0.0	19	0.0	0.0		3311	0	0
1701979933209	t	subwaycar_test_cue_workshop_right	0.0	0	0	5.4168	600.768	893.92	0.8824	5.2819	616.896	1014.72	0.9286	0.1999	-0.0959	0.9751	9.043	1.9044	-35.0116	0.0	19	0.0	0.0		3311	0	0
1701979933217	t	subwaycar_test_cue_workshop_right	0.0	0	0	5.414	601.488	893.76	0.878	5.2775	617.04	1014.72	0.9207	0.1979	-0.0948	0.9756	10.826	1.9559	-35.034	0.0	19	0.0	0.0		3311	0	0
1701979933225	t	subwaycar_test_cue_workshop_right	0.0	0	0	5.4104	602.208	893.6	0.878	5.2676	617.04	1014.72	0.9207	0.196	-0.0941	0.9761	11.7752	1.9819	-35.0395	0.0	19	0.0	0.0		3311	0	0
1701979933234	t	subwaycar_test_cue_workshop_right	0.0	0	0	5.3757	602.352	893.28	0.8935	5.0973	620.064	1014.4	0.925	0.1935	-0.0922	0.9767	17.4892	2.1487	-35.1038	0.0	19	0.0	0.0		3311	0	0
1701979933242	t	subwaycar_test_cue_workshop_right	0.0	0	0	5.341	602.352	892.96	0.8935	5.1554	621.216	1011.8399999999999	0.925	0.1937	-0.0877	0.9771	23.2238	2.2946	-35.1032	0.0	19	0.0	0.0		3311	0	0
1701979933250	t	subwaycar_test_cue_workshop_right	0.0	0	0	5.3318	602.928	892.6399999999999	0.8984	5.092	622.944	1012.32	0.9277	0.1923	-0.0858	0.9776	28.7035	2.4341	-35.109	0.0	19	0.0	0.0		3311	0	0
1701979933259	t	subwaycar_test_cue_workshop_right	0.0	0	0	5.1638	610.8480000000001	889.28	0.8984	5.0753	625.1039999999999	1010.3999999999999	0.9277	0.1681	-0.0759	0.9828	29.501	2.4481	-35.0866	0.0	19	0.0	0.0		3311	0	0
1701979933267	t	subwaycar_test_cue_workshop_right	0.0	0	0	5.1583	613.4399999999999	889.12	0.898	5.0855	627.552	1009.44	0.9462	0.1611	-0.0766	0.9839	27.2233	2.3908	-35.0701	0.0	19	0.0	0.0		3311	0	0
1701979933275	t	subwaycar_test_cue_workshop_right	0.0	0	0	5.1293	614.88	889.28	0.898	5.0861	630.288	1010.2399999999999	0.9462	0.1594	-0.08	0.984	24.397	2.3242	-35.0638	0.0	19	0.0	0.0		3311	0	0
1701979933284	t	subwaycar_test_cue_workshop_right	0.0	0	0	5.1481	617.184	888.0000000000001	0.9006	5.1099	634.032	1008.4799999999999	0.945	0.1552	-0.0759	0.985	22.8445	2.2839	-35.0499	0.0	19	0.0	0.0		3311	0	0
1701979933292	t	subwaycar_test_cue_workshop_right	0.0	0	0	5.1591	620.496	887.36	0.9006	4.9928	635.76	1009.76	0.945	0.1486	-0.0771	0.9859	20.2537	2.2245	-35.0515	0.0	19	0.0	0.0		3311	0	0
1701979933300	t	subwaycar_test_cue_workshop_right	0.0	0	0	5.1361	622.3679999999999	889.12	0.9067	5.0137	638.64	1006.88	0.946	0.146	-0.0761	0.9863	32.986	2.5353	-35.0432	0.0	19	0.0	0.0		3311	0	0
1701979933309	t	subwaycar_test_cue_workshop_right	0.0	0	0	5.1304	624.816	886.2399999999999	0.9067	4.9414	640.8	1006.08	0.946	0.1401	-0.0651	0.988	34.8775	2.5915	-35.0692	0.0	19	0.0	0.0		3311	0	0
1701979933317	t	subwaycar_test_cue_workshop_right	0.0	0	0	5.1412	628.1279999999999	886.5600000000001	0.9042	4.9254	644.544	1007.1999999999999	0.954	0.1319	-0.0677	0.989	34.9285	2.5985	-35.0692	0.0	19	0.0	0.0		3311	0	0
1701979933325	t	subwaycar_test_cue_workshop_right	0.0	0	0	5.0869	630.864	885.28	0.9042	4.9043	646.416	1005.7600000000001	0.954	0.1264	-0.0647	0.9899	34.9087	2.6068	-35.0776	0.0	19	0.0	0.0		3311	0	0
1701979933334	t	subwaycar_test_cue_workshop_right	0.0	0	0	5.1009	632.88	885.6	0.91	4.8375	646.992	1006.88	0.9452	0.124	-0.0664	0.99	34.8777	2.6117	-35.0867	0.0	19	0.0	0.0		3311	0	0
1701979933342	t	subwaycar_test_cue_workshop_right	0.0	0	0	5.114	634.32	882.8799999999999	0.91	4.9115	649.728	1005.28	0.9452	0.1242	-0.0574	0.9906	34.8458	2.6236	-35.1111	0.0	19	0.0	0.0		3311	0	0
1701979933350	t	subwaycar_test_cue_workshop_right	0.0	0	0	5.0682	638.064	882.8799999999999	0.9074	4.8905	653.184	1004.1600000000001	0.951	0.1133	-0.0564	0.992	34.8084	2.6258	-35.1441	0.0	19	0.0	0.0		3311	0	0
1701979933359	t	subwaycar_test_cue_workshop_right	0.0	0	0	5.0216	639.7919999999999	881.4399999999999	0.9074	4.8268	654.192	1003.68	0.951	0.1112	-0.0514	0.9925	34.7925	2.6391	-35.1894	0.0	19	0.0	0.0		3311	0	0
1701979933367	t	subwaycar_test_cue_workshop_right	0.0	0	0	4.9441	641.808	880.64	0.9051	4.8412	657.072	1001.6	0.9648	0.108	-0.0512	0.9928	34.7612	2.6779	-35.2891	0.0	19	0.0	0.0		3311	0	0
1701979933376	t	subwaycar_test_cue_workshop_right	0.0	0	0	4.9094	644.2560000000001	879.36	0.9051	4.9035	662.112	1000.6399999999999	0.9648	0.1039	-0.0509	0.9933	34.572	2.7775	-35.5958	0.0	19	0.0	0.0		3311	0	0
1701979933384	t	subwaycar_test_cue_workshop_right	0.0	0	0	4.8605	647.28	878.0799999999999	0.9155	4.8357	662.4	997.6000000000001	0.9489	0.0941	-0.0601	0.9937	16.3772	2.4394	-35.8865	0.0	19	0.0	0.0		3311	0	0
1701979933392	t	subwaycar_test_cue_workshop_right	0.0	0	0	4.9406	652.0319999999999	877.6	0.9155	4.8012	666.432	997.7600000000001	0.9489	0.089	-0.0799	0.9928	-32.0475	0.9463	-34.7839	0.0	19	0.0	0.0		3311	0	0
1701979933401	t	subwaycar_test_cue_workshop_right	0.0	0	0	4.8589	652.0319999999999	876.8000000000001	0.9221	4.8028	667.728	997.9200000000001	0.9801	0.0916	-0.0826	0.9924	-32.2161	0.953	-34.787	0.0	19	0.0	0.0		3311	0	0
1701979933409	t	subwaycar_test_cue_workshop_right	0.0	0	0	4.7519	659.664	876.0	0.9221	4.7692	671.904	995.68	0.9801	0.0812	-0.0761	0.9938	-32.2492	0.9759	-34.8418	0.0	19	0.0	0.0		3311	0	0
1701979933417	t	subwaycar_test_cue_workshop_right	0.0	0	0	4.7907	661.968	872.1600000000001	0.9163	4.5966	674.928	994.2399999999999	0.971	0.0722	-0.0741	0.9946	-32.2739	1.0292	-34.9821	0.0	19	0.0	0.0		3311	0	0
1701979933426	t	subwaycar_test_cue_workshop_right	0.0	0	0	4.824	666.0	872.32	0.9163	4.6629	676.656	991.6800000000001	0.971	0.0723	-0.0667	0.9951	-32.3047	1.0295	-34.9401	0.0	19	0.0	0.0		3311	0	0
1701979933434	t	subwaycar_test_cue_workshop_right	0.0	0	0	4.8242	668.88	869.76	0.9177	4.5317	683.568	992.0	0.9677	0.0498	-0.0708	0.9962	-32.3409	0.9906	-34.7797	0.0	19	0.0	0.0		3311	0	0
1701979933442	t	subwaycar_test_cue_workshop_right	0.0	0	0	4.7294	674.208	868.8000000000001	0.9177	4.5293	684.432	990.08	0.9677	0.0549	-0.0672	0.9962	-32.3796	1.0199	-34.8258	0.0	19	0.0	0.0		3311	0	0
1701979933451	t	subwaycar_test_cue_workshop_right	0.0	0	0	4.7499	677.232	868.16	0.9302	4.5703	684.288	986.0799999999999	0.9827	0.0606	-0.0539	0.9967	-32.4005	1.0437	-34.8729	0.0	19	0.0	0.0		3311	0	0
1701979933459	t	subwaycar_test_cue_workshop_right	0.0	0	0	4.6793	680.112	868.96	0.9302	4.481	689.904	988.1600000000001	0.9827	0.0384	-0.0643	0.9972	-32.4124	1.077	-34.9509	0.0	19	0.0	0.0		3311	0	0
1701979933467	t	subwaycar_test_cue_workshop_right	0.0	0	0	4.7717	675.072	870.2400000000001	0.9385	4.5323	683.424	986.5600000000001	0.9746	0.0478	-0.056	0.9973	-32.3266	1.0356	-34.8453	0.0	19	0.0	0.0		3311	0	0
1701979933476	t	subwaycar_test_cue_workshop_right	0.0	0	0	4.726	649.008	879.04	0.9385	4.6431	662.976	994.88	0.9746	0.0882	-0.0742	0.9933	-32.1148	0.9933	-34.8934	0.0	19	0.0	0.0		3311	0	0
1701979933484	t	subwaycar_test_cue_workshop_right	0.0	0	0	4.9274	626.544	891.04	0.9374	4.9046	636.192	1000.8	0.9666	0.1358	-0.0762	0.9878	-31.8015	0.8049	-34.5407	0.0	19	0.0	0.0		3311	0	0
1701979933492	t	subwaycar_test_cue_workshop_right	0.0	0	0	4.7592	600.624	898.08	0.9374	4.8412	605.952	1006.56	0.9666	0.1826	-0.0934	0.9787	-31.4479	1.0438	-35.3978	0.0	19	0.0	0.0		3311	0	0
1701979933500	t	subwaycar_test_cue_workshop_right	0.0	0	0	4.8719	575.2800000000001	912.96	0.9141	4.8303	576.72	1016.0	0.9503	0.2317	-0.1072	0.9669	-30.9171	0.819	-34.9383	0.0	19	0.0	0.0		3311	0	0
1701979933509	t	subwaycar_test_cue_workshop_right	0.0	0	0	4.9372	552.096	921.9200000000001	0.9141	4.7372	550.224	1027.04	0.9503	0.272	-0.1343	0.9529	-30.5347	0.7779	-34.9813	0.0	19	0.0	0.0		3311	0	0
1701979933517	t	subwaycar_test_cue_workshop_right	0.0	0	0	4.9178	530.64	930.72	0.8624	4.7843	525.456	1029.6	0.9408	0.3162	-0.1295	0.9398	-30.2659	0.7497	-35.0604	0.0	19	0.0	0.0		3311	0	0
1701979933525	t	subwaycar_test_cue_workshop_right	0.0	0	0	5.0127	509.616	936.32	0.8624	4.814	504.71999999999997	1034.88	0.9408	0.3572	-0.1383	0.9237	-30.0647	0.7414	-35.1328	0.0	19	0.0	0.0		3311	0	0
1701979933534	t	subwaycar_test_cue_workshop_right	0.0	0	0	4.8711	499.67999999999995	940.8	0.8473	4.7964	496.512	1037.92	0.9223	0.3741	-0.1442	0.9161	-29.9497	0.7335	-35.1599	0.0	19	0.0	0.0		3311	0	0
1701979933542	t	subwaycar_test_cue_workshop_right	0.0	0	0	4.9107	505.296	936.6400000000001	0.8473	4.7195	503.99999999999994	1034.24	0.9223	0.3612	-0.1371	0.9224	-29.6408	0.7574	-35.1377	0.0	19	0.0	0.0		3311	0	0
1701979933550	t	subwaycar_test_cue_workshop_right	0.0	0	0	4.9917	511.2	935.2	0.7688	4.741	513.648	1029.44	0.8829	0.3474	-0.122	0.9297	-27.7473	0.8003	-35.1411	0.0	19	0.0	0.0		3311	0	0
1701979933559	t	subwaycar_test_cue_workshop_right	0.0	0	0	4.9498	519.552	932.16	0.7688	4.7473	522.72	1029.92	0.8829	0.339	-0.119	0.9332	5.8096	1.6121	-35.5996	0.0	19	0.0	0.0		3311	0	0
1701979933567	t	subwaycar_test_cue_workshop_right	0.0	0	0	4.8639	526.4639999999999	927.68	0.7875	4.7883	531.216	1028.48	0.9047	0.3266	-0.117	0.9379	-8.3986	1.278	-35.3668	0.0	19	0.0	0.0		3311	0	0
1701979933576	t	subwaycar_test_cue_workshop_right	0.0	0	0	4.9065	533.52	922.88	0.7875	4.7211	540.0	1029.44	0.9047	0.313	-0.116	0.9426	-6.2581	1.336	-35.3714	0.0	19	0.0	0.0		3311	0	0
1701979933584	t	subwaycar_test_cue_workshop_right	0.0	0	0	4.8979	542.304	922.4	0.8409	4.6817	549.216	1026.08	0.9109	0.3009	-0.1099	0.9473	-3.3515	1.4143	-35.3858	0.0	19	0.0	0.0		3311	0	0
1701979933592	t	subwaycar_test_cue_workshop_right	0.0	0	0	4.9139	549.36	919.9999999999999	0.8409	4.7445	556.704	1020.96	0.9109	0.2874	-0.0969	0.9529	-3.233	1.4174	-35.3736	0.0	19	0.0	0.0		3311	0	0
1701979933601	t	subwaycar_test_cue_workshop_right	0.0	0	0	4.8713	557.1360000000001	918.2399999999999	0.8506	4.6729	563.184	1019.8399999999999	0.9197	0.2743	-0.0948	0.957	-4.9155	1.3796	-35.332	0.0	19	0.0	0.0		3311	0	0
1701979933609	t	subwaycar_test_cue_workshop_right	0.0	0	0	4.8201	561.6	916.8	0.8506	4.7464	571.536	1019.8399999999999	0.9197	0.2575	-0.097	0.9614	-6.4097	1.3524	-35.2943	0.0	19	0.0	0.0		3311	0	0
1701979933617	t	subwaycar_test_cue_workshop_right	0.0	0	0	4.7374	567.216	911.8399999999999	0.8437	4.7318	576.144	1018.72	0.924	0.2498	-0.0925	0.9639	-6.8221	1.3598	-35.2816	0.0	19	0.0	0.0		3311	0	0
1701979933626	t	subwaycar_test_cue_workshop_right	0.0	0	0	4.7731	573.984	913.4399999999999	0.8437	4.6944	582.192	1018.0799999999999	0.924	0.2342	-0.0995	0.9671	-6.7591	1.3823	-35.2607	0.0	19	0.0	0.0		3311	0	0
1701979933634	t	subwaycar_test_cue_workshop_right	0.0	0	0	4.8492	578.1600000000001	912.96	0.9586	4.789	587.232	1011.68	0.9372	0.2286	-0.0902	0.9693	-6.7461	1.418	-35.2683	0.0	19	0.0	0.0		3311	0	0
1701979933643	t	subwaycar_test_cue_workshop_right	0.0	0	0	4.814	585.216	911.52	0.9586	4.6063	595.872	1014.08	0.9372	0.2076	-0.0997	0.9731	-5.3726	1.4914	-35.3384	0.0	19	0.0	0.0		3311	0	0
1701979933651	t	subwaycar_test_cue_workshop_right	0.0	0	0	4.7408	592.8480000000001	906.56	0.9105	4.7246	601.6320000000001	1008.64	0.9475	0.2008	-0.0859	0.9759	3.5511	1.7596	-35.4951	0.0	19	0.0	0.0		3311	0	0
1701979933659	t	subwaycar_test_cue_workshop_right	0.0	0	0	4.764	597.888	901.44	0.9105	4.7434	609.84	1005.9200000000001	0.9475	0.19	-0.0728	0.9791	14.8411	2.0499	-35.6015	0.0	19	0.0	0.0		3311	0	0
1701979933668	t	subwaycar_test_cue_workshop_right	0.0	0	0	4.7538	606.96	898.4	0.9237	4.7158	615.168	1002.3999999999999	0.9355	0.1752	-0.0635	0.9825	22.6116	2.2432	-35.6403	0.0	19	0.0	0.0		3311	0	0
1701979933676	t	subwaycar_test_cue_workshop_right	0.0	0	0	4.7654	612.8639999999999	895.68	0.9237	4.7195	620.928	1002.5600000000001	0.9355	0.1619	-0.0563	0.9852	25.6986	2.3234	-35.6571	0.0	19	0.0	0.0		3311	0	0
1701979933684	t	subwaycar_test_cue_workshop_right	0.0	0	0	4.7639	619.488	897.4399999999999	0.9292	4.7274	627.552	1002.2399999999999	0.9437	0.1505	-0.062	0.9867	33.2002	2.503	-35.6855	0.0	19	0.0	0.0		3311	0	0
1701979933693	t	subwaycar_test_cue_workshop_right	0.0	0	0	4.7313	625.824	896.64	0.9292	4.6752	632.448	1001.6	0.9437	0.1324	-0.0595	0.9894	34.6144	2.5446	-35.7302	0.0	19	0.0	0.0		3311	0	0
1701979933701	t	subwaycar_test_cue_workshop_right	0.0	0	0	4.7863	631.8720000000001	899.04	0.9291	4.6694	637.92	1000.8	0.9554	0.1219	-0.0695	0.9901	34.8918	2.5729	-35.7742	0.0	19	0.0	0.0		3311	0	0
1701979933709	t	subwaycar_test_cue_workshop_right	0.0	0	0	4.6852	639.072	896.48	0.9291	4.5778	646.1279999999999	1000.4799999999999	0.9554	0.1039	-0.0623	0.9926	34.8466	2.6275	-35.9535	0.0	19	0.0	0.0		3311	0	0
1701979933718	t	subwaycar_test_cue_workshop_right	0.0	0	0	4.6718	645.984	895.52	0.9254	4.5703	652.0319999999999	1000.6399999999999	0.9501	0.082	-0.0652	0.9945	33.1015	2.8762	-36.8733	0.0	19	0.0	0.0		3311	0	0
1701979933726	t	subwaycar_test_cue_workshop_right	0.0	0	0	4.608	651.6	895.04	0.9254	4.5456	658.512	1002.3999999999999	0.9501	0.0837	-0.0837	0.993	-17.4103	1.4301	-35.5506	0.0	19	0.0	0.0		3311	200	MYKEYWORD 200
