Recording timestamp	type	Scene Name	scene_num	order	djv_reported	PupilDiam_Left	Gaze2d_Left.x	Gaze2d_Left.y	left_eye_openness	PupilDiam_Right	Gaze2d_Right.x	Gaze2d_Right.y	right_eye_openness	gaze_direction_x	gaze_direction_y	gaze_direction_z	gaze_origin_x	gaze_origin_y	gaze_origin_z	gaze_convergence_distance	participant	study_status	scene_familiarity	recall_status	Identifier	Event value	Event message
1702056977352	t	picnicarea_test_cue_gas_station_right	0.0	15	0	3.9398	692.352	681.9200000000001	1.0	3.8284	463.248	913.4399999999999	1.0	0.2598	-0.1636	0.9517	-27.0317	4.8267	-41.8841	0.0	24	0.0	0.0		3624	100	MYKEYWORD 100
1702056977361	t	picnicarea_test_cue_gas_station_right	0.0	15	0	3.8972	692.784	685.12	1.0	3.913	462.96000000000004	918.5600000000001	1.0	0.2704	-0.1667	0.9482	-27.0549	4.7649	-41.8947	0.0	24	0.0	0.0		3624	0	0
1702056977369	t	picnicarea_test_cue_gas_station_right	0.0	15	0	3.8147	694.2239999999999	689.12	1.0	3.9139	464.544	917.44	1.0	0.271	-0.1511	0.9506	-27.074	4.7185	-41.9076	0.0	24	0.0	0.0		3624	0	0
1702056977377	t	picnicarea_test_cue_gas_station_right	0.0	15	0	3.8031	694.5120000000001	692.64	1.0	3.8815	465.84000000000003	920.48	1.0	0.2694	-0.157	0.9501	-27.0869	4.6949	-41.908	0.0	24	0.0	0.0		3624	0	0
1702056977386	t	picnicarea_test_cue_gas_station_right	0.0	15	0	3.8344	694.944	695.36	1.0	3.9777	467.568	919.9999999999999	1.0	0.2657	-0.1537	0.9517	-27.0911	4.6859	-41.9049	0.0	24	0.0	0.0		3624	0	0
1702056977394	t	picnicarea_test_cue_gas_station_right	0.0	15	0	3.7794	695.952	696.64	1.0	3.9558	466.84799999999996	920.64	1.0	0.2705	-0.1554	0.9501	-27.1059	4.685	-41.9061	0.0	24	0.0	0.0		3624	0	0
1702056977402	t	picnicarea_test_cue_gas_station_right	0.0	15	0	3.8242	695.952	698.08	1.0	3.924	467.568	920.8000000000001	1.0	0.257	-0.1503	0.9546	4.5893	6.1525	-40.2993	0.0	24	0.0	0.0		3624	0	0
1702056977411	t	picnicarea_test_cue_gas_station_right	0.0	15	0	3.8099	696.528	699.04	1.0	3.9614	468.864	920.96	1.0	0.2534	-0.1503	0.9556	5.0692	6.1635	-40.2746	0.0	24	0.0	0.0		3624	0	0
1702056977419	t	picnicarea_test_cue_gas_station_right	0.0	15	0	3.7616	695.376	697.2800000000001	1.0	3.9413	468.288	921.28	1.0	0.2551	-0.1467	0.9557	5.9318	6.2024	-40.2338	0.0	24	0.0	0.0		3624	0	0
1702056977427	t	picnicarea_test_cue_gas_station_right	0.0	15	0	3.7713	695.808	696.16	1.0	3.9891	464.97600000000006	923.84	1.0	0.2575	-0.1483	0.9548	6.6178	6.2358	-40.1999	0.0	24	0.0	0.0		3624	0	0
1702056977436	t	picnicarea_test_cue_gas_station_right	0.0	15	0	3.8003	694.5120000000001	695.6800000000001	1.0	3.9218	464.688	920.1599999999999	1.0	0.2579	-0.1438	0.9554	7.3552	6.2792	-40.164	0.0	24	0.0	0.0		3624	0	0
1702056977444	t	picnicarea_test_cue_gas_station_right	0.0	15	0	3.8738	693.5039999999999	694.56	1.0	3.909	465.696	921.4399999999999	1.0	0.2564	-0.1466	0.9554	8.06	6.3267	-40.124	0.0	24	0.0	0.0		3624	0	0
1702056977452	t	picnicarea_test_cue_gas_station_right	0.0	15	0	3.8257	693.792	694.24	1.0	3.8996	464.688	921.4399999999999	1.0	0.2562	-0.15	0.9549	8.5388	6.3683	-40.0936	0.0	24	0.0	0.0		3624	0	0
1702056977461	t	picnicarea_test_cue_gas_station_right	0.0	15	0	3.7707	692.784	693.28	1.0	3.8885	465.984	918.4	1.0	0.2574	-0.1495	0.9547	8.7816	6.4048	-40.077	0.0	24	0.0	0.0		3624	0	0
1702056977469	t	picnicarea_test_cue_gas_station_right	0.0	15	0	3.7374	692.64	693.12	1.0	3.8771	466.56	919.8399999999999	1.0	0.2581	-0.1557	0.9535	8.8437	6.4283	-40.0664	0.0	24	0.0	0.0		3624	0	0
1702056977478	t	picnicarea_test_cue_gas_station_right	0.0	15	0	3.7857	694.0799999999999	691.52	1.0	3.8665	469.29600000000005	919.68	1.0	0.2522	-0.1572	0.9548	9.2758	6.4703	-40.034	0.0	24	0.0	0.0		3624	0	0
1702056977486	t	picnicarea_test_cue_gas_station_right	0.0	15	0	3.8974	694.368	690.7199999999999	1.0	3.9813	468.144	913.9200000000001	0.9991	0.2562	-0.151	0.9548	9.5269	6.5	-40.0192	0.0	24	0.0	0.0		3624	0	0
1702056977495	t	picnicarea_test_cue_gas_station_right	0.0	15	0	3.7534	696.384	692.16	1.0	3.8418	471.31199999999995	911.36	0.9991	0.249	-0.1533	0.9563	9.791	6.52	-39.9983	0.0	24	0.0	0.0		3624	0	0
1702056977502	t	picnicarea_test_cue_gas_station_right	0.0	15	0	3.8082	697.68	690.56	1.0	3.9195	471.024	912.1600000000001	0.9904	0.2505	-0.1524	0.956	10.1556	6.546	-39.9763	0.0	24	0.0	0.0		3624	0	0
1702056977511	t	picnicarea_test_cue_gas_station_right	0.0	15	0	3.9432	697.248	689.6	1.0	3.8487	475.05600000000004	911.0400000000001	0.9904	0.2495	-0.149	0.9568	10.5505	6.567	-39.9531	0.0	24	0.0	0.0		3624	0	0
1702056977519	t	picnicarea_test_cue_gas_station_right	0.0	15	0	3.8768	698.976	691.36	1.0	3.9285	474.768	911.0400000000001	0.9994	0.2493	-0.1532	0.9562	10.7508	6.5771	-39.9379	0.0	24	0.0	0.0		3624	0	0
1702056977528	t	picnicarea_test_cue_gas_station_right	0.0	15	0	3.7296	701.424	692.16	1.0	3.779	477.792	912.32	0.9994	0.2435	-0.1564	0.9572	10.6732	6.5692	-39.9354	0.0	24	0.0	0.0		3624	0	0
1702056977536	t	picnicarea_test_cue_gas_station_right	0.0	15	0	3.8863	701.28	690.7199999999999	1.0	3.895	478.8	911.52	1.0	0.247	-0.1486	0.9576	10.4149	6.5442	-39.9529	0.0	24	0.0	0.0		3624	0	0
1702056977544	t	picnicarea_test_cue_gas_station_right	0.0	15	0	3.8276	702.8639999999999	693.44	1.0	3.8504	478.65599999999995	914.24	1.0	0.2489	-0.1527	0.9564	10.1359	6.5074	-39.967	0.0	24	0.0	0.0		3624	0	0
1702056977553	t	picnicarea_test_cue_gas_station_right	0.0	15	0	3.8222	704.592	693.28	1.0	3.9251	480.96000000000004	915.04	1.0	0.2483	-0.1464	0.9576	9.7743	6.4594	-39.9856	0.0	24	0.0	0.0		3624	0	0
1702056977561	t	picnicarea_test_cue_gas_station_right	0.0	15	0	3.8852	708.192	694.7199999999999	1.0	3.9398	483.84000000000003	918.72	1.0	0.2419	-0.1459	0.9593	9.4204	6.4034	-40.0045	0.0	24	0.0	0.0		3624	0	0
1702056977569	t	picnicarea_test_cue_gas_station_right	0.0	15	0	3.855	709.92	694.88	1.0	3.9352	484.704	923.1999999999999	1.0	0.2431	-0.1421	0.9595	9.4197	6.3597	-40.0132	0.0	24	0.0	0.0		3624	0	0
1702056977578	t	picnicarea_test_cue_gas_station_right	0.0	15	0	3.872	711.6479999999999	698.88	1.0	3.9163	489.6	927.0400000000001	1.0	0.2392	-0.145	0.9601	9.8168	6.3311	-39.9953	0.0	24	0.0	0.0		3624	0	0
1702056977586	t	picnicarea_test_cue_gas_station_right	0.0	15	0	3.8521	714.528	704.3199999999999	1.0	3.9694	490.608	930.4	1.0	0.2428	-0.1461	0.959	9.8925	6.2681	-40.0017	0.0	24	0.0	0.0		3624	0	0
1702056977594	t	picnicarea_test_cue_gas_station_right	0.0	15	0	3.8616	716.688	710.24	1.0	3.9156	493.77599999999995	935.36	1.0	0.2424	-0.15	0.9585	10.0679	6.2062	-39.9982	0.0	24	0.0	0.0		3624	0	0
1702056977602	t	picnicarea_test_cue_gas_station_right	0.0	15	0	3.8539	721.296	715.36	1.0	3.8681	498.528	942.4	1.0	0.2363	-0.1527	0.9596	10.0349	6.1246	-40.0092	0.0	24	0.0	0.0		3624	0	0
1702056977611	t	picnicarea_test_cue_gas_station_right	0.0	15	0	3.8095	723.4559999999999	719.52	1.0	3.9035	501.552	946.72	1.0	0.2405	-0.1501	0.959	9.8383	6.0395	-40.0298	0.0	24	0.0	0.0		3624	0	0
1702056977619	t	picnicarea_test_cue_gas_station_right	0.0	15	0	3.8458	728.496	722.88	1.0	3.854	504.288	954.08	1.0	0.2339	-0.1493	0.9607	9.8479	5.9615	-40.0385	0.0	24	0.0	0.0		3624	0	0
1702056977627	t	picnicarea_test_cue_gas_station_right	0.0	15	0	3.8109	731.0880000000001	729.6	1.0	3.9677	508.46400000000006	957.2800000000001	1.0	0.2366	-0.1531	0.9595	9.5932	5.8828	-40.0608	0.0	24	0.0	0.0		3624	0	0
1702056977636	t	picnicarea_test_cue_gas_station_right	0.0	15	0	3.8509	735.1199999999999	730.88	1.0	3.8835	512.496	960.0	1.0	0.2308	-0.1472	0.9618	9.6385	5.8301	-40.0651	0.0	24	0.0	0.0		3624	0	0
1702056977644	t	picnicarea_test_cue_gas_station_right	0.0	15	0	3.8636	739.1519999999999	736.0	1.0	3.9939	515.52	963.1999999999999	1.0	0.2303	-0.1497	0.9615	9.0612	5.7443	-40.093	0.0	24	0.0	0.0		3624	0	0
1702056977653	t	picnicarea_test_cue_gas_station_right	0.0	15	0	3.8734	743.04	741.12	1.0	3.9585	517.9680000000001	968.16	1.0	0.2288	-0.1566	0.9608	8.6301	5.6771	-40.119	0.0	24	0.0	0.0		3624	0	0
1702056977661	t	picnicarea_test_cue_gas_station_right	0.0	15	0	3.9016	743.9039999999999	744.64	1.0	4.0022	521.424	968.0	1.0	0.2278	-0.1549	0.9613	8.108	5.612	-40.1488	0.0	24	0.0	0.0		3624	0	0
1702056977669	t	picnicarea_test_cue_gas_station_right	0.0	15	0	3.9017	745.1999999999999	746.5600000000001	1.0	4.015	524.448	970.0799999999999	1.0	0.2258	-0.1532	0.9621	7.6235	5.5504	-40.1779	0.0	24	0.0	0.0		3624	0	0
1702056977678	t	picnicarea_test_cue_gas_station_right	0.0	15	0	3.8825	745.9200000000001	748.48	1.0	3.935	524.736	972.8	1.0	0.2248	-0.1546	0.962	6.9278	5.4865	-40.2178	0.0	24	0.0	0.0		3624	0	0
1702056977686	t	picnicarea_test_cue_gas_station_right	0.0	15	0	3.8099	746.496	751.1999999999999	1.0	3.9324	525.456	973.1199999999999	1.0	0.2248	-0.1522	0.9624	6.7089	5.4389	-40.2387	0.0	24	0.0	0.0		3624	0	0
1702056977694	t	picnicarea_test_cue_gas_station_right	0.0	15	0	3.8943	748.2239999999999	750.5600000000001	1.0	3.9408	525.024	976.96	1.0	0.2223	-0.1487	0.9635	7.0751	5.4234	-40.2274	0.0	24	0.0	0.0		3624	0	0
1702056977703	t	picnicarea_test_cue_gas_station_right	0.0	15	0	3.9129	747.792	750.88	1.0	4.0278	525.888	978.0799999999999	1.0	0.2232	-0.1455	0.9639	7.7909	5.434	-40.1955	0.0	24	0.0	0.0		3624	0	0
1702056977711	t	picnicarea_test_cue_gas_station_right	0.0	15	0	3.9664	747.504	751.52	1.0	4.0493	527.184	978.5600000000001	1.0	0.2224	-0.1423	0.9645	8.6046	5.4498	-40.1581	0.0	24	0.0	0.0		3624	0	0
1702056977720	t	picnicarea_test_cue_gas_station_right	0.0	15	0	3.875	749.9520000000001	754.72	1.0	3.9971	527.3280000000001	979.52	1.0	0.2164	-0.1449	0.9655	8.8758	5.4343	-40.1478	0.0	24	0.0	0.0		3624	0	0
1702056977728	t	picnicarea_test_cue_gas_station_right	0.0	15	0	3.8411	749.376	756.48	1.0	4.0234	527.904	983.36	1.0	0.2175	-0.1468	0.9649	9.0945	5.4137	-40.1447	0.0	24	0.0	0.0		3624	0	0
1702056977736	t	picnicarea_test_cue_gas_station_right	0.0	15	0	3.8704	749.9520000000001	759.04	1.0	4.014	526.896	986.2399999999999	1.0	0.2178	-0.1498	0.9644	9.1545	5.3888	-40.1484	0.0	24	0.0	0.0		3624	0	0
1702056977745	t	picnicarea_test_cue_gas_station_right	0.0	15	0	3.7833	748.2239999999999	761.4399999999999	1.0	4.0526	527.472	989.6000000000001	1.0	0.2209	-0.1507	0.9636	8.9397	5.3406	-40.1732	0.0	24	0.0	0.0		3624	0	0
1702056977753	t	picnicarea_test_cue_gas_station_right	0.0	15	0	3.9089	748.5120000000001	763.68	1.0	3.98	525.312	992.96	1.0	0.2214	-0.1516	0.9633	8.8386	5.2973	-40.1898	0.0	24	0.0	0.0		3624	0	0
1702056977761	t	picnicarea_test_cue_gas_station_right	0.0	15	0	3.8763	748.0799999999999	766.08	1.0	4.0026	526.176	996.0000000000001	1.0	0.2195	-0.1526	0.9636	9.1065	5.2735	-40.1878	0.0	24	0.0	0.0		3624	0	0
1702056977770	t	picnicarea_test_cue_gas_station_right	0.0	15	0	3.8987	748.2239999999999	771.1999999999999	1.0	4.0171	525.888	998.56	1.0	0.2174	-0.1581	0.9632	8.8251	5.2176	-40.2123	0.0	24	0.0	0.0		3624	0	0
1702056977778	t	picnicarea_test_cue_gas_station_right	0.0	15	0	3.8893	747.36	773.28	1.0	4.0619	525.312	1002.72	1.0	0.2178	-0.1586	0.963	9.0073	5.1841	-40.2139	0.0	24	0.0	0.0		3624	0	0
1702056977786	t	picnicarea_test_cue_gas_station_right	0.0	15	0	3.9112	746.9280000000001	777.28	1.0	4.0908	525.312	1004.32	1.0	0.2157	-0.1574	0.9637	8.9095	5.1245	-40.2329	0.0	24	0.0	0.0		3624	0	0
1702056977795	t	picnicarea_test_cue_gas_station_right	0.0	15	0	3.8329	744.9119999999999	779.6800000000001	1.0	4.1374	524.736	1008.4799999999999	1.0	0.2193	-0.1569	0.963	7.5793	5.0126	-40.3184	0.0	24	0.0	0.0		3624	0	0
1702056977803	t	picnicarea_test_cue_gas_station_right	0.0	15	0	3.9015	745.1999999999999	781.9200000000001	1.0	4.013	523.8720000000001	1010.88	1.0	0.2165	-0.1549	0.9639	7.8392	4.9782	-40.3181	0.0	24	0.0	0.0		3624	0	0
1702056977811	t	picnicarea_test_cue_gas_station_right	0.0	15	0	3.9525	744.336	784.16	1.0	4.1616	523.7280000000001	1011.8399999999999	1.0	0.2174	-0.1494	0.9646	8.0423	4.9368	-40.3207	0.0	24	0.0	0.0		3624	0	0
1702056977820	t	picnicarea_test_cue_gas_station_right	0.0	15	0	3.8427	743.76	788.0	0.9985	4.0379	521.856	1017.76	1.0	0.2201	-0.1549	0.9631	7.9627	4.8845	-40.3378	0.0	24	0.0	0.0		3624	0	0
1702056977828	t	picnicarea_test_cue_gas_station_right	0.0	15	0	3.8866	743.328	789.9200000000001	0.9985	4.1671	519.408	1017.92	1.0	0.226	-0.148	0.9628	7.5469	4.8176	-40.376	0.0	24	0.0	0.0		3624	0	0
1702056977836	t	picnicarea_test_cue_gas_station_right	0.0	15	0	3.8731	743.472	792.8	1.0	4.062	521.28	1021.28	1.0	0.2235	-0.1469	0.9636	7.449	4.758	-40.3923	0.0	24	0.0	0.0		3624	0	0
1702056977844	t	picnicarea_test_cue_gas_station_right	0.0	15	0	3.9371	745.488	797.2800000000001	1.0	4.1316	521.28	1025.44	1.0	0.2216	-0.1514	0.9633	6.9827	4.6896	-40.4244	0.0	24	0.0	0.0		3624	0	0
1702056977853	t	picnicarea_test_cue_gas_station_right	0.0	15	0	3.9862	745.1999999999999	800.16	1.0	4.1438	521.856	1025.76	1.0	0.2244	-0.1499	0.9629	6.3125	4.625	-40.4689	0.0	24	0.0	0.0		3624	0	0
1702056977861	t	picnicarea_test_cue_gas_station_right	0.0	15	0	3.9184	746.64	805.5999999999999	1.0	4.1346	522.0	1029.76	1.0	0.2232	-0.1559	0.9622	6.0417	4.5618	-40.492	0.0	24	0.0	0.0		3624	0	0
1702056977870	t	picnicarea_test_cue_gas_station_right	0.0	15	0	3.9569	747.36	809.6	1.0	4.1614	523.7280000000001	1031.8400000000001	1.0	0.2207	-0.1565	0.9627	5.9277	4.5087	-40.5071	0.0	24	0.0	0.0		3624	0	0
1702056977878	t	picnicarea_test_cue_gas_station_right	0.0	15	0	3.9082	748.0799999999999	813.7600000000001	1.0	4.1853	524.304	1032.6399999999999	1.0	0.2218	-0.1563	0.9625	5.5388	4.4492	-40.5368	0.0	24	0.0	0.0		3624	0	0
1702056977886	t	picnicarea_test_cue_gas_station_right	0.0	15	0	3.8686	748.8000000000001	815.3600000000001	0.9701	4.168	526.3199999999999	1034.72	1.0	0.2195	-0.1571	0.9629	5.2583	4.4105	-40.5534	0.0	24	0.0	0.0		3624	0	0
1702056977895	t	picnicarea_test_cue_gas_station_right	0.0	15	0	3.8327	749.8080000000001	817.76	0.9701	4.1582	527.76	1034.24	1.0	0.2185	-0.1552	0.9634	4.9984	4.3728	-40.5707	0.0	24	0.0	0.0		3624	0	0
1702056977903	t	picnicarea_test_cue_gas_station_right	0.0	15	0	3.8817	753.408	820.32	0.9398	4.1463	530.784	1039.68	1.0	0.2208	-0.1613	0.9619	5.2763	4.3536	-40.5506	0.0	24	0.0	0.0		3624	0	0
1702056977911	t	picnicarea_test_cue_gas_station_right	0.0	15	0	3.8705	769.968	821.7599999999999	0.9398	4.042	552.384	1046.0800000000002	1.0	0.1879	-0.1635	0.9685	6.0235	4.3345	-40.4859	0.0	24	0.0	0.0		3624	0	0
1702056977920	t	picnicarea_test_cue_gas_station_right	0.0	15	0	3.9671	797.904	823.84	0.9269	4.0721	581.328	1040.32	1.0	0.1451	-0.1582	0.9767	6.2566	4.3406	-40.4242	0.0	24	0.0	0.0		3624	0	0
1702056977928	t	picnicarea_test_cue_gas_station_right	0.0	15	0	3.9889	828.1439999999999	820.1599999999999	0.9269	4.0166	610.416	1042.08	1.0	0.0988	-0.1528	0.9833	10.5997	4.541	-40.1596	0.0	24	0.0	0.0		3624	0	0
1702056977936	t	picnicarea_test_cue_gas_station_right	0.0	15	0	3.9174	857.088	819.9999999999999	0.9555	4.0346	635.472	1039.52	1.0	0.05	-0.1436	0.9884	10.3091	4.5104	-40.1566	0.0	24	0.0	0.0		3624	0	0
1702056977945	t	picnicarea_test_cue_gas_station_right	0.0	15	0	3.9829	877.8240000000001	822.72	0.9555	4.0129	655.7760000000001	1039.8400000000001	1.0	0.0105	-0.1484	0.9889	3.3651	4.2022	-40.494	0.0	24	0.0	0.0		3624	0	0
1702056977953	t	picnicarea_test_cue_gas_station_right	0.0	15	0	4.0341	882.432	824.48	0.9942	3.9734	658.944	1039.8400000000001	0.9801	0.0094	-0.1498	0.9887	2.0995	4.1401	-40.5542	0.0	24	0.0	0.0		3624	0	0
1702056977961	t	picnicarea_test_cue_gas_station_right	0.0	15	0	4.0298	882.0000000000001	826.56	0.9942	3.9587	662.544	1036.0	0.9801	0.0036	-0.1414	0.9899	1.6529	4.0921	-40.5792	0.0	24	0.0	0.0		3624	0	0
1702056977970	t	picnicarea_test_cue_gas_station_right	0.0	15	0	3.982	881.136	829.9200000000001	1.0	4.0174	661.6800000000001	1040.0	0.9753	0.0089	-0.1474	0.989	1.9677	4.0759	-40.5709	0.0	24	0.0	0.0		3624	0	0
1702056977978	t	picnicarea_test_cue_gas_station_right	0.0	15	0	3.9919	883.7280000000001	831.04	1.0	4.0032	662.688	1043.2	0.9753	0.0055	-0.1465	0.9892	3.0504	4.086	-40.522	0.0	24	0.0	0.0		3624	0	0
1702056977987	t	picnicarea_test_cue_gas_station_right	0.0	15	0	3.9222	883.44	832.3199999999999	1.0	3.9697	661.536	1040.96	0.9957	0.0113	-0.1356	0.9907	2.6953	4.0254	-40.5408	0.0	24	0.0	0.0		3624	0	0
1702056977995	t	picnicarea_test_cue_gas_station_right	0.0	15	0	3.9102	884.16	833.92	1.0	3.9726	667.728	1046.24	0.9957	0.0032	-0.1395	0.9902	4.4677	4.0682	-40.4638	0.0	24	0.0	0.0		3624	0	0
1702056978003	t	picnicarea_test_cue_gas_station_right	0.0	15	0	3.8672	882.288	835.8399999999999	1.0	3.9938	667.008	1050.08	1.0	0.0127	-0.1427	0.9897	5.8142	4.0997	-40.4041	0.0	24	0.0	0.0		3624	0	0
1702056978011	t	picnicarea_test_cue_gas_station_right	0.0	15	0	3.8934	885.312	837.7599999999999	1.0	3.844	666.288	1053.9199999999998	1.0	0.0088	-0.1457	0.9893	7.2222	4.1329	-40.338	0.0	24	0.0	0.0		3624	0	0
1702056978020	t	picnicarea_test_cue_gas_station_right	0.0	15	0	3.8765	885.8879999999999	840.9599999999999	1.0	3.8403	667.1519999999999	1052.1599999999999	1.0	0.0074	-0.1398	0.9901	7.6014	4.102	-40.333	0.0	24	0.0	0.0		3624	0	0
1702056978028	t	picnicarea_test_cue_gas_station_right	0.0	15	0	3.9557	886.1759999999999	840.9599999999999	1.0	3.9806	667.008	1057.92	1.0	0.0071	-0.1385	0.9903	8.2003	4.0915	-40.3088	0.0	24	0.0	0.0		3624	0	0
1702056978037	t	picnicarea_test_cue_gas_station_right	0.0	15	0	3.9642	887.04	843.2	1.0	3.7974	666.576	1056.8	1.0	0.0044	-0.1384	0.9904	8.1413	4.0715	-40.3214	0.0	24	0.0	0.0		3624	0	0
1702056978045	t	picnicarea_test_cue_gas_station_right	0.0	15	0	3.9796	887.472	844.6400000000001	1.0	3.7482	668.304	1060.1599999999999	1.0	-0.001	-0.143	0.9897	7.7922	4.0421	-40.3432	0.0	24	0.0	0.0		3624	0	0
1702056978053	t	picnicarea_test_cue_gas_station_right	0.0	15	0	3.9638	888.624	845.92	1.0	3.8048	668.304	1059.52	0.9717	-0.0052	-0.1416	0.9899	7.317	4.0048	-40.3646	0.0	24	0.0	0.0		3624	0	0
1702056978061	t	picnicarea_test_cue_gas_station_right	0.0	15	0	3.9267	886.7520000000001	849.2800000000001	1.0	3.8346	670.32	1062.56	0.9717	-0.0045	-0.1467	0.9892	7.1546	3.9678	-40.3752	0.0	24	0.0	0.0		3624	0	0
1702056978070	t	picnicarea_test_cue_gas_station_right	0.0	15	0	3.9294	885.312	850.56	1.0	3.8035	670.1759999999999	1060.8	0.9644	-0.0006	-0.1389	0.9903	6.3151	3.8949	-40.4254	0.0	24	0.0	0.0		3624	0	0
1702056978078	t	picnicarea_test_cue_gas_station_right	0.0	15	0	3.918	887.472	854.88	1.0	3.811	669.6	1063.6799999999998	0.9644	-0.0025	-0.145	0.9894	5.8263	3.8443	-40.4626	0.0	24	0.0	0.0		3624	0	0
1702056978086	t	picnicarea_test_cue_gas_station_right	0.0	15	0	3.9522	889.6320000000001	856.64	1.0	3.7974	671.0400000000001	1063.52	0.9691	-0.0077	-0.1418	0.9899	5.3425	3.7943	-40.4845	0.0	24	0.0	0.0		3624	0	0
1702056978095	t	picnicarea_test_cue_gas_station_right	0.0	15	0	3.9239	889.776	861.12	1.0	3.7835	669.6	1062.72	0.9691	0.0002	-0.1416	0.9899	4.6062	3.7267	-40.5284	0.0	24	0.0	0.0		3624	0	0
1702056978103	t	picnicarea_test_cue_gas_station_right	0.0	15	0	3.8739	890.496	863.04	1.0	3.7162	673.776	1066.56	0.9535	-0.0042	-0.1434	0.9896	3.8475	3.662	-40.5755	0.0	24	0.0	0.0		3624	0	0
1702056978111	t	picnicarea_test_cue_gas_station_right	0.0	15	0	3.8623	891.6479999999999	866.7199999999999	1.0	3.834	677.52	1067.04	0.9535	-0.0082	-0.1391	0.9902	3.6805	3.6022	-40.5916	0.0	24	0.0	0.0		3624	0	0
1702056978120	t	picnicarea_test_cue_gas_station_right	0.0	15	0	3.7942	892.368	870.0799999999999	1.0	3.7935	677.808	1072.0	0.9624	-0.0043	-0.14	0.9901	3.87	3.5518	-40.5985	0.0	24	0.0	0.0		3624	0	0
1702056978128	t	picnicarea_test_cue_gas_station_right	0.0	15	0	3.8311	892.224	872.48	1.0	3.8028	677.808	1076.0	0.9624	0.0012	-0.1377	0.9905	4.4472	3.5155	-40.5805	0.0	24	0.0	0.0		3624	0	0
1702056978136	t	picnicarea_test_cue_gas_station_right	0.0	15	0	3.8018	893.376	873.9200000000001	1.0	3.7666	681.408	1077.6	0.9597	-0.0026	-0.1283	0.9917	4.5043	3.4528	-40.591	0.0	24	0.0	0.0		3624	0	0
1702056978144	t	picnicarea_test_cue_gas_station_right	0.0	15	0	3.8207	893.5200000000001	880.1600000000001	1.0	3.89	687.312	1081.12	0.9597	-0.0102	-0.1389	0.9902	4.2265	3.4149	-40.6208	0.0	24	0.0	0.0		3624	0	0
1702056978153	t	picnicarea_test_cue_gas_station_right	0.0	15	0	3.7701	889.776	881.7600000000001	1.0	3.8746	678.24	1085.76	0.9793	-0.0061	-0.1348	0.9908	3.6546	3.3215	-40.6607	0.0	24	0.0	0.0		3624	0	0
1702056978161	t	picnicarea_test_cue_gas_station_right	0.0	15	0	3.7807	872.784	884.16	1.0	3.9338	653.904	1080.64	0.9793	0.0322	-0.127	0.9914	3.3209	3.2766	-40.6817	0.0	24	0.0	0.0		3624	0	0
1702056978170	t	picnicarea_test_cue_gas_station_right	0.0	15	0	3.8304	850.896	883.36	1.0	3.9269	633.8879999999999	1080.64	0.9894	0.0566	-0.1307	0.9898	2.8694	3.275	-40.7264	0.0	24	0.0	0.0		3624	0	0
1702056978178	t	picnicarea_test_cue_gas_station_right	0.0	15	0	3.7048	830.304	882.4	1.0	3.9054	607.536	1079.36	0.9894	0.0979	-0.123	0.9875	2.6635	3.247	-40.7753	0.0	24	0.0	0.0		3624	0	0
1702056978186	t	picnicarea_test_cue_gas_station_right	0.0	15	0	3.6537	812.16	882.08	1.0	3.9388	587.664	1080.48	1.0	0.131	-0.1166	0.9845	13.1182	3.6145	-40.2974	0.0	24	0.0	0.0		3624	0	0
1702056978195	t	picnicarea_test_cue_gas_station_right	0.0	15	0	3.6722	805.968	882.56	1.0	3.946	583.776	1080.96	1.0	0.1367	-0.117	0.9837	14.119	3.6472	-40.2632	0.0	24	0.0	0.0		3624	0	0
1702056978203	t	picnicarea_test_cue_gas_station_right	0.0	15	0	3.7016	804.24	884.3199999999999	1.0	3.9042	582.048	1078.24	1.0	0.1393	-0.1162	0.9834	14.9067	3.6639	-40.2291	0.0	24	0.0	0.0		3624	0	0
1702056978211	t	picnicarea_test_cue_gas_station_right	0.0	15	0	3.6699	806.5440000000001	881.7600000000001	1.0	3.8717	582.192	1081.6000000000001	1.0	0.129	-0.1107	0.9854	15.7869	3.686	-40.1859	0.0	24	0.0	0.0		3624	0	0
1702056978220	t	picnicarea_test_cue_gas_station_right	0.0	15	0	3.7224	803.232	882.8799999999999	1.0	3.8324	581.76	1080.0	1.0	0.1359	-0.1111	0.9845	15.1455	3.6567	-40.2222	0.0	24	0.0	0.0		3624	0	0
1702056978228	t	picnicarea_test_cue_gas_station_right	0.0	15	0	3.5724	807.12	883.52	1.0	3.8853	583.488	1082.4	1.0	0.1208	-0.1158	0.9859	12.2393	3.5443	-40.3583	0.0	24	0.0	0.0		3624	0	0
1702056978236	t	picnicarea_test_cue_gas_station_right	0.0	15	0	3.5925	803.232	884.16	1.0	3.862	582.48	1080.64	1.0	0.1302	-0.1143	0.9849	9.6112	3.4423	-40.4921	0.0	24	0.0	0.0		3624	0	0
1702056978244	t	picnicarea_test_cue_gas_station_right	0.0	15	0	3.6142	804.528	884.3199999999999	1.0	3.8949	580.464	1080.96	1.0	0.1283	-0.1144	0.9851	8.6419	3.4022	-40.5391	0.0	24	0.0	0.0		3624	0	0
1702056978253	t	picnicarea_test_cue_gas_station_right	0.0	15	0	3.6131	805.104	883.52	1.0	3.9216	583.2	1080.48	1.0	0.1216	-0.1123	0.9862	7.2647	3.3467	-40.5954	0.0	24	0.0	0.0		3624	0	0
1702056978261	t	picnicarea_test_cue_gas_station_right	0.0	15	0	3.6055	802.5120000000001	884.16	1.0	3.8764	582.624	1081.92	1.0	0.1277	-0.115	0.9851	8.2721	3.3826	-40.5481	0.0	24	0.0	0.0		3624	0	0
1702056978270	t	picnicarea_test_cue_gas_station_right	0.0	15	0	3.624	802.368	883.2	1.0	3.8917	582.912	1081.76	1.0	0.1269	-0.1118	0.9856	9.1822	3.4135	-40.5026	0.0	24	0.0	0.0		3624	0	0
1702056978278	t	picnicarea_test_cue_gas_station_right	0.0	15	0	3.6042	802.6560000000001	884.16	1.0	3.8629	583.344	1081.4399999999998	1.0	0.1252	-0.1133	0.9856	10.0137	3.4415	-40.4572	0.0	24	0.0	0.0		3624	0	0
1702056978286	t	picnicarea_test_cue_gas_station_right	0.0	15	0	3.6233	802.8	883.2	1.0	3.8679	582.768	1082.24	1.0	0.1253	-0.1115	0.9858	10.2776	3.4498	-40.447	0.0	24	0.0	0.0		3624	0	0
1702056978295	t	picnicarea_test_cue_gas_station_right	0.0	15	0	3.604	803.088	883.52	1.0	3.8747	582.336	1081.4399999999998	1.0	0.1258	-0.1109	0.9858	10.2921	3.4477	-40.4459	0.0	24	0.0	0.0		3624	0	0
1702056978303	t	picnicarea_test_cue_gas_station_right	0.0	15	0	3.5965	803.376	883.84	1.0	3.8685	582.768	1082.24	1.0	0.1249	-0.1121	0.9858	10.0633	3.4373	-40.4578	0.0	24	0.0	0.0		3624	0	0
1702056978311	t	picnicarea_test_cue_gas_station_right	0.0	15	0	3.5911	803.376	883.52	1.0	3.8624	582.912	1083.04	1.0	0.1252	-0.112	0.9858	9.8427	3.4274	-40.4684	0.0	24	0.0	0.0		3624	0	0
1702056978320	t	picnicarea_test_cue_gas_station_right	0.0	15	0	3.4628	804.528	883.2	1.0	3.8604	583.0559999999999	1083.04	1.0	0.1244	-0.112	0.9859	9.233	3.4059	-40.5005	0.0	24	0.0	0.0		3624	0	0
1702056978328	t	picnicarea_test_cue_gas_station_right	0.0	15	0	3.5226	805.968	881.7600000000001	1.0	3.8149	585.504	1083.84	1.0	0.1192	-0.1103	0.9867	12.3819	3.5166	-40.2917	0.0	24	0.0	0.0		3624	0	0
1702056978336	t	picnicarea_test_cue_gas_station_right	0.0	15	0	3.5885	805.104	883.2	1.0	3.8824	584.0640000000001	1081.4399999999998	1.0	0.1221	-0.1128	0.9861	20.3677	3.838	-39.9268	0.0	24	0.0	0.0		3624	0	0
1702056978345	t	picnicarea_test_cue_gas_station_right	0.0	15	0	3.5579	806.832	881.28	1.0	3.8361	585.504	1083.52	1.0	0.1164	-0.1115	0.9869	24.7464	4.0307	-39.7342	0.0	24	0.0	0.0		3624	0	0
1702056978353	t	picnicarea_test_cue_gas_station_right	0.0	15	0	3.5633	808.416	881.7600000000001	1.0	3.8142	587.376	1081.92	1.0	0.1126	-0.1143	0.987	27.5378	4.1521	-39.6058	0.0	24	0.0	0.0		3624	0	0
1702056978361	t	picnicarea_test_cue_gas_station_right	0.0	15	0	3.5043	810.0	880.8	1.0	3.8292	587.52	1080.96	1.0	0.1093	-0.1152	0.9873	28.8266	4.2238	-39.5553	0.0	24	0.0	0.0		3624	0	0
1702056978370	t	picnicarea_test_cue_gas_station_right	0.0	15	0	3.5217	809.4240000000001	881.1199999999999	1.0	3.736	589.968	1080.0	1.0	0.1126	-0.12	0.9864	29.3275	4.2594	-39.5167	0.0	24	0.0	0.0		3624	0	0
1702056978378	t	picnicarea_test_cue_gas_station_right	0.0	15	0	3.5424	810.144	876.8000000000001	1.0	3.7652	591.8399999999999	1081.92	1.0	0.1119	-0.1089	0.9877	29.4164	4.2805	-39.4996	0.0	24	0.0	0.0		3624	0	0
1702056978386	t	picnicarea_test_cue_gas_station_right	0.0	15	0	3.4837	812.592	876.4799999999999	1.0	3.7417	592.4159999999999	1080.16	1.0	0.1047	-0.1139	0.9879	29.4243	4.3037	-39.4853	0.0	24	0.0	0.0		3624	0	0
1702056978395	t	picnicarea_test_cue_gas_station_right	0.0	15	0	3.6123	812.16	873.28	1.0	3.6988	593.712	1076.8000000000002	1.0	0.108	-0.107	0.9884	29.4077	4.3158	-39.4459	0.0	24	0.0	0.0		3624	0	0
1702056978403	t	picnicarea_test_cue_gas_station_right	0.0	15	0	3.525	814.752	872.1600000000001	1.0	3.6883	593.568	1075.2	1.0	0.0992	-0.1087	0.9891	29.3155	4.3451	-39.4797	0.0	24	0.0	0.0		3624	0	0
1702056978411	t	picnicarea_test_cue_gas_station_right	0.0	15	0	3.536	809.5680000000001	874.08	1.0	3.7044	590.544	1075.68	1.0	0.1121	-0.117	0.9868	28.9725	4.3593	-39.5692	0.0	24	0.0	0.0		3624	0	0
1702056978420	t	picnicarea_test_cue_gas_station_right	0.0	15	0	3.4086	799.92	866.56	1.0	3.7913	577.008	1072.48	1.0	0.1212	-0.0986	0.9877	29.4233	4.4457	-39.7014	0.0	24	0.0	0.0		3624	0	0
1702056978428	t	picnicarea_test_cue_gas_station_right	0.0	15	0	3.388	784.9440000000001	863.68	1.0	3.6822	562.608	1071.2	1.0	0.1497	-0.0944	0.9842	29.4296	4.4377	-39.5908	0.0	24	0.0	0.0		3624	0	0
1702056978437	t	picnicarea_test_cue_gas_station_right	0.0	15	0	3.4041	773.856	858.24	1.0	3.6673	547.2	1070.4	1.0	0.1714	-0.0779	0.9821	29.5658	4.4546	-39.5944	0.0	24	0.0	0.0		3624	0	0
1702056978444	t	picnicarea_test_cue_gas_station_right	0.0	15	0	3.4831	769.824	862.0799999999999	1.0	3.6459	540.144	1066.56	1.0	0.1771	-0.0913	0.9799	29.7892	4.4641	-39.577	0.0	24	0.0	0.0		3624	0	0
1702056978453	t	picnicarea_test_cue_gas_station_right	0.0	15	0	3.4573	769.536	861.92	1.0	3.6615	540.864	1068.1599999999999	1.0	0.1764	-0.0932	0.9799	29.8597	4.4773	-39.5725	0.0	24	0.0	0.0		3624	0	0
1702056978461	t	picnicarea_test_cue_gas_station_right	0.0	15	0	3.4926	769.104	859.68	1.0	3.7293	543.168	1065.6000000000001	1.0	0.1779	-0.0867	0.9802	29.8801	4.4865	-39.5786	0.0	24	0.0	0.0		3624	0	0
1702056978469	t	picnicarea_test_cue_gas_station_right	0.0	15	0	3.5434	767.808	857.44	1.0	3.7364	544.7520000000001	1065.44	1.0	0.1821	-0.0812	0.9799	29.8843	4.5015	-39.5858	0.0	24	0.0	0.0		3624	0	0
1702056978478	t	picnicarea_test_cue_gas_station_right	0.0	15	0	3.5073	769.68	858.7199999999999	1.0	3.6648	545.76	1064.96	1.0	0.1737	-0.0893	0.9807	29.8749	4.5146	-39.5826	0.0	24	0.0	0.0		3624	0	0
1702056978486	t	picnicarea_test_cue_gas_station_right	0.0	15	0	3.4895	768.3839999999999	859.2	1.0	3.7565	545.76	1063.6799999999998	1.0	0.1802	-0.092	0.9793	29.8211	4.5178	-39.5851	0.0	24	0.0	0.0		3624	0	0
1702056978494	t	picnicarea_test_cue_gas_station_right	0.0	15	0	3.4912	771.84	856.9599999999999	1.0	3.687	547.2	1065.6000000000001	1.0	0.1691	-0.0845	0.9819	29.7245	4.5148	-39.5929	0.0	24	0.0	0.0		3624	0	0
1702056978503	t	picnicarea_test_cue_gas_station_right	0.0	15	0	3.4799	772.704	858.8800000000001	1.0	3.6617	549.504	1063.52	1.0	0.1743	-0.0926	0.9803	14.1446	3.8526	-40.2023	0.0	24	0.0	0.0		3624	0	0
1702056978511	t	picnicarea_test_cue_gas_station_right	0.0	15	0	3.5	774.576	855.1999999999999	1.0	3.6826	550.944	1064.16	1.0	0.17	-0.0807	0.9821	15.4566	3.8967	-40.1535	0.0	24	0.0	0.0		3624	0	0
1702056978519	t	picnicarea_test_cue_gas_station_right	0.0	15	0	3.4716	773.568	859.2	1.0	3.7155	551.952	1064.96	1.0	0.1752	-0.0859	0.9808	19.2904	4.0355	-39.9992	0.0	24	0.0	0.0		3624	0	0
1702056978528	t	picnicarea_test_cue_gas_station_right	0.0	15	0	3.4917	775.584	859.84	1.0	3.6401	554.688	1065.92	1.0	0.1699	-0.0825	0.982	23.0909	4.1735	-39.8605	0.0	24	0.0	0.0		3624	0	0
1702056978536	t	picnicarea_test_cue_gas_station_right	0.0	15	0	3.4888	775.872	861.4399999999999	1.0	3.7089	554.544	1066.56	1.0	0.172	-0.0795	0.9819	22.7296	4.1253	-39.8904	0.0	24	0.0	0.0		3624	0	0
1702056978544	t	picnicarea_test_cue_gas_station_right	0.0	15	0	3.5085	777.024	861.28	1.0	3.7179	558.432	1065.76	1.0	0.1679	-0.0728	0.9831	23.2262	4.1147	-39.8588	0.0	24	0.0	0.0		3624	0	0
1702056978553	t	picnicarea_test_cue_gas_station_right	0.0	15	0	3.4849	777.1679999999999	863.52	1.0	3.6188	554.544	1068.64	1.0	0.1696	-0.0773	0.9825	21.6223	4.0302	-39.9321	0.0	24	0.0	0.0		3624	0	0
1702056978561	t	picnicarea_test_cue_gas_station_right	0.0	15	0	3.4563	778.032	864.1600000000001	1.0	3.711	557.856	1070.56	1.0	0.1653	-0.0761	0.9833	20.4887	3.9615	-39.9754	0.0	24	0.0	0.0		3624	0	0
1702056978569	t	picnicarea_test_cue_gas_station_right	0.0	15	0	3.4791	777.024	864.1600000000001	1.0	3.7006	556.704	1067.04	1.0	0.168	-0.0722	0.9831	20.9523	3.9678	-39.9496	0.0	24	0.0	0.0		3624	0	0
1702056978578	t	picnicarea_test_cue_gas_station_right	0.0	15	0	3.4612	775.872	866.4	1.0	3.6918	556.416	1068.1599999999999	1.0	0.1721	-0.0794	0.9819	20.3093	3.9395	-39.9703	0.0	24	0.0	0.0		3624	0	0
1702056978586	t	picnicarea_test_cue_gas_station_right	0.0	15	0	3.4503	776.88	865.6	1.0	3.6972	556.704	1069.1200000000001	1.0	0.1687	-0.0784	0.9825	19.2768	3.9013	-40.013	0.0	24	0.0	0.0		3624	0	0
1702056978594	t	picnicarea_test_cue_gas_station_right	0.0	15	0	3.4626	777.024	862.2400000000001	1.0	3.6764	558.432	1066.72	1.0	0.1698	-0.0712	0.9829	18.2069	3.8761	-40.0615	0.0	24	0.0	0.0		3624	0	0
1702056978603	t	picnicarea_test_cue_gas_station_right	0.0	15	0	3.3905	779.0400000000001	862.2400000000001	1.0	3.7565	558.864	1066.24	1.0	0.1657	-0.075	0.9833	19.4663	3.9463	-40.0012	0.0	24	0.0	0.0		3624	0	0
1702056978611	t	picnicarea_test_cue_gas_station_right	0.0	15	0	3.4502	779.1840000000001	861.76	1.0	3.7457	560.88	1064.6399999999999	1.0	0.163	-0.0752	0.9837	29.5219	4.4102	-39.6858	0.0	24	0.0	0.0		3624	0	0
1702056978620	t	picnicarea_test_cue_gas_station_right	0.0	15	0	3.5024	779.76	860.3199999999999	1.0	3.6933	559.44	1064.96	1.0	0.1618	-0.0743	0.984	29.7438	4.4462	-39.7003	0.0	24	0.0	0.0		3624	0	0
1702056978628	t	picnicarea_test_cue_gas_station_right	0.0	15	0	3.485	781.3439999999999	859.2	1.0	3.6482	560.592	1062.56	1.0	0.1559	-0.0755	0.9849	29.7921	4.4803	-39.7234	0.0	24	0.0	0.0		3624	0	0
1702056978636	t	picnicarea_test_cue_gas_station_right	0.0	15	0	3.5239	782.208	857.9200000000001	1.0	3.7072	561.024	1062.08	1.0	0.1535	-0.0769	0.9852	29.7894	4.5133	-39.7451	0.0	24	0.0	0.0		3624	0	0
1702056978644	t	picnicarea_test_cue_gas_station_right	0.0	15	0	3.4979	782.496	857.6	1.0	3.7523	560.88	1060.0	1.0	0.1582	-0.0793	0.9842	29.759	4.5053	-39.6454	0.0	24	0.0	0.0		3624	0	0
1702056978653	t	picnicarea_test_cue_gas_station_right	0.0	15	0	3.5232	781.632	856.0	1.0	3.6753	563.472	1060.8	1.0	0.1573	-0.078	0.9845	29.7829	4.5604	-39.7771	0.0	24	0.0	0.0		3624	0	0
1702056978661	t	picnicarea_test_cue_gas_station_right	0.0	15	0	3.5726	783.2160000000001	855.6800000000001	1.0	3.7896	563.616	1057.44	1.0	0.1566	-0.0816	0.9843	29.7541	4.5572	-39.6766	0.0	24	0.0	0.0		3624	0	0
1702056978669	t	picnicarea_test_cue_gas_station_right	0.0	15	0	3.4969	783.936	857.2800000000001	1.0	3.7187	563.472	1059.04	1.0	0.1538	-0.0903	0.984	29.7527	4.5707	-39.6759	0.0	24	0.0	0.0		3624	0	0
1702056978678	t	picnicarea_test_cue_gas_station_right	0.0	15	0	3.5286	784.3679999999999	855.52	1.0	3.7377	562.752	1053.9199999999998	1.0	0.1516	-0.086	0.9847	29.6854	4.5852	-39.7034	0.0	24	0.0	0.0		3624	0	0
1702056978686	t	picnicarea_test_cue_gas_station_right	0.0	15	0	3.5909	783.36	853.28	1.0	3.7341	563.904	1055.52	1.0	0.1569	-0.0796	0.9844	25.6427	4.3961	-39.7761	0.0	24	0.0	0.0		3624	0	0
1702056978694	t	picnicarea_test_cue_gas_station_right	0.0	15	0	3.5764	782.784	852.16	1.0	3.7372	564.9119999999999	1053.9199999999998	1.0	0.1584	-0.0775	0.9843	25.0707	4.3797	-39.7986	0.0	24	0.0	0.0		3624	0	0
1702056978703	t	picnicarea_test_cue_gas_station_right	0.0	15	0	3.5399	783.36	854.08	1.0	3.754	564.768	1054.24	1.0	0.1644	-0.082	0.983	9.7285	3.6065	-39.9843	0.0	24	0.0	0.0		3624	0	0
1702056978711	t	picnicarea_test_cue_gas_station_right	0.0	15	0	3.5634	783.0719999999999	852.8000000000001	1.0	3.7381	564.48	1054.4	1.0	0.166	-0.0805	0.9828	8.5135	3.5476	-39.9821	0.0	24	0.0	0.0		3624	0	0
1702056978719	t	picnicarea_test_cue_gas_station_right	0.0	15	0	3.5427	782.0640000000001	855.1999999999999	1.0	3.7548	564.48	1054.24	1.0	0.1655	-0.088	0.9823	8.1915	3.5503	-40.0163	0.0	24	0.0	0.0		3624	0	0
1702056978728	t	picnicarea_test_cue_gas_station_right	0.0	15	0	3.5386	783.504	851.68	1.0	3.7408	564.336	1053.28	1.0	0.1655	-0.0815	0.9828	6.7351	3.4821	-40.0121	0.0	24	0.0	0.0		3624	0	0
1702056978737	t	picnicarea_test_cue_gas_station_right	0.0	15	0	3.6056	784.0799999999999	848.32	1.0	3.7865	563.616	1050.72	1.0	0.1628	-0.0737	0.9839	9.4412	3.6433	-40.0059	0.0	24	0.0	0.0		3624	0	0
1702056978744	t	picnicarea_test_cue_gas_station_right	0.0	15	0	3.5576	784.0799999999999	850.24	1.0	3.7972	565.056	1050.56	1.0	0.1573	-0.0819	0.9841	11.3659	3.753	-39.9733	0.0	24	0.0	0.0		3624	0	0
1702056978753	t	picnicarea_test_cue_gas_station_right	0.0	15	0	3.5367	783.648	850.4	1.0	3.8206	562.464	1051.04	1.0	0.1577	-0.0858	0.9837	13.5741	3.8772	-39.9427	0.0	24	0.0	0.0		3624	0	0
1702056978761	t	picnicarea_test_cue_gas_station_right	0.0	15	0	3.5498	781.7760000000001	848.48	1.0	3.7725	562.176	1051.68	1.0	0.1611	-0.0847	0.9833	13.4575	3.877	-39.9155	0.0	24	0.0	0.0		3624	0	0
1702056978769	t	picnicarea_test_cue_gas_station_right	0.0	15	0	3.5091	783.792	848.32	1.0	3.7891	563.76	1047.52	1.0	0.1512	-0.0841	0.9849	13.3433	3.8757	-39.8764	0.0	24	0.0	0.0		3624	0	0
1702056978778	t	picnicarea_test_cue_gas_station_right	0.0	15	0	3.5867	780.0479999999999	843.52	1.0	3.7918	560.448	1045.44	1.0	0.163	-0.0726	0.9839	13.6083	3.9115	-39.8969	0.0	24	0.0	0.0		3624	0	0
1702056978786	t	picnicarea_test_cue_gas_station_right	0.0	15	0	3.4067	783.0719999999999	843.2	1.0	3.7565	560.592	1044.96	1.0	0.1484	-0.0764	0.986	18.3921	4.1809	-39.8706	0.0	24	0.0	0.0		3624	0	0
1702056978794	t	picnicarea_test_cue_gas_station_right	0.0	15	0	3.5783	778.3199999999999	844.16	1.0	3.767	559.872	1044.32	1.0	0.1558	-0.0806	0.9845	23.4851	4.4686	-39.8948	0.0	24	0.0	0.0		3624	0	0
1702056978803	t	picnicarea_test_cue_gas_station_right	0.0	15	0	3.4598	782.0640000000001	843.0400000000001	1.0	3.8572	559.872	1046.24	1.0	0.14	-0.0816	0.9868	28.7231	4.7059	-39.6827	0.0	24	0.0	0.0		3624	0	0
1702056978811	t	picnicarea_test_cue_gas_station_right	0.0	15	0	3.6639	776.592	843.8399999999999	1.0	3.8522	558.864	1045.44	1.0	0.1565	-0.0818	0.9843	29.5676	4.7625	-39.743	0.0	24	0.0	0.0		3624	0	0
1702056978819	t	picnicarea_test_cue_gas_station_right	0.0	15	0	3.5462	777.744	840.48	1.0	3.8145	557.424	1044.32	1.0	0.1541	-0.0735	0.9853	29.8368	4.7518	-39.6054	0.0	24	0.0	0.0		3624	0	0
1702056978828	t	picnicarea_test_cue_gas_station_right	0.0	15	0	3.4572	778.608	838.5600000000001	1.0	3.8017	557.1360000000001	1043.68	1.0	0.1464	-0.0669	0.987	29.8839	4.749	-39.5951	0.0	24	0.0	0.0		3624	0	0
1702056978836	t	picnicarea_test_cue_gas_station_right	0.0	15	0	3.5622	776.592	839.6800000000001	1.0	3.8231	557.28	1045.12	1.0	0.1556	-0.0746	0.985	29.8822	4.7688	-39.5867	0.0	24	0.0	0.0		3624	0	0
1702056978844	t	picnicarea_test_cue_gas_station_right	0.0	15	0	3.54	775.728	840.8	1.0	3.8485	554.112	1042.56	1.0	0.1508	-0.0796	0.9854	29.9217	4.8147	-39.7426	0.0	24	0.0	0.0		3624	0	0
1702056978853	t	picnicarea_test_cue_gas_station_right	0.0	15	0	3.5621	770.4000000000001	835.8399999999999	1.0	3.9019	554.112	1043.3600000000001	1.0	0.1692	-0.0624	0.9836	29.9273	4.8147	-39.725	0.0	24	0.0	0.0		3624	0	0
1702056978861	t	picnicarea_test_cue_gas_station_right	0.0	15	0	3.3895	771.5520000000001	836.0	1.0	3.9485	552.96	1045.9199999999998	1.0	0.1598	-0.0652	0.985	29.8996	4.8179	-39.7381	0.0	24	0.0	0.0		3624	0	0
1702056978869	t	picnicarea_test_cue_gas_station_right	0.0	15	0	3.5317	766.944	833.76	1.0	3.866	550.944	1043.3600000000001	1.0	0.1708	-0.0573	0.9836	29.8627	4.8146	-39.7199	0.0	24	0.0	0.0		3624	0	0
1702056978878	t	picnicarea_test_cue_gas_station_right	0.0	15	0	3.5857	765.216	834.72	1.0	3.8728	547.3439999999999	1041.76	1.0	0.1725	-0.0615	0.9831	29.8858	4.8201	-39.7177	0.0	24	0.0	0.0		3624	0	0
1702056978886	t	picnicarea_test_cue_gas_station_right	0.0	15	0	3.4791	765.072	834.4	1.0	3.9396	543.8879999999999	1044.64	1.0	0.1681	-0.0629	0.9837	29.9217	4.8294	-39.724	0.0	24	0.0	0.0		3624	0	0
1702056978894	t	picnicarea_test_cue_gas_station_right	0.0	15	0	3.6481	762.7679999999999	835.8399999999999	1.0	3.8906	544.032	1043.52	1.0	0.1737	-0.0658	0.9826	29.955	4.8248	-39.7211	0.0	24	0.0	0.0		3624	0	0
1702056978902	t	picnicarea_test_cue_gas_station_right	0.0	15	0	3.5691	761.328	836.6400000000001	1.0	3.9267	542.736	1045.76	1.0	0.1766	-0.0678	0.9819	29.9622	4.8195	-39.7241	0.0	24	0.0	0.0		3624	0	0
1702056978911	t	picnicarea_test_cue_gas_station_right	0.0	15	0	3.5546	762.048	834.0799999999999	1.0	3.9413	542.304	1045.28	1.0	0.1718	-0.0583	0.9834	29.8352	4.8122	-39.7392	0.0	24	0.0	0.0		3624	0	0
1702056978919	t	picnicarea_test_cue_gas_station_right	0.0	15	0	3.5109	763.056	832.48	1.0	3.9726	542.304	1044.32	1.0	0.1667	-0.054	0.9845	28.8219	4.7697	-39.7722	0.0	24	0.0	0.0		3624	0	0
1702056978927	t	picnicarea_test_cue_gas_station_right	0.0	15	0	3.5802	762.192	832.48	1.0	3.9712	542.016	1043.84	1.0	0.1734	-0.0597	0.983	18.0461	4.2608	-40.0124	0.0	24	0.0	0.0		3624	0	0
1702056978936	t	picnicarea_test_cue_gas_station_right	0.0	15	0	3.4446	763.344	832.48	1.0	3.9551	543.024	1041.12	1.0	0.1713	-0.0603	0.9834	14.4357	4.0896	-40.0853	0.0	24	0.0	0.0		3624	0	0
1702056978944	t	picnicarea_test_cue_gas_station_right	0.0	15	0	3.5322	765.072	835.0400000000001	1.0	3.9503	541.296	1040.0	1.0	0.1693	-0.0636	0.9835	14.5641	4.0882	-40.087	0.0	24	0.0	0.0		3624	0	0
1702056978952	t	picnicarea_test_cue_gas_station_right	0.0	15	0	3.5493	763.2	836.16	1.0	3.8825	542.16	1041.12	1.0	0.1742	-0.0621	0.9827	16.4799	4.1489	-40.0185	0.0	24	0.0	0.0		3624	0	0
1702056978961	t	picnicarea_test_cue_gas_station_right	0.0	15	0	3.7413	761.6160000000001	842.0799999999999	1.0	3.9425	542.448	1042.3999999999999	1.0	0.18	-0.0708	0.9811	17.8051	4.1766	-39.9882	0.0	24	0.0	0.0		3624	0	0
1702056978970	t	picnicarea_test_cue_gas_station_right	0.0	15	0	3.7259	763.056	843.36	1.0	3.9883	541.728	1045.76	1.0	0.1774	-0.069	0.9817	17.628	4.1372	-40.0244	0.0	24	0.0	0.0		3624	0	0
1702056978977	t	picnicarea_test_cue_gas_station_right	0.0	15	0	3.8215	762.192	845.76	1.0	3.9485	543.024	1046.24	1.0	0.1792	-0.0695	0.9814	16.4989	4.0589	-40.0605	0.0	24	0.0	0.0		3624	0	0
1702056978986	t	picnicarea_test_cue_gas_station_right	0.0	15	0	3.7319	761.76	846.88	1.0	3.8919	543.312	1045.44	1.0	0.1813	-0.0677	0.9811	15.5164	3.9952	-40.0864	0.0	24	0.0	0.0		3624	0	0
1702056978994	t	picnicarea_test_cue_gas_station_right	0.0	15	0	3.7243	761.76	848.32	1.0	4.0601	545.616	1050.56	1.0	0.1809	-0.0725	0.9808	13.8184	3.898	-40.1188	0.0	24	0.0	0.0		3624	0	0
1702056979002	t	picnicarea_test_cue_gas_station_right	0.0	15	0	3.8008	765.216	847.3599999999999	1.0	3.9584	543.8879999999999	1049.44	1.0	0.1747	-0.0681	0.9823	13.8046	3.8992	-40.1431	0.0	24	0.0	0.0		3624	0	0
1702056979011	t	picnicarea_test_cue_gas_station_right	0.0	15	0	3.7783	764.3520000000001	847.84	1.0	4.0394	546.336	1050.72	1.0	0.1763	-0.0706	0.9818	14.8139	3.9485	-40.1203	0.0	24	0.0	0.0		3624	0	0
1702056979019	t	picnicarea_test_cue_gas_station_right	0.0	15	0	3.7999	767.3760000000001	845.5999999999999	1.0	4.011	545.472	1049.44	1.0	0.1699	-0.0652	0.9833	14.7423	3.9546	-40.1282	0.0	24	0.0	0.0		3624	0	0
1702056979027	t	picnicarea_test_cue_gas_station_right	0.0	15	0	3.6699	771.4079999999999	844.6400000000001	1.0	3.9984	547.056	1051.68	1.0	0.1591	-0.0678	0.9849	13.7833	3.9194	-40.1592	0.0	24	0.0	0.0		3624	0	0
1702056979036	t	picnicarea_test_cue_gas_station_right	0.0	15	0	3.8166	765.36	842.4	1.0	4.0069	547.2	1051.04	1.0	0.1773	-0.0623	0.9822	12.8754	3.8755	-40.1487	0.0	24	0.0	0.0		3624	0	0
1702056979044	t	picnicarea_test_cue_gas_station_right	0.0	15	0	3.789	763.056	844.48	1.0	4.0652	544.7520000000001	1052.8	1.0	0.1788	-0.0615	0.9819	10.983	3.7485	-40.1978	0.0	24	0.0	0.0		3624	0	0
1702056979052	t	picnicarea_test_cue_gas_station_right	0.0	15	0	3.6968	755.136	855.3599999999999	1.0	4.0747	528.48	1065.92	1.0	0.1972	-0.0727	0.9777	12.0373	3.6691	-40.222	0.0	24	0.0	0.0		3624	0	0
1702056979061	t	picnicarea_test_cue_gas_station_right	0.0	15	0	3.7693	743.328	874.56	1.0	4.0446	511.34400000000005	1087.52	1.0	0.2181	-0.1098	0.9697	14.7646	3.6551	-40.1951	0.0	24	0.0	0.0		3624	0	0
1702056979069	t	picnicarea_test_cue_gas_station_right	0.0	15	0	3.8498	735.696	887.52	1.0	4.1442	496.512	1101.44	1.0	0.2321	-0.1254	0.9646	17.6538	3.6685	-40.1747	0.0	24	0.0	0.0		3624	0	0
1702056979077	t	picnicarea_test_cue_gas_station_right	0.0	15	0	3.7586	731.0880000000001	895.68	1.0	4.1025	495.792	1112.3200000000002	1.0	0.2429	-0.1406	0.9598	19.2951	3.6844	-40.1568	0.0	24	0.0	0.0		3624	0	0
1702056979086	t	picnicarea_test_cue_gas_station_right	0.0	15	0	3.7463	730.512	897.28	1.0	4.1503	497.376	1115.68	1.0	0.2435	-0.1427	0.9593	21.3872	3.7728	-40.1118	0.0	24	0.0	0.0		3624	0	0
1702056979094	t	picnicarea_test_cue_gas_station_right	0.0	15	0	3.7661	730.224	897.12	1.0	4.192	498.67199999999997	1116.6399999999999	1.0	0.2435	-0.1424	0.9594	22.3031	3.818	-40.0915	0.0	24	0.0	0.0		3624	0	0
1702056979102	t	picnicarea_test_cue_gas_station_right	0.0	15	0	3.7201	729.936	896.96	1.0	4.1614	500.256	1112.16	1.0	0.2439	-0.1406	0.9595	22.326	3.823	-40.0906	0.0	24	0.0	0.0		3624	0	0
1702056979111	t	picnicarea_test_cue_gas_station_right	0.0	15	0	3.7154	730.224	897.12	1.0	4.2323	499.536	1113.28	1.0	0.2459	-0.1442	0.9585	18.3073	3.632	-40.1804	0.0	24	0.0	0.0		3624	0	0
1702056979119	t	picnicarea_test_cue_gas_station_right	0.0	15	0	3.7686	730.3679999999999	898.7199999999999	1.0	4.1535	500.976	1110.88	1.0	0.2461	-0.1529	0.9571	13.834	3.4371	-40.2703	0.0	24	0.0	0.0		3624	0	0
1702056979127	t	picnicarea_test_cue_gas_station_right	0.0	15	0	3.7807	729.936	893.76	1.0	4.2354	502.12800000000004	1108.16	1.0	0.2471	-0.1423	0.9585	10.3423	3.282	-40.3494	0.0	24	0.0	0.0		3624	0	0
1702056979135	t	picnicarea_test_cue_gas_station_right	0.0	15	0	3.7982	730.656	892.6399999999999	1.0	4.2016	502.55999999999995	1107.3600000000001	1.0	0.245	-0.1433	0.9589	9.0671	3.2357	-40.3733	0.0	24	0.0	0.0		3624	0	0
1702056979144	t	picnicarea_test_cue_gas_station_right	0.0	15	0	3.8432	731.952	893.12	1.0	4.2077	502.992	1107.68	1.0	0.2407	-0.1486	0.9591	9.2676	3.2616	-40.3612	0.0	24	0.0	0.0		3624	0	0
1702056979153	t	picnicarea_test_cue_gas_station_right	0.0	15	0	3.7955	730.656	892.8000000000001	1.0	4.2201	502.848	1106.72	1.0	0.2429	-0.1497	0.9584	9.3109	3.2794	-40.3594	0.0	24	0.0	0.0		3624	0	0
1702056979161	t	picnicarea_test_cue_gas_station_right	0.0	15	0	3.8199	730.224	891.36	1.0	4.2519	499.536	1106.72	1.0	0.2479	-0.1503	0.957	9.009	3.2837	-40.3662	0.0	24	0.0	0.0		3624	0	0
1702056979169	t	picnicarea_test_cue_gas_station_right	0.0	15	0	3.7785	730.08	890.08	1.0	4.1974	502.55999999999995	1102.3999999999999	1.0	0.2422	-0.1474	0.959	8.8786	3.2978	-40.3644	0.0	24	0.0	0.0		3624	0	0
1702056979178	t	picnicarea_test_cue_gas_station_right	0.0	15	0	3.7908	730.512	887.36	1.0	4.2201	501.11999999999995	1101.28	1.0	0.2439	-0.1441	0.959	8.2048	3.2836	-40.3773	0.0	24	0.0	0.0		3624	0	0
1702056979186	t	picnicarea_test_cue_gas_station_right	0.0	15	0	3.7823	730.8	887.04	1.0	4.2234	501.264	1101.28	1.0	0.2431	-0.1477	0.9587	8.6341	3.3253	-40.3608	0.0	24	0.0	0.0		3624	0	0
1702056979194	t	picnicarea_test_cue_gas_station_right	0.0	15	0	3.7793	730.9440000000001	886.0799999999999	1.0	4.1614	503.28	1101.1200000000001	1.0	0.2406	-0.1501	0.9589	8.578	3.3408	-40.3551	0.0	24	0.0	0.0		3624	0	0
1702056979204	t	picnicarea_test_cue_gas_station_right	0.0	15	0	3.7952	730.224	886.88	1.0	4.2012	502.272	1100.16	1.0	0.2443	-0.1534	0.9575	8.687	3.3603	-40.3503	0.0	24	0.0	0.0		3624	0	0
1702056979211	t	picnicarea_test_cue_gas_station_right	0.0	15	0	3.8137	730.656	886.0799999999999	1.0	4.1833	503.712	1100.32	1.0	0.2414	-0.1542	0.9581	8.616	3.3643	-40.3478	0.0	24	0.0	0.0		3624	0	0
1702056979219	t	picnicarea_test_cue_gas_station_right	0.0	15	0	3.8257	731.0880000000001	885.44	1.0	4.2008	502.272	1100.32	1.0	0.2428	-0.1537	0.9578	8.8108	3.3795	-40.3428	0.0	24	0.0	0.0		3624	0	0
1702056979227	t	picnicarea_test_cue_gas_station_right	0.0	15	0	3.8276	730.656	884.96	1.0	4.1995	502.55999999999995	1101.1200000000001	1.0	0.2434	-0.1548	0.9575	9.0186	3.3955	-40.3374	0.0	24	0.0	0.0		3624	0	0
1702056979236	t	picnicarea_test_cue_gas_station_right	0.0	15	0	3.8261	730.656	885.12	1.0	4.2004	502.704	1100.32	1.0	0.243	-0.1555	0.9575	9.1561	3.408	-40.3336	0.0	24	0.0	0.0		3624	0	0
1702056979244	t	picnicarea_test_cue_gas_station_right	0.0	15	0	3.8165	730.8	885.28	1.0	4.2008	502.55999999999995	1100.32	1.0	0.2431	-0.1555	0.9575	9.1373	3.4058	-40.3343	0.0	24	0.0	0.0		3624	0	0
1702056979252	t	picnicarea_test_cue_gas_station_right	0.0	15	0	3.8076	730.656	885.44	1.0	4.2017	502.272	1100.32	1.0	0.2439	-0.1553	0.9573	9.1302	3.4041	-40.3347	0.0	24	0.0	0.0		3624	0	0
1702056979261	t	picnicarea_test_cue_gas_station_right	0.0	15	0	3.8161	730.8	885.76	1.0	4.2037	502.272	1100.16	1.0	0.2436	-0.1567	0.9571	8.9815	3.4004	-40.3379	0.0	24	0.0	0.0		3624	0	0
1702056979269	t	picnicarea_test_cue_gas_station_right	0.0	15	0	3.8143	730.656	885.92	1.0	4.2066	502.272	1100.0	1.0	0.2442	-0.1564	0.957	8.7284	3.3854	-40.3438	0.0	24	0.0	0.0		3624	0	0
1702056979277	t	picnicarea_test_cue_gas_station_right	0.0	15	0	3.8198	730.8	885.76	1.0	4.2158	502.272	1100.0	1.0	0.2439	-0.1559	0.9572	8.5918	3.379	-40.3469	0.0	24	0.0	0.0		3624	0	0
1702056979286	t	picnicarea_test_cue_gas_station_right	0.0	15	0	3.8282	730.8	884.3199999999999	1.0	4.225	502.272	1099.84	1.0	0.2416	-0.1556	0.9578	8.4591	3.3849	-40.3489	0.0	24	0.0	0.0		3624	0	0
1702056979294	t	picnicarea_test_cue_gas_station_right	0.0	15	0	3.8248	729.936	884.96	1.0	4.2239	502.272	1099.84	1.0	0.2428	-0.1578	0.9572	8.4164	3.3867	-40.3502	0.0	24	0.0	0.0		3624	0	0
1702056979302	t	picnicarea_test_cue_gas_station_right	0.0	15	0	3.8329	730.08	884.3199999999999	1.0	4.225	502.272	1099.84	1.0	0.242	-0.1569	0.9575	8.3528	3.386	-40.3509	0.0	24	0.0	0.0		3624	0	0
1702056979310	t	picnicarea_test_cue_gas_station_right	0.0	15	0	3.8249	729.936	883.6800000000001	1.0	4.2238	502.272	1099.68	1.0	0.2421	-0.1561	0.9576	8.2037	3.3814	-40.3536	0.0	24	0.0	0.0		3624	0	0
1702056979320	t	picnicarea_test_cue_gas_station_right	0.0	15	0	3.8341	729.792	882.8799999999999	1.0	4.2248	502.272	1099.68	1.0	0.2424	-0.1549	0.9577	8.0496	3.3762	-40.3569	0.0	24	0.0	0.0		3624	0	0
1702056979328	t	picnicarea_test_cue_gas_station_right	0.0	15	0	3.8426	729.936	881.9200000000001	1.0	4.225	502.272	1099.68	1.0	0.2419	-0.1537	0.958	7.9396	3.3738	-40.3591	0.0	24	0.0	0.0		3624	0	0
1702056979337	t	picnicarea_test_cue_gas_station_right	0.0	15	0	3.8443	730.08	881.7600000000001	1.0	4.2251	502.272	1099.52	1.0	0.2418	-0.1539	0.958	7.8305	3.3718	-40.3613	0.0	24	0.0	0.0		3624	0	0
1702056979345	t	picnicarea_test_cue_gas_station_right	0.0	15	0	3.8257	729.792	882.24	1.0	4.2287	502.272	1099.04	1.0	0.2444	-0.1578	0.9567	8.0286	3.4005	-40.3535	0.0	24	0.0	0.0		3624	200	MYKEYWORD 200
