Recording timestamp	type	Scene Name	scene_num	order	djv_reported	PupilDiam_Left	Gaze2d_Left.x	Gaze2d_Left.y	left_eye_openness	PupilDiam_Right	Gaze2d_Right.x	Gaze2d_Right.y	right_eye_openness	gaze_direction_x	gaze_direction_y	gaze_direction_z	gaze_origin_x	gaze_origin_y	gaze_origin_z	gaze_convergence_distance	participant	study_status	scene_familiarity	recall_status	Identifier	Event value	Event message
1701889915714	t	street_test_cue_beach_right	0.0	4	0	5.7839	740.736	1091.2	1.0	5.6631	807.264	1377.9199999999998	1.0	0.0141	-0.2649	0.9642	11.8889	0.4453	-40.1564	0.0	13	0.0	0.0		3289	100	MYKEYWORD 100
1701889915722	t	street_test_cue_beach_right	0.0	4	0	5.7617	740.16	1088.64	1.0	5.7214	804.6719999999999	1376.48	1.0	0.0181	-0.258	0.966	11.4431	0.4022	-40.1227	0.0	13	0.0	0.0		3289	0	0
1701889915730	t	street_test_cue_beach_right	0.0	4	0	5.7587	740.0160000000001	1088.48	1.0	5.7637	804.6719999999999	1372.32	1.0	0.0164	-0.2529	0.9673	8.474	0.1242	-39.8962	0.0	13	0.0	0.0		3289	0	0
1701889915739	t	street_test_cue_beach_right	0.0	4	0	5.7621	739.8720000000001	1088.48	1.0	5.7216	804.6719999999999	1376.48	1.0	0.016	-0.2567	0.9663	7.8544	0.0663	-39.8485	0.0	13	0.0	0.0		3289	0	0
1701889915747	t	street_test_cue_beach_right	0.0	4	0	5.7626	740.0160000000001	1088.48	1.0	5.6553	807.408	1377.9199999999998	1.0	0.0112	-0.2583	0.966	7.0225	-0.0108	-39.7852	0.0	13	0.0	0.0		3289	0	0
1701889915755	t	street_test_cue_beach_right	0.0	4	0	5.7618	740.16	1088.48	1.0	5.7217	804.6719999999999	1376.48	1.0	0.0152	-0.2572	0.9662	8.2724	0.1066	-39.8801	0.0	13	0.0	0.0		3289	0	0
1701889915763	t	street_test_cue_beach_right	0.0	4	0	5.7626	740.16	1088.48	1.0	5.761	804.6719999999999	1372.96	1.0	0.0134	-0.2525	0.9675	5.3752	-0.1648	-39.6595	0.0	13	0.0	0.0		3289	0	0
1701889915771	t	street_test_cue_beach_right	0.0	4	0	5.7632	740.16	1088.48	1.0	5.7738	804.6719999999999	1376.48	1.0	0.0127	-0.2554	0.9668	3.3295	-0.3565	-39.5035	0.0	13	0.0	0.0		3289	0	0
1701889915780	t	street_test_cue_beach_right	0.0	4	0	5.7759	740.16	1088.48	1.0	5.7757	807.408	1377.9199999999998	1.0	0.0081	-0.2567	0.9664	2.9809	-0.3897	-39.4767	0.0	13	0.0	0.0		3289	0	0
1701889915788	t	street_test_cue_beach_right	0.0	4	0	5.7887	740.304	1088.48	1.0	5.7894	804.6719999999999	1376.48	1.0	0.0122	-0.2553	0.9668	3.372	-0.3531	-39.5063	0.0	13	0.0	0.0		3289	0	0
1701889915796	t	street_test_cue_beach_right	0.0	4	0	5.776	740.448	1088.48	1.0	5.8214	805.5360000000001	1375.68	1.0	0.0108	-0.2541	0.9671	3.2228	-0.3672	-39.4949	0.0	13	0.0	0.0		3289	0	0
1701889915805	t	street_test_cue_beach_right	0.0	4	0	5.7628	740.448	1088.48	1.0	5.7896	806.4000000000001	1376.48	1.0	0.0101	-0.2556	0.9667	4.5658	-0.2414	-39.5971	0.0	13	0.0	0.0		3289	0	0
1701889915813	t	street_test_cue_beach_right	0.0	4	0	5.7679	740.448	1088.48	1.0	5.7757	805.5360000000001	1377.9199999999998	1.0	0.0113	-0.2571	0.9663	3.9601	-0.2986	-39.5511	0.0	13	0.0	0.0		3289	0	0
1701889915821	t	street_test_cue_beach_right	0.0	4	0	5.763	740.304	1088.48	1.0	5.7896	806.4000000000001	1376.48	1.0	0.0101	-0.2552	0.9668	3.8781	-0.3067	-39.5449	0.0	13	0.0	0.0		3289	0	0
1701889915830	t	street_test_cue_beach_right	0.0	4	0	5.7631	740.304	1088.48	1.0	5.7945	806.4000000000001	1375.2	1.0	0.0102	-0.2535	0.9673	3.8124	-0.313	-39.5404	0.0	13	0.0	0.0		3289	0	0
1701889915838	t	street_test_cue_beach_right	0.0	4	0	5.7731	740.16	1088.48	1.0	5.7945	806.4000000000001	1375.2	1.0	0.0108	-0.2538	0.9672	4.6295	-0.2367	-39.6025	0.0	13	0.0	0.0		3289	0	0
1701889915846	t	street_test_cue_beach_right	0.0	4	0	5.7731	740.16	1088.48	1.0	5.8329	808.416	1380.64	1.0	0.0085	-0.2566	0.9665	5.0907	-0.2066	-39.6422	0.0	13	0.0	0.0		3289	0	0
1701889915855	t	street_test_cue_beach_right	0.0	4	0	5.7729	740.16	1088.48	1.0	5.8444	808.416	1380.64	1.0	0.0083	-0.2565	0.9665	4.7138	-0.2424	-39.6141	0.0	13	0.0	0.0		3289	0	0
1701889915863	t	street_test_cue_beach_right	0.0	4	0	5.7729	740.16	1088.48	1.0	5.8445	808.416	1380.64	1.0	0.0101	-0.2573	0.9663	7.1818	-0.0098	-39.8013	0.0	13	0.0	0.0		3289	0	0
1701889915871	t	street_test_cue_beach_right	0.0	4	0	5.7722	739.8720000000001	1089.28	1.0	5.8766	806.4000000000001	1377.6	1.0	0.0132	-0.2556	0.9667	6.7912	-0.047	-39.7716	0.0	13	0.0	0.0		3289	0	0
1701889915880	t	street_test_cue_beach_right	0.0	4	0	5.7814	739.8720000000001	1088.48	1.0	5.8886	806.4000000000001	1377.6	1.0	0.0129	-0.2541	0.9671	7.0899	-0.0198	-39.7942	0.0	13	0.0	0.0		3289	0	0
1701889915888	t	street_test_cue_beach_right	0.0	4	0	5.7722	739.584	1089.28	1.0	5.8887	806.4000000000001	1377.6	1.0	0.012	-0.2547	0.9669	5.5221	-0.1688	-39.6752	0.0	13	0.0	0.0		3289	0	0
1701889915896	t	street_test_cue_beach_right	0.0	4	0	5.772	739.8720000000001	1089.4399999999998	1.0	5.8899	805.248	1377.28	1.0	0.0132	-0.2546	0.9669	5.4663	-0.1745	-39.6709	0.0	13	0.0	0.0		3289	0	0
1701889915905	t	street_test_cue_beach_right	0.0	4	0	5.7613	739.8720000000001	1089.28	1.0	5.9087	804.6719999999999	1375.2	1.0	0.0135	-0.2521	0.9676	5.9045	-0.1344	-39.704	0.0	13	0.0	0.0		3289	0	0
1701889915913	t	street_test_cue_beach_right	0.0	4	0	5.7573	739.584	1089.28	1.0	5.9444	804.6719999999999	1375.2	1.0	0.0136	-0.2513	0.9678	5.8577	-0.1424	-39.701	0.0	13	0.0	0.0		3289	0	0
1701889915921	t	street_test_cue_beach_right	0.0	4	0	5.7571	739.584	1089.28	1.0	5.8984	804.6719999999999	1375.2	1.0	0.0126	-0.2497	0.9682	4.1641	-0.3062	-39.5736	0.0	13	0.0	0.0		3289	0	0
1701889915930	t	street_test_cue_beach_right	0.0	4	0	5.7611	739.008	1089.4399999999998	1.0	5.8984	804.6719999999999	1375.2	1.0	0.0128	-0.2493	0.9683	2.6769	-0.4462	-39.4606	0.0	13	0.0	0.0		3289	0	0
1701889915938	t	street_test_cue_beach_right	0.0	4	0	5.7575	739.008	1089.4399999999998	1.0	5.8983	805.248	1375.2	1.0	0.0123	-0.2499	0.9682	3.9276	-0.3288	-39.5551	0.0	13	0.0	0.0		3289	0	0
1701889915946	t	street_test_cue_beach_right	0.0	4	0	5.757	739.008	1089.76	1.0	5.8787	805.248	1377.28	1.0	0.0115	-0.2519	0.9677	2.3611	-0.4763	-39.4361	0.0	13	0.0	0.0		3289	0	0
1701889915955	t	street_test_cue_beach_right	0.0	4	0	5.7568	739.008	1089.76	1.0	5.9365	805.248	1377.28	1.0	0.0117	-0.2515	0.9678	2.6205	-0.4528	-39.4556	0.0	13	0.0	0.0		3289	0	0
1701889915963	t	street_test_cue_beach_right	0.0	4	0	5.7567	739.008	1090.24	1.0	5.9536	805.248	1375.52	1.0	0.0119	-0.2503	0.9681	2.9724	-0.4201	-39.4826	0.0	13	0.0	0.0		3289	0	0
1701889915971	t	street_test_cue_beach_right	0.0	4	0	5.7676	739.008	1090.24	1.0	5.9536	804.6719999999999	1375.52	1.0	0.0129	-0.2509	0.9679	4.3692	-0.2898	-39.5884	0.0	13	0.0	0.0		3289	0	0
1701889915980	t	street_test_cue_beach_right	0.0	4	0	5.7669	739.2959999999999	1090.4	1.0	5.9536	804.6719999999999	1375.52	1.0	0.0129	-0.2519	0.9677	5.5225	-0.1818	-39.676	0.0	13	0.0	0.0		3289	0	0
1701889915988	t	street_test_cue_beach_right	0.0	4	0	5.767	739.1519999999999	1090.4	1.0	5.957	803.5200000000001	1375.52	1.0	0.0147	-0.2517	0.9677	5.4517	-0.1896	-39.6707	0.0	13	0.0	0.0		3289	0	0
1701889915997	t	street_test_cue_beach_right	0.0	4	0	5.776	739.1519999999999	1090.4	1.0	5.9571	804.6719999999999	1375.52	1.0	0.013	-0.252	0.9676	6.1742	-0.1219	-39.7256	0.0	13	0.0	0.0		3289	0	0
1701889916005	t	street_test_cue_beach_right	0.0	4	0	5.7755	739.1519999999999	1090.56	1.0	5.9312	805.104	1382.24	1.0	0.0123	-0.259	0.9658	4.9009	-0.2406	-39.6293	0.0	13	0.0	0.0		3289	0	0
1701889916013	t	street_test_cue_beach_right	0.0	4	0	5.7749	739.1519999999999	1091.2	1.0	5.9231	805.104	1383.04	1.0	0.0126	-0.2614	0.9651	5.7057	-0.165	-39.6904	0.0	13	0.0	0.0		3289	0	0
1701889916022	t	street_test_cue_beach_right	0.0	4	0	5.7922	739.1519999999999	1091.68	1.0	5.9231	805.104	1383.04	1.0	0.0129	-0.2623	0.9649	6.2736	-0.1112	-39.7334	0.0	13	0.0	0.0		3289	0	0
1701889916030	t	street_test_cue_beach_right	0.0	4	0	5.8058	739.008	1091.68	1.0	5.9277	805.104	1385.1200000000001	1.0	0.0125	-0.264	0.9644	4.5037	-0.2774	-39.599	0.0	13	0.0	0.0		3289	0	0
1701889916038	t	street_test_cue_beach_right	0.0	4	0	5.8058	739.008	1091.68	1.0	5.9201	805.392	1387.04	1.0	0.0125	-0.2661	0.9639	5.032	-0.2277	-39.6391	0.0	13	0.0	0.0		3289	0	0
1701889916046	t	street_test_cue_beach_right	0.0	4	0	5.8056	739.008	1091.68	1.0	5.92	805.104	1387.04	1.0	0.0123	-0.266	0.9639	4.0226	-0.3226	-39.5624	0.0	13	0.0	0.0		3289	0	0
1701889916055	t	street_test_cue_beach_right	0.0	4	0	5.8143	739.1519999999999	1091.3600000000001	1.0	5.9294	802.8	1385.76	1.0	0.0159	-0.2642	0.9643	4.3368	-0.2931	-39.586	0.0	13	0.0	0.0		3289	0	0
1701889916063	t	street_test_cue_beach_right	0.0	4	0	5.8201	739.1519999999999	1091.3600000000001	1.0	5.9334	802.8	1385.1200000000001	1.0	0.016	-0.2637	0.9645	4.7756	-0.252	-39.6192	0.0	13	0.0	0.0		3289	0	0
1701889916071	t	street_test_cue_beach_right	0.0	4	0	5.8143	739.1519999999999	1091.2	1.0	5.9377	802.8	1385.1200000000001	1.0	0.017	-0.2635	0.9645	4.9149	-0.2386	-39.63	0.0	13	0.0	0.0		3289	0	0
1701889916080	t	street_test_cue_beach_right	0.0	4	0	5.8144	739.1519999999999	1091.2	1.0	5.9329	802.8	1385.1200000000001	1.0	0.0168	-0.2633	0.9646	3.53	-0.3689	-39.5243	0.0	13	0.0	0.0		3289	0	0
1701889916088	t	street_test_cue_beach_right	0.0	4	0	5.815	739.1519999999999	1090.72	1.0	5.9379	802.8	1385.1200000000001	1.0	0.0167	-0.2624	0.9648	3.2862	-0.3918	-39.5054	0.0	13	0.0	0.0		3289	0	0
1701889916097	t	street_test_cue_beach_right	0.0	4	0	5.8127	739.1519999999999	1090.72	1.0	5.9715	802.224	1384.96	1.0	0.0176	-0.2619	0.9649	1.6501	-0.5439	-39.3809	0.0	13	0.0	0.0		3289	0	0
1701889916105	t	street_test_cue_beach_right	0.0	4	0	5.8148	738.72	1091.2	1.0	5.9387	803.6640000000001	1384.96	1.0	0.016	-0.2632	0.9646	2.9039	-0.4253	-39.4759	0.0	13	0.0	0.0		3289	0	0
1701889916113	t	street_test_cue_beach_right	0.0	4	0	5.8166	738.288	1090.8799999999999	1.0	5.9375	803.6640000000001	1385.1200000000001	1.0	0.0171	-0.2633	0.9645	4.1673	-0.3058	-39.5719	0.0	13	0.0	0.0		3289	0	0
1701889916122	t	street_test_cue_beach_right	0.0	4	0	5.8165	738.288	1090.8799999999999	1.0	5.97	803.6640000000001	1385.1200000000001	1.0	0.0169	-0.2631	0.9646	3.1364	-0.4019	-39.4935	0.0	13	0.0	0.0		3289	0	0
1701889916130	t	street_test_cue_beach_right	0.0	4	0	5.8156	738.288	1090.8799999999999	1.0	5.9611	803.6640000000001	1384.96	1.0	0.0171	-0.2629	0.9646	3.4168	-0.375	-39.5149	0.0	13	0.0	0.0		3289	0	0
1701889916138	t	street_test_cue_beach_right	0.0	4	0	5.8165	738.288	1090.8799999999999	1.0	5.9769	803.088	1384.96	1.0	0.018	-0.263	0.9646	3.4431	-0.3722	-39.5168	0.0	13	0.0	0.0		3289	0	0
1701889916146	t	street_test_cue_beach_right	0.0	4	0	5.8164	738.288	1090.8799999999999	1.0	5.9727	803.088	1384.96	1.0	0.0179	-0.263	0.9646	3.1954	-0.3955	-39.4979	0.0	13	0.0	0.0		3289	0	0
1701889916155	t	street_test_cue_beach_right	0.0	4	0	5.8155	738.288	1090.8799999999999	1.0	5.9762	803.088	1384.0	1.0	0.0178	-0.2618	0.9649	3.201	-0.3959	-39.4985	0.0	13	0.0	0.0		3289	0	0
1701889916163	t	street_test_cue_beach_right	0.0	4	0	5.8157	738.288	1091.52	1.0	5.996	803.088	1384.0	1.0	0.0176	-0.2626	0.9647	3.353	-0.3821	-39.51	0.0	13	0.0	0.0		3289	0	0
1701889916172	t	street_test_cue_beach_right	0.0	4	0	5.8154	738.432	1091.52	1.0	6.0058	803.6640000000001	1384.0	1.0	0.0167	-0.2626	0.9648	3.5022	-0.3682	-39.5214	0.0	13	0.0	0.0		3289	0	0
1701889916180	t	street_test_cue_beach_right	0.0	4	0	5.8175	738.432	1091.68	1.0	5.9629	801.7919999999999	1394.5600000000002	1.0	0.0201	-0.275	0.9612	3.506	-0.3672	-39.5193	0.0	13	0.0	0.0		3289	0	0
1701889916188	t	street_test_cue_beach_right	0.0	4	0	5.8175	738.432	1091.84	1.0	6.0635	801.216	1380.32	1.0	0.0193	-0.2621	0.9648	3.0938	-0.3914	-39.4806	0.0	13	0.0	0.0		3289	0	0
1701889916196	t	street_test_cue_beach_right	0.0	4	0	5.6414	737.856	1092.8000000000002	1.0	5.7168	817.632	1397.28	1.0	-0.0027	-0.2853	0.9584	3.9781	-0.2941	-39.5541	0.0	13	0.0	0.0		3289	0	0
1701889916205	t	street_test_cue_beach_right	0.0	4	0	5.7852	738.576	1090.72	1.0	5.7662	814.032	1396.64	1.0	0.0015	-0.2825	0.9593	4.3737	-0.2496	-39.5799	0.0	13	0.0	0.0		3289	0	0
1701889916213	t	street_test_cue_beach_right	0.0	4	0	5.843	738.288	1091.84	1.0	5.337	815.04	1409.6	1.0	0.0003	-0.3009	0.9537	5.4233	-0.1432	-39.6568	0.0	13	0.0	0.0		3289	0	0
1701889916221	t	street_test_cue_beach_right	0.0	4	0	5.8114	737.712	1091.3600000000001	1.0	5.2237	819.072	1400.8	1.0	-0.0031	-0.2932	0.956	6.8384	0.0032	-39.763	0.0	13	0.0	0.0		3289	0	0
1701889916230	t	street_test_cue_beach_right	0.0	4	0	5.8222	737.856	1093.92	1.0	5.3222	818.784	1397.28	1.0	-0.0041	-0.2974	0.9547	6.3338	-0.0287	-39.7201	0.0	13	0.0	0.0		3289	0	0
1701889916238	t	street_test_cue_beach_right	0.0	4	0	5.7678	737.28	1095.36	1.0	6.0245	809.5680000000001	1379.8400000000001	1.0	0.0116	-0.2874	0.9577	5.7748	-0.0453	-39.6631	0.0	13	0.0	0.0		3289	0	0
1701889916246	t	street_test_cue_beach_right	0.0	4	0	5.6102	739.4399999999999	1079.2	1.0	5.7504	814.176	1373.12	1.0	0.006	-0.2753	0.9613	6.953	0.1805	-39.7228	0.0	13	0.0	0.0		3289	0	0
1701889916255	t	street_test_cue_beach_right	0.0	4	0	5.8597	749.376	1058.88	0.9794	5.8698	815.1840000000001	1343.3600000000001	0.8924	-0.0017	-0.237	0.9715	8.1183	0.4483	-39.7712	0.0	13	0.0	0.0		3289	0	0
1701889916263	t	street_test_cue_beach_right	0.0	4	0	5.7873	761.904	1050.56	0.9794	5.4779	828.1439999999999	1350.24	0.8924	-0.0296	-0.2613	0.9648	5.7049	0.3907	-39.5458	0.0	13	0.0	0.0		3289	0	0
1701889916272	t	street_test_cue_beach_right	0.0	4	0	5.765	771.984	1038.24	0.9124	5.2451	845.136	1342.3999999999999	0.8674	-0.0685	-0.249	0.9661	3.0727	0.2473	-39.3373	0.0	13	0.0	0.0		3289	0	0
1701889916281	t	street_test_cue_beach_right	0.0	4	0	5.8188	775.152	1029.76	0.9124	5.3686	854.208	1329.44	0.8674	-0.0829	-0.2256	0.9707	2.6175	0.2559	-39.3077	0.0	13	0.0	0.0		3289	0	0
1701889916289	t	street_test_cue_beach_right	0.0	4	0	6.0021	776.448	1019.8399999999999	0.8518	5.5973	843.264	1313.76	0.7917	-0.0683	-0.1958	0.9782	1.5289	0.1855	-39.2147	0.0	13	0.0	0.0		3289	0	0
1701889916298	t	street_test_cue_beach_right	0.0	4	0	5.8605	775.872	1019.8399999999999	0.8518	5.3785	839.8080000000001	1313.6	0.7917	-0.0722	-0.2096	0.9751	-4.9949	-0.3721	-38.7123	0.0	13	0.0	0.0		3289	0	0
1701889916305	t	street_test_cue_beach_right	0.0	4	0	5.8415	775.584	1017.44	0.875	5.7029	838.0799999999999	1297.6000000000001	0.944	-0.0671	-0.185	0.9804	-4.5975	-0.3099	-38.7328	0.0	13	0.0	0.0		3289	0	0
1701889916313	t	street_test_cue_beach_right	0.0	4	0	5.8377	782.928	1010.88	0.875	5.6201	841.392	1298.56	0.944	-0.0849	-0.1825	0.9795	-5.0983	-0.3338	-38.6719	0.0	13	0.0	0.0		3289	0	0
1701889916322	t	street_test_cue_beach_right	0.0	4	0	5.84	782.64	1010.5600000000001	0.9023	5.7855	843.408	1290.72	0.9559	-0.0751	-0.1666	0.9832	4.7469	0.5693	-39.4403	0.0	13	0.0	0.0		3289	0	0
1701889916330	t	street_test_cue_beach_right	0.0	4	0	5.7858	783.0719999999999	1007.5200000000001	0.9023	5.8868	829.8720000000001	1285.1200000000001	0.9559	-0.053	-0.1459	0.9879	7.2032	0.7471	-39.6363	0.0	13	0.0	0.0		3289	0	0
1701889916338	t	street_test_cue_beach_right	0.0	4	0	5.8135	781.4879999999999	1006.24	1.0	5.8203	839.376	1287.2	1.0	-0.0644	-0.1406	0.988	9.0883	0.9052	-39.802	0.0	13	0.0	0.0		3289	0	0
1701889916347	t	street_test_cue_beach_right	0.0	4	0	5.8018	779.904	1004.96	1.0	5.9698	839.9520000000001	1283.2	1.0	-0.0641	-0.1353	0.9887	7.8684	0.8103	-39.7347	0.0	13	0.0	0.0		3289	0	0
1701889916355	t	street_test_cue_beach_right	0.0	4	0	5.7219	779.328	1005.7600000000001	1.0	5.8926	837.504	1281.4399999999998	1.0	-0.0611	-0.1356	0.9889	4.6999	0.519	-39.4925	0.0	13	0.0	0.0		3289	0	0
1701889916363	t	street_test_cue_beach_right	0.0	4	0	5.6265	780.768	1005.5999999999999	1.0	5.7715	839.088	1285.76	1.0	-0.076	-0.149	0.9859	-7.4611	-0.5604	-38.5596	0.0	13	0.0	0.0		3289	0	0
1701889916372	t	street_test_cue_beach_right	0.0	4	0	5.6605	780.336	1006.4	1.0	5.8404	840.8159999999999	1278.72	1.0	-0.0824	-0.1335	0.9876	-8.2843	-0.6541	-38.495	0.0	13	0.0	0.0		3289	0	0
1701889916380	t	street_test_cue_beach_right	0.0	4	0	5.6123	775.152	1003.9999999999999	1.0	5.804	837.36	1280.96	1.0	-0.0659	-0.1372	0.9883	-8.9614	-0.7079	-38.4388	0.0	13	0.0	0.0		3289	0	0
1701889916389	t	street_test_cue_beach_right	0.0	4	0	5.5887	776.0160000000001	1003.52	1.0	5.8158	836.7839999999999	1278.72	1.0	-0.0639	-0.1338	0.9889	-8.4143	-0.6537	-38.4783	0.0	13	0.0	0.0		3289	0	0
1701889916397	t	street_test_cue_beach_right	0.0	4	0	5.4972	778.752	1002.2399999999999	1.0	5.8013	835.3439999999999	1277.9199999999998	1.0	-0.0632	-0.13	0.9895	-6.3701	-0.4721	-38.6382	0.0	13	0.0	0.0		3289	0	0
1701889916405	t	street_test_cue_beach_right	0.0	4	0	5.4617	777.024	1002.0799999999999	1.0	5.7884	836.064	1277.1200000000001	1.0	-0.0575	-0.1263	0.9903	0.1978	0.114	-39.1391	0.0	13	0.0	0.0		3289	0	0
1701889916414	t	street_test_cue_beach_right	0.0	4	0	5.4807	778.1759999999999	1002.0799999999999	1.0	5.8567	841.5360000000001	1257.44	1.0	-0.0703	-0.0979	0.9927	1.8237	0.2552	-39.2437	0.0	13	0.0	0.0		3289	0	0
1701889916422	t	street_test_cue_beach_right	0.0	4	0	5.4722	776.3040000000001	999.5200000000001	1.0	5.424	841.392	1252.8	1.0	-0.0627	-0.0967	0.9933	3.9637	0.4779	-39.4032	0.0	13	0.0	0.0		3289	0	0
1701889916430	t	street_test_cue_beach_right	0.0	4	0	5.3209	777.888	997.7600000000001	1.0	5.4474	836.064	1248.48	1.0	-0.067	-0.0845	0.9942	-16.3238	-1.289	-37.8104	0.0	13	0.0	0.0		3289	0	0
1701889916439	t	street_test_cue_beach_right	0.0	4	0	5.3399	781.7760000000001	994.5600000000001	1.0	5.4156	839.376	1230.0800000000002	1.0	-0.0825	-0.0425	0.9957	-15.5126	-1.1766	-37.9767	0.0	13	0.0	0.0		3289	0	0
1701889916447	t	street_test_cue_beach_right	0.0	4	0	5.5424	778.4639999999999	983.2	1.0	5.1717	835.9200000000001	1222.4	1.0	-0.0823	-0.0023	0.9966	-31.9884	-2.6211	-36.718	0.0	13	0.0	0.0		3289	0	0
1701889916455	t	street_test_cue_beach_right	0.0	4	0	5.4013	777.744	991.84	0.8077	5.1443	842.256	1219.36	0.8993	-0.1055	0.0069	0.9944	-32.2697	-2.6314	-36.7235	0.0	13	0.0	0.0		3289	0	0
1701889916464	t	street_test_cue_beach_right	0.0	4	0	5.2795	776.88	994.88	0.8077	5.1591	843.408	1220.64	0.8993	-0.1105	0.0044	0.9939	-31.942	-2.6092	-36.7528	0.0	13	0.0	0.0		3289	0	0
1701889916473	t	street_test_cue_beach_right	0.0	4	0	5.185	775.152	995.52	0.789	5.2542	839.52	1220.8	0.7112	-0.0962	0.0076	0.9953	-32.3804	-2.6619	-36.7274	0.0	13	0.0	0.0		3289	0	0
1701889916481	t	street_test_cue_beach_right	0.0	4	0	5.2185	776.1600000000001	997.28	0.789	5.2098	834.48	1224.9599999999998	0.7112	-0.0853	0.009	0.9963	-32.8639	-2.7757	-36.7094	0.0	13	0.0	0.0		3289	0	0
1701889916489	t	street_test_cue_beach_right	0.0	4	0	5.2532	773.856	1018.4	0.8077	5.1337	833.184	1258.56	0.7433	-0.0892	-0.0572	0.9944	-32.771	-2.9745	-36.6948	0.0	13	0.0	0.0		3289	0	0
1701889916497	t	street_test_cue_beach_right	0.0	4	0	5.1232	775.4399999999999	1028.96	0.8077	5.2332	824.544	1255.52	0.7433	-0.0646	-0.024	0.9976	-32.7219	-3.0931	-36.7295	0.0	13	0.0	0.0		3289	0	0
1701889916506	t	street_test_cue_beach_right	0.0	4	0	5.0826	774.0	1030.72	0.8522	5.0824	824.1120000000001	1266.08	0.816	-0.0621	-0.0541	0.9966	-32.7258	-3.1182	-36.7028	0.0	13	0.0	0.0		3289	0	0
1701889916514	t	street_test_cue_beach_right	0.0	4	0	5.0802	774.144	1031.04	0.8522	5.0845	825.696	1272.0	0.816	-0.0653	-0.0717	0.9953	-32.7619	-3.1244	-36.6899	0.0	13	0.0	0.0		3289	0	0
1701889916522	t	street_test_cue_beach_right	0.0	4	0	5.0621	772.704	1031.2	0.8882	4.913	830.448	1275.3600000000001	0.8811	-0.0826	-0.0825	0.9932	-32.742	-3.1186	-36.6952	0.0	13	0.0	0.0		3289	0	0
1701889916530	t	street_test_cue_beach_right	0.0	4	0	5.0011	771.4079999999999	1031.2	0.8882	5.1588	827.28	1278.24	0.8811	-0.0672	-0.0915	0.9935	-30.3844	-2.9144	-36.8613	0.0	13	0.0	0.0		3289	0	0
1701889916538	t	street_test_cue_beach_right	0.0	4	0	4.9256	770.4000000000001	1033.92	0.9188	4.9297	830.16	1278.4	0.9321	-0.0769	-0.0935	0.9926	-29.4524	-2.836	-36.9382	0.0	13	0.0	0.0		3289	0	0
1701889916546	t	street_test_cue_beach_right	0.0	4	0	5.0457	772.128	1032.48	0.9188	4.7295	829.008	1275.3600000000001	0.9321	-0.0735	-0.0873	0.9935	-29.1982	-2.8106	-36.9578	0.0	13	0.0	0.0		3289	0	0
1701889916555	t	street_test_cue_beach_right	0.0	4	0	4.9373	769.536	1033.44	0.9354	5.0251	822.816	1290.8799999999999	0.9875	-0.0451	-0.1341	0.9899	-27.681	-2.6653	-37.034	0.0	13	0.0	0.0		3289	0	0
1701889916563	t	street_test_cue_beach_right	0.0	4	0	4.8487	771.696	1035.68	0.9354	5.0102	824.1120000000001	1287.04	0.9875	-0.0328	-0.1512	0.988	2.7903	0.0631	-39.3182	0.0	13	0.0	0.0		3289	0	0
1701889916572	t	street_test_cue_beach_right	0.0	4	0	4.9281	770.544	1032.96	1.0	4.8638	825.696	1290.08	1.0	-0.034	-0.1508	0.988	3.2151	0.1013	-39.3503	0.0	13	0.0	0.0		3289	0	0
1701889916580	t	street_test_cue_beach_right	0.0	4	0	4.7617	768.96	1038.56	1.0	4.8972	824.832	1292.16	1.0	-0.0299	-0.164	0.986	2.5853	0.0471	-39.3005	0.0	13	0.0	0.0		3289	0	0
1701889916588	t	street_test_cue_beach_right	0.0	4	0	4.8072	769.104	1036.0	1.0	4.9371	825.696	1291.84	1.0	-0.0322	-0.1587	0.9868	2.2074	0.0139	-39.2721	0.0	13	0.0	0.0		3289	0	0
1701889916597	t	street_test_cue_beach_right	0.0	4	0	4.8528	769.248	1033.28	1.0	4.8968	825.408	1292.32	1.0	-0.0327	-0.1544	0.9875	1.9013	-0.0141	-39.2501	0.0	13	0.0	0.0		3289	0	0
1701889916605	t	street_test_cue_beach_right	0.0	4	0	4.8089	769.392	1034.08	1.0	4.9351	825.1199999999999	1291.84	1.0	-0.0328	-0.1542	0.9875	0.9666	-0.0987	-39.1813	0.0	13	0.0	0.0		3289	0	0
1701889916613	t	street_test_cue_beach_right	0.0	4	0	4.7838	769.248	1034.72	1.0	4.9175	824.688	1292.32	1.0	-0.0324	-0.1555	0.9873	0.4396	-0.1477	-39.1426	0.0	13	0.0	0.0		3289	0	0
1701889916622	t	street_test_cue_beach_right	0.0	4	0	4.7741	769.392	1035.04	1.0	4.9024	824.976	1291.84	1.0	-0.0341	-0.1542	0.9874	-0.8636	-0.2663	-39.0454	0.0	13	0.0	0.0		3289	0	0
1701889916630	t	street_test_cue_beach_right	0.0	4	0	4.7643	769.536	1035.3600000000001	1.0	4.8916	824.4	1291.68	1.0	-0.0341	-0.1542	0.9874	-2.0244	-0.3671	-38.9603	0.0	13	0.0	0.0		3289	0	0
1701889916638	t	street_test_cue_beach_right	0.0	4	0	4.7351	769.392	1036.64	1.0	4.8507	825.984	1292.6399999999999	1.0	-0.0374	-0.1581	0.9867	-2.1265	-0.3742	-38.9524	0.0	13	0.0	0.0		3289	0	0
1701889916647	t	street_test_cue_beach_right	0.0	4	0	4.7053	769.536	1037.92	1.0	4.8677	825.408	1290.56	1.0	-0.0367	-0.1568	0.9869	-2.1757	-0.3786	-38.9488	0.0	13	0.0	0.0		3289	0	0
1701889916655	t	street_test_cue_beach_right	0.0	4	0	4.6948	769.68	1037.76	1.0	4.8605	824.832	1288.8	1.0	-0.036	-0.1539	0.9874	-2.0947	-0.3713	-38.955	0.0	13	0.0	0.0		3289	0	0
1701889916663	t	street_test_cue_beach_right	0.0	4	0	4.684	769.824	1037.92	1.0	4.8294	824.688	1288.64	1.0	-0.0363	-0.1545	0.9873	-2.0761	-0.3681	-38.9563	0.0	13	0.0	0.0		3289	0	0
1701889916672	t	street_test_cue_beach_right	0.0	4	0	4.6795	769.68	1037.92	1.0	4.7989	824.832	1288.48	1.0	-0.0365	-0.1551	0.9872	-2.0684	-0.3654	-38.9566	0.0	13	0.0	0.0		3289	0	0
1701889916680	t	street_test_cue_beach_right	0.0	4	0	4.6751	769.536	1037.92	1.0	4.7949	824.832	1287.6799999999998	1.0	-0.0358	-0.1543	0.9874	-1.6607	-0.3275	-38.9869	0.0	13	0.0	0.0		3289	0	0
1701889916688	t	street_test_cue_beach_right	0.0	4	0	4.6484	761.904	1039.52	1.0	4.6122	815.04	1299.68	1.0	-0.0202	-0.1729	0.9847	-0.6371	-0.2679	-39.0426	0.0	13	0.0	0.0		3289	0	0
1701889916697	t	street_test_cue_beach_right	0.0	4	0	4.7673	741.0239999999999	1049.28	1.0	4.708	791.424	1301.6	1.0	0.0213	-0.1703	0.9852	0.1649	-0.3208	-39.1196	0.0	13	0.0	0.0		3289	0	0
1701889916705	t	street_test_cue_beach_right	0.0	4	0	4.7851	720.4319999999999	1059.2	1.0	4.498	763.92	1306.56	1.0	0.0734	-0.181	0.9807	3.1358	-0.1463	-39.3648	0.0	13	0.0	0.0		3289	0	0
1701889916713	t	street_test_cue_beach_right	0.0	4	0	4.7033	705.7439999999999	1066.24	1.0	4.301	745.488	1302.24	1.0	0.1035	-0.182	0.9778	6.1247	0.0578	-39.5925	0.0	13	0.0	0.0		3289	0	0
1701889916722	t	street_test_cue_beach_right	0.0	4	0	4.6695	704.448	1070.88	1.0	4.3122	748.368	1308.32	1.0	0.0863	-0.1763	0.9805	-11.0565	-1.4863	-38.2525	0.0	13	0.0	0.0		3289	0	0
1701889916730	t	street_test_cue_beach_right	0.0	4	0	4.6978	704.88	1067.2	1.0	4.3201	749.376	1304.3200000000002	1.0	0.0864	-0.1642	0.9826	-12.2438	-1.5647	-38.2288	0.0	13	0.0	0.0		3289	0	0
1701889916738	t	street_test_cue_beach_right	0.0	4	0	4.6135	705.168	1068.64	1.0	4.4114	745.0559999999999	1309.1200000000001	1.0	0.0994	-0.1729	0.9799	-12.6007	-1.6099	-38.1807	0.0	13	0.0	0.0		3289	0	0
1701889916747	t	street_test_cue_beach_right	0.0	4	0	4.5876	704.304	1069.1200000000001	1.0	4.2574	744.768	1303.6799999999998	1.0	0.1055	-0.1919	0.9757	7.0734	0.162	-39.7061	0.0	13	0.0	0.0		3289	0	0
1701889916755	t	street_test_cue_beach_right	0.0	4	0	4.562	703.584	1069.6	1.0	4.2582	744.0480000000001	1314.4	1.0	0.1075	-0.2033	0.9732	5.3876	0.0064	-39.5613	0.0	13	0.0	0.0		3289	0	0
1701889916763	t	street_test_cue_beach_right	0.0	4	0	4.5872	704.16	1069.44	1.0	4.081	744.192	1302.5600000000002	1.0	0.1044	-0.1868	0.9768	3.1022	-0.1693	-39.4607	0.0	13	0.0	0.0		3289	0	0
1701889916772	t	street_test_cue_beach_right	0.0	4	0	4.6087	703.584	1069.1200000000001	1.0	4.1277	745.488	1304.48	1.0	0.1069	-0.2011	0.9737	12.27	0.646	-40.1449	0.0	13	0.0	0.0		3289	0	0
1701889916780	t	street_test_cue_beach_right	0.0	4	0	4.5847	703.8720000000001	1069.1200000000001	1.0	4.1751	746.9280000000001	1306.24	1.0	0.1069	-0.2105	0.9717	18.1402	1.1663	-40.5763	0.0	13	0.0	0.0		3289	0	0
1701889916788	t	street_test_cue_beach_right	0.0	4	0	4.5775	704.304	1069.28	1.0	4.2576	748.6560000000001	1309.44	1.0	0.1062	-0.2165	0.9705	21.3501	1.4517	-40.8124	0.0	13	0.0	0.0		3289	0	0
1701889916796	t	street_test_cue_beach_right	0.0	4	0	4.5737	703.8720000000001	1069.1200000000001	1.0	4.1741	747.648	1306.72	1.0	0.1073	-0.2149	0.9707	20.7456	1.4009	-40.767	0.0	13	0.0	0.0		3289	0	0
1701889916804	t	street_test_cue_beach_right	0.0	4	0	4.5698	703.584	1069.1200000000001	1.0	4.2537	749.088	1308.48	1.0	0.1058	-0.212	0.9715	17.3525	1.1021	-40.5157	0.0	13	0.0	0.0		3289	0	0
1701889916813	t	street_test_cue_beach_right	0.0	4	0	4.5741	703.4399999999999	1069.1200000000001	1.0	4.1746	750.384	1306.72	1.0	0.1031	-0.2075	0.9728	14.8631	0.881	-40.3312	0.0	13	0.0	0.0		3289	0	0
1701889916821	t	street_test_cue_beach_right	0.0	4	0	4.5696	703.584	1068.96	1.0	4.2537	750.672	1308.48	1.0	0.0992	-0.2015	0.9745	9.0289	0.362	-39.8978	0.0	13	0.0	0.0		3289	0	0
1701889916829	t	street_test_cue_beach_right	0.0	4	0	4.574	703.4399999999999	1068.8	1.0	4.3395	753.12	1317.76	1.0	0.0942	-0.2071	0.9738	6.2956	0.1054	-39.6706	0.0	13	0.0	0.0		3289	0	0
1701889916838	t	street_test_cue_beach_right	0.0	4	0	4.5696	703.584	1068.96	1.0	4.3077	751.392	1312.8	1.0	0.0964	-0.1982	0.9754	2.822	-0.2056	-39.404	0.0	13	0.0	0.0		3289	0	0
1701889916846	t	street_test_cue_beach_right	0.0	4	0	4.5656	703.584	1068.8	1.0	4.2381	753.9839999999999	1312.16	1.0	0.0929	-0.2	0.9754	4.9631	-0.0132	-39.5664	0.0	13	0.0	0.0		3289	0	0
1701889916854	t	street_test_cue_beach_right	0.0	4	0	4.5693	703.584	1068.64	1.0	4.3079	752.976	1312.8	1.0	0.0952	-0.2017	0.9748	6.1737	0.0954	-39.6559	0.0	13	0.0	0.0		3289	0	0
1701889916863	t	street_test_cue_beach_right	0.0	4	0	4.5612	703.584	1068.64	1.0	4.3775	752.112	1314.24	1.0	0.0966	-0.2035	0.9743	6.4442	0.1205	-39.6771	0.0	13	0.0	0.0		3289	0	0
1701889916872	t	street_test_cue_beach_right	0.0	4	0	4.5608	703.7280000000001	1068.64	1.0	4.447	751.392	1315.68	1.0	0.0975	-0.2049	0.9739	5.9218	0.0764	-39.6375	0.0	13	0.0	0.0		3289	0	0
1701889916880	t	street_test_cue_beach_right	0.0	4	0	4.5625	703.7280000000001	1068.0	1.0	4.454	751.248	1317.6	1.0	0.097	-0.205	0.9739	4.6362	-0.038	-39.5403	0.0	13	0.0	0.0		3289	0	0
1701889916889	t	street_test_cue_beach_right	0.0	4	0	4.561	703.584	1068.0	1.0	4.4598	751.1039999999999	1318.88	1.0	0.0965	-0.2052	0.974	2.6963	-0.2103	-39.3939	0.0	13	0.0	0.0		3289	0	0
1701889916897	t	street_test_cue_beach_right	0.0	4	0	4.5588	703.584	1067.68	1.0	4.4602	751.1039999999999	1319.2	1.0	0.0952	-0.2039	0.9743	0.5967	-0.3959	-39.2346	0.0	13	0.0	0.0		3289	0	0
1701889916905	t	street_test_cue_beach_right	0.0	4	0	4.5591	703.4399999999999	1067.52	1.0	4.4584	751.1039999999999	1319.52	1.0	0.0953	-0.2045	0.9742	0.0987	-0.4378	-39.1958	0.0	13	0.0	0.0		3289	0	0
1701889916914	t	street_test_cue_beach_right	0.0	4	0	4.559	703.152	1067.52	1.0	4.4578	750.8159999999999	1320.3200000000002	1.0	0.0961	-0.2058	0.9739	0.3114	-0.4187	-39.2114	0.0	13	0.0	0.0		3289	0	0
1701889916922	t	street_test_cue_beach_right	0.0	4	0	4.5313	703.152	1067.52	1.0	4.4541	750.672	1321.12	1.0	0.0961	-0.2069	0.9736	0.0547	-0.4403	-39.1926	0.0	13	0.0	0.0		3289	0	0
1701889916930	t	street_test_cue_beach_right	0.0	4	0	4.5267	703.152	1067.3600000000001	1.0	4.4558	750.384	1321.12	1.0	0.0959	-0.2066	0.9737	-0.5994	-0.4971	-39.1445	0.0	13	0.0	0.0		3289	0	0
1701889916938	t	street_test_cue_beach_right	0.0	4	0	4.519	702.576	1067.2	1.0	4.4567	750.096	1321.12	1.0	0.0968	-0.2063	0.9737	-0.8071	-0.5154	-39.1279	0.0	13	0.0	0.0		3289	0	0
1701889916947	t	street_test_cue_beach_right	0.0	4	0	4.5154	702.432	1066.8799999999999	1.0	4.4543	749.8080000000001	1321.6	1.0	0.0966	-0.2065	0.9737	-0.7078	-0.5064	-39.1361	0.0	13	0.0	0.0		3289	0	0
1701889916955	t	street_test_cue_beach_right	0.0	4	0	4.5053	702.432	1066.72	1.0	4.4545	749.664	1321.92	1.0	0.0968	-0.207	0.9735	-0.568	-0.4933	-39.1477	0.0	13	0.0	0.0		3289	0	0
1701889916963	t	street_test_cue_beach_right	0.0	4	0	4.496	702.288	1066.56	1.0	4.4513	749.376	1323.1999999999998	1.0	0.0975	-0.2092	0.973	-0.405	-0.4769	-39.1612	0.0	13	0.0	0.0		3289	0	0
1701889916972	t	street_test_cue_beach_right	0.0	4	0	4.5052	702.288	1066.3999999999999	1.0	4.4496	748.944	1324.0	1.0	0.0981	-0.2097	0.9728	-0.922	-0.5225	-39.1224	0.0	13	0.0	0.0		3289	0	0
1701889916980	t	street_test_cue_beach_right	0.0	4	0	4.4919	702.288	1066.56	1.0	4.4495	748.8000000000001	1324.0	1.0	0.098	-0.2098	0.9728	-1.2286	-0.5497	-39.1012	0.0	13	0.0	0.0		3289	0	0
1701889916988	t	street_test_cue_beach_right	0.0	4	0	4.4884	702.144	1066.3999999999999	1.0	4.4454	748.8000000000001	1324.48	1.0	0.0977	-0.2103	0.9727	-1.2068	-0.5453	-39.1084	0.0	13	0.0	0.0		3289	0	0
1701889916997	t	street_test_cue_beach_right	0.0	4	0	4.4865	702.0	1066.3999999999999	1.0	4.4415	748.6560000000001	1324.8	1.0	0.0985	-0.2117	0.9724	-1.0115	-0.5244	-39.1232	0.0	13	0.0	0.0		3289	0	0
1701889917005	t	street_test_cue_beach_right	0.0	4	0	4.4701	701.712	1066.24	1.0	4.4356	746.64	1325.28	1.0	0.1025	-0.2124	0.9718	-0.8538	-0.5094	-39.1351	0.0	13	0.0	0.0		3289	0	0
1701889917013	t	street_test_cue_beach_right	0.0	4	0	4.4704	701.568	1065.76	1.0	4.4325	746.64	1325.92	1.0	0.1029	-0.213	0.9716	-0.7417	-0.498	-39.1436	0.0	13	0.0	0.0		3289	0	0
1701889917022	t	street_test_cue_beach_right	0.0	4	0	4.4747	694.368	1069.1200000000001	1.0	4.3255	739.008	1332.96	1.0	0.1175	-0.2202	0.9684	-1.4124	-0.6031	-39.0968	0.0	13	0.0	0.0		3289	0	0
1701889917030	t	street_test_cue_beach_right	0.0	4	0	4.5138	679.104	1074.4	1.0	4.2722	720.144	1336.96	1.0	0.1528	-0.2237	0.9626	-3.2439	-0.8211	-38.9693	0.0	13	0.0	0.0		3289	0	0
1701889917038	t	street_test_cue_beach_right	0.0	4	0	4.5237	665.856	1079.52	1.0	4.3116	704.448	1336.0	1.0	0.1779	-0.2146	0.9603	-6.1262	-1.1508	-38.7667	0.0	13	0.0	0.0		3289	0	0
1701889917047	t	street_test_cue_beach_right	0.0	4	0	4.5408	659.088	1077.28	1.0	4.413	693.792	1350.3999999999999	1.0	0.2009	-0.2343	0.9512	-9.6653	-1.4762	-38.4981	0.0	13	0.0	0.0		3289	0	0
1701889917055	t	street_test_cue_beach_right	0.0	4	0	4.5661	661.536	1079.36	1.0	4.2641	698.544	1343.84	1.0	0.1886	-0.2279	0.9552	-12.064	-1.6794	-38.3075	0.0	13	0.0	0.0		3289	0	0
1701889917063	t	street_test_cue_beach_right	0.0	4	0	4.5059	662.112	1077.6	1.0	4.2437	688.752	1344.96	1.0	0.2126	-0.2264	0.9505	-12.7168	-1.7433	-38.2654	0.0	13	0.0	0.0		3289	0	0
1701889917072	t	street_test_cue_beach_right	0.0	4	0	4.5256	661.8240000000001	1079.04	1.0	4.2772	693.216	1347.52	1.0	0.2021	-0.2328	0.9513	-12.1919	-1.6963	-38.3033	0.0	13	0.0	0.0		3289	0	0
1701889917081	t	street_test_cue_beach_right	0.0	4	0	4.5472	661.3919999999999	1078.08	1.0	4.307	697.536	1350.08	1.0	0.1924	-0.2369	0.9523	-10.9133	-1.5813	-38.3991	0.0	13	0.0	0.0		3289	0	0
1701889917088	t	street_test_cue_beach_right	0.0	4	0	4.5296	661.3919999999999	1079.2	1.0	4.3087	696.96	1350.24	1.0	0.1916	-0.2379	0.9522	6.4517	-0.0123	-39.731	0.0	13	0.0	0.0		3289	0	0
1701889917096	t	street_test_cue_beach_right	0.0	4	0	4.5471	661.248	1078.08	1.0	4.3111	696.528	1350.08	1.0	0.1929	-0.2359	0.9524	4.4966	-0.189	-39.5806	0.0	13	0.0	0.0		3289	0	0
1701889917104	t	street_test_cue_beach_right	0.0	4	0	4.5366	660.96	1077.9199999999998	1.0	4.3144	694.368	1348.32	1.0	0.1974	-0.2331	0.9522	2.5422	-0.3665	-39.4317	0.0	13	0.0	0.0		3289	0	0
1701889917113	t	street_test_cue_beach_right	0.0	4	0	4.5251	660.672	1078.08	1.0	4.3115	696.096	1350.08	1.0	0.1951	-0.2356	0.9521	1.5728	-0.4552	-39.357	0.0	13	0.0	0.0		3289	0	0
1701889917121	t	street_test_cue_beach_right	0.0	4	0	4.5363	660.672	1078.72	1.0	4.3093	696.24	1350.24	1.0	0.1951	-0.2368	0.9518	0.9341	-0.5121	-39.3079	0.0	13	0.0	0.0		3289	0	0
1701889917130	t	street_test_cue_beach_right	0.0	4	0	4.5301	660.528	1078.24	1.0	4.3074	696.096	1350.08	1.0	0.1956	-0.236	0.9519	1.5231	-0.4581	-39.353	0.0	13	0.0	0.0		3289	0	0
1701889917138	t	street_test_cue_beach_right	0.0	4	0	4.5277	660.528	1078.08	1.0	4.2975	696.24	1350.24	1.0	0.1953	-0.2362	0.9519	1.3108	-0.4769	-39.3362	0.0	13	0.0	0.0		3289	0	0
1701889917146	t	street_test_cue_beach_right	0.0	4	0	4.5301	660.528	1078.08	1.0	4.2882	696.096	1350.24	1.0	0.1958	-0.2364	0.9517	0.7098	-0.5307	-39.2897	0.0	13	0.0	0.0		3289	0	0
1701889917155	t	street_test_cue_beach_right	0.0	4	0	4.5388	660.528	1078.08	1.0	4.2963	696.096	1350.72	1.0	0.1958	-0.2371	0.9516	0.5576	-0.5444	-39.2777	0.0	13	0.0	0.0		3289	0	0
1701889917163	t	street_test_cue_beach_right	0.0	4	0	4.5388	660.528	1078.24	1.0	4.305	696.096	1351.2	1.0	0.1958	-0.2377	0.9514	0.9631	-0.5076	-39.3085	0.0	13	0.0	0.0		3289	0	0
1701889917171	t	street_test_cue_beach_right	0.0	4	0	4.5432	660.384	1078.08	1.0	4.3037	696.096	1350.72	1.0	0.1958	-0.2374	0.9515	1.1487	-0.4888	-39.3225	0.0	13	0.0	0.0		3289	0	0
1701889917180	t	street_test_cue_beach_right	0.0	4	0	4.5385	660.528	1078.08	1.0	4.3074	696.096	1350.24	1.0	0.1957	-0.2372	0.9515	1.2296	-0.4795	-39.3286	0.0	13	0.0	0.0		3289	0	0
1701889917188	t	street_test_cue_beach_right	0.0	4	0	4.5474	660.384	1078.08	1.0	4.3088	696.096	1351.2	1.0	0.196	-0.2393	0.9509	0.9032	-0.5042	-39.3023	0.0	13	0.0	0.0		3289	0	0
1701889917196	t	street_test_cue_beach_right	0.0	4	0	4.5383	660.384	1077.76	1.0	4.3097	696.096	1351.2	1.0	0.1956	-0.2392	0.951	1.2045	-0.475	-39.3249	0.0	13	0.0	0.0		3289	0	0
1701889917204	t	street_test_cue_beach_right	0.0	4	0	4.5294	660.384	1077.76	1.0	4.3203	696.096	1351.2	1.0	0.1956	-0.2394	0.951	0.9717	-0.4954	-39.3069	0.0	13	0.0	0.0		3289	0	0
1701889917213	t	street_test_cue_beach_right	0.0	4	0	4.5383	660.384	1077.6	1.0	4.3214	693.792	1351.2	1.0	0.1999	-0.2391	0.9502	0.5798	-0.5306	-39.2769	0.0	13	0.0	0.0		3289	0	0
1701889917221	t	street_test_cue_beach_right	0.0	4	0	4.5382	660.384	1077.6	1.0	4.3728	693.792	1351.3600000000001	1.0	0.2005	-0.2392	0.95	0.3426	-0.5515	-39.2587	0.0	13	0.0	0.0		3289	0	0
1701889917229	t	street_test_cue_beach_right	0.0	4	0	4.548	660.24	1077.76	1.0	4.3864	696.096	1352.32	1.0	0.1967	-0.2407	0.9504	0.5778	-0.5298	-39.2768	0.0	13	0.0	0.0		3289	0	0
1701889917238	t	street_test_cue_beach_right	0.0	4	0	4.5508	660.24	1077.6	1.0	4.3923	696.096	1352.32	1.0	0.1969	-0.2405	0.9505	0.8212	-0.5075	-39.2954	0.0	13	0.0	0.0		3289	0	0
1701889917246	t	street_test_cue_beach_right	0.0	4	0	4.5481	660.24	1077.6	1.0	4.3983	693.792	1351.3600000000001	1.0	0.201	-0.2392	0.9499	0.6421	-0.5232	-39.2816	0.0	13	0.0	0.0		3289	0	0
1701889917254	t	street_test_cue_beach_right	0.0	4	0	4.5504	660.24	1077.6	1.0	4.4065	693.792	1351.3600000000001	1.0	0.2007	-0.2393	0.95	0.5169	-0.5342	-39.2716	0.0	13	0.0	0.0		3289	0	0
1701889917263	t	street_test_cue_beach_right	0.0	4	0	4.5501	660.24	1077.6	1.0	4.4138	693.792	1352.32	1.0	0.2005	-0.2407	0.9497	0.3915	-0.5451	-39.2618	0.0	13	0.0	0.0		3289	0	0
1701889917271	t	street_test_cue_beach_right	0.0	4	0	4.5472	660.24	1077.6	1.0	4.4121	696.096	1352.64	1.0	0.196	-0.2416	0.9504	0.972	-0.4906	-39.3063	0.0	13	0.0	0.0		3289	0	0
1701889917279	t	street_test_cue_beach_right	0.0	4	0	4.5501	660.24	1077.6	1.0	4.423	696.096	1352.64	1.0	0.1963	-0.2416	0.9503	0.7092	-0.5143	-39.2859	0.0	13	0.0	0.0		3289	0	0
1701889917288	t	street_test_cue_beach_right	0.0	4	0	4.5501	659.952	1077.6	1.0	4.4405	696.672	1352.64	1.0	0.1958	-0.2416	0.9504	0.6621	-0.5181	-39.2824	0.0	13	0.0	0.0		3289	0	0
1701889917296	t	street_test_cue_beach_right	0.0	4	0	4.5982	662.832	1077.44	1.0	4.2226	699.9839999999999	1362.56	1.0	0.1879	-0.2555	0.9484	0.8907	-0.4973	-39.2958	0.0	13	0.0	0.0		3289	0	0
1701889917304	t	street_test_cue_beach_right	0.0	4	0	4.5557	680.544	1071.2	1.0	4.3838	727.2	1344.32	1.0	0.1403	-0.2334	0.9622	2.0246	-0.3311	-39.3565	0.0	13	0.0	0.0		3289	0	0
1701889917313	t	street_test_cue_beach_right	0.0	4	0	4.5294	710.352	1066.24	1.0	4.4766	760.608	1334.72	1.0	0.0803	-0.2268	0.9706	6.4683	0.1485	-39.6675	0.0	13	0.0	0.0		3289	0	0
1701889917321	t	street_test_cue_beach_right	0.0	4	0	4.5672	744.336	1058.24	1.0	4.7316	799.488	1330.8799999999999	1.0	0.013	-0.2144	0.9767	12.2449	0.7298	-40.0893	0.0	13	0.0	0.0		3289	0	0
1701889917329	t	street_test_cue_beach_right	0.0	4	0	4.4858	772.704	1050.72	1.0	4.64	815.1840000000001	1330.24	1.0	-0.0345	-0.2112	0.9768	-18.9987	-2.0326	-37.7701	0.0	13	0.0	0.0		3289	0	0
1701889917338	t	street_test_cue_beach_right	0.0	4	0	4.3843	791.8560000000001	1045.6	1.0	4.7209	833.9039999999999	1322.72	1.0	-0.0771	-0.1905	0.9787	-23.3658	-2.394	-37.4797	0.0	13	0.0	0.0		3289	0	0
1701889917346	t	street_test_cue_beach_right	0.0	4	0	4.4043	792.8639999999999	1045.6	1.0	4.5752	827.568	1333.28	1.0	-0.0508	-0.2213	0.9739	-24.9816	-2.5304	-37.3404	0.0	13	0.0	0.0		3289	0	0
1701889917354	t	street_test_cue_beach_right	0.0	4	0	4.2986	793.2959999999999	1045.9199999999998	0.9758	4.6572	835.0559999999999	1331.52	0.9357	-0.0744	-0.2153	0.9737	-24.7325	-2.5032	-37.3711	0.0	13	0.0	0.0		3289	0	0
1701889917363	t	street_test_cue_beach_right	0.0	4	0	4.4196	789.552	1045.44	0.9758	4.7263	835.3439999999999	1332.0	0.9357	-0.0716	-0.2146	0.9741	-23.1685	-2.3625	-37.4865	0.0	13	0.0	0.0		3289	0	0
1701889917371	t	street_test_cue_beach_right	0.0	4	0	4.4001	790.416	1045.28	0.9837	4.7482	836.7839999999999	1332.16	0.9725	-0.0724	-0.2084	0.9753	-18.5387	-1.9629	-37.84	0.0	13	0.0	0.0		3289	0	0
1701889917379	t	street_test_cue_beach_right	0.0	4	0	4.5548	786.816	1047.8400000000001	0.9837	4.7147	838.944	1329.28	0.9725	-0.071	-0.2037	0.9764	-11.6752	-1.3376	-38.3446	0.0	13	0.0	0.0		3289	0	0
1701889917388	t	street_test_cue_beach_right	0.0	4	0	4.5248	786.816	1047.52	0.9898	4.6472	837.9359999999999	1331.04	0.973	-0.066	-0.2067	0.9762	-6.542	-0.8712	-38.7168	0.0	13	0.0	0.0		3289	0	0
1701889917396	t	street_test_cue_beach_right	0.0	4	0	4.4742	788.112	1046.24	0.9898	4.6646	837.792	1331.04	0.973	-0.0666	-0.2059	0.9763	-3.0682	-0.5493	-38.9649	0.0	13	0.0	0.0		3289	0	0
1701889917404	t	street_test_cue_beach_right	0.0	4	0	4.4394	791.568	1051.3600000000001	0.9988	4.6824	837.648	1331.04	0.9646	-0.0721	-0.2147	0.974	-1.2965	-0.3831	-39.0867	0.0	13	0.0	0.0		3289	0	0
1701889917413	t	street_test_cue_beach_right	0.0	4	0	4.5067	786.24	1046.56	0.9988	4.6637	837.792	1331.04	0.9646	-0.0637	-0.207	0.9763	-1.3534	-0.39	-39.085	0.0	13	0.0	0.0		3289	0	0
1701889917421	t	street_test_cue_beach_right	0.0	4	0	4.5255	786.816	1048.0	1.0	4.6823	837.9359999999999	1331.04	1.0	-0.0657	-0.2091	0.9757	-1.4287	-0.3979	-39.0788	0.0	13	0.0	0.0		3289	0	0
1701889917429	t	street_test_cue_beach_right	0.0	4	0	4.4997	784.8000000000001	1049.12	1.0	4.688	838.5120000000001	1330.72	1.0	-0.0637	-0.2102	0.9756	-1.427	-0.3982	-39.0794	0.0	13	0.0	0.0		3289	0	0
1701889917438	t	street_test_cue_beach_right	0.0	4	0	4.395	787.3919999999999	1050.08	1.0	4.6936	838.8000000000001	1330.4	1.0	-0.0684	-0.2114	0.975	-1.2253	-0.38	-39.0941	0.0	13	0.0	0.0		3289	0	0
1701889917447	t	street_test_cue_beach_right	0.0	4	0	4.4995	785.0880000000001	1049.12	1.0	4.6953	838.944	1330.24	1.0	-0.0647	-0.2093	0.9757	-1.0352	-0.3634	-39.1087	0.0	13	0.0	0.0		3289	0	0
1701889917454	t	street_test_cue_beach_right	0.0	4	0	4.5253	784.9440000000001	1048.48	1.0	4.6962	839.088	1330.0800000000002	1.0	-0.0649	-0.2083	0.9759	-1.3419	-0.3913	-39.0866	0.0	13	0.0	0.0		3289	0	0
1701889917463	t	street_test_cue_beach_right	0.0	4	0	4.4996	785.0880000000001	1049.12	1.0	4.7	838.944	1328.48	1.0	-0.0651	-0.2056	0.9765	-1.7611	-0.4345	-39.0602	0.0	13	0.0	0.0		3289	0	0
1701889917471	t	street_test_cue_beach_right	0.0	4	0	4.4753	785.376	1048.48	1.0	4.7051	839.088	1327.04	1.0	-0.0662	-0.2017	0.9772	-1.8264	-0.4451	-39.0599	0.0	13	0.0	0.0		3289	0	0
1701889917479	t	street_test_cue_beach_right	0.0	4	0	4.5003	785.0880000000001	1048.0	1.0	4.6998	838.944	1328.64	1.0	-0.0656	-0.2029	0.977	-1.6229	-0.4274	-39.075	0.0	13	0.0	0.0		3289	0	0
1701889917488	t	street_test_cue_beach_right	0.0	4	0	4.4913	785.376	1048.48	1.0	4.6234	839.52	1331.52	1.0	-0.0662	-0.206	0.9763	-1.1664	-0.3955	-39.1123	0.0	13	0.0	0.0		3289	0	0
1701889917496	t	street_test_cue_beach_right	0.0	4	0	4.483	785.664	1048.96	1.0	4.7616	842.4	1327.68	1.0	-0.0708	-0.2014	0.9769	-0.8803	-0.3643	-39.1356	0.0	13	0.0	0.0		3289	0	0
1701889917504	t	street_test_cue_beach_right	0.0	4	0	4.4669	785.808	1048.8	1.0	4.7444	843.6959999999999	1326.72	1.0	-0.0729	-0.2	0.9771	-0.6953	-0.3458	-39.1493	0.0	13	0.0	0.0		3289	0	0
1701889917513	t	street_test_cue_beach_right	0.0	4	0	4.4507	785.808	1048.6399999999999	1.0	4.7209	842.4	1327.68	1.0	-0.0706	-0.2017	0.9769	-0.7553	-0.3494	-39.1448	0.0	13	0.0	0.0		3289	0	0
1701889917521	t	street_test_cue_beach_right	0.0	4	0	4.4671	785.808	1048.32	1.0	4.7182	843.6959999999999	1327.68	1.0	-0.0729	-0.2012	0.9768	-0.9989	-0.3705	-39.1261	0.0	13	0.0	0.0		3289	0	0
1701889917530	t	street_test_cue_beach_right	0.0	4	0	4.4834	785.664	1048.0	1.0	4.7148	842.4	1327.68	1.0	-0.0707	-0.2012	0.977	-1.3188	-0.3984	-39.1018	0.0	13	0.0	0.0		3289	0	0
1701889917538	t	street_test_cue_beach_right	0.0	4	0	4.4671	785.808	1048.32	1.0	4.7079	841.8240000000001	1327.68	1.0	-0.0699	-0.2018	0.9769	-1.786	-0.44	-39.0674	0.0	13	0.0	0.0		3289	0	0
1701889917546	t	street_test_cue_beach_right	0.0	4	0	4.4833	785.664	1048.0	1.0	4.7145	841.248	1327.68	1.0	-0.0689	-0.2016	0.977	-2.1536	-0.4727	-39.0405	0.0	13	0.0	0.0		3289	0	0
1701889917554	t	street_test_cue_beach_right	0.0	4	0	4.4514	785.664	1047.68	1.0	4.7069	841.6800000000001	1328.0	1.0	-0.0698	-0.2018	0.9769	-2.3475	-0.4888	-39.0253	0.0	13	0.0	0.0		3289	0	0
1701889917563	t	street_test_cue_beach_right	0.0	4	0	4.4843	785.0880000000001	1047.2	1.0	4.6997	841.968	1328.1599999999999	1.0	-0.0698	-0.2017	0.977	-3.1284	-0.5581	-38.9679	0.0	13	0.0	0.0		3289	0	0
1701889917571	t	street_test_cue_beach_right	0.0	4	0	4.6115	782.352	1043.68	1.0	4.6993	841.968	1328.0	1.0	-0.0676	-0.1991	0.9776	-3.262	-0.5564	-38.9524	0.0	13	0.0	0.0		3289	0	0
1701889917579	t	street_test_cue_beach_right	0.0	4	0	4.5164	787.1039999999999	1033.92	1.0	4.6904	841.8240000000001	1307.52	1.0	-0.0695	-0.1738	0.9823	-3.1235	-0.444	-38.9427	0.0	13	0.0	0.0		3289	0	0
1701889917588	t	street_test_cue_beach_right	0.0	4	0	4.5198	794.592	1016.64	1.0	4.6907	841.8240000000001	1283.52	1.0	-0.0816	-0.1444	0.9861	0.3778	0.0373	-39.1841	0.0	13	0.0	0.0		3289	0	0
1701889917597	t	street_test_cue_beach_right	0.0	4	0	4.3926	797.7600000000001	1005.4399999999999	1.0	4.6696	838.2239999999999	1265.44	1.0	-0.0834	-0.1251	0.9886	4.8951	0.5623	-39.535	0.0	13	0.0	0.0		3289	0	0
1701889917605	t	street_test_cue_beach_right	0.0	4	0	4.483	799.344	992.6399999999999	1.0	4.6934	827.712	1245.28	1.0	-0.0744	-0.0923	0.9929	10.2409	1.0765	-39.8461	0.0	13	0.0	0.0		3289	0	0
1701889917613	t	street_test_cue_beach_right	0.0	4	0	4.3429	793.2959999999999	989.28	1.0	4.5465	833.328	1245.6	1.0	-0.0685	-0.0974	0.9929	13.5047	1.4666	-40.2594	0.0	13	0.0	0.0		3289	0	0
1701889917621	t	street_test_cue_beach_right	0.0	4	0	4.402	797.04	993.76	1.0	4.7522	834.9119999999999	1246.4	1.0	-0.0801	-0.1056	0.9912	15.7078	1.6079	-40.294	0.0	13	0.0	0.0		3289	0	0
1701889917630	t	street_test_cue_beach_right	0.0	4	0	4.3655	795.456	995.36	1.0	4.649	831.6	1242.24	1.0	-0.074	-0.1063	0.9916	16.5583	1.6708	-40.3434	0.0	13	0.0	0.0		3289	0	0
1701889917638	t	street_test_cue_beach_right	0.0	4	0	4.3976	786.96	984.8000000000001	1.0	4.6321	831.6	1243.84	1.0	-0.0511	-0.0798	0.9955	14.1758	1.4504	-40.1558	0.0	13	0.0	0.0		3289	0	0
1701889917646	t	street_test_cue_beach_right	0.0	4	0	4.4502	786.528	990.08	1.0	4.6443	831.744	1245.28	1.0	-0.0542	-0.0899	0.9945	9.7101	1.0275	-39.7539	0.0	13	0.0	0.0		3289	0	0
1701889917654	t	street_test_cue_beach_right	0.0	4	0	4.5558	788.544	985.92	1.0	4.6618	832.7520000000001	1242.56	1.0	-0.0704	-0.0706	0.995	-20.9905	-1.6523	-37.5383	0.0	13	0.0	0.0		3289	0	0
1701889917663	t	street_test_cue_beach_right	0.0	4	0	4.4404	790.416	990.08	1.0	4.6495	832.1759999999999	1244.32	1.0	-0.069	-0.0735	0.9949	-28.0047	-2.2675	-37.0506	0.0	13	0.0	0.0		3289	0	0
1701889917671	t	street_test_cue_beach_right	0.0	4	0	4.5416	790.7040000000001	989.4399999999999	1.0	4.5578	833.9039999999999	1244.8	1.0	-0.074	-0.0735	0.9945	-30.8534	-2.5162	-36.8586	0.0	13	0.0	0.0		3289	0	0
1701889917680	t	street_test_cue_beach_right	0.0	4	0	4.4584	792.432	989.7600000000001	1.0	4.5287	832.6080000000001	1247.04	1.0	-0.0685	-0.0799	0.9944	-31.7542	-2.5975	-36.7955	0.0	13	0.0	0.0		3289	0	0
1701889917688	t	street_test_cue_beach_right	0.0	4	0	4.4706	790.992	988.64	1.0	4.7433	834.48	1245.76	1.0	-0.0723	-0.0729	0.9947	-32.3104	-2.6455	-36.7696	0.0	13	0.0	0.0		3289	0	0
1701889917696	t	street_test_cue_beach_right	0.0	4	0	4.4584	792.432	989.7600000000001	1.0	4.6048	833.9039999999999	1244.32	1.0	-0.0704	-0.0694	0.9951	-31.3893	-2.5674	-36.8409	0.0	13	0.0	0.0		3289	0	0
1701889917704	t	street_test_cue_beach_right	0.0	4	0	4.3916	794.304	996.64	1.0	4.7017	834.336	1244.8	1.0	-0.0714	-0.0706	0.9949	-30.3319	-2.4791	-36.9129	0.0	13	0.0	0.0		3289	200	MYKEYWORD 200
