Recording timestamp	type	Scene Name	scene_num	order	djv_reported	PupilDiam_Left	Gaze2d_Left.x	Gaze2d_Left.y	left_eye_openness	PupilDiam_Right	Gaze2d_Right.x	Gaze2d_Right.y	right_eye_openness	gaze_direction_x	gaze_direction_y	gaze_direction_z	gaze_origin_x	gaze_origin_y	gaze_origin_z	gaze_convergence_distance	participant	study_status	scene_familiarity	recall_status	Identifier	Event value	Event message
1701894951919	t	playground_test_cue_junkyard_left	0.0	0	0	4.6752	945.936	222.71999999999997	1.0	5.5226	894.528	255.20000000000002	0.7223	-0.2604	0.4434	0.8576	28.6884	10.4279	-31.6277	0.0	14	0.0	0.0		3354	100	MYKEYWORD 100
1701894951927	t	playground_test_cue_junkyard_left	0.0	0	0	4.8425	945.792	225.59999999999997	1.0	5.5477	893.232	256.15999999999997	0.672	-0.2597	0.4376	0.8608	28.9946	10.4085	-31.6213	0.0	14	0.0	0.0		3354	0	0
1701894951936	t	playground_test_cue_junkyard_left	0.0	0	0	4.7466	950.544	207.68	1.0	5.4272	894.528	256.64	0.672	-0.2648	0.4728	0.8404	3.0016	10.2606	-30.9293	0.0	14	0.0	0.0		3354	0	0
1701894951945	t	playground_test_cue_junkyard_left	0.0	0	0	4.8663	945.5039999999999	214.4	0.9855	5.4458	891.6479999999999	262.40000000000003	0.6419	-0.2535	0.4537	0.8543	-10.1756	10.1222	-30.464	0.0	14	0.0	0.0		3354	0	0
1701894951953	t	playground_test_cue_junkyard_left	0.0	0	0	4.8447	945.072	225.11999999999998	0.9855	5.4867	897.264	260.64	0.6419	-0.2694	0.4483	0.8523	0.09	10.1819	-30.7729	0.0	14	0.0	0.0		3354	0	0
1701894951961	t	playground_test_cue_junkyard_left	0.0	0	0	4.8347	945.6479999999999	227.68	0.9539	5.4597	894.96	261.28	0.6393	-0.2677	0.4454	0.8544	-0.4657	10.1696	-30.7458	0.0	14	0.0	0.0		3354	0	0
1701894951970	t	playground_test_cue_junkyard_left	0.0	0	0	4.862	946.656	221.60000000000002	0.9539	5.4455	896.5440000000001	261.76	0.6393	-0.2712	0.4547	0.8483	-3.9383	10.1418	-30.6524	0.0	14	0.0	0.0		3354	0	0
1701894951977	t	playground_test_cue_junkyard_left	0.0	0	0	4.8814	946.656	218.71999999999997	0.9516	5.4476	896.832	262.88	0.6179	-0.271	0.4565	0.8474	-5.1325	10.1304	-30.6084	0.0	14	0.0	0.0		3354	0	0
1701894951985	t	playground_test_cue_junkyard_left	0.0	0	0	4.8306	946.08	221.60000000000002	0.9516	5.4478	896.5440000000001	264.0	0.6179	-0.2715	0.4424	0.8547	-7.0173	10.1504	-30.5525	0.0	14	0.0	0.0		3354	0	0
1701894951994	t	playground_test_cue_junkyard_left	0.0	0	0	4.7853	945.6479999999999	224.00000000000003	0.9377	5.4475	896.4000000000001	264.32000000000005	0.6041	-0.2731	0.433	0.859	-7.5255	10.1705	-30.5359	0.0	14	0.0	0.0		3354	0	0
1701894952002	t	playground_test_cue_junkyard_left	0.0	0	0	4.783	943.632	224.16	0.9377	5.4554	896.5440000000001	264.64	0.6041	-0.2696	0.4354	0.8589	-8.4798	10.1499	-30.5046	0.0	14	0.0	0.0		3354	0	0
1701894952011	t	playground_test_cue_junkyard_left	0.0	0	0	4.7951	941.76	224.00000000000003	0.9353	5.4552	896.832	264.8	0.6123	-0.2671	0.4371	0.8588	-6.6127	10.1594	-30.5632	0.0	14	0.0	0.0		3354	0	0
1701894952019	t	playground_test_cue_junkyard_left	0.0	0	0	4.838	941.184	223.51999999999998	0.9353	5.4542	896.5440000000001	264.8	0.6123	-0.265	0.4461	0.8548	-3.4791	10.1489	-30.6563	0.0	14	0.0	0.0		3354	0	0
1701894952027	t	playground_test_cue_junkyard_left	0.0	0	0	4.8841	940.608	224.00000000000003	0.9426	5.4516	896.832	265.91999999999996	0.6128	-0.2644	0.4541	0.8508	-2.6422	10.1129	-30.6804	0.0	14	0.0	0.0		3354	0	0
1701894952036	t	playground_test_cue_junkyard_left	0.0	0	0	4.8644	940.896	223.51999999999998	0.9426	5.4491	896.976	267.03999999999996	0.6128	-0.2656	0.455	0.8499	-2.6571	10.1046	-30.6818	0.0	14	0.0	0.0		3354	0	0
1701894952045	t	playground_test_cue_junkyard_left	0.0	0	0	4.8663	941.04	223.20000000000002	0.9493	5.456	896.832	268.16	0.6205	-0.2655	0.4553	0.8498	-2.5618	10.0984	-30.6867	0.0	14	0.0	0.0		3354	0	0
1701894952053	t	playground_test_cue_junkyard_left	0.0	0	0	4.8552	941.184	222.71999999999997	0.9493	5.452	896.976	269.28000000000003	0.6205	-0.2661	0.4554	0.8496	-2.3992	10.094	-30.6916	0.0	14	0.0	0.0		3354	0	0
1701894952062	t	playground_test_cue_junkyard_left	0.0	0	0	4.8672	941.04	222.23999999999998	0.937	5.451	896.976	269.44	0.6162	-0.2654	0.4575	0.8487	-2.5684	10.0854	-30.6869	0.0	14	0.0	0.0		3354	0	0
1701894952069	t	playground_test_cue_junkyard_left	0.0	0	0	4.8571	940.896	222.23999999999998	0.937	5.4583	896.976	269.76	0.6162	-0.2646	0.4588	0.8482	-2.6607	10.0782	-30.6839	0.0	14	0.0	0.0		3354	0	0
1701894952078	t	playground_test_cue_junkyard_left	0.0	0	0	4.8685	934.7040000000001	224.8	0.9408	5.5161	895.68	276.79999999999995	0.6254	-0.2555	0.4753	0.8419	-2.7835	9.9444	-30.6572	0.0	14	0.0	0.0		3354	0	0
1701894952086	t	playground_test_cue_junkyard_left	0.0	0	0	4.9298	921.312	253.28	0.9408	5.4389	881.424	298.72	0.6254	-0.2492	0.4542	0.8553	1.1896	9.725	-30.6324	0.0	14	0.0	0.0		3354	0	0
1701894952095	t	playground_test_cue_junkyard_left	0.0	0	0	4.9937	891.216	282.71999999999997	0.9489	5.1546	856.224	324.16	0.6263	-0.2039	0.416	0.8862	10.8533	9.5936	-30.7445	0.0	14	0.0	0.0		3354	0	0
1701894952103	t	playground_test_cue_junkyard_left	0.0	0	0	4.7569	866.592	315.52	0.9489	5.2278	829.7280000000001	353.76	0.6263	-0.1567	0.3817	0.9109	19.585	9.3738	-30.8725	0.0	14	0.0	0.0		3354	0	0
1701894952112	t	playground_test_cue_junkyard_left	0.0	0	0	4.6893	850.608	352.8	1.0	5.2179	808.704	378.08000000000004	0.6919	-0.1387	0.3306	0.9335	22.1195	9.0726	-30.8088	0.0	14	0.0	0.0		3354	0	0
1701894952120	t	playground_test_cue_junkyard_left	0.0	0	0	4.6972	835.7760000000001	379.84	1.0	4.954	790.2719999999999	406.24	0.6919	-0.1124	0.302	0.9466	24.7252	8.7892	-30.8086	0.0	14	0.0	0.0		3354	0	0
1701894952129	t	playground_test_cue_junkyard_left	0.0	0	0	4.3554	829.1519999999999	400.0	1.0	5.1878	778.3199999999999	436.8	0.7727	-0.1026	0.277	0.9554	26.0967	8.5687	-30.7787	0.0	14	0.0	0.0		3354	0	0
1701894952137	t	playground_test_cue_junkyard_left	0.0	0	0	4.3007	820.656	417.44000000000005	1.0	4.7482	770.1120000000001	445.76000000000005	0.7727	-0.088	0.2616	0.9611	25.409	8.3364	-30.6593	0.0	14	0.0	0.0		3354	0	0
1701894952146	t	playground_test_cue_junkyard_left	0.0	0	0	4.4418	810.7199999999999	438.56	1.0	5.139	757.872	470.55999999999995	0.8841	-0.0615	0.2036	0.9771	13.8604	7.9196	-29.518	0.0	14	0.0	0.0		3354	0	0
1701894952154	t	playground_test_cue_junkyard_left	0.0	0	0	4.5905	802.944	445.12	1.0	5.2165	760.608	478.08000000000004	0.8841	-0.0526	0.1503	0.9872	-14.0613	7.6559	-28.5192	0.0	14	0.0	0.0		3354	0	0
1701894952162	t	playground_test_cue_junkyard_left	0.0	0	0	4.7815	800.208	452.64	1.0	5.0551	761.04	475.68	0.9035	-0.0475	0.1465	0.9881	-30.8941	7.5346	-28.1422	0.0	14	0.0	0.0		3354	0	0
1701894952171	t	playground_test_cue_junkyard_left	0.0	0	0	4.6241	794.8800000000001	453.59999999999997	1.0	5.1913	764.784	478.72	0.9035	-0.0607	0.136	0.9888	-31.4233	7.5214	-28.1405	0.0	14	0.0	0.0		3354	0	0
1701894952178	t	playground_test_cue_junkyard_left	0.0	0	0	4.6192	797.184	452.32	1.0	5.2053	763.776	478.88	0.9253	-0.0551	0.1346	0.9893	-31.496	7.5223	-28.1322	0.0	14	0.0	0.0		3354	0	0
1701894952187	t	playground_test_cue_junkyard_left	0.0	0	0	4.6154	798.48	451.19999999999993	1.0	5.2019	762.6239999999999	477.59999999999997	0.9253	-0.0492	0.138	0.9892	-31.5115	7.5498	-28.2156	0.0	14	0.0	0.0		3354	0	0
1701894952194	t	playground_test_cue_junkyard_left	0.0	0	0	4.689	794.8800000000001	447.36	1.0	5.2201	761.328	479.04	0.9248	-0.0414	0.1301	0.9906	-31.4978	7.5753	-28.3056	0.0	14	0.0	0.0		3354	0	0
1701894952203	t	playground_test_cue_junkyard_left	0.0	0	0	4.3941	795.024	441.28	1.0	5.1342	763.488	479.84	0.9248	-0.0511	0.1271	0.9906	-31.4036	7.5746	-28.313	0.0	14	0.0	0.0		3354	0	0
1701894952211	t	playground_test_cue_junkyard_left	0.0	0	0	4.4942	794.448	444.47999999999996	1.0	5.1733	762.7679999999999	478.24	0.9263	-0.0472	0.1344	0.9898	-30.4667	7.5849	-28.3509	0.0	14	0.0	0.0		3354	0	0
1701894952219	t	playground_test_cue_junkyard_left	0.0	0	0	4.7574	792.0000000000001	451.99999999999994	1.0	5.2096	761.904	479.84	0.9263	-0.0428	0.1328	0.9902	-24.0924	7.6156	-28.4603	0.0	14	0.0	0.0		3354	0	0
1701894952228	t	playground_test_cue_junkyard_left	0.0	0	0	4.7894	792.8639999999999	452.32	1.0	5.2156	761.4720000000001	478.08000000000004	0.9088	-0.044	0.144	0.9886	-18.775	7.6263	-28.4934	0.0	14	0.0	0.0		3354	0	0
1701894952236	t	playground_test_cue_junkyard_left	0.0	0	0	4.815	793.0079999999999	452.48	1.0	5.2984	761.4720000000001	479.35999999999996	0.9088	-0.0454	0.1389	0.9893	-21.343	7.5889	-28.3563	0.0	14	0.0	0.0		3354	0	0
1701894952245	t	playground_test_cue_junkyard_left	0.0	0	0	4.7935	792.8639999999999	452.32	1.0	5.2803	761.328	480.15999999999997	0.9026	-0.0447	0.1401	0.9891	-18.77	7.5636	-28.2655	0.0	14	0.0	0.0		3354	0	0
1701894952253	t	playground_test_cue_junkyard_left	0.0	0	0	4.8213	792.72	452.48	1.0	5.2722	761.328	478.72	0.9026	-0.0425	0.1444	0.9886	-20.4931	7.5701	-28.3075	0.0	14	0.0	0.0		3354	0	0
1701894952262	t	playground_test_cue_junkyard_left	0.0	0	0	4.7446	788.544	451.03999999999996	1.0	5.3176	759.8879999999999	480.79999999999995	0.9044	-0.0208	0.1435	0.9894	-22.4176	7.5529	-28.3742	0.0	14	0.0	0.0		3354	0	0
1701894952270	t	playground_test_cue_junkyard_left	0.0	0	0	4.846	790.1279999999999	452.79999999999995	1.0	5.2869	760.032	479.84	0.9044	-0.0222	0.1456	0.9891	-23.646	7.5593	-28.426	0.0	14	0.0	0.0		3354	0	0
1701894952278	t	playground_test_cue_junkyard_left	0.0	0	0	4.7572	789.1200000000001	449.76000000000005	1.0	5.3197	760.032	482.08000000000004	0.9042	-0.0232	0.1411	0.9897	-20.1214	7.6154	-28.6356	0.0	14	0.0	0.0		3354	0	0
1701894952286	t	playground_test_cue_junkyard_left	0.0	0	0	4.7225	788.112	450.72	1.0	5.2088	759.168	479.84	0.9042	-0.0289	0.1664	0.9856	6.9966	7.794	-29.1962	0.0	14	0.0	0.0		3354	0	0
1701894952295	t	playground_test_cue_junkyard_left	0.0	0	0	4.6973	787.6800000000001	449.6	1.0	5.3607	759.312	481.28000000000003	0.9137	-0.0304	0.1712	0.9848	10.6966	7.8075	-29.2452	0.0	14	0.0	0.0		3354	0	0
1701894952304	t	playground_test_cue_junkyard_left	0.0	0	0	4.9366	784.6560000000001	458.72	1.0	5.2759	759.8879999999999	480.96	0.9137	-0.0308	0.1509	0.9881	9.3731	7.7412	-29.0536	0.0	14	0.0	0.0		3354	0	0
1701894952312	t	playground_test_cue_junkyard_left	0.0	0	0	4.9239	784.6560000000001	455.36	1.0	5.3214	756.8639999999999	480.15999999999997	0.9242	-0.0267	0.1592	0.9869	7.2902	7.758	-29.1173	0.0	14	0.0	0.0		3354	0	0
1701894952320	t	playground_test_cue_junkyard_left	0.0	0	0	4.9381	783.0719999999999	451.99999999999994	1.0	5.3489	757.44	482.88	0.9242	-0.0221	0.1527	0.988	-2.5128	7.734	-29.0532	0.0	14	0.0	0.0		3354	0	0
1701894952329	t	playground_test_cue_junkyard_left	0.0	0	0	4.9573	785.0880000000001	457.12	1.0	5.3204	759.312	484.15999999999997	0.9163	-0.0311	0.1386	0.9899	-7.028	7.6809	-28.8786	0.0	14	0.0	0.0		3354	0	0
1701894952337	t	playground_test_cue_junkyard_left	0.0	0	0	4.9772	786.528	456.96000000000004	1.0	5.2943	756.8639999999999	482.08000000000004	0.9163	-0.0284	0.1449	0.989	-4.89	7.6882	-28.8891	0.0	14	0.0	0.0		3354	0	0
1701894952345	t	playground_test_cue_junkyard_left	0.0	0	0	4.5516	781.3439999999999	442.56	1.0	5.3265	758.016	484.0	0.9178	-0.0208	0.1467	0.989	-20.3354	7.5755	-28.6005	0.0	14	0.0	0.0		3354	0	0
1701894952353	t	playground_test_cue_junkyard_left	0.0	0	0	4.9181	789.9839999999999	459.99999999999994	1.0	5.325	755.424	488.32000000000005	0.9178	-0.0082	0.1401	0.9901	-19.4681	7.4341	-28.3451	0.0	14	0.0	0.0		3354	0	0
1701894952362	t	playground_test_cue_junkyard_left	0.0	0	0	5.1782	799.92	476.32000000000005	1.0	5.3826	769.536	508.64000000000004	0.9315	-0.0606	0.1194	0.991	-12.5752	7.0487	-27.5685	0.0	14	0.0	0.0		3354	0	0
1701894952370	t	playground_test_cue_junkyard_left	0.0	0	0	5.1787	822.816	495.68	1.0	5.583	785.376	530.4	0.9315	-0.0716	0.1184	0.9904	26.1297	7.2113	-28.7109	0.0	14	0.0	0.0		3354	0	0
1701894952378	t	playground_test_cue_junkyard_left	0.0	0	0	5.0848	843.12	515.52	1.0	5.4397	800.496	556.64	0.9815	-0.1066	0.049	0.9931	4.534	6.8987	-28.4734	0.0	14	0.0	0.0		3354	0	0
1701894952387	t	playground_test_cue_junkyard_left	0.0	0	0	5.0987	868.8960000000001	536.96	1.0	5.2811	817.776	575.1999999999999	0.9815	-0.1731	-0.0142	0.9848	-15.2844	6.6243	-28.4029	0.0	14	0.0	0.0		3354	0	0
1701894952395	t	playground_test_cue_junkyard_left	0.0	0	0	4.9879	878.544	557.9200000000001	1.0	5.3397	824.1120000000001	597.76	1.0	-0.1847	-0.0731	0.9801	-12.292	6.5247	-28.5138	0.0	14	0.0	0.0		3354	0	0
1701894952404	t	playground_test_cue_junkyard_left	0.0	0	0	4.9669	886.1759999999999	563.1999999999999	1.0	5.4179	829.8720000000001	602.08	1.0	-0.2016	-0.0781	0.9763	-9.7435	6.4758	-28.4685	0.0	14	0.0	0.0		3354	0	0
1701894952412	t	playground_test_cue_junkyard_left	0.0	0	0	5.0175	887.04	568.64	1.0	5.3843	830.448	604.0	1.0	-0.2012	-0.0717	0.9769	22.5939	6.6992	-28.748	0.0	14	0.0	0.0		3354	0	0
1701894952420	t	playground_test_cue_junkyard_left	0.0	0	0	5.012	882.72	563.36	1.0	5.4298	833.472	600.48	1.0	-0.1934	-0.0609	0.9792	28.0831	6.7957	-28.7891	0.0	14	0.0	0.0		3354	0	0
1701894952428	t	playground_test_cue_junkyard_left	0.0	0	0	5.0164	880.416	567.84	1.0	5.4168	832.4639999999999	597.92	0.9267	-0.1851	-0.0878	0.9788	29.372	6.8307	-28.7462	0.0	14	0.0	0.0		3354	0	0
1701894952437	t	playground_test_cue_junkyard_left	0.0	0	0	5.0579	880.2719999999999	563.84	1.0	5.416	835.488	598.24	0.9267	-0.1864	-0.0779	0.9794	29.3931	7.046	-29.5514	0.0	14	0.0	0.0		3354	0	0
1701894952445	t	playground_test_cue_junkyard_left	0.0	0	0	4.8816	878.9760000000001	571.6800000000001	0.9198	5.4702	835.7760000000001	595.04	0.8035	-0.2049	-0.1098	0.9726	-18.0561	6.6465	-28.655	0.0	14	0.0	0.0		3354	0	0
1701894952453	t	playground_test_cue_junkyard_left	0.0	0	0	4.9084	878.256	563.36	0.9198	5.4727	836.352	595.84	0.8035	-0.2119	-0.1122	0.9708	-32.3827	6.5004	-28.2876	0.0	14	0.0	0.0		3354	0	0
1701894952462	t	playground_test_cue_junkyard_left	0.0	0	0	4.9702	875.808	565.9200000000001	0.8387	5.4743	834.768	596.48	0.7408	-0.203	-0.1195	0.9718	-32.3875	6.5164	-28.2764	0.0	14	0.0	0.0		3354	0	0
1701894952470	t	playground_test_cue_junkyard_left	0.0	0	0	5.0112	874.9440000000001	560.64	0.8387	5.45	836.9280000000001	596.96	0.7408	-0.2105	-0.1212	0.97	-32.4003	6.5182	-28.2835	0.0	14	0.0	0.0		3354	0	0
1701894952478	t	playground_test_cue_junkyard_left	0.0	0	0	4.9434	877.9680000000001	556.1600000000001	0.7987	5.3703	835.488	596.64	0.7308	-0.1953	-0.1283	0.9723	-32.4332	6.552	-28.2992	0.0	14	0.0	0.0		3354	0	0
1701894952486	t	playground_test_cue_junkyard_left	0.0	0	0	5.0479	871.3439999999999	554.24	0.7987	5.4812	835.1999999999999	595.2	0.7308	-0.1939	-0.1255	0.9729	-32.4335	6.5674	-28.298	0.0	14	0.0	0.0		3354	0	0
1701894952495	t	playground_test_cue_junkyard_left	0.0	0	0	4.2879	861.2639999999999	579.1999999999999	0.7867	-1.0	829.2959999999999	604.16	0.6952	-0.1079	-0.1863	0.9765	29.5477	7.6472	-31.3054	0.0	14	0.0	0.0		3354	0	0
1701894952504	t	playground_test_cue_junkyard_left	0.0	0	0	-1.0	848.304	643.36	0.6015	-1.0	782.64	634.5600000000001	0.4652	-1.0	-1.0	-1.0	-1.0	-1.0	-1.0	0.0	14	0.0	0.0		3354	0	0
1701894952509	t	playground_test_cue_junkyard_left	0.0	0	0	-1.0	832.0319999999999	762.72	0.6015	-1.0	-1440.0	-1600.0	0.4652	-1.0	-1.0	-1.0	-1.0	-1.0	-1.0	0.0	14	0.0	0.0		3354	0	0
1701894952517	t	playground_test_cue_junkyard_left	0.0	0	0	-1.0	-1440.0	-1600.0	0.6015	-1.0	-1440.0	-1600.0	0.4652	-1.0	-1.0	-1.0	-1.0	-1.0	-1.0	0.0	14	0.0	0.0		3354	0	0
1701894952525	t	playground_test_cue_junkyard_left	0.0	0	0	-1.0	-1440.0	-1600.0	0.0	-1.0	-1440.0	-1600.0	0.002	-1.0	-1.0	-1.0	-1.0	-1.0	-1.0	0.0	14	0.0	0.0		3354	0	0
1701894952534	t	playground_test_cue_junkyard_left	0.0	0	0	-1.0	-1440.0	-1600.0	0.0	-1.0	-1440.0	-1600.0	0.002	-1.0	-1.0	-1.0	-1.0	-1.0	-1.0	0.0	14	0.0	0.0		3354	0	0
1701894952543	t	playground_test_cue_junkyard_left	0.0	0	0	-1.0	-1440.0	-1600.0	0.0	-1.0	700.272	929.7599999999999	0.0	-1.0	-1.0	-1.0	-1.0	-1.0	-1.0	0.0	14	0.0	0.0		3354	0	0
1701894952552	t	playground_test_cue_junkyard_left	0.0	0	0	-1.0	545.76	867.2	0.0	-1.0	675.072	905.5999999999999	0.0	-1.0	-1.0	-1.0	-1.0	-1.0	-1.0	0.0	14	0.0	0.0		3354	0	0
1701894952560	t	playground_test_cue_junkyard_left	0.0	0	0	-1.0	532.2239999999999	838.4000000000001	0.0	-1.0	577.2959999999999	846.5600000000001	0.0	-1.0	-1.0	-1.0	-1.0	-1.0	-1.0	0.0	14	0.0	0.0		3354	0	0
1701894952568	t	playground_test_cue_junkyard_left	0.0	0	0	-1.0	-1440.0	-1600.0	0.0	-1.0	567.072	800.3199999999999	0.0	-1.0	-1.0	-1.0	-1.0	-1.0	-1.0	0.0	14	0.0	0.0		3354	0	0
1701894952575	t	playground_test_cue_junkyard_left	0.0	0	0	-1.0	-1440.0	-1600.0	0.0	-1.0	-1440.0	-1600.0	0.0	-1.0	-1.0	-1.0	-1.0	-1.0	-1.0	0.0	14	0.0	0.0		3354	0	0
1701894952584	t	playground_test_cue_junkyard_left	0.0	0	0	-1.0	-1440.0	-1600.0	0.0	-1.0	-1440.0	-1600.0	0.0	-1.0	-1.0	-1.0	-1.0	-1.0	-1.0	0.0	14	0.0	0.0		3354	0	0
1701894952593	t	playground_test_cue_junkyard_left	0.0	0	0	-1.0	-1440.0	-1600.0	0.0	-1.0	813.3119999999999	768.0	0.0238	-1.0	-1.0	-1.0	-1.0	-1.0	-1.0	0.0	14	0.0	0.0		3354	0	0
1701894952601	t	playground_test_cue_junkyard_left	0.0	0	0	-1.0	-1440.0	-1600.0	0.0	-1.0	811.296	739.52	0.0238	-1.0	-1.0	-1.0	-1.0	-1.0	-1.0	0.0	14	0.0	0.0		3354	0	0
1701894952609	t	playground_test_cue_junkyard_left	0.0	0	0	-1.0	-1440.0	-1600.0	0.0	-1.0	803.808	714.56	0.1239	-1.0	-1.0	-1.0	-1.0	-1.0	-1.0	0.0	14	0.0	0.0		3354	0	0
1701894952619	t	playground_test_cue_junkyard_left	0.0	0	0	-1.0	858.5279999999999	653.12	0.0	-1.0	817.056	698.08	0.1239	-1.0	-1.0	-1.0	-1.0	-1.0	-1.0	0.0	14	0.0	0.0		3354	0	0
1701894952628	t	playground_test_cue_junkyard_left	0.0	0	0	-1.0	852.912	641.12	0.1194	-1.0	807.408	682.08	0.2469	-1.0	-1.0	-1.0	-1.0	-1.0	-1.0	0.0	14	0.0	0.0		3354	0	0
1701894952636	t	playground_test_cue_junkyard_left	0.0	0	0	-1.0	843.264	642.72	0.1194	-1.0	811.008	655.84	0.2469	-1.0	-1.0	-1.0	-1.0	-1.0	-1.0	0.0	14	0.0	0.0		3354	0	0
1701894952645	t	playground_test_cue_junkyard_left	0.0	0	0	-1.0	827.856	635.52	0.3016	-1.0	805.5360000000001	656.32	0.3572	-1.0	-1.0	-1.0	-1.0	-1.0	-1.0	0.0	14	0.0	0.0		3354	0	0
1701894952653	t	playground_test_cue_junkyard_left	0.0	0	0	-1.0	830.0160000000001	636.48	0.3016	-1.0	806.5440000000001	648.96	0.3572	-1.0	-1.0	-1.0	-1.0	-1.0	-1.0	0.0	14	0.0	0.0		3354	0	0
1701894952662	t	playground_test_cue_junkyard_left	0.0	0	0	-1.0	827.28	632.64	0.449	-1.0	801.36	638.0799999999999	0.4851	-1.0	-1.0	-1.0	-1.0	-1.0	-1.0	0.0	14	0.0	0.0		3354	0	0
1701894952670	t	playground_test_cue_junkyard_left	0.0	0	0	-1.0	828.576	624.3199999999999	0.449	-1.0	797.04	645.92	0.4851	-1.0	-1.0	-1.0	-1.0	-1.0	-1.0	0.0	14	0.0	0.0		3354	0	0
1701894952679	t	playground_test_cue_junkyard_left	0.0	0	0	4.6044	821.52	624.64	0.6243	5.5027	794.592	642.24	0.5941	-0.1175	-0.2034	0.972	-31.9249	6.0317	-28.2986	0.0	14	0.0	0.0		3354	0	0
1701894952687	t	playground_test_cue_junkyard_left	0.0	0	0	4.4019	819.2159999999999	630.5600000000001	0.6243	5.4342	794.8800000000001	640.8000000000001	0.5941	-0.1289	-0.1909	0.9731	-31.8834	6.0091	-28.3151	0.0	14	0.0	0.0		3354	0	0
1701894952695	t	playground_test_cue_junkyard_left	0.0	0	0	4.3956	818.3520000000001	630.0799999999999	0.7228	5.3844	789.552	647.36	0.6623	-0.1107	-0.2133	0.9707	-31.8517	5.9775	-28.2985	0.0	14	0.0	0.0		3354	0	0
1701894952703	t	playground_test_cue_junkyard_left	0.0	0	0	4.7614	818.0640000000001	625.28	0.7228	5.3215	784.9440000000001	653.12	0.6623	-0.096	-0.2355	0.9671	-31.8184	5.9642	-28.2907	0.0	14	0.0	0.0		3354	0	0
1701894952712	t	playground_test_cue_junkyard_left	0.0	0	0	4.763	814.4639999999999	626.24	0.8024	5.4191	786.672	648.96	0.7512	-0.1125	-0.2136	0.9704	-31.786	5.952	-28.3013	0.0	14	0.0	0.0		3354	0	0
1701894952720	t	playground_test_cue_junkyard_left	0.0	0	0	4.7154	810.144	628.96	0.8024	5.2975	784.3679999999999	652.8	0.7512	-0.1194	-0.2251	0.967	-31.7124	5.9173	-28.2435	0.0	14	0.0	0.0		3354	0	0
1701894952728	t	playground_test_cue_junkyard_left	0.0	0	0	4.7942	809.136	622.0799999999999	0.8343	5.3462	779.616	653.76	0.7956	-0.0988	-0.2277	0.9687	-31.698	5.9061	-28.2311	0.0	14	0.0	0.0		3354	0	0
1701894952737	t	playground_test_cue_junkyard_left	0.0	0	0	4.7676	808.272	624.0	0.8343	5.3596	779.616	654.88	0.7956	-0.1059	-0.2311	0.9671	-31.6703	5.8996	-28.2318	0.0	14	0.0	0.0		3354	0	0
1701894952745	t	playground_test_cue_junkyard_left	0.0	0	0	4.849	804.6719999999999	623.2	0.8893	5.3381	780.1919999999999	654.88	0.8453	-0.1132	-0.2286	0.9669	-31.6525	5.8934	-28.2402	0.0	14	0.0	0.0		3354	0	0
1701894952753	t	playground_test_cue_junkyard_left	0.0	0	0	4.8676	803.952	624.3199999999999	0.8893	5.2396	779.0400000000001	651.1999999999999	0.8453	-0.1106	-0.2126	0.9709	-31.6399	5.8895	-28.2401	0.0	14	0.0	0.0		3354	0	0
1701894952761	t	playground_test_cue_junkyard_left	0.0	0	0	4.8235	803.808	620.16	0.9359	5.2384	778.032	648.1600000000001	0.8826	-0.1061	-0.198	0.9744	-31.6374	5.883	-28.2418	0.0	14	0.0	0.0		3354	0	0
1701894952770	t	playground_test_cue_junkyard_left	0.0	0	0	4.7708	803.808	622.0799999999999	0.9359	5.3378	774.576	651.04	0.8826	-0.0896	-0.2089	0.9738	-31.634	5.8734	-28.2353	0.0	14	0.0	0.0		3354	0	0
1701894952778	t	playground_test_cue_junkyard_left	0.0	0	0	4.7987	800.208	624.0	0.9389	5.3255	775.872	654.24	0.883	-0.0986	-0.2195	0.9706	-31.6244	5.8625	-28.2424	0.0	14	0.0	0.0		3354	0	0
1701894952786	t	playground_test_cue_junkyard_left	0.0	0	0	4.7845	800.7840000000001	624.16	0.9389	5.3142	774.72	652.32	0.883	-0.0933	-0.2116	0.9729	-31.6232	5.8631	-28.2356	0.0	14	0.0	0.0		3354	0	0
1701894952795	t	playground_test_cue_junkyard_left	0.0	0	0	4.795	800.928	623.84	0.9348	5.2933	773.424	652.8	0.9051	-0.0869	-0.2126	0.9733	-31.6207	5.8553	-28.2372	0.0	14	0.0	0.0		3354	0	0
1701894952803	t	playground_test_cue_junkyard_left	0.0	0	0	4.7577	798.48	622.72	0.9348	5.4147	771.2639999999999	652.32	0.9051	-0.078	-0.2086	0.9749	-31.6139	5.8488	-28.2428	0.0	14	0.0	0.0		3354	0	0
1701894952811	t	playground_test_cue_junkyard_left	0.0	0	0	4.8641	799.0559999999999	622.72	0.9548	5.4185	771.4079999999999	654.5600000000001	0.9221	-0.0788	-0.219	0.9725	-31.6109	5.8507	-28.2386	0.0	14	0.0	0.0		3354	0	0
1701894952820	t	playground_test_cue_junkyard_left	0.0	0	0	4.8217	799.0559999999999	622.72	0.9548	5.3595	771.2639999999999	652.0	0.9221	-0.0772	-0.2086	0.9749	-31.5568	5.8538	-28.2378	0.0	14	0.0	0.0		3354	0	0
1701894952828	t	playground_test_cue_junkyard_left	0.0	0	0	4.818	799.2	622.72	0.9771	5.3153	769.536	652.32	0.9219	-0.0708	-0.2118	0.9747	-31.5579	5.8593	-28.2297	0.0	14	0.0	0.0		3354	0	0
1701894952837	t	playground_test_cue_junkyard_left	0.0	0	0	4.8874	796.32	624.96	0.9734	5.2988	771.12	655.1999999999999	0.9234	-0.0876	-0.2212	0.9713	-31.5314	5.8498	-28.2353	0.0	14	0.0	0.0		3354	0	0
1701894952845	t	playground_test_cue_junkyard_left	0.0	0	0	4.7022	796.464	640.64	0.9734	5.3775	760.896	669.4399999999999	0.9234	-0.0597	-0.2501	0.9664	-31.4209	5.7188	-28.2686	0.0	14	0.0	0.0		3354	0	0
1701894952853	t	playground_test_cue_junkyard_left	0.0	0	0	4.8576	789.9839999999999	654.08	0.9734	5.3232	749.088	682.08	0.9234	-0.0477	-0.2655	0.9629	-31.202	5.5582	-28.2959	0.0	14	0.0	0.0		3354	0	0
1701894952861	t	playground_test_cue_junkyard_left	0.0	0	0	4.7766	778.1759999999999	669.76	0.9541	5.207	730.9440000000001	697.2800000000001	0.9202	-0.0116	-0.2958	0.9552	-30.923	5.4134	-28.322	0.0	14	0.0	0.0		3354	0	0
1701894952870	t	playground_test_cue_junkyard_left	0.0	0	0	4.8632	768.96	681.9200000000001	0.9541	5.1111	719.28	713.44	0.9202	0.0052	-0.3317	0.9434	-30.5444	5.2908	-28.38	0.0	14	0.0	0.0		3354	0	0
1701894952878	t	playground_test_cue_junkyard_left	0.0	0	0	4.839	762.192	696.16	0.948	5.1152	705.888	721.6	0.9099	0.0428	-0.3537	0.9344	-30.25	5.2426	-28.411	0.0	14	0.0	0.0		3354	0	0
1701894952886	t	playground_test_cue_junkyard_left	0.0	0	0	4.726	764.784	701.44	0.948	5.0636	706.6080000000001	727.0400000000001	0.9099	0.0361	-0.3659	0.9299	-28.9229	5.2195	-28.4645	0.0	14	0.0	0.0		3354	0	0
1701894952895	t	playground_test_cue_junkyard_left	0.0	0	0	4.7618	761.184	703.84	0.9036	5.0809	708.336	726.72	0.8521	0.0357	-0.362	0.9315	-29.0167	5.2081	-28.4685	0.0	14	0.0	0.0		3354	0	0
1701894952903	t	playground_test_cue_junkyard_left	0.0	0	0	4.7233	760.896	704.0	0.9036	5.1184	708.336	731.8399999999999	0.8521	0.0451	-0.3757	0.9256	-22.2545	5.2775	-28.6928	0.0	14	0.0	0.0		3354	0	0
1701894952911	t	playground_test_cue_junkyard_left	0.0	0	0	4.8099	760.176	705.6	0.8905	5.0806	710.064	731.52	0.8593	0.0473	-0.3636	0.9303	7.8846	5.6343	-29.6393	0.0	14	0.0	0.0		3354	0	0
1701894952920	t	playground_test_cue_junkyard_left	0.0	0	0	4.7797	758.88	703.6800000000001	0.8905	5.1041	710.2080000000001	730.0799999999999	0.8593	0.0495	-0.357	0.9328	3.8156	5.5809	-29.5137	0.0	14	0.0	0.0		3354	0	0
1701894952928	t	playground_test_cue_junkyard_left	0.0	0	0	4.7351	760.176	705.92	0.9061	5.1282	710.064	730.5600000000001	0.8658	0.0469	-0.3626	0.9308	1.282	5.5474	-29.4367	0.0	14	0.0	0.0		3354	0	0
1701894952936	t	playground_test_cue_junkyard_left	0.0	0	0	4.7756	759.024	704.96	0.9061	5.1141	713.376	728.0	0.8658	0.0412	-0.3553	0.9338	-0.1389	5.5279	-29.395	0.0	14	0.0	0.0		3354	0	0
1701894952945	t	playground_test_cue_junkyard_left	0.0	0	0	4.7937	758.88	704.16	0.9037	5.1499	712.944	729.6	0.8811	0.0434	-0.3563	0.9333	0.3196	5.5312	-29.4111	0.0	14	0.0	0.0		3354	0	0
1701894952953	t	playground_test_cue_junkyard_left	0.0	0	0	4.8109	758.5920000000001	703.36	0.9037	5.1144	713.376	730.0799999999999	0.8811	0.0431	-0.3551	0.9338	0.5473	5.5318	-29.42	0.0	14	0.0	0.0		3354	0	0
1701894952961	t	playground_test_cue_junkyard_left	0.0	0	0	4.8206	758.304	704.0	0.9127	5.0902	713.376	729.6	0.8739	0.0439	-0.3548	0.9339	0.5002	5.5298	-29.4193	0.0	14	0.0	0.0		3354	0	0
1701894952970	t	playground_test_cue_junkyard_left	0.0	0	0	4.8298	758.016	704.16	0.9127	5.0668	713.376	728.96	0.8739	0.0449	-0.3538	0.9342	0.4989	5.5285	-29.42	0.0	14	0.0	0.0		3354	0	0
1701894952977	t	playground_test_cue_junkyard_left	0.0	0	0	4.8334	757.5840000000001	704.3199999999999	0.948	5.0903	713.232	729.6	0.8968	0.0459	-0.3549	0.9338	0.3571	5.525	-29.4165	0.0	14	0.0	0.0		3354	0	0
1701894952986	t	playground_test_cue_junkyard_left	0.0	0	0	4.8331	757.0079999999999	703.6800000000001	0.948	5.114	713.376	730.0799999999999	0.8968	0.0458	-0.3527	0.9346	0.3036	5.5152	-29.4155	0.0	14	0.0	0.0		3354	0	0
1701894952995	t	playground_test_cue_junkyard_left	0.0	0	0	4.7681	757.0079999999999	704.0	0.9264	5.1159	713.376	730.5600000000001	0.8965	0.0459	-0.3542	0.934	0.3452	5.5167	-29.4173	0.0	14	0.0	0.0		3354	0	0
1701894953003	t	playground_test_cue_junkyard_left	0.0	0	0	4.8752	754.416	705.2800000000001	0.9264	5.114	713.376	731.04	0.8965	0.0517	-0.358	0.9323	0.116	5.5148	-29.4135	0.0	14	0.0	0.0		3354	0	0
1701894953011	t	playground_test_cue_junkyard_left	0.0	0	0	4.8498	754.7040000000001	705.2800000000001	0.9272	5.1086	713.808	730.5600000000001	0.9079	0.0497	-0.3569	0.9328	-0.1363	5.5118	-29.4059	0.0	14	0.0	0.0		3354	0	0
1701894953019	t	playground_test_cue_junkyard_left	0.0	0	0	4.8124	754.272	703.36	0.9272	5.1062	714.816	730.88	0.9079	0.0547	-0.3535	0.9338	-0.2151	5.5113	-29.4053	0.0	14	0.0	0.0		3354	0	0
1701894953028	t	playground_test_cue_junkyard_left	0.0	0	0	4.8574	753.9839999999999	706.24	0.9303	5.0103	715.968	730.72	0.9081	0.0515	-0.3578	0.9323	-0.256	5.5063	-29.4073	0.0	14	0.0	0.0		3354	0	0
1701894953036	t	playground_test_cue_junkyard_left	0.0	0	0	4.7562	754.128	706.4	0.9303	5.1089	715.968	730.24	0.9081	0.0519	-0.3568	0.9327	-0.224	5.5062	-29.4103	0.0	14	0.0	0.0		3354	0	0
1701894953045	t	playground_test_cue_junkyard_left	0.0	0	0	4.8742	753.6959999999999	704.64	0.9658	5.0743	715.968	730.72	0.9216	0.0524	-0.3542	0.9337	-0.1427	5.506	-29.4144	0.0	14	0.0	0.0		3354	0	0
1701894953053	t	playground_test_cue_junkyard_left	0.0	0	0	4.8702	753.12	704.0	0.9658	5.1319	715.968	731.2	0.9216	0.0539	-0.3538	0.9337	-0.4081	5.502	-29.4077	0.0	14	0.0	0.0		3354	0	0
1701894953061	t	playground_test_cue_junkyard_left	0.0	0	0	4.9065	752.112	703.2	0.937	5.1255	714.528	732.96	0.9317	0.0587	-0.3533	0.9337	-0.4271	5.4921	-29.4166	0.0	14	0.0	0.0		3354	0	0
1701894953070	t	playground_test_cue_junkyard_left	0.0	0	0	4.8598	753.6959999999999	703.36	0.937	5.0775	713.952	733.12	0.9317	0.0552	-0.3521	0.9343	0.3794	5.4971	-29.4427	0.0	14	0.0	0.0		3354	0	0
1701894953078	t	playground_test_cue_junkyard_left	0.0	0	0	4.8248	751.8240000000001	707.52	0.9372	5.1508	712.8	732.48	0.9359	0.0641	-0.3563	0.9322	1.2352	5.4989	-29.4878	0.0	14	0.0	0.0		3354	0	0
1701894953086	t	playground_test_cue_junkyard_left	0.0	0	0	4.8473	751.392	703.36	0.9372	5.2123	712.6560000000001	735.2	0.9359	0.0647	-0.3515	0.9339	2.008	5.504	-29.5145	0.0	14	0.0	0.0		3354	0	0
1701894953094	t	playground_test_cue_junkyard_left	0.0	0	0	4.8421	749.52	706.56	0.957	5.2046	712.08	733.6	0.9398	0.0688	-0.3538	0.9328	2.4137	5.5061	-29.5308	0.0	14	0.0	0.0		3354	0	0
1701894953103	t	playground_test_cue_junkyard_left	0.0	0	0	4.7961	749.52	706.88	0.957	5.0953	710.352	732.8000000000001	0.9398	0.068	-0.3537	0.9329	2.4877	5.5082	-29.5257	0.0	14	0.0	0.0		3354	0	0
1701894953111	t	playground_test_cue_junkyard_left	0.0	0	0	4.7983	747.9359999999999	706.72	0.9558	5.1615	709.92	733.76	0.9557	0.0685	-0.3546	0.9325	2.2998	5.504	-29.5235	0.0	14	0.0	0.0		3354	0	0
1701894953119	t	playground_test_cue_junkyard_left	0.0	0	0	4.8586	746.7839999999999	707.52	0.9558	5.0846	709.2	734.88	0.9557	0.0672	-0.3578	0.9314	1.926	5.4975	-29.5176	0.0	14	0.0	0.0		3354	0	0
1701894953128	t	playground_test_cue_junkyard_left	0.0	0	0	4.7926	745.6320000000001	708.64	0.9652	5.1297	707.76	734.72	0.9648	0.0684	-0.3603	0.9303	1.1411	5.489	-29.497	0.0	14	0.0	0.0		3354	0	0
1701894953136	t	playground_test_cue_junkyard_left	0.0	0	0	4.8473	746.496	708.48	0.9652	5.1392	708.336	734.0799999999999	0.9648	0.0597	-0.3591	0.9314	-0.2991	5.4693	-29.4491	0.0	14	0.0	0.0		3354	0	0
1701894953144	t	playground_test_cue_junkyard_left	0.0	0	0	4.852	742.8960000000001	708.3199999999999	0.9728	5.0587	707.04	734.4	0.9587	0.0675	-0.3598	0.9306	-0.4716	5.4698	-29.4475	0.0	14	0.0	0.0		3354	0	0
1701894953153	t	playground_test_cue_junkyard_left	0.0	0	0	4.8217	740.592	708.64	0.9728	5.1279	706.7520000000001	734.24	0.9587	0.0694	-0.3596	0.9305	-0.9553	5.4633	-29.438	0.0	14	0.0	0.0		3354	0	0
1701894953161	t	playground_test_cue_junkyard_left	0.0	0	0	4.8674	740.304	708.96	0.9666	5.1213	705.456	734.72	0.9582	0.0671	-0.3609	0.9302	-1.0146	5.4616	-29.4396	0.0	14	0.0	0.0		3354	0	0
1701894953169	t	playground_test_cue_junkyard_left	0.0	0	0	4.8672	737.856	707.36	0.9666	5.195	702.72	736.64	0.9582	0.0757	-0.3605	0.9297	-1.074	5.4544	-29.4426	0.0	14	0.0	0.0		3354	0	0
1701894953178	t	playground_test_cue_junkyard_left	0.0	0	0	4.9648	737.424	708.96	0.9662	5.1258	704.88	732.64	0.9576	0.0669	-0.354	0.9328	-1.328	5.4458	-29.4328	0.0	14	0.0	0.0		3354	0	0
1701894953186	t	playground_test_cue_junkyard_left	0.0	0	0	4.9246	738.864	708.3199999999999	0.9662	5.1501	702.432	733.6	0.9576	0.0672	-0.3556	0.9322	-1.3994	5.4481	-29.4289	0.0	14	0.0	0.0		3354	0	0
1701894953194	t	playground_test_cue_junkyard_left	0.0	0	0	4.888	736.56	707.36	0.9943	5.1124	702.0	732.8000000000001	0.9531	0.071	-0.3541	0.9325	-1.3671	5.4563	-29.4306	0.0	14	0.0	0.0		3354	0	0
1701894953203	t	playground_test_cue_junkyard_left	0.0	0	0	4.9316	736.1279999999999	706.56	0.9943	5.1772	701.712	733.76	0.9531	0.0703	-0.3553	0.9321	-1.1343	5.4629	-29.4386	0.0	14	0.0	0.0		3354	0	0
1701894953211	t	playground_test_cue_junkyard_left	0.0	0	0	4.8797	736.4159999999999	707.2	0.9643	5.158	701.136	733.28	0.9471	0.0684	-0.3558	0.9321	-0.7432	5.4707	-29.4518	0.0	14	0.0	0.0		3354	0	0
1701894953220	t	playground_test_cue_junkyard_left	0.0	0	0	4.874	734.544	708.64	0.9643	5.2517	699.12	733.76	0.9471	0.0762	-0.3596	0.93	-0.3077	5.4764	-29.4691	0.0	14	0.0	0.0		3354	0	0
1701894953228	t	playground_test_cue_junkyard_left	0.0	0	0	4.8932	735.408	708.64	0.9735	5.1784	699.12	732.0	0.9562	0.0731	-0.3552	0.9319	0.5521	5.4857	-29.4944	0.0	14	0.0	0.0		3354	0	0
1701894953236	t	playground_test_cue_junkyard_left	0.0	0	0	4.8812	735.2640000000001	708.64	0.9735	5.1497	698.976	731.68	0.9562	0.0729	-0.3544	0.9322	0.5495	5.4832	-29.4924	0.0	14	0.0	0.0		3354	0	0
1701894953244	t	playground_test_cue_junkyard_left	0.0	0	0	4.8962	734.832	708.64	0.9588	5.2573	697.1039999999999	733.92	0.9476	0.0775	-0.3589	0.9301	0.6621	5.4854	-29.4973	0.0	14	0.0	0.0		3354	0	0
1701894953253	t	playground_test_cue_junkyard_left	0.0	0	0	4.8819	734.544	708.64	0.9588	5.1702	697.536	731.04	0.9476	0.0762	-0.3528	0.9326	0.5876	5.482	-29.4934	0.0	14	0.0	0.0		3354	0	0
1701894953261	t	playground_test_cue_junkyard_left	0.0	0	0	4.8781	733.9680000000001	708.8	0.9753	5.156	696.96	734.5600000000001	0.9454	0.0787	-0.3611	0.9292	0.4015	5.4841	-29.4894	0.0	14	0.0	0.0		3354	0	0
1701894953269	t	playground_test_cue_junkyard_left	0.0	0	0	4.8799	733.8240000000001	708.8	0.9753	5.1386	698.544	731.68	0.9454	0.0748	-0.355	0.9319	0.37	5.4826	-29.4876	0.0	14	0.0	0.0		3354	0	0
1701894953278	t	playground_test_cue_junkyard_left	0.0	0	0	4.8792	733.68	708.8	0.9604	5.1591	698.4	731.68	0.9386	0.0759	-0.3552	0.9317	0.2599	5.4818	-29.4848	0.0	14	0.0	0.0		3354	0	0
1701894953286	t	playground_test_cue_junkyard_left	0.0	0	0	4.8776	733.8240000000001	708.8	0.9604	5.1385	698.4	731.8399999999999	0.9386	0.0755	-0.3554	0.9317	0.2191	5.4803	-29.4841	0.0	14	0.0	0.0		3354	0	0
1701894953294	t	playground_test_cue_junkyard_left	0.0	0	0	4.8764	733.68	709.44	0.9504	5.1673	698.112	732.0	0.9343	0.0773	-0.3546	0.9318	0.3712	5.4747	-29.4939	0.0	14	0.0	0.0		3354	0	0
1701894953303	t	playground_test_cue_junkyard_left	0.0	0	0	4.7795	741.312	711.2	0.9504	5.0909	707.3280000000001	733.4399999999999	0.9343	0.066	-0.3602	0.9305	0.5967	5.4776	-29.5109	0.0	14	0.0	0.0		3354	0	0
1701894953311	t	playground_test_cue_junkyard_left	0.0	0	0	4.771	757.296	707.84	0.9583	5.1613	723.168	733.92	0.9296	0.0379	-0.3584	0.9328	0.5672	5.496	-29.5073	0.0	14	0.0	0.0		3354	0	0
1701894953319	t	playground_test_cue_junkyard_left	0.0	0	0	4.7628	780.0479999999999	706.88	0.9583	5.1921	744.0480000000001	734.0799999999999	0.9296	-0.0087	-0.3549	0.9348	0.0169	5.4832	-29.4952	0.0	14	0.0	0.0		3354	0	0
1701894953328	t	playground_test_cue_junkyard_left	0.0	0	0	4.789	795.7439999999999	705.12	0.9373	5.2099	760.752	733.92	0.9085	-0.0511	-0.3546	0.9336	-0.572	5.4985	-29.4806	0.0	14	0.0	0.0		3354	0	0
1701894953336	t	playground_test_cue_junkyard_left	0.0	0	0	4.7421	801.504	702.7199999999999	0.9373	5.0672	759.456	736.96	0.9085	-0.0527	-0.3575	0.9324	-2.2221	5.4795	-29.4407	0.0	14	0.0	0.0		3354	0	0
1701894953344	t	playground_test_cue_junkyard_left	0.0	0	0	4.6768	801.216	706.56	0.9541	5.2031	759.8879999999999	734.72	0.9012	-0.0528	-0.3573	0.9325	-4.2098	5.4438	-29.3864	0.0	14	0.0	0.0		3354	0	0
1701894953353	t	playground_test_cue_junkyard_left	0.0	0	0	4.635	800.928	704.3199999999999	0.9541	5.1871	762.192	732.8000000000001	0.9012	-0.0554	-0.3476	0.936	-4.5425	5.4338	-29.3785	0.0	14	0.0	0.0		3354	0	0
1701894953361	t	playground_test_cue_junkyard_left	0.0	0	0	4.7554	800.208	703.84	0.9702	5.2895	762.912	733.92	0.9092	-0.0472	-0.3496	0.9357	-4.0955	5.4408	-29.3947	0.0	14	0.0	0.0		3354	0	0
1701894953369	t	playground_test_cue_junkyard_left	0.0	0	0	4.6381	802.8	704.3199999999999	0.9702	5.2255	763.2	733.76	0.9092	-0.0477	-0.3508	0.9352	-4.6157	5.4375	-29.3804	0.0	14	0.0	0.0		3354	0	0
1701894953378	t	playground_test_cue_junkyard_left	0.0	0	0	4.6573	801.7919999999999	705.76	0.9677	5.21	765.072	734.4	0.9257	-0.0468	-0.354	0.9341	-3.4875	5.4506	-29.4166	0.0	14	0.0	0.0		3354	0	0
1701894953386	t	playground_test_cue_junkyard_left	0.0	0	0	4.6216	803.232	706.72	0.9677	5.2667	766.512	735.04	0.9257	-0.0514	-0.3557	0.9332	-1.961	5.4655	-29.464	0.0	14	0.0	0.0		3354	0	0
1701894953394	t	playground_test_cue_junkyard_left	0.0	0	0	4.5979	802.8	707.36	0.9676	5.2653	766.08	734.72	0.929	-0.0483	-0.3554	0.9335	-1.0849	5.4733	-29.4905	0.0	14	0.0	0.0		3354	0	0
1701894953403	t	playground_test_cue_junkyard_left	0.0	0	0	4.6224	802.368	708.0	0.9676	5.2638	765.6479999999999	734.4	0.929	-0.0459	-0.3557	0.9335	-1.0139	5.4726	-29.4935	0.0	14	0.0	0.0		3354	0	0
1701894953411	t	playground_test_cue_junkyard_left	0.0	0	0	4.5906	800.928	706.88	0.9645	5.134	765.792	733.12	0.9224	-0.0422	-0.3462	0.9372	-1.0033	5.4539	-29.5012	0.0	14	0.0	0.0		3354	0	0
1701894953419	t	playground_test_cue_junkyard_left	0.0	0	0	4.7065	800.928	705.92	0.9645	5.1489	764.784	733.4399999999999	0.9224	-0.04	-0.342	0.9389	-0.9965	5.4414	-29.5049	0.0	14	0.0	0.0		3354	0	0
1701894953428	t	playground_test_cue_junkyard_left	0.0	0	0	4.6862	799.6320000000001	708.8	0.969	5.1294	763.2	732.16	0.9285	-0.0332	-0.3433	0.9386	-1.4348	5.4275	-29.4947	0.0	14	0.0	0.0		3354	0	0
1701894953436	t	playground_test_cue_junkyard_left	0.0	0	0	4.699	799.776	708.0	0.969	5.1537	763.488	733.28	0.9285	-0.0349	-0.3428	0.9387	-1.9096	5.4173	-29.4842	0.0	14	0.0	0.0		3354	0	0
1701894953444	t	playground_test_cue_junkyard_left	0.0	0	0	4.7239	798.48	709.92	0.9714	5.147	764.3520000000001	735.2	0.9288	-0.0364	-0.3488	0.9365	-2.0789	5.4095	-29.4835	0.0	14	0.0	0.0		3354	0	0
1701894953453	t	playground_test_cue_junkyard_left	0.0	0	0	4.6985	799.776	708.0	0.9714	5.1337	763.344	731.68	0.9288	-0.0392	-0.3382	0.9402	-2.2323	5.4078	-29.4747	0.0	14	0.0	0.0		3354	0	0
1701894953461	t	playground_test_cue_junkyard_left	0.0	0	0	4.702	798.48	708.48	0.9861	5.1754	761.904	736.8000000000001	0.9303	-0.0354	-0.351	0.9357	-2.1431	5.413	-29.479	0.0	14	0.0	0.0		3354	0	0
1701894953470	t	playground_test_cue_junkyard_left	0.0	0	0	4.5729	795.6	711.52	0.9861	5.0762	759.456	735.8399999999999	0.9303	-0.0302	-0.3551	0.9343	-1.9348	5.4173	-29.4819	0.0	14	0.0	0.0		3354	0	0
1701894953478	t	playground_test_cue_junkyard_left	0.0	0	0	4.5512	794.304	712.4799999999999	0.9661	5.0964	757.296	736.96	0.9284	-0.0267	-0.3587	0.9331	-1.594	5.418	-29.4923	0.0	14	0.0	0.0		3354	0	0
1701894953486	t	playground_test_cue_junkyard_left	0.0	0	0	4.6378	792.0000000000001	709.6	0.9661	5.0567	757.44	735.8399999999999	0.9284	-0.0282	-0.3502	0.9362	-1.0891	5.4205	-29.5045	0.0	14	0.0	0.0		3354	0	0
1701894953495	t	playground_test_cue_junkyard_left	0.0	0	0	4.5165	791.712	712.64	0.9546	5.0835	757.5840000000001	734.24	0.9303	-0.0327	-0.3515	0.9356	-0.7047	5.4214	-29.5182	0.0	14	0.0	0.0		3354	0	0
1701894953504	t	playground_test_cue_junkyard_left	0.0	0	0	4.5837	790.1279999999999	709.76	0.9527	4.9209	753.8399999999999	737.28	0.9295	-0.0254	-0.351	0.936	-0.5529	5.4158	-29.5232	0.0	14	0.0	0.0		3354	0	0
1701894953511	t	playground_test_cue_junkyard_left	0.0	0	0	4.7246	787.6800000000001	710.72	0.9527	4.9411	754.128	736.96	0.9295	-0.0231	-0.3521	0.9357	-0.6539	5.4149	-29.5224	0.0	14	0.0	0.0		3354	0	0
1701894953520	t	playground_test_cue_junkyard_left	0.0	0	0	4.5847	787.8240000000001	710.72	0.9527	4.9614	754.272	736.64	0.9295	-0.0252	-0.3516	0.9358	-0.7625	5.4154	-29.5196	0.0	14	0.0	0.0		3354	0	0
1701894953528	t	playground_test_cue_junkyard_left	0.0	0	0	4.6414	787.6800000000001	710.4	0.9537	4.9516	753.9839999999999	736.0	0.9341	-0.0255	-0.3502	0.9363	-0.9487	5.4156	-29.5144	0.0	14	0.0	0.0		3354	0	0
1701894953536	t	playground_test_cue_junkyard_left	0.0	0	0	4.655	787.1039999999999	710.24	0.9537	4.9612	753.8399999999999	736.32	0.9341	-0.0245	-0.3508	0.9361	-0.918	5.4165	-29.5156	0.0	14	0.0	0.0		3354	0	0
1701894953545	t	playground_test_cue_junkyard_left	0.0	0	0	4.6681	786.672	710.4	0.9473	4.9709	753.6959999999999	736.0	0.9227	-0.0238	-0.3505	0.9362	-1.1989	5.4138	-29.5074	0.0	14	0.0	0.0		3354	0	0
1701894953553	t	playground_test_cue_junkyard_left	0.0	0	0	4.656	785.9519999999999	712.16	0.9473	4.9809	753.6959999999999	735.68	0.9227	-0.0224	-0.3537	0.9351	-1.2598	5.4139	-29.506	0.0	14	0.0	0.0		3354	0	0
1701894953561	t	playground_test_cue_junkyard_left	0.0	0	0	4.6425	786.672	712.8	0.9476	5.0274	751.392	735.04	0.9234	-0.0221	-0.3548	0.9347	-0.9486	5.422	-29.5149	0.0	14	0.0	0.0		3354	0	0
1701894953570	t	playground_test_cue_junkyard_left	0.0	0	0	4.6441	785.9519999999999	711.84	0.9476	4.9843	751.5360000000001	736.0	0.9234	-0.0222	-0.355	0.9346	-0.9746	5.4243	-29.516	0.0	14	0.0	0.0		3354	0	0
1701894953578	t	playground_test_cue_junkyard_left	0.0	0	0	4.6432	785.232	712.8	0.9431	4.9998	751.8240000000001	735.8399999999999	0.9225	-0.022	-0.357	0.9338	-1.1506	5.4241	-29.5117	0.0	14	0.0	0.0		3354	0	0
1701894953586	t	playground_test_cue_junkyard_left	0.0	0	0	4.6442	785.232	712.16	0.9431	4.9843	751.5360000000001	736.0	0.9225	-0.0213	-0.3562	0.9342	-0.9926	5.4264	-29.5169	0.0	14	0.0	0.0		3354	0	0
1701894953595	t	playground_test_cue_junkyard_left	0.0	0	0	4.6429	785.232	711.52	0.943	4.9873	751.8240000000001	735.8399999999999	0.9272	-0.0222	-0.3548	0.9347	-0.9648	5.4273	-29.5181	0.0	14	0.0	0.0		3354	0	0
1701894953603	t	playground_test_cue_junkyard_left	0.0	0	0	4.625	785.232	712.0	0.943	4.9908	752.256	735.68	0.9272	-0.0229	-0.3556	0.9343	-0.9084	5.4287	-29.5201	0.0	14	0.0	0.0		3354	0	0
1701894953611	t	playground_test_cue_junkyard_left	0.0	0	0	4.6074	785.232	712.4799999999999	0.9756	4.9931	752.544	735.8399999999999	0.9108	-0.0234	-0.3569	0.9338	-0.915	5.4297	-29.5206	0.0	14	0.0	0.0		3354	0	0
1701894953620	t	playground_test_cue_junkyard_left	0.0	0	0	4.6179	785.232	712.0	0.9756	4.991	752.8320000000001	735.68	0.9108	-0.0237	-0.3558	0.9342	-0.8567	5.4309	-29.5232	0.0	14	0.0	0.0		3354	0	0
1701894953628	t	playground_test_cue_junkyard_left	0.0	0	0	4.6075	785.232	712.3199999999999	0.9406	4.9877	752.8320000000001	735.68	0.915	-0.0233	-0.3566	0.934	-0.8403	5.4324	-29.5247	0.0	14	0.0	0.0		3354	0	0
1701894953636	t	playground_test_cue_junkyard_left	0.0	0	0	4.6178	785.52	712.0	0.9406	4.9908	752.8320000000001	735.68	0.915	-0.0235	-0.356	0.9342	-0.7917	5.4342	-29.5271	0.0	14	0.0	0.0		3354	0	0
1701894953645	t	playground_test_cue_junkyard_left	0.0	0	0	4.6281	785.664	711.52	0.9434	4.9928	752.976	735.68	0.9022	-0.024	-0.3554	0.9344	-0.825	5.4344	-29.5273	0.0	14	0.0	0.0		3354	0	0
1701894953653	t	playground_test_cue_junkyard_left	0.0	0	0	4.6435	786.0960000000001	711.52	0.9434	4.9467	750.9599999999999	735.52	0.9022	-0.024	-0.3522	0.9356	0.1705	5.4376	-29.5707	0.0	14	0.0	0.0		3354	0	0
1701894953661	t	playground_test_cue_junkyard_left	0.0	0	0	4.6064	771.984	714.72	0.9308	5.053	737.856	739.8399999999999	0.9132	0.0081	-0.3669	0.9302	-0.0866	5.431	-29.5618	0.0	14	0.0	0.0		3354	0	0
1701894953669	t	playground_test_cue_junkyard_left	0.0	0	0	4.8038	753.264	717.76	0.9308	4.8763	716.688	737.6	0.9132	0.053	-0.3687	0.928	-1.1087	5.4177	-29.5355	0.0	14	0.0	0.0		3354	0	0
1701894953678	t	playground_test_cue_junkyard_left	0.0	0	0	4.7641	734.4	712.3199999999999	0.9374	4.891	697.9680000000001	737.6	0.9045	0.0893	-0.3627	0.9276	-2.7786	5.4164	-29.4869	0.0	14	0.0	0.0		3354	0	0
1701894953686	t	playground_test_cue_junkyard_left	0.0	0	0	4.8311	726.624	716.3199999999999	0.9374	4.988	688.3199999999999	736.16	0.9045	0.109	-0.3642	0.9249	-4.7019	5.3858	-29.4372	0.0	14	0.0	0.0		3354	0	0
1701894953695	t	playground_test_cue_junkyard_left	0.0	0	0	4.7805	726.768	717.12	0.9188	4.9665	688.3199999999999	736.0	0.8955	0.108	-0.3649	0.9247	-6.385	5.3665	-29.3879	0.0	14	0.0	0.0		3354	0	0
1701894953703	t	playground_test_cue_junkyard_left	0.0	0	0	4.8698	728.0640000000001	714.88	0.9188	4.9874	689.76	736.32	0.8955	0.1075	-0.3615	0.9261	-7.0164	5.3545	-29.3735	0.0	14	0.0	0.0		3354	0	0
1701894953711	t	playground_test_cue_junkyard_left	0.0	0	0	4.8217	728.2080000000001	715.68	0.9067	5.0291	689.472	736.16	0.8961	0.1122	-0.3607	0.9259	-6.8168	5.3512	-29.3829	0.0	14	0.0	0.0		3354	0	0
1701894953720	t	playground_test_cue_junkyard_left	0.0	0	0	4.8118	728.3520000000001	716.3199999999999	0.9067	4.8943	691.92	734.5600000000001	0.8961	0.1049	-0.3575	0.928	-5.7678	5.3625	-29.4156	0.0	14	0.0	0.0		3354	0	0
1701894953728	t	playground_test_cue_junkyard_left	0.0	0	0	4.8061	728.496	716.3199999999999	0.9116	4.9146	691.776	735.36	0.9132	0.1056	-0.3596	0.9271	-3.9028	5.3842	-29.4735	0.0	14	0.0	0.0		3354	0	0
1701894953736	t	playground_test_cue_junkyard_left	0.0	0	0	4.8134	728.784	716.64	0.9116	4.9347	691.92	734.72	0.9132	0.1057	-0.3583	0.9276	-1.9856	5.4048	-29.5335	0.0	14	0.0	0.0		3354	0	0
1701894953745	t	playground_test_cue_junkyard_left	0.0	0	0	4.8206	729.072	716.8000000000001	0.9205	4.9509	692.208	735.52	0.9113	0.1055	-0.3595	0.9272	-0.356	5.42	-29.586	0.0	14	0.0	0.0		3354	0	0
1701894953753	t	playground_test_cue_junkyard_left	0.0	0	0	4.8129	729.3599999999999	716.96	0.9205	4.9669	692.496	735.04	0.9113	0.105	-0.358	0.9278	0.831	5.4308	-29.6243	0.0	14	0.0	0.0		3354	0	0
1701894953761	t	playground_test_cue_junkyard_left	0.0	0	0	4.8207	729.072	717.12	0.9399	4.9783	692.496	734.88	0.9191	0.106	-0.3579	0.9277	0.8614	5.4314	-29.6265	0.0	14	0.0	0.0		3354	0	0
1701894953769	t	playground_test_cue_junkyard_left	0.0	0	0	4.8127	729.3599999999999	716.96	0.9399	4.9665	692.64	735.04	0.9191	0.1054	-0.3581	0.9277	0.8608	5.4324	-29.6279	0.0	14	0.0	0.0		3354	0	0
1701894953778	t	playground_test_cue_junkyard_left	0.0	0	0	4.8052	729.072	716.8000000000001	0.9124	4.9558	693.216	735.2	0.9183	0.1051	-0.3583	0.9277	1.1368	5.4359	-29.6373	0.0	14	0.0	0.0		3354	0	0
1701894953786	t	playground_test_cue_junkyard_left	0.0	0	0	4.803	729.3599999999999	716.96	0.9124	4.945	693.648	735.52	0.9183	0.1033	-0.3591	0.9275	1.2296	5.4374	-29.6408	0.0	14	0.0	0.0		3354	0	0
1701894953794	t	playground_test_cue_junkyard_left	0.0	0	0	4.8051	729.072	716.8000000000001	0.9175	4.9558	694.0799999999999	735.68	0.9314	0.103	-0.3594	0.9275	0.9774	5.435	-29.6338	0.0	14	0.0	0.0		3354	0	0
1701894953804	t	playground_test_cue_junkyard_left	0.0	0	0	4.8026	729.3599999999999	716.64	0.9157	4.9452	694.5120000000001	736.0	0.9172	0.1015	-0.3596	0.9276	0.9268	5.4352	-29.6332	0.0	14	0.0	0.0		3354	0	0
1701894953811	t	playground_test_cue_junkyard_left	0.0	0	0	4.8043	729.648	716.48	0.9157	4.9512	694.656	736.0	0.9172	0.101	-0.3596	0.9276	0.8972	5.4359	-29.633	0.0	14	0.0	0.0		3354	0	0
1701894953819	t	playground_test_cue_junkyard_left	0.0	0	0	4.8044	729.648	716.64	0.9157	4.9449	694.656	736.0	0.9172	0.099	-0.3598	0.9277	0.7846	5.4352	-29.6345	0.0	14	0.0	0.0		3354	0	0
1701894953828	t	playground_test_cue_junkyard_left	0.0	0	0	4.8008	729.648	716.48	0.9102	4.9513	694.8	736.0	0.9245	0.0966	-0.3599	0.928	-0.3493	5.4242	-29.6046	0.0	14	0.0	0.0		3354	0	0
1701894953836	t	playground_test_cue_junkyard_left	0.0	0	0	4.7964	729.648	716.48	0.9102	4.9451	695.0880000000001	736.0	0.9245	0.0965	-0.3601	0.9279	-0.8212	5.42	-29.5917	0.0	14	0.0	0.0		3354	0	0
1701894953844	t	playground_test_cue_junkyard_left	0.0	0	0	4.7875	729.648	716.48	0.9162	4.9571	696.384	736.0	0.9212	0.0932	-0.3605	0.9281	-1.1384	5.4189	-29.583	0.0	14	0.0	0.0		3354	0	0
1701894953852	t	playground_test_cue_junkyard_left	0.0	0	0	4.7781	729.792	716.48	0.9162	4.9633	696.672	736.0	0.9212	0.0921	-0.3608	0.9281	-1.241	5.4197	-29.5834	0.0	14	0.0	0.0		3354	0	0
1701894953861	t	playground_test_cue_junkyard_left	0.0	0	0	4.7778	729.648	716.48	0.916	4.963	697.1039999999999	736.0	0.9172	0.0916	-0.361	0.928	-1.2541	5.4212	-29.5843	0.0	14	0.0	0.0		3354	0	0
1701894953869	t	playground_test_cue_junkyard_left	0.0	0	0	4.777	729.648	716.48	0.916	4.9632	697.1039999999999	736.0	0.9172	0.092	-0.3612	0.9279	-1.0999	5.424	-29.5895	0.0	14	0.0	0.0		3354	0	0
1701894953877	t	playground_test_cue_junkyard_left	0.0	0	0	4.7768	729.648	716.48	0.9101	4.9631	697.392	736.0	0.9146	0.0914	-0.3614	0.9279	-0.7455	5.429	-29.6026	0.0	14	0.0	0.0		3354	0	0
1701894953886	t	playground_test_cue_junkyard_left	0.0	0	0	4.7764	729.648	716.0	0.9101	4.963	697.68	736.0	0.9146	0.0907	-0.3603	0.9284	-0.321	5.4335	-29.6173	0.0	14	0.0	0.0		3354	0	0
1701894953895	t	playground_test_cue_junkyard_left	0.0	0	0	4.7762	729.936	716.16	0.9066	4.963	698.112	736.0	0.9155	0.0892	-0.3605	0.9285	0.4643	5.4418	-29.6419	0.0	14	0.0	0.0		3354	0	0
1701894953903	t	playground_test_cue_junkyard_left	0.0	0	0	4.7754	730.224	716.16	0.9066	4.9632	698.112	736.0	0.9155	0.0884	-0.3614	0.9282	0.5565	5.4483	-29.6453	0.0	14	0.0	0.0		3354	0	0
1701894953911	t	playground_test_cue_junkyard_left	0.0	0	0	4.7757	730.3679999999999	716.0	0.9122	4.9632	698.256	736.0	0.9129	0.088	-0.3613	0.9283	0.4197	5.4477	-29.6417	0.0	14	0.0	0.0		3354	200	MYKEYWORD 200
