Recording timestamp	type	Scene Name	scene_num	order	djv_reported	PupilDiam_Left	Gaze2d_Left.x	Gaze2d_Left.y	left_eye_openness	PupilDiam_Right	Gaze2d_Right.x	Gaze2d_Right.y	right_eye_openness	gaze_direction_x	gaze_direction_y	gaze_direction_z	gaze_origin_x	gaze_origin_y	gaze_origin_z	gaze_convergence_distance	participant	study_status	scene_familiarity	recall_status	Identifier	Event value	Event message
1701714667011	t	classroom_test_cue_airport_left	0.0	0	0	3.4457	731.2320000000001	797.92	1.0	3.5869	657.36	862.4000000000001	1.0	-0.1241	-0.1476	0.9812	-16.9608	4.7151	-38.9971	0.0	2	0.0	0.0		5691	100	MYKEYWORD 100
1701714667020	t	classroom_test_cue_airport_left	0.0	0	0	3.2528	726.192	805.7600000000001	1.0	3.3548	656.64	871.52	1.0	-0.1166	-0.183	0.9762	-25.9942	4.5091	-38.6108	0.0	2	0.0	0.0		5691	0	0
1701714667027	t	classroom_test_cue_airport_left	0.0	0	0	-1.0	723.3119999999999	818.5600000000001	1.0	3.0873	653.76	876.96	1.0	-0.1061	-0.2119	0.9715	-28.9801	4.4646	-38.4227	0.0	2	0.0	0.0		5691	0	0
1701714667035	t	classroom_test_cue_airport_left	0.0	0	0	-1.0	819.648	850.8800000000001	1.0	-1.0	643.824	889.12	1.0	-1.0	-1.0	-1.0	-1.0	-1.0	-1.0	0.0	2	0.0	0.0		5691	0	0
1701714667042	t	classroom_test_cue_airport_left	0.0	0	0	-1.0	816.624	963.3599999999999	0.6022	-1.0	-1440.0	-1600.0	0.3765	-1.0	-1.0	-1.0	-1.0	-1.0	-1.0	0.0	2	0.0	0.0		5691	0	0
1701714667051	t	classroom_test_cue_airport_left	0.0	0	0	-1.0	747.9359999999999	1030.0800000000002	0.6022	-1.0	-1440.0	-1600.0	0.3765	-1.0	-1.0	-1.0	-1.0	-1.0	-1.0	0.0	2	0.0	0.0		5691	0	0
1701714667059	t	classroom_test_cue_airport_left	0.0	0	0	-1.0	753.12	1057.2800000000002	0.0181	-1.0	-1440.0	-1600.0	0.0	-1.0	-1.0	-1.0	-1.0	-1.0	-1.0	0.0	2	0.0	0.0		5691	0	0
1701714667068	t	classroom_test_cue_airport_left	0.0	0	0	-1.0	974.7359999999999	1165.6000000000001	0.0181	-1.0	-1440.0	-1600.0	0.0	-1.0	-1.0	-1.0	-1.0	-1.0	-1.0	0.0	2	0.0	0.0		5691	0	0
1701714667076	t	classroom_test_cue_airport_left	0.0	0	0	-1.0	1000.08	1149.6000000000001	0.0	-1.0	-1440.0	-1600.0	0.0	-1.0	-1.0	-1.0	-1.0	-1.0	-1.0	0.0	2	0.0	0.0		5691	0	0
1701714667084	t	classroom_test_cue_airport_left	0.0	0	0	-1.0	844.848	1167.2	0.0	-1.0	-1440.0	-1600.0	0.0	-1.0	-1.0	-1.0	-1.0	-1.0	-1.0	0.0	2	0.0	0.0		5691	0	0
1701714667092	t	classroom_test_cue_airport_left	0.0	0	0	-1.0	875.52	1140.8	0.0	-1.0	-1440.0	-1600.0	0.0	-1.0	-1.0	-1.0	-1.0	-1.0	-1.0	0.0	2	0.0	0.0		5691	0	0
1701714667100	t	classroom_test_cue_airport_left	0.0	0	0	-1.0	894.096	1144.1599999999999	0.0	-1.0	-1440.0	-1600.0	0.0	-1.0	-1.0	-1.0	-1.0	-1.0	-1.0	0.0	2	0.0	0.0		5691	0	0
1701714667109	t	classroom_test_cue_airport_left	0.0	0	0	-1.0	886.7520000000001	1147.68	0.0	-1.0	-1440.0	-1600.0	0.0	-1.0	-1.0	-1.0	-1.0	-1.0	-1.0	0.0	2	0.0	0.0		5691	0	0
1701714667117	t	classroom_test_cue_airport_left	0.0	0	0	-1.0	-1440.0	-1600.0	0.0	-1.0	-1440.0	-1600.0	0.0	-1.0	-1.0	-1.0	-1.0	-1.0	-1.0	0.0	2	0.0	0.0		5691	0	0
1701714667126	t	classroom_test_cue_airport_left	0.0	0	0	-1.0	-1440.0	-1600.0	0.0	-1.0	62.928000000000004	1198.08	0.0	-1.0	-1.0	-1.0	-1.0	-1.0	-1.0	0.0	2	0.0	0.0		5691	0	0
1701714667134	t	classroom_test_cue_airport_left	0.0	0	0	-1.0	602.928	1213.44	0.0	-1.0	76.464	1207.3600000000001	0.0	-1.0	-1.0	-1.0	-1.0	-1.0	-1.0	0.0	2	0.0	0.0		5691	0	0
1701714667142	t	classroom_test_cue_airport_left	0.0	0	0	-1.0	532.6560000000001	1176.1599999999999	0.0	-1.0	-1440.0	-1600.0	0.0	-1.0	-1.0	-1.0	-1.0	-1.0	-1.0	0.0	2	0.0	0.0		5691	0	0
1701714667150	t	classroom_test_cue_airport_left	0.0	0	0	-1.0	-1440.0	-1600.0	0.0	-1.0	-1440.0	-1600.0	0.0	-1.0	-1.0	-1.0	-1.0	-1.0	-1.0	0.0	2	0.0	0.0		5691	0	0
1701714667158	t	classroom_test_cue_airport_left	0.0	0	0	-1.0	-1440.0	-1600.0	0.0	-1.0	-1440.0	-1600.0	0.0	-1.0	-1.0	-1.0	-1.0	-1.0	-1.0	0.0	2	0.0	0.0		5691	0	0
1701714667167	t	classroom_test_cue_airport_left	0.0	0	0	-1.0	-1440.0	-1600.0	0.0	-1.0	-1440.0	-1600.0	0.0	-1.0	-1.0	-1.0	-1.0	-1.0	-1.0	0.0	2	0.0	0.0		5691	0	0
1701714667175	t	classroom_test_cue_airport_left	0.0	0	0	-1.0	-1440.0	-1600.0	0.0	-1.0	-1440.0	-1600.0	0.0	-1.0	-1.0	-1.0	-1.0	-1.0	-1.0	0.0	2	0.0	0.0		5691	0	0
1701714667184	t	classroom_test_cue_airport_left	0.0	0	0	-1.0	866.448	1134.24	0.0	-1.0	-1440.0	-1600.0	0.0	-1.0	-1.0	-1.0	-1.0	-1.0	-1.0	0.0	2	0.0	0.0		5691	0	0
1701714667192	t	classroom_test_cue_airport_left	0.0	0	0	-1.0	823.9680000000001	1160.1599999999999	0.0	-1.0	-1440.0	-1600.0	0.0	-1.0	-1.0	-1.0	-1.0	-1.0	-1.0	0.0	2	0.0	0.0		5691	0	0
1701714667200	t	classroom_test_cue_airport_left	0.0	0	0	-1.0	799.0559999999999	1164.96	0.0	-1.0	-1440.0	-1600.0	0.0	-1.0	-1.0	-1.0	-1.0	-1.0	-1.0	0.0	2	0.0	0.0		5691	0	0
1701714667208	t	classroom_test_cue_airport_left	0.0	0	0	-1.0	819.792	1188.48	0.0	-1.0	-1440.0	-1600.0	0.0	-1.0	-1.0	-1.0	-1.0	-1.0	-1.0	0.0	2	0.0	0.0		5691	0	0
1701714667217	t	classroom_test_cue_airport_left	0.0	0	0	-1.0	774.4319999999999	1188.16	0.0	-1.0	-1440.0	-1600.0	0.0	-1.0	-1.0	-1.0	-1.0	-1.0	-1.0	0.0	2	0.0	0.0		5691	0	0
1701714667225	t	classroom_test_cue_airport_left	0.0	0	0	-1.0	817.2	1128.48	0.0	-1.0	-1440.0	-1600.0	0.0	-1.0	-1.0	-1.0	-1.0	-1.0	-1.0	0.0	2	0.0	0.0		5691	0	0
1701714667234	t	classroom_test_cue_airport_left	0.0	0	0	-1.0	833.04	1175.68	0.0	-1.0	-1440.0	-1600.0	0.0	-1.0	-1.0	-1.0	-1.0	-1.0	-1.0	0.0	2	0.0	0.0		5691	0	0
1701714667242	t	classroom_test_cue_airport_left	0.0	0	0	-1.0	862.4159999999999	1110.24	0.0	-1.0	643.6800000000001	1131.8400000000001	0.0	-1.0	-1.0	-1.0	-1.0	-1.0	-1.0	0.0	2	0.0	0.0		5691	0	0
1701714667250	t	classroom_test_cue_airport_left	0.0	0	0	-1.0	667.008	1102.88	0.0	-1.0	615.7439999999999	1104.16	0.0	-1.0	-1.0	-1.0	-1.0	-1.0	-1.0	0.0	2	0.0	0.0		5691	0	0
1701714667259	t	classroom_test_cue_airport_left	0.0	0	0	-1.0	649.296	1104.96	0.0	-1.0	1009.008	1281.6000000000001	0.0	-1.0	-1.0	-1.0	-1.0	-1.0	-1.0	0.0	2	0.0	0.0		5691	0	0
1701714667267	t	classroom_test_cue_airport_left	0.0	0	0	-1.0	-1440.0	-1600.0	0.0	-1.0	993.888	1262.4	0.0	-1.0	-1.0	-1.0	-1.0	-1.0	-1.0	0.0	2	0.0	0.0		5691	0	0
1701714667275	t	classroom_test_cue_airport_left	0.0	0	0	-1.0	-1440.0	-1600.0	0.0	-1.0	985.392	1268.32	0.0	-1.0	-1.0	-1.0	-1.0	-1.0	-1.0	0.0	2	0.0	0.0		5691	0	0
1701714667284	t	classroom_test_cue_airport_left	0.0	0	0	-1.0	730.656	1061.28	0.0	-1.0	952.704	1226.24	0.0	-1.0	-1.0	-1.0	-1.0	-1.0	-1.0	0.0	2	0.0	0.0		5691	0	0
1701714667292	t	classroom_test_cue_airport_left	0.0	0	0	-1.0	658.224	1047.8400000000001	0.0	-1.0	555.408	1065.12	0.0	-1.0	-1.0	-1.0	-1.0	-1.0	-1.0	0.0	2	0.0	0.0		5691	0	0
1701714667300	t	classroom_test_cue_airport_left	0.0	0	0	-1.0	-1440.0	-1600.0	0.0	-1.0	522.432	994.2399999999999	0.0	-1.0	-1.0	-1.0	-1.0	-1.0	-1.0	0.0	2	0.0	0.0		5691	0	0
1701714667308	t	classroom_test_cue_airport_left	0.0	0	0	-1.0	-1440.0	-1600.0	0.0	-1.0	627.984	1060.8	0.0881	-1.0	-1.0	-1.0	-1.0	-1.0	-1.0	0.0	2	0.0	0.0		5691	0	0
1701714667317	t	classroom_test_cue_airport_left	0.0	0	0	-1.0	413.56800000000004	1077.76	0.0	-1.0	628.1279999999999	1046.8799999999999	0.0881	-1.0	-1.0	-1.0	-1.0	-1.0	-1.0	0.0	2	0.0	0.0		5691	0	0
1701714667326	t	classroom_test_cue_airport_left	0.0	0	0	-1.0	402.192	1062.56	0.0	-1.0	627.12	1069.1200000000001	0.1411	-1.0	-1.0	-1.0	-1.0	-1.0	-1.0	0.0	2	0.0	0.0		5691	0	0
1701714667334	t	classroom_test_cue_airport_left	0.0	0	0	-1.0	239.472	1228.0	0.0	-1.0	622.08	1078.4	0.1411	-1.0	-1.0	-1.0	-1.0	-1.0	-1.0	0.0	2	0.0	0.0		5691	0	0
1701714667343	t	classroom_test_cue_airport_left	0.0	0	0	-1.0	198.72000000000003	1168.64	0.0768	-1.0	621.216	1088.0	0.1666	-1.0	-1.0	-1.0	-1.0	-1.0	-1.0	0.0	2	0.0	0.0		5691	0	0
1701714667352	t	classroom_test_cue_airport_left	0.0	0	0	-1.0	742.3199999999999	947.5199999999999	0.0768	-1.0	624.96	1070.56	0.1666	-1.0	-1.0	-1.0	-1.0	-1.0	-1.0	0.0	2	0.0	0.0		5691	0	0
1701714667360	t	classroom_test_cue_airport_left	0.0	0	0	-1.0	749.376	927.9999999999999	0.1513	-1.0	626.256	1063.52	0.2629	-1.0	-1.0	-1.0	-1.0	-1.0	-1.0	0.0	2	0.0	0.0		5691	0	0
1701714667368	t	classroom_test_cue_airport_left	0.0	0	0	-1.0	725.3280000000001	944.96	0.1513	-1.0	624.816	1070.4	0.2629	-1.0	-1.0	-1.0	-1.0	-1.0	-1.0	0.0	2	0.0	0.0		5691	0	0
1701714667377	t	classroom_test_cue_airport_left	0.0	0	0	-1.0	701.28	953.5999999999999	0.1916	-1.0	628.416	1061.1200000000001	0.3447	-1.0	-1.0	-1.0	-1.0	-1.0	-1.0	0.0	2	0.0	0.0		5691	0	0
1701714667385	t	classroom_test_cue_airport_left	0.0	0	0	-1.0	709.2	949.6	0.1916	-1.0	630.144	1061.44	0.3447	-1.0	-1.0	-1.0	-1.0	-1.0	-1.0	0.0	2	0.0	0.0		5691	0	0
1701714667394	t	classroom_test_cue_airport_left	0.0	0	0	-1.0	711.504	940.32	0.2644	-1.0	628.416	1057.76	0.387	-1.0	-1.0	-1.0	-1.0	-1.0	-1.0	0.0	2	0.0	0.0		5691	0	0
1701714667402	t	classroom_test_cue_airport_left	0.0	0	0	-1.0	700.704	959.68	0.2644	-1.0	628.416	1054.88	0.387	-1.0	-1.0	-1.0	-1.0	-1.0	-1.0	0.0	2	0.0	0.0		5691	0	0
1701714667411	t	classroom_test_cue_airport_left	0.0	0	0	-1.0	698.544	948.9599999999999	0.316	-1.0	626.976	1056.0	0.4126	-1.0	-1.0	-1.0	-1.0	-1.0	-1.0	0.0	2	0.0	0.0		5691	0	0
1701714667419	t	classroom_test_cue_airport_left	0.0	0	0	-1.0	696.24	943.8399999999999	0.316	3.3959	624.672	1052.8	0.4126	-0.1026	-0.4562	0.8839	-28.4598	2.908	-38.8182	0.0	2	0.0	0.0		5691	0	0
1701714667427	t	classroom_test_cue_airport_left	0.0	0	0	-1.0	698.544	941.1199999999999	0.3528	3.448	626.544	1043.68	0.4386	-0.1099	-0.4384	0.892	-28.4556	2.9566	-38.7951	0.0	2	0.0	0.0		5691	0	0
1701714667435	t	classroom_test_cue_airport_left	0.0	0	0	-1.0	696.96	943.8399999999999	0.3528	3.4647	624.816	1034.88	0.4386	-0.1033	-0.4177	0.9027	-28.4539	2.9824	-38.7759	0.0	2	0.0	0.0		5691	0	0
1701714667443	t	classroom_test_cue_airport_left	0.0	0	0	-1.0	708.192	936.96	0.3328	3.8747	629.28	1031.68	0.3857	-0.1225	-0.4123	0.9028	-28.4352	3.0098	-38.7753	0.0	2	0.0	0.0		5691	0	0
1701714667452	t	classroom_test_cue_airport_left	0.0	0	0	-1.0	721.44	941.2800000000001	0.3328	3.3672	622.944	1042.88	0.3857	-0.1006	-0.4648	0.8797	-28.4342	3.1013	-38.7508	0.0	2	0.0	0.0		5691	0	0
1701714667459	t	classroom_test_cue_airport_left	0.0	0	0	-1.0	740.304	972.8	0.3118	-1.0	609.264	1055.68	0.3387	-1.0	-1.0	-1.0	-1.0	-1.0	-1.0	0.0	2	0.0	0.0		5691	0	0
1701714667468	t	classroom_test_cue_airport_left	0.0	0	0	-1.0	768.96	1003.9999999999999	0.3118	-1.0	594.7199999999999	1052.32	0.3387	-1.0	-1.0	-1.0	-1.0	-1.0	-1.0	0.0	2	0.0	0.0		5691	0	0
1701714667477	t	classroom_test_cue_airport_left	0.0	0	0	-1.0	822.096	1044.64	0.1769	-1.0	506.01599999999996	1098.56	0.0895	-1.0	-1.0	-1.0	-1.0	-1.0	-1.0	0.0	2	0.0	0.0		5691	0	0
1701714667485	t	classroom_test_cue_airport_left	0.0	0	0	-1.0	802.6560000000001	1156.16	0.1769	-1.0	436.60800000000006	1140.96	0.0895	-1.0	-1.0	-1.0	-1.0	-1.0	-1.0	0.0	2	0.0	0.0		5691	0	0
1701714667492	t	classroom_test_cue_airport_left	0.0	0	0	-1.0	714.384	1185.44	0.0	-1.0	-1440.0	-1600.0	0.0	-1.0	-1.0	-1.0	-1.0	-1.0	-1.0	0.0	2	0.0	0.0		5691	0	0
1701714667501	t	classroom_test_cue_airport_left	0.0	0	0	-1.0	459.64799999999997	1238.0800000000002	0.0	-1.0	-1440.0	-1600.0	0.0	-1.0	-1.0	-1.0	-1.0	-1.0	-1.0	0.0	2	0.0	0.0		5691	0	0
1701714667509	t	classroom_test_cue_airport_left	0.0	0	0	-1.0	519.264	1249.92	0.0	-1.0	-1440.0	-1600.0	0.0	-1.0	-1.0	-1.0	-1.0	-1.0	-1.0	0.0	2	0.0	0.0		5691	0	0
1701714667516	t	classroom_test_cue_airport_left	0.0	0	0	-1.0	-1440.0	-1600.0	0.0	-1.0	-1440.0	-1600.0	0.0	-1.0	-1.0	-1.0	-1.0	-1.0	-1.0	0.0	2	0.0	0.0		5691	0	0
1701714667525	t	classroom_test_cue_airport_left	0.0	0	0	-1.0	-1440.0	-1600.0	0.0	-1.0	893.952	1440.16	0.0	-1.0	-1.0	-1.0	-1.0	-1.0	-1.0	0.0	2	0.0	0.0		5691	0	0
1701714667533	t	classroom_test_cue_airport_left	0.0	0	0	-1.0	-1440.0	-1600.0	0.0	-1.0	888.048	1407.3600000000001	0.0	-1.0	-1.0	-1.0	-1.0	-1.0	-1.0	0.0	2	0.0	0.0		5691	0	0
1701714667541	t	classroom_test_cue_airport_left	0.0	0	0	-1.0	-1440.0	-1600.0	0.0	-1.0	-1440.0	-1600.0	0.0	-1.0	-1.0	-1.0	-1.0	-1.0	-1.0	0.0	2	0.0	0.0		5691	0	0
1701714667550	t	classroom_test_cue_airport_left	0.0	0	0	-1.0	791.28	1160.32	0.0	-1.0	-1440.0	-1600.0	0.0	-1.0	-1.0	-1.0	-1.0	-1.0	-1.0	0.0	2	0.0	0.0		5691	0	0
1701714667558	t	classroom_test_cue_airport_left	0.0	0	0	-1.0	793.5840000000001	1130.4	0.0	-1.0	-1440.0	-1600.0	0.0	-1.0	-1.0	-1.0	-1.0	-1.0	-1.0	0.0	2	0.0	0.0		5691	0	0
1701714667567	t	classroom_test_cue_airport_left	0.0	0	0	-1.0	694.368	1129.44	0.0	-1.0	-1440.0	-1600.0	0.0	-1.0	-1.0	-1.0	-1.0	-1.0	-1.0	0.0	2	0.0	0.0		5691	0	0
1701714667576	t	classroom_test_cue_airport_left	0.0	0	0	-1.0	675.36	1087.36	0.0	-1.0	973.7280000000001	1293.44	0.0	-1.0	-1.0	-1.0	-1.0	-1.0	-1.0	0.0	2	0.0	0.0		5691	0	0
1701714667584	t	classroom_test_cue_airport_left	0.0	0	0	-1.0	224.064	1229.6	0.0	-1.0	995.904	1284.0	0.0	-1.0	-1.0	-1.0	-1.0	-1.0	-1.0	0.0	2	0.0	0.0		5691	0	0
1701714667592	t	classroom_test_cue_airport_left	0.0	0	0	-1.0	263.37600000000003	1241.12	0.0	-1.0	-1440.0	-1600.0	0.0	-1.0	-1.0	-1.0	-1.0	-1.0	-1.0	0.0	2	0.0	0.0		5691	0	0
1701714667600	t	classroom_test_cue_airport_left	0.0	0	0	-1.0	817.4879999999999	1037.44	0.0	-1.0	-1440.0	-1600.0	0.0	-1.0	-1.0	-1.0	-1.0	-1.0	-1.0	0.0	2	0.0	0.0		5691	0	0
1701714667609	t	classroom_test_cue_airport_left	0.0	0	0	-1.0	793.5840000000001	1020.8000000000001	0.0	-1.0	-1440.0	-1600.0	0.0	-1.0	-1.0	-1.0	-1.0	-1.0	-1.0	0.0	2	0.0	0.0		5691	0	0
1701714667617	t	classroom_test_cue_airport_left	0.0	0	0	-1.0	207.79200000000003	1194.4	0.0	-1.0	-1440.0	-1600.0	0.0	-1.0	-1.0	-1.0	-1.0	-1.0	-1.0	0.0	2	0.0	0.0		5691	0	0
1701714667626	t	classroom_test_cue_airport_left	0.0	0	0	-1.0	246.96	1184.8000000000002	0.0	-1.0	831.0239999999999	1101.76	0.0	-1.0	-1.0	-1.0	-1.0	-1.0	-1.0	0.0	2	0.0	0.0		5691	0	0
1701714667634	t	classroom_test_cue_airport_left	0.0	0	0	-1.0	386.064	1034.24	0.0	-1.0	774.864	1168.48	0.0	-1.0	-1.0	-1.0	-1.0	-1.0	-1.0	0.0	2	0.0	0.0		5691	0	0
1701714667642	t	classroom_test_cue_airport_left	0.0	0	0	-1.0	374.544	1026.3999999999999	0.0	-1.0	617.76	969.6	0.0591	-1.0	-1.0	-1.0	-1.0	-1.0	-1.0	0.0	2	0.0	0.0		5691	0	0
1701714667651	t	classroom_test_cue_airport_left	0.0	0	0	-1.0	643.2479999999999	968.8000000000001	0.0	-1.0	611.28	992.3199999999999	0.0591	-1.0	-1.0	-1.0	-1.0	-1.0	-1.0	0.0	2	0.0	0.0		5691	0	0
1701714667660	t	classroom_test_cue_airport_left	0.0	0	0	-1.0	706.7520000000001	896.0000000000001	0.0107	-1.0	606.096	987.68	0.1439	-1.0	-1.0	-1.0	-1.0	-1.0	-1.0	0.0	2	0.0	0.0		5691	0	0
1701714667668	t	classroom_test_cue_airport_left	0.0	0	0	-1.0	825.2640000000001	868.8000000000001	0.0107	-1.0	614.016	956.0	0.1439	-1.0	-1.0	-1.0	-1.0	-1.0	-1.0	0.0	2	0.0	0.0		5691	0	0
1701714667676	t	classroom_test_cue_airport_left	0.0	0	0	-1.0	816.912	842.56	0.2395	-1.0	609.552	973.1199999999999	0.2492	-1.0	-1.0	-1.0	-1.0	-1.0	-1.0	0.0	2	0.0	0.0		5691	0	0
1701714667685	t	classroom_test_cue_airport_left	0.0	0	0	-1.0	717.264	870.4000000000001	0.2395	-1.0	607.68	984.0	0.2492	-1.0	-1.0	-1.0	-1.0	-1.0	-1.0	0.0	2	0.0	0.0		5691	0	0
1701714667693	t	classroom_test_cue_airport_left	0.0	0	0	-1.0	684.288	891.5200000000001	0.2961	-1.0	620.352	979.52	0.3622	-1.0	-1.0	-1.0	-1.0	-1.0	-1.0	0.0	2	0.0	0.0		5691	0	0
1701714667702	t	classroom_test_cue_airport_left	0.0	0	0	-1.0	691.6320000000001	889.9200000000001	0.2961	-1.0	625.1039999999999	956.32	0.3622	-1.0	-1.0	-1.0	-1.0	-1.0	-1.0	0.0	2	0.0	0.0		5691	0	0
1701714667710	t	classroom_test_cue_airport_left	0.0	0	0	-1.0	729.072	870.2400000000001	0.3326	-1.0	612.0	971.52	0.4061	-1.0	-1.0	-1.0	-1.0	-1.0	-1.0	0.0	2	0.0	0.0		5691	0	0
1701714667718	t	classroom_test_cue_airport_left	0.0	0	0	-1.0	700.8480000000001	894.5600000000001	0.3326	-1.0	618.192	963.52	0.4061	-1.0	-1.0	-1.0	-1.0	-1.0	-1.0	0.0	2	0.0	0.0		5691	0	0
1701714667727	t	classroom_test_cue_airport_left	0.0	0	0	-1.0	699.84	885.28	0.4006	3.5599	618.48	969.4399999999999	0.468	-0.06	-0.3632	0.9298	-28.5336	3.7086	-38.5289	0.0	2	0.0	0.0		5691	0	0
1701714667736	t	classroom_test_cue_airport_left	0.0	0	0	-1.0	701.28	900.96	0.4006	3.4742	619.488	968.16	0.468	-0.0641	-0.3571	0.9319	-28.535	3.6986	-38.5332	0.0	2	0.0	0.0		5691	0	0
1701714667744	t	classroom_test_cue_airport_left	0.0	0	0	-1.0	697.392	892.6399999999999	0.4393	3.673	621.36	961.4399999999999	0.5073	-0.069	-0.3329	0.9404	-28.5389	3.6865	-38.5382	0.0	2	0.0	0.0		5691	0	0
1701714667753	t	classroom_test_cue_airport_left	0.0	0	0	3.3962	702.72	897.7600000000001	0.4393	3.6914	623.808	965.1199999999999	0.5073	-0.0779	-0.3422	0.9364	-25.0294	3.7688	-38.6674	0.0	2	0.0	0.0		5691	0	0
1701714667761	t	classroom_test_cue_airport_left	0.0	0	0	3.6438	701.712	895.68	0.4978	3.83	625.1039999999999	962.88	0.5741	-0.0839	-0.33	0.9402	-22.143	3.8186	-38.7741	0.0	2	0.0	0.0		5691	0	0
1701714667769	t	classroom_test_cue_airport_left	0.0	0	0	3.6283	703.152	892.8000000000001	0.4978	3.7411	623.232	966.4	0.5741	-0.0759	-0.3378	0.9381	-13.1456	4.0582	-39.0906	0.0	2	0.0	0.0		5691	0	0
1701714667778	t	classroom_test_cue_airport_left	0.0	0	0	3.5145	700.56	900.16	0.5169	3.6854	623.808	961.28	0.6552	-0.0729	-0.3294	0.9414	-15.0607	4.0039	-39.0224	0.0	2	0.0	0.0		5691	0	0
1701714667786	t	classroom_test_cue_airport_left	0.0	0	0	3.8666	701.856	887.04	0.5188	3.4631	625.392	965.76	0.6569	-0.0782	-0.3336	0.9394	-15.1059	4.0086	-39.0208	0.0	2	0.0	0.0		5691	0	0
1701714667794	t	classroom_test_cue_airport_left	0.0	0	0	3.8586	703.152	888.64	0.5596	3.6557	627.696	962.72	0.7003	-0.0822	-0.326	0.9418	-8.6561	4.182	-39.2477	0.0	2	0.0	0.0		5691	0	0
1701714667803	t	classroom_test_cue_airport_left	0.0	0	0	3.5972	702.8639999999999	889.7600000000001	0.5596	3.7144	627.84	963.3599999999999	0.7003	-0.0799	-0.3316	0.94	-8.977	4.1901	-39.2339	0.0	2	0.0	0.0		5691	0	0
1701714667811	t	classroom_test_cue_airport_left	0.0	0	0	3.9026	698.688	883.6800000000001	0.5815	3.727	628.704	962.88	0.7666	-0.0765	-0.3287	0.9413	-9.3439	4.1955	-39.2177	0.0	2	0.0	0.0		5691	0	0
1701714667819	t	classroom_test_cue_airport_left	0.0	0	0	3.5729	699.9839999999999	895.04	0.5815	3.7936	629.136	960.3199999999999	0.7666	-0.0773	-0.3356	0.9388	-9.1574	4.2147	-39.2207	0.0	2	0.0	0.0		5691	0	0
1701714667828	t	classroom_test_cue_airport_left	0.0	0	0	3.6731	702.0	887.04	0.6305	3.7573	630.576	961.28	0.7819	-0.0831	-0.3335	0.9391	-9.1905	4.2282	-39.2176	0.0	2	0.0	0.0		5691	0	0
1701714667836	t	classroom_test_cue_airport_left	0.0	0	0	3.8678	702.432	882.7199999999999	0.6305	3.7306	630.72	957.9200000000001	0.7819	-0.0841	-0.3244	0.9422	-9.1174	4.2413	-39.2169	0.0	2	0.0	0.0		5691	0	0
1701714667844	t	classroom_test_cue_airport_left	0.0	0	0	3.5629	702.144	884.8000000000001	0.6524	3.7602	631.152	957.9200000000001	0.8216	-0.0845	-0.327	0.9412	-8.7437	4.2572	-39.2284	0.0	2	0.0	0.0		5691	0	0
1701714667853	t	classroom_test_cue_airport_left	0.0	0	0	3.6064	702.288	885.28	0.6524	3.7893	630.72	957.9200000000001	0.8216	-0.0836	-0.3284	0.9408	-8.7009	4.263	-39.2287	0.0	2	0.0	0.0		5691	0	0
1701714667861	t	classroom_test_cue_airport_left	0.0	0	0	3.6397	702.288	884.8000000000001	0.6665	3.7993	631.152	957.9200000000001	0.8235	-0.0847	-0.3284	0.9407	-7.6485	4.2939	-39.2645	0.0	2	0.0	0.0		5691	0	0
1701714667869	t	classroom_test_cue_airport_left	0.0	0	0	3.6364	702.144	883.2	0.6665	3.8085	630.72	957.9200000000001	0.8235	-0.0838	-0.3281	0.9409	-8.6234	4.273	-39.2291	0.0	2	0.0	0.0		5691	0	0
1701714667878	t	classroom_test_cue_airport_left	0.0	0	0	3.6409	702.144	881.6	0.6464	3.8295	630.432	957.76	0.8425	-0.0834	-0.3271	0.9413	-8.9164	4.2683	-39.218	0.0	2	0.0	0.0		5691	0	0
1701714667886	t	classroom_test_cue_airport_left	0.0	0	0	3.6369	701.568	881.6	0.6464	3.8282	630.72	957.76	0.8425	-0.0835	-0.3272	0.9413	-8.9518	4.269	-39.2163	0.0	2	0.0	0.0		5691	0	0
1701714667894	t	classroom_test_cue_airport_left	0.0	0	0	3.6407	702.144	881.4399999999999	0.6666	3.8394	630.432	957.76	0.851	-0.0832	-0.3268	0.9414	-7.8232	4.2972	-39.256	0.0	2	0.0	0.0		5691	0	0
1701714667903	t	classroom_test_cue_airport_left	0.0	0	0	3.6461	702.144	881.4399999999999	0.6666	3.8508	630.72	957.9200000000001	0.851	-0.0838	-0.3273	0.9412	-8.8059	4.2727	-39.2218	0.0	2	0.0	0.0		5691	0	0
1701714667911	t	classroom_test_cue_airport_left	0.0	0	0	3.6942	703.152	885.6	0.6529	3.7839	630.0	960.96	0.8687	-0.078	-0.3376	0.9381	-7.303	4.3165	-39.2868	0.0	2	0.0	0.0		5691	0	0
1701714667919	t	classroom_test_cue_airport_left	0.0	0	0	3.8695	704.016	880.32	0.6547	3.8219	629.424	961.92	0.8695	-0.0823	-0.3389	0.9372	-10.5087	4.2409	-39.1591	0.0	2	0.0	0.0		5691	0	0
1701714667927	t	classroom_test_cue_airport_left	0.0	0	0	3.5834	703.584	889.12	0.6385	3.7616	627.552	960.6400000000001	0.7752	-0.0751	-0.3473	0.9347	-9.1765	4.2972	-39.1973	0.0	2	0.0	0.0		5691	0	0
1701714667935	t	classroom_test_cue_airport_left	0.0	0	0	-1.0	707.04	896.8	0.6385	3.4085	621.36	965.76	0.7752	-0.0494	-0.3799	0.9237	-28.6429	3.8468	-38.4956	0.0	2	0.0	0.0		5691	0	0
1701714667943	t	classroom_test_cue_airport_left	0.0	0	0	-1.0	824.832	902.0799999999999	0.5258	-1.0	609.408	960.8000000000001	0.5076	-1.0	-1.0	-1.0	-1.0	-1.0	-1.0	0.0	2	0.0	0.0		5691	0	0
1701714667951	t	classroom_test_cue_airport_left	0.0	0	0	-1.0	519.552	1054.0800000000002	0.5258	-1.0	543.312	1024.48	0.5076	-1.0	-1.0	-1.0	-1.0	-1.0	-1.0	0.0	2	0.0	0.0		5691	0	0
1701714667959	t	classroom_test_cue_airport_left	0.0	0	0	-1.0	524.016	1088.48	0.2763	-1.0	-1440.0	-1600.0	0.0617	-1.0	-1.0	-1.0	-1.0	-1.0	-1.0	0.0	2	0.0	0.0		5691	0	0
1701714667967	t	classroom_test_cue_airport_left	0.0	0	0	-1.0	-1440.0	-1600.0	0.2763	-1.0	-1440.0	-1600.0	0.0617	-1.0	-1.0	-1.0	-1.0	-1.0	-1.0	0.0	2	0.0	0.0		5691	0	0
1701714667975	t	classroom_test_cue_airport_left	0.0	0	0	-1.0	-1440.0	-1600.0	0.0114	-1.0	-1440.0	-1600.0	0.0	-1.0	-1.0	-1.0	-1.0	-1.0	-1.0	0.0	2	0.0	0.0		5691	0	0
1701714667983	t	classroom_test_cue_airport_left	0.0	0	0	-1.0	-1440.0	-1600.0	0.0114	-1.0	-1440.0	-1600.0	0.0	-1.0	-1.0	-1.0	-1.0	-1.0	-1.0	0.0	2	0.0	0.0		5691	0	0
1701714667992	t	classroom_test_cue_airport_left	0.0	0	0	-1.0	-1440.0	-1600.0	0.0	-1.0	-1440.0	-1600.0	0.0	-1.0	-1.0	-1.0	-1.0	-1.0	-1.0	0.0	2	0.0	0.0		5691	0	0
1701714668000	t	classroom_test_cue_airport_left	0.0	0	0	-1.0	-1440.0	-1600.0	0.0	-1.0	-1440.0	-1600.0	0.0	-1.0	-1.0	-1.0	-1.0	-1.0	-1.0	0.0	2	0.0	0.0		5691	0	0
1701714668008	t	classroom_test_cue_airport_left	0.0	0	0	-1.0	-1440.0	-1600.0	0.0	-1.0	-1440.0	-1600.0	0.0	-1.0	-1.0	-1.0	-1.0	-1.0	-1.0	0.0	2	0.0	0.0		5691	0	0
1701714668017	t	classroom_test_cue_airport_left	0.0	0	0	-1.0	-1440.0	-1600.0	0.0	-1.0	-1440.0	-1600.0	0.0	-1.0	-1.0	-1.0	-1.0	-1.0	-1.0	0.0	2	0.0	0.0		5691	0	0
1701714668025	t	classroom_test_cue_airport_left	0.0	0	0	-1.0	-1440.0	-1600.0	0.0	-1.0	-1440.0	-1600.0	0.0	-1.0	-1.0	-1.0	-1.0	-1.0	-1.0	0.0	2	0.0	0.0		5691	0	0
1701714668033	t	classroom_test_cue_airport_left	0.0	0	0	-1.0	-1440.0	-1600.0	0.0	-1.0	-1440.0	-1600.0	0.0	-1.0	-1.0	-1.0	-1.0	-1.0	-1.0	0.0	2	0.0	0.0		5691	0	0
1701714668041	t	classroom_test_cue_airport_left	0.0	0	0	-1.0	-1440.0	-1600.0	0.0	-1.0	-1440.0	-1600.0	0.0	-1.0	-1.0	-1.0	-1.0	-1.0	-1.0	0.0	2	0.0	0.0		5691	0	0
1701714668050	t	classroom_test_cue_airport_left	0.0	0	0	-1.0	919.008	1221.6	0.0	-1.0	-1440.0	-1600.0	0.0	-1.0	-1.0	-1.0	-1.0	-1.0	-1.0	0.0	2	0.0	0.0		5691	0	0
1701714668059	t	classroom_test_cue_airport_left	0.0	0	0	-1.0	859.392	1230.24	0.0	-1.0	821.0880000000001	1260.48	0.0	-1.0	-1.0	-1.0	-1.0	-1.0	-1.0	0.0	2	0.0	0.0		5691	0	0
1701714668068	t	classroom_test_cue_airport_left	0.0	0	0	-1.0	721.584	1154.72	0.0	-1.0	855.936	1271.6799999999998	0.0	-1.0	-1.0	-1.0	-1.0	-1.0	-1.0	0.0	2	0.0	0.0		5691	0	0
1701714668075	t	classroom_test_cue_airport_left	0.0	0	0	-1.0	717.84	1148.96	0.0	-1.0	-1440.0	-1600.0	0.0	-1.0	-1.0	-1.0	-1.0	-1.0	-1.0	0.0	2	0.0	0.0		5691	0	0
1701714668083	t	classroom_test_cue_airport_left	0.0	0	0	-1.0	-1440.0	-1600.0	0.0	-1.0	-1440.0	-1600.0	0.0	-1.0	-1.0	-1.0	-1.0	-1.0	-1.0	0.0	2	0.0	0.0		5691	0	0
1701714668091	t	classroom_test_cue_airport_left	0.0	0	0	-1.0	-1440.0	-1600.0	0.0	-1.0	-1440.0	-1600.0	0.0	-1.0	-1.0	-1.0	-1.0	-1.0	-1.0	0.0	2	0.0	0.0		5691	0	0
1701714668100	t	classroom_test_cue_airport_left	0.0	0	0	-1.0	694.944	1071.8400000000001	0.0	-1.0	-1440.0	-1600.0	0.0	-1.0	-1.0	-1.0	-1.0	-1.0	-1.0	0.0	2	0.0	0.0		5691	0	0
1701714668109	t	classroom_test_cue_airport_left	0.0	0	0	-1.0	613.8720000000001	1012.1600000000001	0.0	-1.0	612.0	1052.32	0.0	-1.0	-1.0	-1.0	-1.0	-1.0	-1.0	0.0	2	0.0	0.0		5691	0	0
1701714668118	t	classroom_test_cue_airport_left	0.0	0	0	-1.0	764.208	950.56	0.0	-1.0	698.544	1058.56	0.0	-1.0	-1.0	-1.0	-1.0	-1.0	-1.0	0.0	2	0.0	0.0		5691	0	0
1701714668126	t	classroom_test_cue_airport_left	0.0	0	0	-1.0	689.616	1052.1599999999999	0.0	-1.0	800.352	1116.96	0.0	-1.0	-1.0	-1.0	-1.0	-1.0	-1.0	0.0	2	0.0	0.0		5691	0	0
1701714668134	t	classroom_test_cue_airport_left	0.0	0	0	-1.0	386.64000000000004	1040.8	0.0	-1.0	815.04	1153.76	0.0	-1.0	-1.0	-1.0	-1.0	-1.0	-1.0	0.0	2	0.0	0.0		5691	0	0
1701714668142	t	classroom_test_cue_airport_left	0.0	0	0	-1.0	461.52	1002.0799999999999	0.0	-1.0	624.672	999.5200000000001	0.0494	-1.0	-1.0	-1.0	-1.0	-1.0	-1.0	0.0	2	0.0	0.0		5691	0	0
1701714668151	t	classroom_test_cue_airport_left	0.0	0	0	-1.0	772.272	924.3199999999999	0.0	-1.0	619.056	1015.5200000000001	0.0494	-1.0	-1.0	-1.0	-1.0	-1.0	-1.0	0.0	2	0.0	0.0		5691	0	0
1701714668160	t	classroom_test_cue_airport_left	0.0	0	0	-1.0	746.352	917.92	0.0225	-1.0	622.2239999999999	1011.68	0.0585	-1.0	-1.0	-1.0	-1.0	-1.0	-1.0	0.0	2	0.0	0.0		5691	0	0
1701714668168	t	classroom_test_cue_airport_left	0.0	0	0	-1.0	749.664	931.84	0.0222	-1.0	620.784	1011.8399999999999	0.0585	-1.0	-1.0	-1.0	-1.0	-1.0	-1.0	0.0	2	0.0	0.0		5691	0	0
1701714668176	t	classroom_test_cue_airport_left	0.0	0	0	-1.0	730.656	911.9999999999999	0.22	-1.0	626.832	995.52	0.1377	-1.0	-1.0	-1.0	-1.0	-1.0	-1.0	0.0	2	0.0	0.0		5691	0	0
1701714668185	t	classroom_test_cue_airport_left	0.0	0	0	-1.0	705.7439999999999	913.4399999999999	0.22	-1.0	622.5120000000001	998.56	0.1377	-1.0	-1.0	-1.0	-1.0	-1.0	-1.0	0.0	2	0.0	0.0		5691	0	0
1701714668193	t	classroom_test_cue_airport_left	0.0	0	0	-1.0	704.448	916.48	0.2938	-1.0	625.392	988.64	0.2238	-1.0	-1.0	-1.0	-1.0	-1.0	-1.0	0.0	2	0.0	0.0		5691	0	0
1701714668202	t	classroom_test_cue_airport_left	0.0	0	0	-1.0	703.7280000000001	921.9200000000001	0.2938	-1.0	627.84	991.04	0.2238	-1.0	-1.0	-1.0	-1.0	-1.0	-1.0	0.0	2	0.0	0.0		5691	0	0
1701714668210	t	classroom_test_cue_airport_left	0.0	0	0	-1.0	704.592	925.92	0.306	-1.0	626.976	992.16	0.3947	-1.0	-1.0	-1.0	-1.0	-1.0	-1.0	0.0	2	0.0	0.0		5691	0	0
1701714668219	t	classroom_test_cue_airport_left	0.0	0	0	-1.0	707.3280000000001	922.24	0.306	-1.0	626.1120000000001	999.04	0.3947	-1.0	-1.0	-1.0	-1.0	-1.0	-1.0	0.0	2	0.0	0.0		5691	0	0
1701714668227	t	classroom_test_cue_airport_left	0.0	0	0	-1.0	705.7439999999999	920.48	0.3396	-1.0	624.672	998.7199999999999	0.4281	-1.0	-1.0	-1.0	-1.0	-1.0	-1.0	0.0	2	0.0	0.0		5691	0	0
1701714668235	t	classroom_test_cue_airport_left	0.0	0	0	-1.0	708.336	925.2800000000001	0.3396	-1.0	622.5120000000001	999.84	0.4281	-1.0	-1.0	-1.0	-1.0	-1.0	-1.0	0.0	2	0.0	0.0		5691	0	0
1701714668244	t	classroom_test_cue_airport_left	0.0	0	0	-1.0	706.7520000000001	921.7599999999999	0.4088	-1.0	624.672	1004.48	0.4688	-1.0	-1.0	-1.0	-1.0	-1.0	-1.0	0.0	2	0.0	0.0		5691	0	0
1701714668252	t	classroom_test_cue_airport_left	0.0	0	0	-1.0	702.0	917.76	0.4088	3.7158	624.24	1002.72	0.4688	-0.0839	-0.4335	0.8972	-28.5249	3.5529	-38.606	0.0	2	0.0	0.0		5691	0	0
1701714668261	t	classroom_test_cue_airport_left	0.0	0	0	-1.0	708.48	933.2800000000001	0.4415	3.6423	624.24	1001.92	0.536	-0.0851	-0.4292	0.8992	-28.5211	3.5426	-38.6075	0.0	2	0.0	0.0		5691	0	0
1701714668269	t	classroom_test_cue_airport_left	0.0	0	0	-1.0	704.448	931.6800000000001	0.4415	3.8018	626.1120000000001	995.68	0.536	-0.0925	-0.4072	0.9087	-28.518	3.5294	-38.6083	0.0	2	0.0	0.0		5691	0	0
1701714668277	t	classroom_test_cue_airport_left	0.0	0	0	3.9772	700.128	917.92	0.4909	3.8442	624.096	1002.2399999999999	0.6111	-0.0852	-0.4111	0.9076	-12.3887	3.9386	-39.1774	0.0	2	0.0	0.0		5691	0	0
1701714668286	t	classroom_test_cue_airport_left	0.0	0	0	3.8224	703.7280000000001	922.08	0.4909	3.7536	625.2479999999999	998.56	0.6111	-0.0923	-0.4041	0.9101	-12.053	3.9427	-39.1904	0.0	2	0.0	0.0		5691	0	0
1701714668294	t	classroom_test_cue_airport_left	0.0	0	0	3.8459	702.0	927.8399999999999	0.5059	3.7486	624.096	1001.44	0.5553	-0.0849	-0.4135	0.9065	-10.2475	3.9863	-39.2556	0.0	2	0.0	0.0		5691	0	0
1701714668302	t	classroom_test_cue_airport_left	0.0	0	0	3.8215	702.144	926.72	0.5059	3.7803	625.392	999.5200000000001	0.5553	-0.087	-0.4077	0.9089	-8.5431	4.03	-39.3146	0.0	2	0.0	0.0		5691	0	0
1701714668310	t	classroom_test_cue_airport_left	0.0	0	0	3.6048	706.4639999999999	936.8000000000001	0.5238	3.8202	625.824	999.2	0.5599	-0.0922	-0.4148	0.9052	-9.0474	4.0152	-39.3016	0.0	2	0.0	0.0		5691	0	0
1701714668319	t	classroom_test_cue_airport_left	0.0	0	0	3.6661	705.168	933.76	0.5258	3.7903	625.392	999.5200000000001	0.5618	-0.0891	-0.4129	0.9064	-9.0928	4.0123	-39.2999	0.0	2	0.0	0.0		5691	0	0
1701714668327	t	classroom_test_cue_airport_left	0.0	0	0	3.682	706.176	934.24	0.5261	3.7849	625.1039999999999	999.2	0.5855	-0.0889	-0.4121	0.9068	-9.1134	4.0098	-39.2997	0.0	2	0.0	0.0		5691	0	0
1701714668336	t	classroom_test_cue_airport_left	0.0	0	0	3.6933	706.032	933.2800000000001	0.5261	3.7796	625.392	998.88	0.5855	-0.0882	-0.4099	0.9079	-8.5097	4.0222	-39.3211	0.0	2	0.0	0.0		5691	0	0
1701714668344	t	classroom_test_cue_airport_left	0.0	0	0	3.7046	705.7439999999999	932.16	0.5258	3.7737	625.824	998.4	0.6102	-0.0886	-0.4078	0.9088	-8.5702	4.0185	-39.3193	0.0	2	0.0	0.0		5691	0	0
1701714668352	t	classroom_test_cue_airport_left	0.0	0	0	3.693	706.032	933.2800000000001	0.5258	3.7679	626.4	998.88	0.6102	-0.0895	-0.4098	0.9078	-10.7212	3.9634	-39.2434	0.0	2	0.0	0.0		5691	0	0
1701714668361	t	classroom_test_cue_airport_left	0.0	0	0	3.6817	706.176	932.16	0.5611	3.7741	626.544	998.4	0.6492	-0.0892	-0.4076	0.9088	-10.0132	3.9796	-39.2687	0.0	2	0.0	0.0		5691	0	0
1701714668369	t	classroom_test_cue_airport_left	0.0	0	0	3.693	705.888	931.6800000000001	0.5611	3.78	626.544	998.08	0.6492	-0.0888	-0.406	0.9095	-9.1186	4.0015	-39.3006	0.0	2	0.0	0.0		5691	0	0
1701714668377	t	classroom_test_cue_airport_left	0.0	0	0	3.7045	706.176	931.04	0.5498	3.7742	627.12	998.08	0.6553	-0.0905	-0.406	0.9094	-10.747	3.9604	-39.243	0.0	2	0.0	0.0		5691	0	0
1701714668386	t	classroom_test_cue_airport_left	0.0	0	0	3.7064	706.176	930.88	0.5498	3.7687	627.552	998.08	0.6553	-0.0916	-0.4056	0.9094	-10.6239	3.9631	-39.2475	0.0	2	0.0	0.0		5691	0	0
1701714668394	t	classroom_test_cue_airport_left	0.0	0	0	3.8512	705.168	919.68	0.5376	3.8863	625.5360000000001	994.4000000000001	0.6714	-0.0892	-0.3955	0.9141	-11.0004	3.9856	-39.2202	0.0	2	0.0	0.0		5691	0	0
1701714668402	t	classroom_test_cue_airport_left	0.0	0	0	4.0543	698.832	906.72	0.5376	3.754	618.048	990.56	0.6714	-0.0694	-0.3849	0.9203	-12.2543	3.9804	-39.155	0.0	2	0.0	0.0		5691	0	0
1701714668410	t	classroom_test_cue_airport_left	0.0	0	0	3.6861	699.696	923.84	0.5451	3.8752	620.496	991.04	0.6921	-0.0772	-0.4012	0.9127	-11.825	4.0089	-39.1724	0.0	2	0.0	0.0		5691	0	0
1701714668419	t	classroom_test_cue_airport_left	0.0	0	0	3.8046	699.9839999999999	916.8	0.5451	3.7849	620.784	993.44	0.6921	-0.0775	-0.403	0.9119	-12.246	4.0049	-39.1568	0.0	2	0.0	0.0		5691	0	0
1701714668427	t	classroom_test_cue_airport_left	0.0	0	0	3.9019	699.9839999999999	915.6800000000001	0.5305	3.7831	622.2239999999999	992.96	0.7445	-0.0812	-0.4012	0.9124	-12.8619	3.9895	-39.1353	0.0	2	0.0	0.0		5691	0	0
1701714668436	t	classroom_test_cue_airport_left	0.0	0	0	3.8318	699.9839999999999	917.92	0.5305	3.7845	620.784	992.3199999999999	0.7445	-0.0759	-0.4006	0.9131	-11.7978	4.0154	-39.1732	0.0	2	0.0	0.0		5691	0	0
1701714668444	t	classroom_test_cue_airport_left	0.0	0	0	3.7619	700.128	920.1599999999999	0.5574	3.8492	622.2239999999999	991.84	0.6831	-0.0796	-0.4009	0.9127	-11.8191	4.0139	-39.1731	0.0	2	0.0	0.0		5691	0	0
1701714668452	t	classroom_test_cue_airport_left	0.0	0	0	3.9166	698.976	914.08	0.5593	3.8422	623.088	992.0	0.6848	-0.0817	-0.3965	0.9144	-12.1522	4.0019	-39.1619	0.0	2	0.0	0.0		5691	0	0
1701714668461	t	classroom_test_cue_airport_left	0.0	0	0	3.4864	696.816	927.8399999999999	0.5366	3.7762	624.96	990.8799999999999	0.6962	-0.0872	-0.399	0.9128	-12.7243	3.9657	-39.1523	0.0	2	0.0	0.0		5691	0	0
1701714668469	t	classroom_test_cue_airport_left	0.0	0	0	3.6821	699.9839999999999	923.3599999999999	0.5366	3.7629	620.64	993.44	0.6962	-0.0795	-0.3993	0.9134	-12.1617	3.9663	-39.1729	0.0	2	0.0	0.0		5691	0	0
1701714668477	t	classroom_test_cue_airport_left	0.0	0	0	3.8759	697.392	921.7599999999999	0.5291	3.8842	623.808	992.96	0.6998	-0.0872	-0.3949	0.9146	-12.2765	3.9535	-39.1747	0.0	2	0.0	0.0		5691	0	0
1701714668486	t	classroom_test_cue_airport_left	0.0	0	0	3.8489	700.128	923.3599999999999	0.5291	3.9315	619.056	992.8000000000001	0.6998	-0.0775	-0.3937	0.9159	-11.808	3.9531	-39.188	0.0	2	0.0	0.0		5691	0	0
1701714668494	t	classroom_test_cue_airport_left	0.0	0	0	3.8203	697.824	924.9599999999999	0.549	3.9443	619.776	990.8799999999999	0.7084	-0.0789	-0.3892	0.9177	-12.6417	3.9245	-39.1589	0.0	2	0.0	0.0		5691	0	0
1701714668502	t	classroom_test_cue_airport_left	0.0	0	0	3.6685	697.9680000000001	926.4	0.549	3.8912	620.2080000000001	991.36	0.7084	-0.0805	-0.3906	0.917	-12.7854	3.917	-39.1552	0.0	2	0.0	0.0		5691	0	0
1701714668511	t	classroom_test_cue_airport_left	0.0	0	0	3.5568	697.824	927.8399999999999	0.548	3.8739	619.776	992.0	0.7237	-0.0792	-0.3922	0.9165	-12.6116	3.9176	-39.1629	0.0	2	0.0	0.0		5691	0	0
1701714668519	t	classroom_test_cue_airport_left	0.0	0	0	3.6885	697.536	926.4	0.548	3.8685	619.776	992.8000000000001	0.7237	-0.0792	-0.3931	0.916	-12.5881	3.9175	-39.1649	0.0	2	0.0	0.0		5691	0	0
1701714668527	t	classroom_test_cue_airport_left	0.0	0	0	3.5958	697.824	927.8399999999999	0.5602	3.8739	619.776	992.0	0.7007	-0.0794	-0.3919	0.9166	-12.8252	3.9108	-39.1573	0.0	2	0.0	0.0		5691	0	0
1701714668535	t	classroom_test_cue_airport_left	0.0	0	0	3.5762	697.9680000000001	929.5999999999999	0.5602	3.9089	619.6320000000001	991.36	0.7007	-0.0792	-0.3916	0.9167	-12.4774	3.9178	-39.1698	0.0	2	0.0	0.0		5691	0	0
1701714668543	t	classroom_test_cue_airport_left	0.0	0	0	3.5562	698.256	931.3599999999999	0.5622	3.9212	619.6320000000001	991.36	0.7105	-0.0793	-0.3922	0.9164	-12.9273	3.9048	-39.1539	0.0	2	0.0	0.0		5691	0	0
1701714668552	t	classroom_test_cue_airport_left	0.0	0	0	3.5557	698.112	932.3199999999999	0.5622	3.9327	619.6320000000001	991.6800000000001	0.7105	-0.0791	-0.3935	0.9159	-12.1764	3.9226	-39.1813	0.0	2	0.0	0.0		5691	0	0
1701714668560	t	classroom_test_cue_airport_left	0.0	0	0	3.5556	697.824	931.3599999999999	0.5549	3.9437	619.6320000000001	992.0	0.7205	-0.0787	-0.3933	0.916	-11.7178	3.9331	-39.1984	0.0	2	0.0	0.0		5691	0	0
1701714668569	t	classroom_test_cue_airport_left	0.0	0	0	3.5752	697.824	932.3199999999999	0.5549	3.9501	619.6320000000001	991.6800000000001	0.7205	-0.0787	-0.3933	0.916	-11.0746	3.9481	-39.2216	0.0	2	0.0	0.0		5691	0	0
1701714668577	t	classroom_test_cue_airport_left	0.0	0	0	3.5949	697.824	931.3599999999999	0.5708	3.9437	619.6320000000001	992.0	0.7199	-0.0788	-0.393	0.9161	-11.557	3.935	-39.2047	0.0	2	0.0	0.0		5691	0	0
1701714668585	t	classroom_test_cue_airport_left	0.0	0	0	3.5947	698.256	933.2800000000001	0.5727	3.9371	619.6320000000001	992.4799999999999	0.7215	-0.0794	-0.3954	0.9151	-11.5377	3.9344	-39.2063	0.0	2	0.0	0.0		5691	0	0
1701714668594	t	classroom_test_cue_airport_left	0.0	0	0	3.5945	698.256	933.92	0.5615	3.9439	619.6320000000001	992.0	0.7342	-0.0791	-0.3944	0.9155	-11.2127	3.9413	-39.219	0.0	2	0.0	0.0		5691	0	0
1701714668602	t	classroom_test_cue_airport_left	0.0	0	0	3.5947	698.256	933.92	0.5615	3.9346	617.904	991.2	0.7342	-0.0743	-0.3942	0.916	-10.961	3.954	-39.2245	0.0	2	0.0	0.0		5691	0	0
1701714668610	t	classroom_test_cue_airport_left	0.0	0	0	3.555	697.824	934.56	0.5627	4.0078	620.496	990.56	0.7018	-0.0802	-0.3954	0.915	-11.1466	3.9627	-39.2173	0.0	2	0.0	0.0		5691	0	0
1701714668618	t	classroom_test_cue_airport_left	0.0	0	0	3.5944	698.256	933.92	0.5627	3.7948	619.2	991.84	0.7018	-0.0776	-0.401	0.9128	-11.2526	3.9744	-39.2095	0.0	2	0.0	0.0		5691	0	0
1701714668627	t	classroom_test_cue_airport_left	0.0	0	0	3.5943	697.824	933.92	0.5583	3.9686	617.76	987.68	0.711	-0.0719	-0.3941	0.9162	-11.1111	3.9882	-39.2072	0.0	2	0.0	0.0		5691	0	0
1701714668635	t	classroom_test_cue_airport_left	0.0	0	0	3.62	698.4	933.92	0.5583	4.0453	621.504	986.2399999999999	0.711	-0.082	-0.3919	0.9163	-11.4165	3.9892	-39.1973	0.0	2	0.0	0.0		5691	0	0
1701714668643	t	classroom_test_cue_airport_left	0.0	0	0	3.6202	698.4	933.92	0.5602	3.9962	620.2080000000001	987.52	0.7064	-0.0785	-0.3956	0.9151	-11.6995	3.9844	-39.1866	0.0	2	0.0	0.0		5691	0	0
1701714668652	t	classroom_test_cue_airport_left	0.0	0	0	3.6258	697.824	933.92	0.5602	3.9482	620.496	988.64	0.7064	-0.0792	-0.3981	0.9139	-12.0606	3.9774	-39.1735	0.0	2	0.0	0.0		5691	0	0
1701714668660	t	classroom_test_cue_airport_left	0.0	0	0	3.6507	697.536	932.48	0.5438	3.9837	620.064	987.68	0.6906	-0.078	-0.3948	0.9154	-12.4543	3.9677	-39.1591	0.0	2	0.0	0.0		5691	0	0
1701714668668	t	classroom_test_cue_airport_left	0.0	0	0	3.6936	697.536	928.8000000000001	0.5438	3.948	619.776	988.64	0.6906	-0.0773	-0.3946	0.9156	-12.3416	3.9707	-39.163	0.0	2	0.0	0.0		5691	0	0
1701714668677	t	classroom_test_cue_airport_left	0.0	0	0	3.694	697.536	928.32	0.5333	3.9838	619.92	987.68	0.7019	-0.0774	-0.3921	0.9166	-12.2477	3.9735	-39.1663	0.0	2	0.0	0.0		5691	0	0
1701714668685	t	classroom_test_cue_airport_left	0.0	0	0	3.8367	697.392	925.2800000000001	0.5333	3.9479	619.776	988.64	0.7019	-0.0776	-0.3923	0.9165	-12.2777	3.9733	-39.1651	0.0	2	0.0	0.0		5691	0	0
1701714668693	t	classroom_test_cue_airport_left	0.0	0	0	3.836	696.24	925.2800000000001	0.5556	3.9656	619.6320000000001	988.64	0.6806	-0.0766	-0.3922	0.9167	-11.8744	3.983	-39.1795	0.0	2	0.0	0.0		5691	0	0
1701714668702	t	classroom_test_cue_airport_left	0.0	0	0	3.836	695.952	925.2800000000001	0.5556	3.983	619.6320000000001	988.64	0.6806	-0.0763	-0.3923	0.9166	-12.005	3.98	-39.1745	0.0	2	0.0	0.0		5691	0	0
1701714668710	t	classroom_test_cue_airport_left	0.0	0	0	3.836	695.952	925.2800000000001	0.5482	3.9655	619.2	988.8	0.6915	-0.0757	-0.3931	0.9164	-11.6544	3.99	-39.186	0.0	2	0.0	0.0		5691	0	0
1701714668719	t	classroom_test_cue_airport_left	0.0	0	0	3.8361	695.952	925.2800000000001	0.5501	3.9476	618.768	988.64	0.6932	-0.075	-0.393	0.9165	-11.5051	3.9952	-39.1902	0.0	2	0.0	0.0		5691	0	0
1701714668727	t	classroom_test_cue_airport_left	0.0	0	0	3.7925	695.664	926.4	0.535	3.9583	618.768	988.8	0.6655	-0.075	-0.3943	0.9159	-11.9385	3.9844	-39.1748	0.0	2	0.0	0.0		5691	0	0
1701714668735	t	classroom_test_cue_airport_left	0.0	0	0	3.7927	695.664	926.4	0.535	3.9687	618.624	988.64	0.6655	-0.0752	-0.3939	0.9161	-12.4556	3.9714	-39.1564	0.0	2	0.0	0.0		5691	0	0
1701714668744	t	classroom_test_cue_airport_left	0.0	0	0	3.7922	694.5120000000001	926.4	0.5515	3.9582	618.48	988.8	0.6803	-0.0745	-0.394	0.9161	-12.5689	3.9673	-39.153	0.0	2	0.0	0.0		5691	0	0
1701714668752	t	classroom_test_cue_airport_left	0.0	0	0	3.7921	694.5120000000001	926.4	0.5515	3.969	618.624	988.64	0.6803	-0.0759	-0.3936	0.9161	-13.6955	3.9387	-39.1129	0.0	2	0.0	0.0		5691	0	0
1701714668760	t	classroom_test_cue_airport_left	0.0	0	0	3.6557	694.368	931.3599999999999	0.5576	3.9478	618.48	988.9599999999999	0.6837	-0.0759	-0.3974	0.9145	-13.0303	3.9543	-39.1368	0.0	2	0.0	0.0		5691	0	0
1701714668769	t	classroom_test_cue_airport_left	0.0	0	0	3.7497	693.648	927.8399999999999	0.5576	3.969	618.336	988.9599999999999	0.6837	-0.0766	-0.3949	0.9155	-12.7165	3.9616	-39.1479	0.0	2	0.0	0.0		5691	0	0
1701714668777	t	classroom_test_cue_airport_left	0.0	0	0	3.7493	693.36	931.04	0.5534	3.9784	618.192	988.9599999999999	0.6634	-0.0772	-0.3972	0.9145	-12.6074	3.9635	-39.1516	0.0	2	0.0	0.0		5691	0	0
1701714668786	t	classroom_test_cue_airport_left	0.0	0	0	3.7493	693.36	931.3599999999999	0.5534	3.9785	617.904	988.9599999999999	0.6634	-0.0778	-0.3972	0.9144	-11.8286	3.981	-39.1795	0.0	2	0.0	0.0		5691	0	0
1701714668794	t	classroom_test_cue_airport_left	0.0	0	0	3.7342	693.216	931.3599999999999	0.5516	3.9784	617.76	988.9599999999999	0.6703	-0.0774	-0.3965	0.9147	-12.1328	3.9711	-39.1687	0.0	2	0.0	0.0		5691	0	0
1701714668802	t	classroom_test_cue_airport_left	0.0	0	0	3.6943	693.216	931.3599999999999	0.5516	3.9783	617.76	988.9599999999999	0.6703	-0.0773	-0.3954	0.9152	-12.0315	3.9683	-39.1741	0.0	2	0.0	0.0		5691	0	0
1701714668811	t	classroom_test_cue_airport_left	0.0	0	0	3.6556	693.216	931.5200000000001	0.5303	3.9778	617.3280000000001	988.9599999999999	0.6796	-0.0763	-0.3945	0.9157	-12.2035	3.9584	-39.1699	0.0	2	0.0	0.0		5691	0	0
1701714668819	t	classroom_test_cue_airport_left	0.0	0	0	3.4751	693.216	935.36	0.5303	3.9779	617.76	988.9599999999999	0.6796	-0.0771	-0.3963	0.9149	-12.3839	3.9503	-39.1644	0.0	2	0.0	0.0		5691	0	0
1701714668827	t	classroom_test_cue_airport_left	0.0	0	0	3.475	693.072	935.36	0.5428	3.9781	617.76	988.48	0.677	-0.077	-0.395	0.9155	-12.3759	3.949	-39.1653	0.0	2	0.0	0.0		5691	0	0
1701714668836	t	classroom_test_cue_airport_left	0.0	0	0	3.4666	693.072	935.8399999999999	0.5428	3.9819	617.76	987.52	0.677	-0.0768	-0.3934	0.9161	-11.8784	3.9607	-39.1835	0.0	2	0.0	0.0		5691	0	0
1701714668844	t	classroom_test_cue_airport_left	0.0	0	0	3.4663	693.072	936.6400000000001	0.5368	3.9867	617.76	987.52	0.6822	-0.0771	-0.394	0.9159	-11.9487	3.9591	-39.1813	0.0	2	0.0	0.0		5691	0	0
1701714668852	t	classroom_test_cue_airport_left	0.0	0	0	3.4824	693.216	936.6400000000001	0.5387	3.9867	617.76	987.52	0.6839	-0.0771	-0.394	0.9159	-11.7832	3.963	-39.1874	0.0	2	0.0	0.0		5691	0	0
1701714668861	t	classroom_test_cue_airport_left	0.0	0	0	3.4823	693.072	936.6400000000001	0.5404	3.9865	617.904	987.52	0.6541	-0.0768	-0.3942	0.9158	-10.7952	3.9864	-39.2233	0.0	2	0.0	0.0		5691	0	0
1701714668869	t	classroom_test_cue_airport_left	0.0	0	0	3.4821	693.072	936.6400000000001	0.5404	3.9865	617.904	987.52	0.6541	-0.0763	-0.3942	0.9158	-10.8341	3.9856	-39.2222	0.0	2	0.0	0.0		5691	0	0
1701714668877	t	classroom_test_cue_airport_left	0.0	0	0	3.4821	693.072	936.6400000000001	0.5325	3.9863	617.904	988.0000000000001	0.6637	-0.0757	-0.3951	0.9155	-10.5609	3.9921	-39.2323	0.0	2	0.0	0.0		5691	0	0
1701714668886	t	classroom_test_cue_airport_left	0.0	0	0	3.482	693.072	937.28	0.5325	3.9864	617.904	987.52	0.6637	-0.075	-0.3948	0.9157	-10.123	4.0025	-39.2485	0.0	2	0.0	0.0		5691	0	0
1701714668894	t	classroom_test_cue_airport_left	0.0	0	0	3.482	693.216	937.28	0.5269	3.9904	618.192	987.52	0.6579	-0.0751	-0.3953	0.9155	-10.1818	4.0039	-39.2446	0.0	2	0.0	0.0		5691	0	0
1701714668902	t	classroom_test_cue_airport_left	0.0	0	0	3.4149	693.072	937.7599999999999	0.5269	3.9904	618.192	987.52	0.6579	-0.0737	-0.397	0.9148	-10.3372	4.0081	-39.2374	0.0	2	0.0	0.0		5691	0	0
1701714668911	t	classroom_test_cue_airport_left	0.0	0	0	3.4122	693.072	939.5200000000001	0.5342	3.9908	618.48	987.52	0.64	-0.0737	-0.3997	0.9137	-10.1608	4.0189	-39.2419	0.0	2	0.0	0.0		5691	0	0
1701714668919	t	classroom_test_cue_airport_left	0.0	0	0	3.4123	693.072	939.5200000000001	0.5342	3.9907	618.48	987.52	0.64	-0.0736	-0.4009	0.9131	-10.1029	4.0264	-39.2425	0.0	2	0.0	0.0		5691	0	0
1701714668927	t	classroom_test_cue_airport_left	0.0	0	0	3.4121	692.928	939.6800000000001	0.5296	3.9904	618.192	987.36	0.6379	-0.0729	-0.4012	0.9131	-10.1826	4.0257	-39.2396	0.0	2	0.0	0.0		5691	0	0
1701714668936	t	classroom_test_cue_airport_left	0.0	0	0	3.4148	693.072	939.5200000000001	0.5296	3.9904	618.192	987.36	0.6379	-0.0733	-0.4008	0.9132	-10.812	4.011	-39.2166	0.0	2	0.0	0.0		5691	0	0
1701714668944	t	classroom_test_cue_airport_left	0.0	0	0	3.4174	692.928	937.7599999999999	0.5175	3.9866	617.904	987.52	0.6309	-0.0722	-0.3998	0.9137	-10.1585	4.0263	-39.2407	0.0	2	0.0	0.0		5691	0	0
1701714668952	t	classroom_test_cue_airport_left	0.0	0	0	3.4171	692.928	937.7599999999999	0.5175	3.9822	617.904	987.52	0.6309	-0.0721	-0.4	0.9137	-9.7237	4.0365	-39.2567	0.0	2	0.0	0.0		5691	0	0
1701714668960	t	classroom_test_cue_airport_left	0.0	0	0	3.4816	692.496	937.5999999999999	0.5339	3.9866	617.904	988.0000000000001	0.6366	-0.0717	-0.4009	0.9133	-9.2315	4.0481	-39.2751	0.0	2	0.0	0.0		5691	0	0
1701714668969	t	classroom_test_cue_airport_left	0.0	0	0	3.5177	692.496	937.5999999999999	0.5339	3.9804	617.904	988.32	0.6366	-0.0717	-0.4018	0.9129	-9.3049	4.0464	-39.2728	0.0	2	0.0	0.0		5691	0	0
1701714668977	t	classroom_test_cue_airport_left	0.0	0	0	3.417	692.496	937.5999999999999	0.5454	3.9805	617.904	988.32	0.6341	-0.0718	-0.4016	0.913	-9.041	4.0525	-39.2825	0.0	2	0.0	0.0		5691	0	0
1701714668985	t	classroom_test_cue_airport_left	0.0	0	0	3.4174	692.496	937.5999999999999	0.5473	3.9906	617.904	988.32	0.6359	-0.0731	-0.4015	0.9129	-9.5039	4.0415	-39.2662	0.0	2	0.0	0.0		5691	0	0
1701714668994	t	classroom_test_cue_airport_left	0.0	0	0	3.5105	692.496	937.28	0.5344	3.9907	617.904	988.32	0.6553	-0.0736	-0.4012	0.913	-9.1897	4.0482	-39.2787	0.0	2	0.0	0.0		5691	0	0
1701714669002	t	classroom_test_cue_airport_left	0.0	0	0	3.5182	692.496	935.0400000000001	0.5344	3.9975	617.904	988.1600000000001	0.6553	-0.0735	-0.3987	0.9141	-9.3421	4.044	-39.2733	0.0	2	0.0	0.0		5691	0	0
1701714669011	t	classroom_test_cue_airport_left	0.0	0	0	3.5346	692.496	934.4	0.5436	3.9914	617.904	988.48	0.6327	-0.0734	-0.3982	0.9144	-8.9592	4.0501	-39.2884	0.0	2	0.0	0.0		5691	0	0
1701714669019	t	classroom_test_cue_airport_left	0.0	0	0	3.5346	692.496	934.4	0.5436	3.9902	617.76	988.1600000000001	0.6327	-0.0728	-0.3971	0.9149	-8.7824	4.0521	-39.2962	0.0	2	0.0	0.0		5691	0	0
1701714669027	t	classroom_test_cue_airport_left	0.0	0	0	3.5543	692.928	934.4	0.5231	3.9812	617.904	988.48	0.6649	-0.074	-0.3966	0.915	-9.1331	4.0382	-39.2852	0.0	2	0.0	0.0		5691	0	0
1701714669036	t	classroom_test_cue_airport_left	0.0	0	0	3.6228	692.928	934.0799999999999	0.5231	4.1233	618.192	986.4000000000001	0.6649	-0.0723	-0.3904	0.9178	-9.7182	4.0172	-39.266	0.0	2	0.0	0.0		5691	0	0
1701714669044	t	classroom_test_cue_airport_left	0.0	0	0	3.5544	692.928	934.0799999999999	0.5254	3.9858	617.76	988.8	0.6672	-0.0717	-0.3976	0.9148	-10.1555	4.0158	-39.2487	0.0	2	0.0	0.0		5691	0	0
1701714669052	t	classroom_test_cue_airport_left	0.0	0	0	3.6232	693.648	933.76	0.5254	4.0044	618.48	987.68	0.6672	-0.0743	-0.3956	0.9154	-10.3803	4.0144	-39.2393	0.0	2	0.0	0.0		5691	0	0
1701714669061	t	classroom_test_cue_airport_left	0.0	0	0	3.6231	693.648	934.0799999999999	0.5225	3.987	619.056	986.88	0.6302	-0.076	-0.3945	0.9157	-10.4191	4.0175	-39.2366	0.0	2	0.0	0.0		5691	0	0
1701714669069	t	classroom_test_cue_airport_left	0.0	0	0	3.6233	694.0799999999999	934.0799999999999	0.5225	3.9859	618.48	987.68	0.6302	-0.0744	-0.3973	0.9147	-9.9458	4.0329	-39.2529	0.0	2	0.0	0.0		5691	0	0
1701714669077	t	classroom_test_cue_airport_left	0.0	0	0	3.6229	694.2239999999999	934.0799999999999	0.5111	3.9852	618.48	986.88	0.6284	-0.0743	-0.3964	0.9151	-10.2684	4.0298	-39.24	0.0	2	0.0	0.0		5691	0	0
1701714669086	t	classroom_test_cue_airport_left	0.0	0	0	3.695	695.376	933.76	0.5111	3.9848	618.768	986.72	0.6284	-0.0762	-0.3967	0.9147	-10.3266	4.0325	-39.2369	0.0	2	0.0	0.0		5691	0	0
1701714669094	t	classroom_test_cue_airport_left	0.0	0	0	3.7114	695.664	932.0	0.5334	3.9844	619.056	986.88	0.6347	-0.0772	-0.3964	0.9148	-10.2744	4.0378	-39.2378	0.0	2	0.0	0.0		5691	0	0
1701714669102	t	classroom_test_cue_airport_left	0.0	0	0	3.7336	695.664	931.6800000000001	0.5334	3.9788	618.912	986.72	0.6347	-0.0766	-0.3965	0.9148	-10.6111	4.0327	-39.2249	0.0	2	0.0	0.0		5691	0	0
1701714669111	t	classroom_test_cue_airport_left	0.0	0	0	3.7337	696.096	931.6800000000001	0.5437	3.9732	619.056	986.5600000000001	0.6261	-0.0773	-0.3972	0.9145	-10.5514	4.0398	-39.2264	0.0	2	0.0	0.0		5691	0	0
1701714669119	t	classroom_test_cue_airport_left	0.0	0	0	3.7337	696.24	931.6800000000001	0.5456	3.9793	619.2	986.72	0.6279	-0.0777	-0.3981	0.914	-10.4628	4.0458	-39.2292	0.0	2	0.0	0.0		5691	0	0
1701714669127	t	classroom_test_cue_airport_left	0.0	0	0	3.7338	696.24	932.0	0.5251	3.9802	619.2	986.5600000000001	0.6366	-0.0778	-0.399	0.9137	-9.8442	4.0643	-39.2514	0.0	2	0.0	0.0		5691	0	0
1701714669135	t	classroom_test_cue_airport_left	0.0	0	0	3.7339	696.672	933.2800000000001	0.5251	3.9786	619.488	986.5600000000001	0.6366	-0.079	-0.4003	0.9129	-9.8748	4.0674	-39.2499	0.0	2	0.0	0.0		5691	0	0
1701714669143	t	classroom_test_cue_airport_left	0.0	0	0	3.7115	696.672	933.2800000000001	0.5048	3.9767	619.776	986.4000000000001	0.61	-0.0798	-0.4006	0.9128	-9.9174	4.0691	-39.2476	0.0	2	0.0	0.0		5691	0	0
1701714669152	t	classroom_test_cue_airport_left	0.0	0	0	3.7122	696.672	930.4	0.5048	3.9755	619.488	986.0799999999999	0.61	-0.0794	-0.398	0.9139	-10.1543	4.0659	-39.2388	0.0	2	0.0	0.0		5691	0	0
1701714669161	t	classroom_test_cue_airport_left	0.0	0	0	3.7125	696.672	930.4	0.5197	3.9547	620.2080000000001	987.68	0.5998	-0.0838	-0.4007	0.9123	-9.9797	4.0667	-39.2482	0.0	2	0.0	0.0		5691	0	0
1701714669169	t	classroom_test_cue_airport_left	0.0	0	0	3.7122	696.816	930.4	0.5197	3.8725	619.776	988.9599999999999	0.5998	-0.0833	-0.4015	0.912	-10.0611	4.0561	-39.2475	0.0	2	0.0	0.0		5691	0	0
1701714669177	t	classroom_test_cue_airport_left	0.0	0	0	3.705	696.816	932.3199999999999	0.5197	3.9392	619.056	991.5200000000001	0.584	-0.0817	-0.4075	0.9095	-9.5897	4.0608	-39.2677	0.0	2	0.0	0.0		5691	0	0
1701714669186	t	classroom_test_cue_airport_left	0.0	0	0	3.7054	696.816	929.7599999999999	0.5197	3.9837	619.776	989.4399999999999	0.584	-0.0833	-0.4003	0.9126	-9.1467	4.0695	-39.2835	0.0	2	0.0	0.0		5691	0	0
1701714669194	t	classroom_test_cue_airport_left	0.0	0	0	3.7049	696.816	932.3199999999999	0.521	3.9963	619.3439999999999	988.1600000000001	0.5958	-0.0821	-0.3993	0.9131	-9.2008	4.0663	-39.2811	0.0	2	0.0	0.0		5691	0	0
1701714669202	t	classroom_test_cue_airport_left	0.0	0	0	3.701	696.672	933.2800000000001	0.521	4.0123	619.92	988.0000000000001	0.5958	-0.0833	-0.3997	0.9128	-9.3142	4.0632	-39.2767	0.0	2	0.0	0.0		5691	0	0
1701714669210	t	classroom_test_cue_airport_left	0.0	0	0	3.701	696.672	933.2800000000001	0.531	3.997	620.496	988.1600000000001	0.5865	-0.0847	-0.4	0.9126	-9.5251	4.0584	-39.2694	0.0	2	0.0	0.0		5691	0	0
1701714669219	t	classroom_test_cue_airport_left	0.0	0	0	3.6956	696.672	933.92	0.531	3.9893	619.92	988.64	0.5865	-0.0829	-0.4018	0.9119	-9.7614	4.0529	-39.2607	0.0	2	0.0	0.0		5691	0	0
1701714669227	t	classroom_test_cue_airport_left	0.0	0	0	3.5802	695.0880000000001	934.72	0.5275	3.9826	620.496	988.1600000000001	0.5966	-0.082	-0.4012	0.9123	-8.541	4.0822	-39.3056	0.0	2	0.0	0.0		5691	0	0
1701714669236	t	classroom_test_cue_airport_left	0.0	0	0	3.6951	695.0880000000001	933.92	0.5275	3.9899	620.64	988.0000000000001	0.5966	-0.0823	-0.4002	0.9127	-9.0567	4.0688	-39.2874	0.0	2	0.0	0.0		5691	0	0
1701714669244	t	classroom_test_cue_airport_left	0.0	0	0	3.5925	694.944	933.92	0.5192	3.9972	620.928	987.8399999999999	0.5803	-0.0817	-0.4001	0.9128	-8.5339	4.0824	-39.3067	0.0	2	0.0	0.0		5691	0	0
1701714669252	t	classroom_test_cue_airport_left	0.0	0	0	3.6358	695.0880000000001	936.16	0.5212	3.9899	620.928	987.68	0.5821	-0.0816	-0.4017	0.9121	-8.2808	4.089	-39.3167	0.0	2	0.0	0.0		5691	0	0
1701714669261	t	classroom_test_cue_airport_left	0.0	0	0	3.6946	695.0880000000001	936.16	0.5078	3.9827	620.928	987.8399999999999	0.5888	-0.0815	-0.4023	0.9119	-8.6687	4.0805	-39.3029	0.0	2	0.0	0.0		5691	0	0
1701714669269	t	classroom_test_cue_airport_left	0.0	0	0	3.6945	695.0880000000001	934.56	0.5078	3.9798	621.216	987.68	0.5888	-0.0797	-0.4024	0.912	-7.9775	4.1065	-39.3266	0.0	2	0.0	0.0		5691	0	0
1701714669277	t	classroom_test_cue_airport_left	0.0	0	0	3.7	696.672	934.56	0.5092	3.9828	621.36	987.36	0.584	-0.0799	-0.4039	0.9113	-8.4376	4.1055	-39.308	0.0	2	0.0	0.0		5691	0	0
1701714669286	t	classroom_test_cue_airport_left	0.0	0	0	3.7001	697.1039999999999	934.56	0.5092	3.9799	621.36	987.36	0.584	-0.0798	-0.4041	0.9112	-8.0124	4.1178	-39.3235	0.0	2	0.0	0.0		5691	0	0
1701714669294	t	classroom_test_cue_airport_left	0.0	0	0	3.7495	697.1039999999999	932.9599999999999	0.5185	3.9772	621.504	987.2	0.6143	-0.0796	-0.403	0.9117	-8.3963	4.1113	-39.3091	0.0	2	0.0	0.0		5691	0	0
1701714669302	t	classroom_test_cue_airport_left	0.0	0	0	3.7493	697.68	934.4	0.5185	3.9776	622.08	987.2	0.6143	-0.0814	-0.405	0.9107	-8.3803	4.1157	-39.3093	0.0	2	0.0	0.0		5691	0	0
1701714669311	t	classroom_test_cue_airport_left	0.0	0	0	3.6363	697.68	934.56	0.5064	3.9631	622.5120000000001	987.2	0.5664	-0.0817	-0.4057	0.9103	-8.1566	4.1248	-39.3168	0.0	2	0.0	0.0		5691	0	0
1701714669318	t	classroom_test_cue_airport_left	0.0	0	0	3.6364	697.68	934.56	0.5064	3.9602	622.5120000000001	987.2	0.5664	-0.0808	-0.4067	0.91	-7.8791	4.1368	-39.3264	0.0	2	0.0	0.0		5691	0	0
1701714669327	t	classroom_test_cue_airport_left	0.0	0	0	3.6841	697.68	934.56	0.5127	3.9603	622.5120000000001	986.88	0.5858	-0.08	-0.4069	0.9099	-7.5867	4.1489	-39.3366	0.0	2	0.0	0.0		5691	0	0
1701714669335	t	classroom_test_cue_airport_left	0.0	0	0	3.6363	697.68	934.72	0.5127	3.9577	623.088	986.88	0.5858	-0.0815	-0.4083	0.9092	-7.7598	4.1519	-39.3292	0.0	2	0.0	0.0		5691	0	0
1701714669344	t	classroom_test_cue_airport_left	0.0	0	0	3.6839	697.68	934.56	0.5168	3.9579	623.088	986.88	0.5529	-0.0818	-0.4091	0.9088	-8.7805	4.1329	-39.2918	0.0	2	0.0	0.0		5691	0	0
1701714669352	t	classroom_test_cue_airport_left	0.0	0	0	3.6845	698.832	934.56	0.5168	3.9548	623.088	987.2	0.5529	-0.0831	-0.4104	0.9081	-9.3879	4.1218	-39.2694	0.0	2	0.0	0.0		5691	0	0
1701714669360	t	classroom_test_cue_airport_left	0.0	0	0	3.6844	698.832	934.56	0.4839	3.9549	623.232	986.88	0.5597	-0.0834	-0.4095	0.9085	-8.8789	4.1334	-39.2885	0.0	2	0.0	0.0		5691	0	0
1701714669369	t	classroom_test_cue_airport_left	0.0	0	0	3.7498	698.832	934.4	0.4839	3.9507	623.088	987.2	0.5597	-0.0831	-0.4104	0.9081	-8.9921	4.1311	-39.2843	0.0	2	0.0	0.0		5691	0	0
1701714669377	t	classroom_test_cue_airport_left	0.0	0	0	3.7507	698.256	932.9599999999999	0.4956	3.9454	622.5120000000001	987.2	0.5436	-0.0811	-0.4092	0.9088	-8.9205	4.1332	-39.2874	0.0	2	0.0	0.0		5691	0	0
1701714669385	t	classroom_test_cue_airport_left	0.0	0	0	3.7495	698.256	932.9599999999999	0.4956	3.9502	622.5120000000001	987.2	0.5436	-0.0809	-0.4093	0.9088	-9.2005	4.1275	-39.2772	0.0	2	0.0	0.0		5691	0	0
1701714669393	t	classroom_test_cue_airport_left	0.0	0	0	3.7793	697.68	931.6800000000001	0.4913	3.9498	622.08	987.2	0.5574	-0.0801	-0.4085	0.9092	-9.5526	4.1199	-39.2641	0.0	2	0.0	0.0		5691	0	0
1701714669402	t	classroom_test_cue_airport_left	0.0	0	0	3.7789	697.1039999999999	933.44	0.4913	3.9444	621.216	987.36	0.5574	-0.078	-0.4102	0.9086	-9.679	4.1173	-39.2602	0.0	2	0.0	0.0		5691	0	0
1701714669410	t	classroom_test_cue_airport_left	0.0	0	0	3.779	696.96	933.44	0.4963	3.9493	620.64	987.52	0.5299	-0.0771	-0.4108	0.9085	-10.2687	4.1037	-39.2394	0.0	2	0.0	0.0		5691	0	0
1701714669418	t	classroom_test_cue_airport_left	0.0	0	0	3.7788	696.672	933.44	0.4963	3.9532	620.2080000000001	987.52	0.5299	-0.0763	-0.4108	0.9085	-10.6146	4.0954	-39.2267	0.0	2	0.0	0.0		5691	0	0
1701714669427	t	classroom_test_cue_airport_left	0.0	0	0	3.81	696.672	931.04	0.5027	3.9531	620.064	988.1600000000001	0.5223	-0.0763	-0.4099	0.9089	-10.0746	4.1068	-39.247	0.0	2	0.0	0.0		5691	0	0
1701714669435	t	classroom_test_cue_airport_left	0.0	0	0	3.8736	696.672	928.6400000000001	0.5027	3.9532	619.92	988.32	0.5223	-0.0765	-0.4077	0.9099	-9.1024	4.1279	-39.2829	0.0	2	0.0	0.0		5691	0	0
1701714669443	t	classroom_test_cue_airport_left	0.0	0	0	3.9351	696.672	927.0400000000001	0.507	3.98	619.6320000000001	988.48	0.5293	-0.0766	-0.4066	0.9104	-9.162	4.1255	-39.2806	0.0	2	0.0	0.0		5691	0	0
1701714669452	t	classroom_test_cue_airport_left	0.0	0	0	4.013	696.24	926.72	0.507	3.98	619.3439999999999	988.48	0.5293	-0.0765	-0.4061	0.9106	-8.8864	4.1306	-39.2907	0.0	2	0.0	0.0		5691	0	0
1701714669460	t	classroom_test_cue_airport_left	0.0	0	0	4.0123	693.792	926.72	0.4789	3.9799	619.3439999999999	988.48	0.5301	-0.0747	-0.4054	0.9111	-9.1258	4.1206	-39.2817	0.0	2	0.0	0.0		5691	0	0
1701714669468	t	classroom_test_cue_airport_left	0.0	0	0	3.9343	693.792	927.0400000000001	0.4789	3.9799	619.3439999999999	988.48	0.5301	-0.0744	-0.4055	0.9111	-8.7887	4.1284	-39.2941	0.0	2	0.0	0.0		5691	0	0
1701714669477	t	classroom_test_cue_airport_left	0.0	0	0	3.9343	693.792	927.0400000000001	0.4865	3.9855	619.3439999999999	988.48	0.5301	-0.0746	-0.4058	0.9109	-9.4278	4.1139	-39.2702	0.0	2	0.0	0.0		5691	0	0
1701714669485	t	classroom_test_cue_airport_left	0.0	0	0	3.9344	693.792	927.0400000000001	0.4865	4.0136	619.3439999999999	988.48	0.5301	-0.0744	-0.4058	0.9109	-9.1816	4.1196	-39.2791	0.0	2	0.0	0.0		5691	0	0
1701714669493	t	classroom_test_cue_airport_left	0.0	0	0	3.8729	693.792	928.6400000000001	0.4913	4.0136	619.056	988.32	0.5161	-0.0734	-0.4065	0.9107	-8.4908	4.1355	-39.3044	0.0	2	0.0	0.0		5691	0	0
1701714669502	t	classroom_test_cue_airport_left	0.0	0	0	4.019	693.792	926.72	0.4913	4.0489	619.056	988.32	0.5161	-0.0734	-0.405	0.9114	-8.1388	4.1444	-39.3171	0.0	2	0.0	0.0		5691	0	0
1701714669510	t	classroom_test_cue_airport_left	0.0	0	0	4.0203	693.648	922.72	0.4763	4.056	619.3439999999999	987.2	0.5447	-0.074	-0.3993	0.9138	-8.2367	4.1423	-39.3133	0.0	2	0.0	0.0		5691	0	0
1701714669518	t	classroom_test_cue_airport_left	0.0	0	0	4.0191	693.792	926.72	0.4763	4.0492	619.3439999999999	987.2	0.5447	-0.0745	-0.403	0.9122	-8.5223	4.1361	-39.3023	0.0	2	0.0	0.0		5691	0	0
1701714669527	t	classroom_test_cue_airport_left	0.0	0	0	4.0194	694.656	926.24	0.4824	4.0494	619.488	987.2	0.4986	-0.0759	-0.4033	0.9119	-8.3143	4.1459	-39.309	0.0	2	0.0	0.0		5691	0	0
1701714669535	t	classroom_test_cue_airport_left	0.0	0	0	4.0077	695.52	926.24	0.4824	4.0565	619.3439999999999	986.0799999999999	0.4986	-0.0763	-0.4025	0.9122	-8.4143	4.1508	-39.3033	0.0	2	0.0	0.0		5691	0	0
1701714669543	t	classroom_test_cue_airport_left	0.0	0	0	4.0079	695.52	926.24	0.4774	4.0506	618.912	985.76	0.5087	-0.0754	-0.4037	0.9118	-9.1685	4.1421	-39.2735	0.0	2	0.0	0.0		5691	0	0
1701714669552	t	classroom_test_cue_airport_left	0.0	0	0	3.9925	694.656	926.24	0.4774	4.0567	618.912	985.6	0.5087	-0.0744	-0.405	0.9113	-8.6231	4.1634	-39.2914	0.0	2	0.0	0.0		5691	0	0
1701714669560	t	classroom_test_cue_airport_left	0.0	0	0	3.9884	694.944	926.72	0.469	4.057	618.912	985.6	0.5121	-0.0745	-0.4063	0.9107	-8.0058	4.1832	-39.3121	0.0	2	0.0	0.0		5691	0	0
1701714669568	t	classroom_test_cue_airport_left	0.0	0	0	3.9065	694.944	927.68	0.469	4.0571	618.912	985.6	0.5121	-0.0743	-0.4079	0.91	-7.9036	4.1901	-39.3143	0.0	2	0.0	0.0		5691	0	0
1701714669577	t	classroom_test_cue_airport_left	0.0	0	0	3.9057	695.0880000000001	928.6400000000001	0.4655	4.0732	619.488	985.6	0.498	-0.0763	-0.4104	0.9087	-8.167	4.1916	-39.3027	0.0	2	0.0	0.0		5691	0	0
1701714669585	t	classroom_test_cue_airport_left	0.0	0	0	3.907	695.0880000000001	927.68	0.4655	4.0733	619.488	985.6	0.498	-0.0763	-0.4103	0.9088	-7.9452	4.2016	-39.3097	0.0	2	0.0	0.0		5691	0	0
1701714669593	t	classroom_test_cue_airport_left	0.0	0	0	3.9885	694.944	926.24	0.4472	4.0735	619.488	985.44	0.5112	-0.0773	-0.4097	0.9089	-9.9532	4.1564	-39.2346	0.0	2	0.0	0.0		5691	0	0
1701714669601	t	classroom_test_cue_airport_left	0.0	0	0	3.9892	694.8	924.8	0.4472	4.0734	618.912	985.44	0.5112	-0.0762	-0.4097	0.909	-11.922	4.1119	-39.1608	0.0	2	0.0	0.0		5691	0	0
1701714669610	t	classroom_test_cue_airport_left	0.0	0	0	3.9891	694.656	924.64	0.4778	4.0584	618.624	985.6	0.5044	-0.0761	-0.4099	0.9089	-11.7352	4.1171	-39.1674	0.0	2	0.0	0.0		5691	0	0
1701714669618	t	classroom_test_cue_airport_left	0.0	0	0	3.9891	694.5120000000001	924.64	0.4778	4.0518	618.624	985.6	0.5044	-0.0764	-0.4099	0.9089	-11.6218	4.1199	-39.1715	0.0	2	0.0	0.0		5691	0	0
1701714669626	t	classroom_test_cue_airport_left	0.0	0	0	3.9891	694.5120000000001	924.64	0.4657	4.0517	618.192	985.44	0.4711	-0.0755	-0.4095	0.9092	-11.295	4.1273	-39.1835	0.0	2	0.0	0.0		5691	0	0
1701714669635	t	classroom_test_cue_airport_left	0.0	0	0	3.9891	694.5120000000001	924.64	0.4657	4.0512	617.616	985.44	0.4711	-0.0745	-0.4097	0.9092	-11.7716	4.1165	-39.1657	0.0	2	0.0	0.0		5691	0	0
1701714669643	t	classroom_test_cue_airport_left	0.0	0	0	3.9936	693.648	924.16	0.4808	4.0514	617.472	985.6	0.4833	-0.0744	-0.4098	0.9091	-11.6569	4.119	-39.1696	0.0	2	0.0	0.0		5691	0	0
1701714669651	t	classroom_test_cue_airport_left	0.0	0	0	4.0087	693.648	924.16	0.4808	4.0513	617.3280000000001	985.76	0.4833	-0.0749	-0.4105	0.9088	-11.2828	4.1317	-39.1821	0.0	2	0.0	0.0		5691	0	0
1701714669660	t	classroom_test_cue_airport_left	0.0	0	0	4.1299	691.488	918.4	0.4507	4.1455	613.008	983.84	0.4727	-0.0686	-0.4098	0.9096	-11.0603	4.1737	-39.1693	0.0	2	0.0	0.0		5691	0	0
1701714669668	t	classroom_test_cue_airport_left	0.0	0	0	4.1042	684.576	909.76	0.4507	4.0186	604.656	976.16	0.4727	-0.0507	-0.4026	0.9139	-11.2339	4.2489	-39.1248	0.0	2	0.0	0.0		5691	0	0
1701714669676	t	classroom_test_cue_airport_left	0.0	0	0	4.1963	671.472	893.92	0.4605	3.9203	595.7280000000001	965.44	0.4425	-0.0349	-0.3831	0.923	-11.7604	4.3093	-39.0623	0.0	2	0.0	0.0		5691	0	0
1701714669685	t	classroom_test_cue_airport_left	0.0	0	0	3.7574	660.24	888.1600000000001	0.4605	3.8486	586.512	960.6400000000001	0.4425	-0.015	-0.3817	0.9242	-10.336	4.4138	-39.0799	0.0	2	0.0	0.0		5691	0	0
1701714669693	t	classroom_test_cue_airport_left	0.0	0	0	3.9669	654.9119999999999	877.76	0.3991	3.7949	573.84	952.0	0.3646	0.0118	-0.3688	0.9294	-13.3274	4.3975	-38.939	0.0	2	0.0	0.0		5691	0	0
1701714669701	t	classroom_test_cue_airport_left	0.0	0	0	4.0348	655.056	878.0799999999999	0.3991	3.786	569.952	945.5999999999999	0.3646	0.0147	-0.3582	0.9335	-7.7242	4.5676	-39.1323	0.0	2	0.0	0.0		5691	0	0
1701714669710	t	classroom_test_cue_airport_left	0.0	0	0	3.9075	653.904	883.84	0.3445	3.7817	570.528	948.8	0.3553	0.0157	-0.3718	0.9281	-6.9762	4.5974	-39.159	0.0	2	0.0	0.0		5691	0	0
1701714669719	t	classroom_test_cue_airport_left	0.0	0	0	4.0228	657.072	877.44	0.3445	3.4426	566.4960000000001	949.92	0.3553	0.023	-0.3678	0.9296	-6.6578	4.6046	-39.1706	0.0	2	0.0	0.0		5691	0	0
1701714669727	t	classroom_test_cue_airport_left	0.0	0	0	3.7902	652.752	882.08	0.3763	4.0529	579.168	933.76	0.3423	0.0008	-0.3387	0.9409	-6.5114	4.6109	-39.1759	0.0	2	0.0	0.0		5691	0	0
1701714669735	t	classroom_test_cue_airport_left	0.0	0	0	3.8199	650.736	880.64	0.3763	3.9231	575.136	941.2800000000001	0.3423	0.0121	-0.354	0.9352	-7.1418	4.5982	-39.1527	0.0	2	0.0	0.0		5691	0	0
1701714669744	t	classroom_test_cue_airport_left	0.0	0	0	3.7903	652.752	882.08	0.3901	3.7953	571.248	945.92	0.3623	0.0193	-0.3652	0.9307	-6.9726	4.6039	-39.1593	0.0	2	0.0	0.0		5691	0	0
1701714669752	t	classroom_test_cue_airport_left	0.0	0	0	3.8197	653.904	880.64	0.3901	3.8067	573.264	945.12	0.3623	0.0133	-0.3639	0.9313	-8.6322	4.5704	-39.0965	0.0	2	0.0	0.0		5691	0	0
1701714669760	t	classroom_test_cue_airport_left	0.0	0	0	3.7903	652.752	882.08	0.3946	3.8182	575.424	944.3199999999999	0.3883	0.0095	-0.3644	0.9312	-9.3323	4.5588	-39.0698	0.0	2	0.0	0.0		5691	0	0
1701714669769	t	classroom_test_cue_airport_left	0.0	0	0	3.7144	651.312	880.64	0.3946	3.8068	573.264	944.48	0.3883	0.017	-0.3645	0.931	-10.6681	4.5285	-39.0196	0.0	2	0.0	0.0		5691	0	0
1701714669777	t	classroom_test_cue_airport_left	0.0	0	0	3.6383	649.872	879.1999999999999	0.3968	3.7972	575.424	944.3199999999999	0.4058	0.013	-0.3631	0.9316	-10.726	4.528	-39.0172	0.0	2	0.0	0.0		5691	0	0
1701714669785	t	classroom_test_cue_airport_left	0.0	0	0	3.6413	649.44	879.1999999999999	0.3968	3.7962	575.856	942.8800000000001	0.4058	0.0122	-0.3597	0.933	-10.7034	4.5289	-39.0178	0.0	2	0.0	0.0		5691	0	0
1701714669794	t	classroom_test_cue_airport_left	0.0	0	0	3.581	649.296	877.28	0.4138	3.7943	575.424	944.3199999999999	0.4053	0.0155	-0.3603	0.9327	-10.2858	4.5318	-39.0347	0.0	2	0.0	0.0		5691	0	0
1701714669802	t	classroom_test_cue_airport_left	0.0	0	0	3.7257	653.328	867.6800000000001	0.4138	3.4718	575.2800000000001	939.1999999999999	0.4053	0.0106	-0.3503	0.9366	-14.6583	4.4612	-38.8591	0.0	2	0.0	0.0		5691	0	0
1701714669810	t	classroom_test_cue_airport_left	0.0	0	0	3.3156	654.624	885.92	0.3812	3.1641	568.224	956.48	0.3525	0.0299	-0.4004	0.9159	-14.7634	4.4393	-38.8676	0.0	2	0.0	0.0		5691	0	0
1701714669819	t	classroom_test_cue_airport_left	0.0	0	0	3.4695	653.616	880.1600000000001	0.3812	3.0858	571.104	950.08	0.3525	0.0205	-0.387	0.9218	-9.3412	4.6202	-39.0537	0.0	2	0.0	0.0		5691	0	0
1701714669826	t	classroom_test_cue_airport_left	0.0	0	0	-1.0	660.384	879.8400000000001	0.3936	2.6917	578.448	959.52	0.3423	-0.0047	-0.4394	0.8983	-28.0769	4.2381	-38.3528	0.0	2	0.0	0.0		5691	0	0
1701714669835	t	classroom_test_cue_airport_left	0.0	0	0	-1.0	662.4	882.24	0.3936	2.677	582.624	954.5600000000001	0.3423	-0.0203	-0.4407	0.8974	-28.0773	4.3235	-38.3248	0.0	2	0.0	0.0		5691	0	0
1701714669842	t	classroom_test_cue_airport_left	0.0	0	0	-1.0	683.712	1006.88	0.3502	-1.0	552.384	924.3199999999999	0.2221	-1.0	-1.0	-1.0	-1.0	-1.0	-1.0	0.0	2	0.0	0.0		5691	0	0
1701714669851	t	classroom_test_cue_airport_left	0.0	0	0	-1.0	443.52	1016.96	0.3502	-1.0	482.97599999999994	988.0000000000001	0.2221	-1.0	-1.0	-1.0	-1.0	-1.0	-1.0	0.0	2	0.0	0.0		5691	0	0
1701714669859	t	classroom_test_cue_airport_left	0.0	0	0	-1.0	385.77600000000007	1103.84	0.1484	-1.0	440.06399999999996	1004.64	0.0	-1.0	-1.0	-1.0	-1.0	-1.0	-1.0	0.0	2	0.0	0.0		5691	0	0
1701714669867	t	classroom_test_cue_airport_left	0.0	0	0	-1.0	761.904	997.9200000000001	0.1484	-1.0	466.128	1029.12	0.0	-1.0	-1.0	-1.0	-1.0	-1.0	-1.0	0.0	2	0.0	0.0		5691	0	0
1701714669875	t	classroom_test_cue_airport_left	0.0	0	0	-1.0	753.9839999999999	1050.72	0.0238	-1.0	-1440.0	-1600.0	0.0	-1.0	-1.0	-1.0	-1.0	-1.0	-1.0	0.0	2	0.0	0.0		5691	0	0
1701714669884	t	classroom_test_cue_airport_left	0.0	0	0	-1.0	751.5360000000001	1007.3600000000001	0.0238	-1.0	-1440.0	-1600.0	0.0	-1.0	-1.0	-1.0	-1.0	-1.0	-1.0	0.0	2	0.0	0.0		5691	0	0
1701714669892	t	classroom_test_cue_airport_left	0.0	0	0	-1.0	785.232	989.9200000000001	0.0	-1.0	424.79999999999995	975.84	0.0	-1.0	-1.0	-1.0	-1.0	-1.0	-1.0	0.0	2	0.0	0.0		5691	0	0
1701714669901	t	classroom_test_cue_airport_left	0.0	0	0	-1.0	756.0	971.3599999999999	0.0	-1.0	437.616	992.4799999999999	0.0	-1.0	-1.0	-1.0	-1.0	-1.0	-1.0	0.0	2	0.0	0.0		5691	0	0
1701714669909	t	classroom_test_cue_airport_left	0.0	0	0	-1.0	752.976	937.7599999999999	0.0	-1.0	376.41600000000005	1011.2	0.0	-1.0	-1.0	-1.0	-1.0	-1.0	-1.0	0.0	2	0.0	0.0		5691	0	0
1701714669917	t	classroom_test_cue_airport_left	0.0	0	0	-1.0	-1440.0	-1600.0	0.0	-1.0	352.944	943.52	0.0	-1.0	-1.0	-1.0	-1.0	-1.0	-1.0	0.0	2	0.0	0.0		5691	0	0
1701714669926	t	classroom_test_cue_airport_left	0.0	0	0	-1.0	145.296	1278.72	0.0	-1.0	615.168	926.72	0.0	-1.0	-1.0	-1.0	-1.0	-1.0	-1.0	0.0	2	0.0	0.0		5691	0	0
1701714669934	t	classroom_test_cue_airport_left	0.0	0	0	-1.0	601.488	955.04	0.0	-1.0	577.2959999999999	907.04	0.0	-1.0	-1.0	-1.0	-1.0	-1.0	-1.0	0.0	2	0.0	0.0		5691	0	0
1701714669943	t	classroom_test_cue_airport_left	0.0	0	0	-1.0	662.976	945.5999999999999	0.0402	-1.0	571.104	897.4399999999999	0.0249	-1.0	-1.0	-1.0	-1.0	-1.0	-1.0	0.0	2	0.0	0.0		5691	0	0
1701714669951	t	classroom_test_cue_airport_left	0.0	0	0	-1.0	817.92	884.0	0.0402	-1.0	572.4	908.0	0.0249	-1.0	-1.0	-1.0	-1.0	-1.0	-1.0	0.0	2	0.0	0.0		5691	0	0
1701714669959	t	classroom_test_cue_airport_left	0.0	0	0	-1.0	787.5360000000001	869.28	0.142	-1.0	580.1759999999999	906.4	0.1514	-1.0	-1.0	-1.0	-1.0	-1.0	-1.0	0.0	2	0.0	0.0		5691	0	0
1701714669968	t	classroom_test_cue_airport_left	0.0	0	0	-1.0	745.488	807.84	0.142	-1.0	579.888	908.64	0.1514	-1.0	-1.0	-1.0	-1.0	-1.0	-1.0	0.0	2	0.0	0.0		5691	0	0
1701714669976	t	classroom_test_cue_airport_left	0.0	0	0	-1.0	741.312	812.8	0.2278	-1.0	577.872	907.84	0.2338	-1.0	-1.0	-1.0	-1.0	-1.0	-1.0	0.0	2	0.0	0.0		5691	0	0
1701714669985	t	classroom_test_cue_airport_left	0.0	0	0	-1.0	664.848	838.08	0.2278	-1.0	587.52	901.2800000000001	0.2338	-1.0	-1.0	-1.0	-1.0	-1.0	-1.0	0.0	2	0.0	0.0		5691	0	0
1701714669993	t	classroom_test_cue_airport_left	0.0	0	0	-1.0	655.7760000000001	816.16	0.359	-1.0	580.464	902.5600000000001	0.3096	-1.0	-1.0	-1.0	-1.0	-1.0	-1.0	0.0	2	0.0	0.0		5691	0	0
1701714670001	t	classroom_test_cue_airport_left	0.0	0	0	-1.0	657.36	815.04	0.359	-1.0	581.0400000000001	900.6399999999999	0.3096	-1.0	-1.0	-1.0	-1.0	-1.0	-1.0	0.0	2	0.0	0.0		5691	200	MYKEYWORD 200
